0 5
0 6
0 11
0 13
0 16
0 24
0 29
0 31
0 32
0 35
0 38
0 44
0 45
0 47
0 48
0 49
0 50
0 51
0 52
0 54
0 55
0 56
0 59
0 60
0 61
0 63
0 64
0 65
0 66
0 67
0 69
0 72
0 73
0 77
0 81
0 84
0 87
0 88
0 91
0 93
1 3
1 4
1 5
1 7
1 8
1 10
1 13
1 16
1 17
1 19
1 20
1 21
1 23
1 24
1 25
1 28
1 29
1 30
1 32
1 34
1 38
1 39
1 41
1 43
1 46
1 48
1 50
1 51
1 52
1 54
1 59
1 60
1 61
1 62
1 63
1 64
1 66
1 67
1 71
1 72
1 77
1 80
1 83
1 87
1 88
1 90
1 91
1 92
1 95
1 96
1 97
1 99
2 3
2 4
2 6
2 8
2 11
2 14
2 16
2 21
2 22
2 25
2 30
2 31
2 32
2 34
2 38
2 39
2 40
2 42
2 46
2 47
2 48
2 49
2 51
2 53
2 55
2 56
2 61
2 62
2 63
2 66
2 77
2 78
2 79
2 81
2 82
2 84
2 86
2 88
2 90
2 91
2 92
2 97
2 98
2 99
3 4
3 5
3 9
3 10
3 13
3 14
3 15
3 19
3 21
3 22
3 23
3 24
3 25
3 26
3 27
3 29
3 30
3 32
3 36
3 38
3 42
3 43
3 45
3 46
3 47
3 48
3 49
3 52
3 53
3 55
3 56
3 57
3 58
3 59
3 61
3 63
3 64
3 65
3 71
3 72
3 73
3 74
3 75
3 76
3 77
3 82
3 83
3 88
3 94
3 96
3 97
3 98
3 99
4 6
4 8
4 9
4 14
4 15
4 16
4 17
4 19
4 20
4 23
4 24
4 25
4 27
4 28
4 29
4 31
4 32
4 33
4 34
4 37
4 38
4 39
4 42
4 43
4 48
4 49
4 50
4 51
4 53
4 54
4 55
4 59
4 61
4 62
4 64
4 65
4 66
4 69
4 70
4 72
4 78
4 80
4 82
4 83
4 85
4 88
4 89
4 90
4 91
4 92
4 93
4 94
4 95
4 98
4 99
5 6
5 9
5 16
5 17
5 20
5 21
5 23
5 30
5 31
5 32
5 33
5 35
5 38
5 42
5 43
5 47
5 51
5 52
5 54
5 55
5 56
5 60
5 61
5 65
5 66
5 67
5 69
5 71
5 73
5 74
5 75
5 76
5 78
5 80
5 81
5 83
5 84
5 85
5 86
5 87
5 88
5 89
5 91
5 92
5 93
5 95
5 96
5 98
6 8
6 9
6 10
6 11
6 14
6 15
6 18
6 19
6 23
6 24
6 25
6 28
6 29
6 30
6 31
6 32
6 35
6 36
6 37
6 39
6 41
6 42
6 46
6 47
6 51
6 52
6 54
6 62
6 63
6 64
6 66
6 67
6 68
6 69
6 70
6 74
6 75
6 81
6 85
6 90
6 95
6 97
6 99
7 9
7 13
7 14
7 19
7 21
7 22
7 23
7 24
7 25
7 31
7 35
7 37
7 38
7 39
7 40
7 42
7 43
7 44
7 45
7 46
7 51
7 52
7 53
7 54
7 56
7 58
7 60
7 62
7 65
7 69
7 70
7 71
7 72
7 75
7 77
7 80
7 82
7 84
7 87
7 88
7 90
7 91
7 93
7 95
7 96
7 97
7 99
8 18
8 21
8 24
8 25
8 26
8 27
8 31
8 32
8 34
8 38
8 39
8 42
8 44
8 47
8 48
8 49
8 51
8 52
8 54
8 56
8 59
8 61
8 62
8 63
8 64
8 65
8 66
8 67
8 73
8 75
8 87
8 90
8 92
8 95
8 96
8 97
8 98
9 10
9 20
9 22
9 23
9 24
9 25
9 26
9 27
9 29
9 30
9 31
9 32
9 34
9 35
9 37
9 38
9 43
9 51
9 52
9 53
9 55
9 57
9 63
9 65
9 68
9 69
9 74
9 75
9 76
9 77
9 78
9 80
9 81
9 82
9 83
9 84
9 86
9 90
9 91
9 95
9 97
9 98
10 15
10 16
10 17
10 19
10 20
10 21
10 22
10 25
10 26
10 27
10 30
10 32
10 33
10 34
10 37
10 42
10 43
10 44
10 45
10 47
10 48
10 49
10 53
10 55
10 56
10 59
10 60
10 61
10 62
10 63
10 64
10 66
10 67
10 68
10 72
10 75
10 77
10 78
10 79
10 80
10 81
10 82
10 83
10 84
10 85
10 86
10 88
10 90
10 94
10 96
10 98
11 14
11 15
11 16
11 18
11 19
11 20
11 23
11 27
11 28
11 34
11 35
11 36
11 40
11 41
11 44
11 46
11 47
11 53
11 54
11 57
11 59
11 61
11 62
11 63
11 65
11 68
11 74
11 78
11 80
11 81
11 82
11 89
11 94
11 95
11 97
11 98
12 15
12 16
12 17
12 18
12 19
12 21
12 23
12 25
12 26
12 28
12 30
12 31
12 32
12 33
12 36
12 37
12 38
12 39
12 40
12 41
12 45
12 46
12 47
12 50
12 53
12 54
12 55
12 58
12 59
12 61
12 62
12 64
12 65
12 66
12 67
12 68
12 69
12 71
12 72
12 75
12 76
12 82
12 84
12 85
12 88
12 89
12 90
12 93
12 94
12 95
12 96
12 98
12 99
13 14
13 18
13 19
13 20
13 22
13 25
13 26
13 27
13 32
13 33
13 34
13 36
13 37
13 42
13 45
13 48
13 51
13 52
13 54
13 55
13 56
13 57
13 59
13 60
13 62
13 63
13 68
13 70
13 71
13 72
13 73
13 78
13 80
13 92
13 93
13 96
13 98
13 99
14 15
14 16
14 17
14 18
14 20
14 22
14 23
14 26
14 27
14 28
14 30
14 34
14 38
14 41
14 43
14 44
14 46
14 47
14 48
14 50
14 51
14 52
14 53
14 54
14 63
14 65
14 66
14 67
14 69
14 70
14 83
14 84
14 85
14 91
14 92
14 93
14 97
14 98
14 99
15 16
15 17
15 18
15 20
15 22
15 24
15 25
15 28
15 34
15 36
15 38
15 43
15 45
15 49
15 50
15 52
15 54
15 55
15 59
15 60
15 62
15 64
15 65
15 66
15 67
15 68
15 70
15 73
15 74
15 76
15 78
15 79
15 80
15 81
15 84
15 86
15 88
15 90
15 92
15 94
15 97
15 99
16 17
16 18
16 22
16 25
16 27
16 32
16 34
16 36
16 37
16 39
16 42
16 43
16 44
16 45
16 46
16 49
16 50
16 52
16 57
16 58
16 59
16 61
16 62
16 63
16 65
16 66
16 67
16 68
16 69
16 71
16 72
16 74
16 76
16 78
16 79
16 82
16 83
16 84
16 87
16 90
16 91
16 92
16 93
16 96
16 97
16 99
17 20
17 21
17 31
17 33
17 34
17 35
17 36
17 38
17 39
17 44
17 45
17 46
17 47
17 48
17 51
17 52
17 53
17 55
17 58
17 60
17 62
17 63
17 64
17 65
17 66
17 69
17 71
17 73
17 74
17 79
17 80
17 83
17 84
17 87
17 88
17 90
17 92
17 93
17 95
18 20
18 21
18 22
18 23
18 26
18 28
18 29
18 33
18 37
18 39
18 43
18 44
18 45
18 47
18 48
18 49
18 50
18 52
18 55
18 56
18 57
18 58
18 64
18 65
18 66
18 67
18 68
18 72
18 76
18 78
18 80
18 82
18 83
18 85
18 86
18 87
18 89
18 90
18 91
18 92
18 94
18 96
18 99
19 20
19 21
19 22
19 27
19 29
19 33
19 36
19 37
19 38
19 39
19 43
19 45
19 46
19 47
19 49
19 50
19 51
19 53
19 56
19 58
19 59
19 61
19 62
19 64
19 65
19 66
19 67
19 71
19 73
19 75
19 77
19 78
19 79
19 82
19 84
19 85
19 86
19 88
19 92
19 93
19 95
19 96
19 98
20 22
20 24
20 25
20 26
20 27
20 28
20 30
20 31
20 32
20 33
20 34
20 36
20 37
20 38
20 43
20 44
20 46
20 47
20 51
20 52
20 54
20 59
20 60
20 61
20 62
20 63
20 67
20 69
20 70
20 71
20 72
20 74
20 78
20 79
20 81
20 82
20 84
20 85
20 86
20 88
20 93
20 94
20 95
20 96
20 98
21 23
21 24
21 25
21 28
21 29
21 30
21 32
21 33
21 35
21 37
21 39
21 42
21 51
21 52
21 55
21 56
21 65
21 69
21 70
21 74
21 75
21 77
21 78
21 79
21 80
21 81
21 84
21 85
21 86
21 87
21 89
21 91
21 93
21 99
22 25
22 28
22 29
22 32
22 35
22 38
22 40
22 42
22 43
22 44
22 45
22 47
22 48
22 49
22 50
22 53
22 54
22 58
22 61
22 62
22 63
22 64
22 65
22 70
22 72
22 73
22 76
22 77
22 78
22 82
22 83
22 87
22 89
22 90
22 92
22 95
23 24
23 26
23 27
23 30
23 31
23 32
23 33
23 34
23 35
23 37
23 38
23 41
23 42
23 45
23 47
23 49
23 51
23 53
23 57
23 59
23 61
23 62
23 66
23 67
23 68
23 69
23 72
23 73
23 74
23 76
23 78
23 82
23 85
23 89
23 92
23 93
23 95
23 98
24 26
24 28
24 30
24 31
24 32
24 34
24 37
24 39
24 40
24 41
24 42
24 43
24 44
24 45
24 47
24 49
24 52
24 53
24 56
24 57
24 58
24 59
24 60
24 62
24 63
24 65
24 66
24 68
24 70
24 71
24 73
24 74
24 75
24 77
24 79
24 81
24 83
24 84
24 85
24 89
24 90
24 91
24 96
24 97
24 98
25 27
25 29
25 30
25 32
25 33
25 34
25 36
25 37
25 38
25 39
25 40
25 42
25 44
25 45
25 46
25 47
25 48
25 49
25 50
25 51
25 55
25 57
25 60
25 61
25 62
25 63
25 64
25 65
25 67
25 68
25 71
25 72
25 73
25 76
25 78
25 81
25 83
25 84
25 85
25 86
25 87
25 88
25 91
25 93
25 95
25 97
26 27
26 28
26 30
26 31
26 35
26 38
26 40
26 41
26 42
26 43
26 46
26 50
26 51
26 52
26 54
26 56
26 58
26 63
26 64
26 68
26 72
26 73
26 74
26 78
26 79
26 80
26 82
26 85
26 89
26 90
26 92
26 93
26 95
26 96
26 98
27 28
27 30
27 32
27 34
27 35
27 39
27 40
27 43
27 44
27 46
27 48
27 49
27 53
27 56
27 57
27 59
27 60
27 64
27 66
27 71
27 73
27 77
27 81
27 83
27 85
27 89
27 92
27 94
27 95
27 97
27 98
27 99
28 31
28 33
28 34
28 38
28 40
28 45
28 46
28 47
28 50
28 55
28 57
28 58
28 59
28 60
28 61
28 62
28 64
28 68
28 69
28 70
28 75
28 76
28 77
28 79
28 88
28 92
28 95
28 96
28 97
28 98
28 99
29 31
29 32
29 34
29 35
29 37
29 39
29 41
29 42
29 44
29 45
29 46
29 47
29 48
29 50
29 51
29 53
29 55
29 57
29 58
29 59
29 64
29 65
29 66
29 69
29 70
29 71
29 75
29 76
29 78
29 79
29 81
29 84
29 85
29 86
29 88
29 91
29 92
29 93
29 95
29 97
29 99
30 35
30 37
30 39
30 40
30 42
30 43
30 44
30 51
30 52
30 55
30 56
30 57
30 58
30 59
30 61
30 65
30 66
30 67
30 69
30 70
30 71
30 74
30 75
30 80
30 81
30 82
30 85
30 86
30 89
30 93
30 96
31 33
31 37
31 39
31 40
31 43
31 45
31 46
31 49
31 53
31 54
31 56
31 57
31 63
31 64
31 65
31 66
31 67
31 68
31 70
31 71
31 73
31 77
31 78
31 79
31 81
31 83
31 89
31 90
31 91
31 92
31 93
31 94
31 95
31 96
31 98
32 33
32 39
32 40
32 42
32 44
32 45
32 49
32 54
32 55
32 60
32 61
32 62
32 65
32 67
32 68
32 71
32 72
32 76
32 77
32 78
32 79
32 84
32 85
32 87
32 88
32 89
32 91
32 92
32 95
32 97
32 99
33 35
33 36
33 39
33 40
33 41
33 42
33 45
33 46
33 47
33 49
33 50
33 54
33 57
33 58
33 60
33 61
33 65
33 66
33 67
33 69
33 70
33 71
33 72
33 73
33 74
33 75
33 79
33 80
33 83
33 84
33 88
33 89
33 90
33 93
33 94
33 95
33 97
33 98
34 37
34 39
34 41
34 42
34 43
34 47
34 50
34 52
34 54
34 56
34 57
34 58
34 59
34 63
34 64
34 65
34 66
34 67
34 68
34 71
34 72
34 73
34 74
34 75
34 78
34 80
34 81
34 82
34 89
34 90
34 92
34 96
34 99
35 37
35 38
35 41
35 43
35 44
35 45
35 52
35 56
35 58
35 60
35 61
35 62
35 64
35 68
35 72
35 73
35 75
35 76
35 77
35 78
35 79
35 83
35 84
35 85
35 87
35 89
35 90
35 91
35 92
35 93
35 95
35 97
35 98
36 38
36 39
36 40
36 42
36 45
36 49
36 52
36 53
36 57
36 58
36 65
36 67
36 68
36 69
36 72
36 74
36 76
36 77
36 78
36 79
36 82
36 86
36 89
36 90
36 91
36 92
36 93
36 98
36 99
37 38
37 39
37 42
37 43
37 45
37 47
37 48
37 50
37 52
37 53
37 55
37 58
37 59
37 60
37 62
37 63
37 65
37 66
37 67
37 68
37 69
37 70
37 77
37 79
37 82
37 83
37 84
37 85
37 90
37 92
37 94
37 96
37 97
38 39
38 40
38 42
38 46
38 47
38 48
38 50
38 51
38 53
38 55
38 59
38 60
38 62
38 65
38 67
38 72
38 74
38 76
38 78
38 80
38 85
38 88
38 89
38 93
38 96
38 97
39 41
39 42
39 44
39 47
39 51
39 53
39 58
39 59
39 61
39 62
39 64
39 68
39 69
39 72
39 73
39 76
39 80
39 83
39 85
39 87
39 88
39 89
39 93
39 94
39 95
39 96
40 42
40 43
40 46
40 47
40 48
40 49
40 50
40 59
40 60
40 61
40 62
40 63
40 65
40 66
40 67
40 75
40 76
40 78
40 79
40 83
40 84
40 85
40 86
40 87
40 90
40 91
40 93
40 95
40 98
40 99
41 43
41 44
41 45
41 46
41 47
41 50
41 51
41 52
41 53
41 56
41 61
41 65
41 66
41 67
41 69
41 70
41 71
41 72
41 74
41 75
41 76
41 78
41 79
41 80
41 81
41 82
41 83
41 88
41 90
41 93
41 96
41 99
42 43
42 45
42 46
42 48
42 49
42 52
42 55
42 63
42 64
42 66
42 67
42 69
42 71
42 72
42 73
42 78
42 79
42 80
42 82
42 84
42 86
42 90
42 91
42 93
42 94
42 95
42 96
42 97
42 98
42 99
43 44
43 45
43 47
43 48
43 50
43 52
43 53
43 55
43 57
43 59
43 64
43 66
43 68
43 72
43 74
43 75
43 76
43 77
43 78
43 79
43 80
43 83
43 85
43 86
43 89
43 90
43 93
43 94
43 95
43 99
44 45
44 46
44 47
44 49
44 50
44 51
44 55
44 58
44 59
44 60
44 63
44 64
44 65
44 66
44 70
44 71
44 72
44 73
44 79
44 80
44 81
44 82
44 89
44 90
44 92
44 96
45 47
45 48
45 49
45 54
45 55
45 56
45 59
45 65
45 66
45 67
45 68
45 69
45 73
45 76
45 77
45 78
45 80
45 82
45 85
45 87
45 88
45 89
45 90
45 93
45 94
45 96
45 97
46 49
46 50
46 52
46 53
46 54
46 56
46 57
46 62
46 63
46 67
46 68
46 70
46 71
46 73
46 74
46 75
46 77
46 79
46 81
46 83
46 84
46 86
46 87
46 91
46 93
46 96
47 49
47 50
47 53
47 55
47 56
47 57
47 58
47 60
47 61
47 64
47 67
47 75
47 78
47 79
47 85
47 86
47 89
47 92
47 93
47 94
47 95
47 98
48 49
48 50
48 51
48 52
48 55
48 56
48 57
48 58
48 59
48 62
48 66
48 67
48 68
48 70
48 72
48 73
48 76
48 77
48 78
48 80
48 81
48 83
48 84
48 86
48 87
48 88
48 89
48 90
48 91
48 92
48 93
48 95
49 50
49 51
49 52
49 58
49 59
49 63
49 64
49 65
49 66
49 69
49 73
49 74
49 75
49 86
49 87
49 93
49 95
50 53
50 56
50 57
50 59
50 60
50 63
50 64
50 65
50 68
50 69
50 70
50 71
50 73
50 74
50 75
50 78
50 79
50 80
50 81
50 82
50 83
50 84
50 88
50 89
50 90
50 92
50 93
50 94
50 96
51 52
51 54
51 56
51 57
51 59
51 61
51 62
51 63
51 66
51 68
51 69
51 70
51 71
51 73
51 74
51 75
51 77
51 78
51 80
51 83
51 84
51 85
51 87
51 88
51 90
51 95
51 96
51 98
52 54
52 56
52 57
52 61
52 64
52 66
52 67
52 68
52 71
52 72
52 73
52 76
52 79
52 80
52 82
52 83
52 84
52 86
52 87
52 88
52 92
52 93
52 94
52 95
52 96
52 98
52 99
53 54
53 56
53 58
53 59
53 63
53 65
53 66
53 69
53 71
53 72
53 73
53 74
53 75
53 78
53 88
53 92
53 93
53 94
53 96
54 55
54 56
54 59
54 66
54 67
54 69
54 71
54 73
54 74
54 75
54 77
54 78
54 79
54 81
54 83
54 84
54 87
54 88
54 90
54 91
54 96
54 97
54 99
55 58
55 60
55 62
55 63
55 68
55 69
55 71
55 72
55 73
55 74
55 78
55 79
55 80
55 82
55 87
55 88
55 89
55 91
55 92
55 93
55 96
55 97
55 98
55 99
56 58
56 63
56 69
56 71
56 72
56 73
56 78
56 79
56 83
56 84
56 85
56 86
56 87
56 88
56 89
56 93
56 94
56 95
56 96
56 99
57 58
57 60
57 65
57 66
57 68
57 70
57 72
57 73
57 74
57 76
57 77
57 78
57 79
57 83
57 84
57 87
57 88
57 89
57 90
57 94
57 98
57 99
58 59
58 61
58 62
58 63
58 67
58 68
58 69
58 73
58 74
58 79
58 82
58 83
58 85
58 86
58 90
58 92
58 98
58 99
59 60
59 63
59 69
59 70
59 72
59 73
59 74
59 77
59 78
59 81
59 84
59 88
59 89
59 94
59 95
59 96
59 98
60 61
60 62
60 64
60 65
60 66
60 69
60 71
60 72
60 73
60 74
60 76
60 77
60 81
60 84
60 86
60 88
60 90
60 91
60 92
60 93
60 94
60 98
60 99
61 62
61 64
61 66
61 67
61 68
61 74
61 75
61 76
61 81
61 83
61 84
61 87
61 88
61 89
61 92
61 94
61 95
61 96
61 97
61 99
62 64
62 65
62 66
62 67
62 70
62 72
62 77
62 78
62 80
62 83
62 86
62 88
62 91
62 92
62 93
62 96
62 97
63 64
63 65
63 68
63 70
63 74
63 75
63 77
63 78
63 81
63 83
63 84
63 85
63 88
63 89
63 90
63 93
63 94
63 95
63 99
64 68
64 70
64 71
64 74
64 75
64 76
64 79
64 82
64 85
64 86
64 87
64 91
64 93
64 95
64 97
65 66
65 67
65 69
65 70
65 75
65 76
65 77
65 81
65 83
65 84
65 85
65 88
65 89
65 92
65 96
65 98
65 99
66 68
66 72
66 76
66 79
66 81
66 82
66 83
66 84
66 86
66 87
66 88
66 91
66 92
66 93
66 95
66 96
66 99
67 71
67 73
67 75
67 76
67 77
67 82
67 83
67 86
67 87
67 88
67 91
67 92
67 94
67 97
68 69
68 70
68 71
68 72
68 73
68 74
68 76
68 77
68 79
68 81
68 82
68 85
68 86
68 87
68 89
68 99
69 70
69 71
69 72
69 73
69 77
69 79
69 80
69 86
69 87
69 88
69 89
69 94
69 95
69 96
69 98
70 71
70 73
70 78
70 79
70 80
70 81
70 83
70 84
70 86
70 88
70 91
70 92
70 95
70 99
71 72
71 75
71 76
71 79
71 81
71 82
71 83
71 84
71 85
71 86
71 87
71 88
71 89
71 91
71 97
71 98
72 75
72 76
72 77
72 78
72 79
72 83
72 85
72 86
72 88
72 93
72 95
72 97
72 98
72 99
73 76
73 77
73 78
73 82
73 86
73 87
73 88
73 89
73 90
73 93
73 95
73 96
74 75
74 79
74 80
74 81
74 83
74 85
74 88
74 93
74 96
74 97
74 98
75 77
75 78
75 79
75 80
75 81
75 82
75 83
75 84
75 85
75 86
75 88
75 89
75 90
75 91
75 94
75 96
75 97
75 98
76 80
76 82
76 84
76 86
76 87
76 90
76 91
76 92
76 93
76 98
76 99
77 78
77 80
77 81
77 82
77 86
77 87
77 92
77 96
77 99
78 79
78 81
78 82
78 84
78 85
78 86
78 87
78 88
78 89
78 90
78 91
78 93
78 94
78 96
78 98
78 99
79 80
79 81
79 83
79 87
79 88
79 90
79 92
79 95
79 96
79 98
79 99
80 82
80 84
80 85
80 86
80 88
80 90
80 93
80 95
81 86
81 87
81 89
81 91
81 92
81 93
81 94
81 95
81 97
81 98
82 83
82 86
82 88
82 89
82 93
82 95
82 96
82 97
82 98
82 99
83 89
83 94
83 96
83 98
83 99
84 86
84 89
84 91
84 94
84 97
84 98
85 86
85 89
85 91
85 95
85 96
85 97
85 98
85 99
86 87
86 91
86 92
86 95
86 96
86 97
87 89
87 90
87 92
87 93
87 94
87 95
87 97
87 99
88 90
88 92
88 93
88 98
89 90
89 91
89 94
89 98
89 99
90 91
90 92
90 93
90 99
91 92
91 93
91 94
91 95
91 97
91 98
91 99
92 96
92 97
92 99
93 94
93 95
93 96
94 95
94 98
95 97
95 98
96 97
96 98
97 99
