0 2
0 8
0 10
0 12
0 13
0 16
0 23
0 24
0 25
0 26
0 27
0 29
0 30
0 31
0 33
0 34
0 38
0 39
0 42
0 43
0 45
0 47
0 48
0 53
0 54
0 56
0 60
0 62
0 64
0 65
0 67
0 77
0 80
0 81
0 82
0 83
0 92
0 93
0 94
0 98
1 2
1 4
1 5
1 6
1 9
1 10
1 13
1 14
1 16
1 17
1 18
1 19
1 25
1 27
1 28
1 29
1 30
1 32
1 34
1 37
1 40
1 41
1 42
1 45
1 51
1 52
1 53
1 59
1 60
1 63
1 64
1 66
1 69
1 70
1 71
1 76
1 77
1 78
1 79
1 80
1 81
1 83
1 85
1 87
1 91
1 93
1 94
1 95
1 99
2 3
2 4
2 7
2 8
2 9
2 11
2 13
2 16
2 17
2 18
2 19
2 21
2 25
2 26
2 29
2 30
2 32
2 36
2 37
2 39
2 40
2 41
2 42
2 45
2 48
2 51
2 54
2 55
2 56
2 57
2 58
2 59
2 60
2 61
2 62
2 64
2 66
2 69
2 71
2 72
2 75
2 77
2 79
2 81
2 82
2 83
2 85
2 89
2 93
2 94
2 95
2 97
2 98
3 4
3 5
3 6
3 10
3 13
3 14
3 15
3 18
3 23
3 24
3 28
3 29
3 31
3 32
3 34
3 35
3 37
3 39
3 40
3 43
3 44
3 45
3 48
3 50
3 55
3 57
3 58
3 61
3 62
3 66
3 68
3 72
3 73
3 74
3 76
3 80
3 81
3 82
3 86
3 87
3 89
3 92
3 93
3 97
3 98
3 99
4 6
4 8
4 11
4 13
4 14
4 15
4 19
4 20
4 21
4 22
4 23
4 24
4 25
4 26
4 28
4 29
4 30
4 31
4 33
4 34
4 37
4 38
4 40
4 46
4 48
4 49
4 51
4 52
4 53
4 55
4 62
4 66
4 68
4 70
4 71
4 73
4 74
4 76
4 78
4 79
4 81
4 82
4 84
4 85
4 88
4 90
4 94
4 95
4 96
4 97
4 99
5 6
5 8
5 9
5 15
5 17
5 20
5 22
5 23
5 25
5 26
5 28
5 29
5 32
5 34
5 35
5 36
5 37
5 38
5 41
5 43
5 47
5 50
5 52
5 54
5 55
5 57
5 58
5 59
5 60
5 61
5 62
5 65
5 67
5 68
5 71
5 72
5 74
5 75
5 78
5 79
5 81
5 82
5 83
5 84
5 85
5 86
5 90
5 92
5 95
5 96
5 97
5 98
6 7
6 8
6 11
6 12
6 13
6 14
6 15
6 16
6 17
6 18
6 19
6 24
6 25
6 27
6 28
6 29
6 30
6 33
6 35
6 37
6 39
6 41
6 47
6 58
6 59
6 60
6 61
6 62
6 65
6 66
6 69
6 71
6 72
6 76
6 79
6 83
6 86
6 88
6 94
6 95
6 98
7 10
7 13
7 14
7 17
7 19
7 25
7 29
7 30
7 31
7 33
7 35
7 37
7 43
7 46
7 47
7 49
7 51
7 52
7 54
7 55
7 58
7 59
7 63
7 64
7 65
7 67
7 71
7 73
7 74
7 77
7 78
7 83
7 89
7 98
8 9
8 10
8 11
8 15
8 16
8 19
8 21
8 23
8 28
8 30
8 31
8 32
8 36
8 41
8 42
8 43
8 45
8 46
8 47
8 48
8 51
8 52
8 56
8 59
8 60
8 62
8 63
8 65
8 66
8 69
8 71
8 73
8 84
8 85
8 86
8 92
8 93
8 96
8 97
8 98
9 11
9 12
9 14
9 18
9 19
9 20
9 21
9 24
9 25
9 28
9 29
9 31
9 33
9 36
9 37
9 38
9 41
9 42
9 44
9 45
9 46
9 47
9 48
9 50
9 51
9 53
9 55
9 58
9 59
9 63
9 67
9 70
9 71
9 73
9 75
9 77
9 78
9 82
9 84
9 86
9 88
9 89
9 90
9 93
9 94
9 95
9 96
9 98
10 11
10 14
10 15
10 16
10 17
10 18
10 21
10 24
10 25
10 26
10 29
10 33
10 34
10 37
10 38
10 39
10 40
10 42
10 44
10 48
10 52
10 55
10 57
10 59
10 61
10 64
10 65
10 66
10 67
10 68
10 70
10 71
10 74
10 77
10 80
10 83
10 86
10 88
10 90
10 91
10 94
10 95
10 96
10 97
10 99
11 13
11 15
11 16
11 18
11 19
11 21
11 23
11 25
11 28
11 29
11 30
11 32
11 36
11 37
11 40
11 42
11 43
11 44
11 46
11 52
11 59
11 60
11 62
11 64
11 65
11 68
11 70
11 71
11 72
11 75
11 76
11 78
11 82
11 88
11 89
11 92
11 93
11 94
11 95
11 96
11 97
11 98
12 13
12 14
12 25
12 29
12 32
12 33
12 35
12 38
12 39
12 41
12 45
12 46
12 49
12 53
12 54
12 56
12 57
12 62
12 63
12 64
12 65
12 67
12 69
12 70
12 72
12 73
12 74
12 83
12 84
12 87
12 89
12 90
12 93
12 94
12 96
13 14
13 15
13 16
13 17
13 21
13 22
13 26
13 27
13 30
13 31
13 32
13 35
13 37
13 39
13 41
13 42
13 44
13 45
13 50
13 56
13 57
13 58
13 59
13 61
13 63
13 67
13 71
13 76
13 77
13 80
13 81
13 82
13 83
13 84
13 93
13 95
13 96
13 98
13 99
14 15
14 16
14 17
14 18
14 19
14 21
14 22
14 23
14 25
14 26
14 27
14 32
14 36
14 37
14 38
14 39
14 41
14 44
14 48
14 49
14 54
14 56
14 57
14 58
14 59
14 63
14 67
14 71
14 72
14 73
14 74
14 76
14 81
14 82
14 84
14 86
14 87
14 88
14 89
14 90
14 91
14 95
14 96
14 97
14 98
15 18
15 19
15 20
15 21
15 23
15 30
15 39
15 40
15 45
15 47
15 48
15 49
15 51
15 55
15 56
15 58
15 59
15 64
15 65
15 67
15 69
15 71
15 75
15 76
15 78
15 79
15 81
15 86
15 87
15 89
15 91
15 92
15 94
15 95
15 96
15 98
16 18
16 19
16 21
16 22
16 23
16 24
16 26
16 29
16 30
16 31
16 35
16 36
16 37
16 39
16 40
16 41
16 44
16 45
16 49
16 50
16 53
16 55
16 57
16 58
16 61
16 64
16 65
16 68
16 69
16 77
16 78
16 79
16 81
16 83
16 84
16 85
16 86
16 87
16 88
16 90
16 91
16 96
16 97
17 22
17 24
17 28
17 30
17 32
17 37
17 38
17 39
17 42
17 44
17 46
17 49
17 50
17 52
17 54
17 55
17 59
17 60
17 63
17 64
17 66
17 69
17 72
17 76
17 79
17 80
17 81
17 82
17 84
17 85
17 86
17 87
17 93
17 94
17 95
17 97
17 98
18 20
18 21
18 22
18 25
18 26
18 28
18 29
18 30
18 32
18 33
18 37
18 38
18 39
18 42
18 45
18 47
18 48
18 50
18 51
18 53
18 54
18 55
18 56
18 58
18 59
18 62
18 66
18 67
18 68
18 70
18 71
18 72
18 73
18 74
18 75
18 78
18 80
18 83
18 84
18 85
18 86
18 89
18 94
18 95
18 98
19 22
19 23
19 26
19 31
19 32
19 35
19 36
19 41
19 45
19 46
19 47
19 49
19 52
19 53
19 55
19 56
19 57
19 58
19 59
19 60
19 61
19 62
19 63
19 64
19 72
19 74
19 77
19 78
19 80
19 85
19 86
19 93
19 94
19 95
19 97
19 98
19 99
20 22
20 27
20 29
20 30
20 31
20 32
20 33
20 34
20 35
20 36
20 37
20 38
20 42
20 43
20 44
20 47
20 49
20 52
20 53
20 54
20 60
20 61
20 63
20 72
20 74
20 75
20 76
20 77
20 79
20 81
20 84
20 87
20 88
20 90
20 92
20 93
20 94
20 95
20 97
21 22
21 23
21 25
21 26
21 27
21 29
21 30
21 32
21 33
21 35
21 38
21 39
21 40
21 41
21 42
21 44
21 45
21 51
21 54
21 56
21 59
21 67
21 68
21 69
21 71
21 72
21 73
21 75
21 81
21 82
21 87
21 88
21 91
21 93
21 97
22 23
22 24
22 26
22 27
22 28
22 31
22 32
22 37
22 38
22 45
22 46
22 47
22 48
22 49
22 52
22 53
22 55
22 56
22 57
22 58
22 59
22 60
22 61
22 63
22 65
22 67
22 68
22 76
22 78
22 79
22 80
22 84
22 86
22 87
22 88
22 91
22 96
23 24
23 25
23 27
23 28
23 29
23 31
23 33
23 35
23 36
23 38
23 39
23 40
23 41
23 42
23 45
23 49
23 52
23 55
23 56
23 57
23 60
23 61
23 62
23 63
23 64
23 66
23 68
23 71
23 74
23 75
23 78
23 79
23 80
23 82
23 83
23 84
23 87
23 89
23 90
23 96
23 97
23 98
23 99
24 25
24 26
24 27
24 28
24 30
24 34
24 35
24 37
24 39
24 41
24 43
24 47
24 51
24 52
24 54
24 55
24 56
24 57
24 58
24 59
24 60
24 62
24 66
24 69
24 70
24 71
24 72
24 74
24 80
24 86
24 87
24 91
24 92
24 94
24 96
24 97
24 99
25 28
25 30
25 37
25 38
25 42
25 44
25 45
25 46
25 47
25 51
25 53
25 56
25 58
25 60
25 61
25 64
25 68
25 71
25 80
25 84
25 85
25 87
25 89
25 93
25 94
25 97
25 99
26 28
26 29
26 30
26 38
26 40
26 42
26 43
26 44
26 45
26 47
26 48
26 50
26 51
26 52
26 53
26 54
26 55
26 61
26 62
26 63
26 66
26 67
26 72
26 74
26 77
26 78
26 83
26 86
26 89
26 90
26 91
26 92
26 95
26 96
26 97
26 98
26 99
27 28
27 29
27 30
27 31
27 33
27 34
27 35
27 38
27 41
27 42
27 43
27 47
27 48
27 49
27 50
27 54
27 55
27 56
27 58
27 59
27 62
27 67
27 69
27 72
27 73
27 74
27 75
27 78
27 79
27 81
27 82
27 83
27 86
27 87
27 90
27 94
27 96
27 98
28 29
28 30
28 32
28 36
28 37
28 42
28 43
28 45
28 46
28 47
28 49
28 54
28 57
28 58
28 60
28 61
28 62
28 66
28 67
28 68
28 69
28 72
28 73
28 75
28 76
28 77
28 78
28 79
28 82
28 83
28 88
28 89
28 90
28 95
28 97
28 99
29 30
29 31
29 32
29 33
29 35
29 36
29 37
29 38
29 39
29 40
29 42
29 43
29 48
29 50
29 51
29 52
29 54
29 55
29 56
29 58
29 59
29 60
29 64
29 65
29 66
29 70
29 72
29 74
29 76
29 77
29 78
29 80
29 83
29 84
29 86
29 87
29 88
29 92
29 95
29 97
29 98
30 33
30 35
30 36
30 37
30 38
30 41
30 42
30 43
30 44
30 45
30 47
30 49
30 52
30 54
30 55
30 58
30 61
30 63
30 64
30 65
30 67
30 69
30 70
30 73
30 74
30 76
30 77
30 79
30 82
30 83
30 87
30 88
30 89
30 90
30 93
31 32
31 33
31 34
31 35
31 37
31 40
31 41
31 42
31 43
31 47
31 48
31 51
31 52
31 54
31 55
31 57
31 58
31 60
31 61
31 63
31 65
31 66
31 67
31 68
31 69
31 74
31 75
31 76
31 78
31 82
31 85
31 86
31 87
31 89
31 91
31 92
31 94
32 36
32 37
32 38
32 39
32 41
32 43
32 46
32 47
32 51
32 53
32 54
32 55
32 56
32 58
32 59
32 64
32 67
32 70
32 76
32 77
32 79
32 80
32 81
32 82
32 85
32 86
32 90
32 92
32 93
32 94
32 95
32 96
32 97
32 98
33 36
33 38
33 44
33 51
33 55
33 57
33 61
33 62
33 63
33 65
33 66
33 68
33 69
33 71
33 76
33 77
33 78
33 81
33 83
33 84
33 87
33 88
33 89
33 91
33 93
33 95
33 96
33 97
34 36
34 37
34 38
34 42
34 45
34 47
34 48
34 51
34 52
34 54
34 56
34 59
34 60
34 62
34 63
34 64
34 65
34 67
34 69
34 70
34 73
34 76
34 79
34 84
34 85
34 90
34 91
34 92
34 94
34 98
35 36
35 38
35 39
35 40
35 41
35 43
35 44
35 47
35 48
35 49
35 52
35 54
35 55
35 59
35 60
35 62
35 63
35 64
35 65
35 68
35 71
35 74
35 76
35 83
35 86
35 87
35 92
35 93
35 95
35 99
36 37
36 39
36 44
36 46
36 50
36 52
36 53
36 56
36 57
36 58
36 59
36 63
36 64
36 65
36 70
36 71
36 72
36 74
36 75
36 77
36 79
36 80
36 81
36 85
36 94
36 97
36 98
37 38
37 40
37 41
37 42
37 43
37 47
37 48
37 49
37 54
37 56
37 59
37 62
37 63
37 64
37 65
37 66
37 68
37 72
37 73
37 75
37 80
37 82
37 83
37 85
37 88
37 91
37 92
37 93
37 94
37 96
38 39
38 41
38 45
38 46
38 52
38 57
38 61
38 64
38 66
38 69
38 70
38 75
38 77
38 78
38 82
38 87
38 89
38 90
38 91
38 94
38 95
38 97
38 98
39 41
39 42
39 43
39 45
39 46
39 50
39 51
39 53
39 55
39 57
39 58
39 63
39 66
39 68
39 69
39 70
39 71
39 72
39 74
39 75
39 78
39 79
39 80
39 82
39 85
39 89
39 91
39 92
39 93
39 95
39 97
39 99
40 41
40 46
40 51
40 52
40 53
40 54
40 55
40 58
40 59
40 60
40 61
40 62
40 63
40 66
40 67
40 68
40 69
40 72
40 73
40 74
40 78
40 81
40 83
40 85
40 86
40 87
40 88
40 89
40 90
40 94
40 96
41 43
41 46
41 51
41 56
41 57
41 61
41 62
41 65
41 66
41 68
41 71
41 72
41 74
41 78
41 79
41 84
41 92
41 93
41 96
41 97
41 98
42 43
42 45
42 47
42 48
42 53
42 55
42 58
42 60
42 61
42 66
42 68
42 69
42 71
42 72
42 73
42 74
42 76
42 77
42 79
42 80
42 83
42 88
42 89
42 92
42 95
42 96
42 98
42 99
43 44
43 45
43 47
43 48
43 49
43 50
43 52
43 53
43 55
43 57
43 59
43 65
43 69
43 70
43 73
43 75
43 76
43 80
43 81
43 82
43 84
43 86
43 89
43 92
43 93
43 94
43 95
43 97
43 98
43 99
44 48
44 49
44 50
44 51
44 55
44 58
44 66
44 68
44 71
44 74
44 75
44 77
44 78
44 81
44 85
44 86
44 87
44 88
44 89
44 90
44 91
44 95
44 96
45 46
45 48
45 49
45 50
45 51
45 52
45 56
45 57
45 59
45 60
45 67
45 72
45 73
45 74
45 78
45 80
45 81
45 83
45 85
45 87
45 88
45 90
45 91
45 92
45 97
45 99
46 47
46 51
46 54
46 60
46 61
46 62
46 63
46 65
46 67
46 69
46 70
46 71
46 72
46 73
46 78
46 82
46 84
46 85
46 87
46 88
46 89
46 94
46 95
46 96
46 97
47 48
47 50
47 51
47 52
47 54
47 57
47 63
47 65
47 67
47 71
47 73
47 76
47 78
47 80
47 83
47 86
47 88
47 89
47 91
47 92
47 95
47 96
48 50
48 51
48 52
48 53
48 57
48 59
48 62
48 65
48 66
48 67
48 68
48 72
48 74
48 76
48 79
48 80
48 82
48 83
48 84
48 85
48 87
48 89
48 91
48 93
48 97
48 98
49 53
49 54
49 55
49 56
49 59
49 60
49 67
49 69
49 70
49 71
49 73
49 74
49 78
49 81
49 83
49 84
49 85
49 86
49 87
49 90
49 91
49 92
49 94
49 99
50 51
50 52
50 55
50 60
50 62
50 64
50 65
50 66
50 70
50 71
50 73
50 74
50 75
50 82
50 83
50 85
50 87
50 90
50 91
50 92
50 93
50 94
50 97
51 53
51 54
51 55
51 56
51 57
51 59
51 64
51 65
51 68
51 69
51 72
51 73
51 74
51 76
51 77
51 79
51 80
51 83
51 85
51 87
51 90
51 93
51 98
51 99
52 56
52 57
52 58
52 59
52 60
52 65
52 66
52 67
52 71
52 73
52 76
52 78
52 79
52 80
52 83
52 85
52 87
52 88
52 91
52 93
52 95
52 97
52 98
53 54
53 55
53 56
53 58
53 59
53 60
53 61
53 62
53 63
53 65
53 67
53 68
53 69
53 70
53 71
53 72
53 78
53 80
53 81
53 82
53 84
53 85
53 90
53 95
53 97
54 56
54 60
54 61
54 65
54 66
54 71
54 72
54 73
54 74
54 78
54 79
54 81
54 82
54 83
54 84
54 85
54 87
54 89
54 90
54 91
54 92
54 93
54 94
54 95
54 96
54 98
54 99
55 57
55 59
55 63
55 67
55 69
55 70
55 78
55 79
55 81
55 85
55 87
55 90
55 91
55 92
55 93
55 94
55 95
55 96
55 98
55 99
56 57
56 59
56 60
56 62
56 64
56 66
56 69
56 72
56 73
56 74
56 80
56 85
56 87
56 88
56 90
56 92
56 93
56 94
56 95
56 99
57 58
57 59
57 61
57 64
57 65
57 66
57 67
57 69
57 71
57 72
57 76
57 79
57 83
57 84
57 86
57 87
57 88
57 90
57 92
57 94
57 95
57 96
57 97
57 98
58 61
58 62
58 65
58 71
58 72
58 74
58 75
58 78
58 80
58 83
58 85
58 89
58 90
58 92
58 94
58 95
58 96
59 60
59 64
59 65
59 66
59 67
59 73
59 74
59 75
59 78
59 80
59 83
59 86
59 87
59 90
59 93
59 96
60 61
60 62
60 64
60 66
60 68
60 69
60 72
60 75
60 79
60 81
60 84
60 85
60 86
60 87
60 91
60 93
60 96
60 99
61 64
61 66
61 74
61 75
61 76
61 79
61 80
61 81
61 82
61 83
61 84
61 86
61 87
61 90
61 91
61 95
62 67
62 68
62 69
62 72
62 75
62 76
62 78
62 80
62 82
62 83
62 84
62 86
62 87
62 89
62 90
62 93
62 94
62 95
62 96
62 97
62 99
63 65
63 68
63 71
63 74
63 75
63 76
63 77
63 84
63 86
63 88
63 91
63 95
63 96
63 97
63 98
63 99
64 67
64 72
64 75
64 77
64 78
64 81
64 83
64 84
64 85
64 86
64 88
64 93
64 94
64 95
64 96
64 99
65 66
65 69
65 70
65 74
65 75
65 76
65 78
65 79
65 82
65 85
65 91
65 92
65 93
65 94
65 95
65 96
65 97
66 67
66 70
66 71
66 72
66 74
66 75
66 76
66 78
66 80
66 82
66 83
66 84
66 85
66 88
66 89
66 90
66 91
66 93
66 94
66 95
66 96
66 98
67 68
67 73
67 76
67 77
67 79
67 81
67 82
67 83
67 84
67 86
67 87
67 89
67 94
67 95
67 99
68 71
68 72
68 76
68 78
68 85
68 88
68 89
68 90
68 97
68 98
68 99
69 70
69 73
69 74
69 78
69 79
69 81
69 82
69 86
69 87
69 89
69 90
69 92
69 93
69 96
69 98
69 99
70 72
70 73
70 78
70 79
70 81
70 83
70 85
70 86
70 88
70 89
70 90
70 91
70 94
70 95
70 99
71 73
71 75
71 78
71 79
71 81
71 82
71 83
71 85
71 86
71 88
71 90
71 91
71 92
72 74
72 75
72 77
72 79
72 82
72 83
72 85
72 89
72 91
72 95
72 96
73 74
73 76
73 78
73 79
73 81
73 82
73 84
73 87
73 88
73 89
73 90
73 91
73 93
73 98
73 99
74 75
74 77
74 78
74 80
74 81
74 82
74 84
74 85
74 87
74 89
74 90
74 92
74 93
74 95
74 97
74 98
75 77
75 79
75 81
75 83
75 84
75 88
75 92
75 93
75 95
75 96
75 97
75 99
76 82
76 83
76 84
76 87
76 88
76 89
76 90
76 91
76 92
76 94
76 96
76 97
76 98
76 99
77 78
77 79
77 80
77 82
77 83
77 84
77 85
77 86
77 87
77 88
77 91
77 95
77 96
77 97
77 98
77 99
78 80
78 81
78 82
78 86
78 87
78 88
78 89
78 95
78 96
78 98
79 80
79 81
79 83
79 86
79 87
79 91
79 93
79 95
79 97
80 81
80 84
80 86
80 87
80 92
80 97
80 99
81 82
81 83
81 85
81 90
81 91
81 92
81 94
81 95
81 97
81 99
82 83
82 85
82 86
82 87
82 90
82 91
82 94
82 95
82 96
82 97
82 98
83 85
83 88
83 89
83 90
83 91
83 97
83 98
84 86
84 87
84 88
84 90
84 91
84 92
84 93
84 96
85 86
85 87
85 88
85 95
85 99
86 88
86 89
86 90
86 92
86 93
86 94
86 95
86 96
86 99
87 90
87 94
87 95
87 98
88 91
88 92
88 93
88 95
88 96
88 97
88 99
89 90
89 93
89 94
89 97
89 98
89 99
90 91
90 92
90 95
90 96
91 92
91 94
91 95
91 96
91 98
92 93
92 98
92 99
93 94
93 98
93 99
94 97
94 98
95 96
95 99
96 98
97 98
97 99
98 99
