0 1
0 2
0 4
0 5
0 6
0 7
0 8
0 11
0 12
0 13
0 15
0 16
0 17
0 18
0 19
0 20
0 22
0 23
0 24
0 26
0 27
0 30
0 31
0 34
0 36
0 38
0 39
0 40
0 41
0 45
0 46
0 50
0 51
0 56
0 57
0 58
0 61
0 62
0 64
0 68
0 70
0 71
0 72
0 73
0 74
0 75
0 79
0 80
0 82
0 88
0 92
0 94
0 96
1 2
1 4
1 5
1 11
1 12
1 14
1 17
1 18
1 19
1 20
1 24
1 26
1 28
1 29
1 32
1 33
1 34
1 37
1 38
1 42
1 43
1 44
1 46
1 47
1 49
1 50
1 51
1 53
1 56
1 57
1 59
1 60
1 61
1 63
1 65
1 66
1 67
1 68
1 69
1 71
1 72
1 76
1 77
1 79
1 82
1 83
1 86
1 87
1 89
1 90
1 91
1 93
1 97
2 3
2 6
2 8
2 10
2 11
2 12
2 14
2 15
2 20
2 21
2 24
2 28
2 30
2 32
2 35
2 36
2 39
2 40
2 43
2 44
2 45
2 46
2 48
2 50
2 51
2 52
2 54
2 55
2 56
2 58
2 59
2 60
2 64
2 65
2 68
2 69
2 70
2 71
2 73
2 74
2 75
2 77
2 78
2 79
2 81
2 82
2 85
2 87
2 90
2 93
2 94
3 4
3 6
3 8
3 9
3 12
3 17
3 18
3 20
3 24
3 29
3 33
3 34
3 39
3 41
3 43
3 48
3 49
3 50
3 52
3 53
3 56
3 57
3 58
3 59
3 60
3 61
3 62
3 64
3 65
3 70
3 71
3 75
3 76
3 77
3 78
3 79
3 80
3 82
3 85
3 86
3 87
3 88
3 90
3 91
3 93
3 97
3 98
3 99
4 6
4 10
4 11
4 14
4 15
4 16
4 18
4 19
4 20
4 23
4 24
4 30
4 31
4 32
4 34
4 35
4 36
4 37
4 38
4 40
4 45
4 47
4 49
4 50
4 52
4 53
4 54
4 55
4 58
4 59
4 60
4 70
4 72
4 74
4 77
4 83
4 84
4 85
4 87
4 92
4 95
4 98
4 99
5 7
5 8
5 9
5 10
5 12
5 14
5 16
5 19
5 20
5 21
5 22
5 24
5 25
5 26
5 28
5 30
5 31
5 32
5 34
5 36
5 37
5 40
5 41
5 43
5 44
5 45
5 46
5 47
5 50
5 51
5 55
5 57
5 58
5 59
5 60
5 65
5 66
5 68
5 69
5 70
5 71
5 72
5 74
5 75
5 77
5 78
5 82
5 83
5 84
5 85
5 86
5 88
5 89
5 90
5 91
5 94
5 95
5 96
5 98
6 7
6 10
6 11
6 13
6 16
6 17
6 21
6 22
6 24
6 25
6 26
6 29
6 30
6 34
6 37
6 38
6 40
6 41
6 44
6 45
6 48
6 49
6 54
6 55
6 56
6 59
6 64
6 66
6 69
6 70
6 71
6 76
6 77
6 81
6 82
6 84
6 86
6 87
6 90
6 91
6 94
6 96
6 99
7 8
7 10
7 12
7 16
7 18
7 20
7 22
7 23
7 25
7 26
7 28
7 30
7 31
7 32
7 33
7 35
7 38
7 39
7 41
7 42
7 45
7 49
7 50
7 51
7 52
7 53
7 56
7 57
7 58
7 59
7 60
7 61
7 64
7 65
7 67
7 68
7 70
7 71
7 73
7 74
7 76
7 79
7 82
7 88
7 89
7 90
7 91
7 92
7 93
7 94
7 95
7 98
8 10
8 12
8 13
8 14
8 15
8 16
8 20
8 21
8 22
8 28
8 30
8 31
8 32
8 34
8 35
8 36
8 37
8 38
8 41
8 43
8 45
8 47
8 50
8 52
8 54
8 59
8 60
8 61
8 62
8 63
8 65
8 66
8 67
8 69
8 70
8 71
8 73
8 75
8 76
8 77
8 78
8 80
8 83
8 84
8 86
8 92
8 95
8 96
8 97
9 10
9 12
9 15
9 16
9 18
9 19
9 22
9 24
9 27
9 28
9 29
9 30
9 31
9 32
9 34
9 36
9 37
9 39
9 40
9 43
9 44
9 45
9 46
9 47
9 52
9 53
9 56
9 57
9 62
9 63
9 64
9 65
9 66
9 67
9 68
9 71
9 72
9 74
9 78
9 80
9 81
9 83
9 88
9 89
9 90
9 95
10 14
10 17
10 18
10 19
10 20
10 21
10 24
10 26
10 27
10 32
10 33
10 39
10 41
10 42
10 43
10 45
10 46
10 47
10 48
10 51
10 52
10 53
10 59
10 60
10 61
10 62
10 63
10 64
10 65
10 66
10 67
10 69
10 72
10 73
10 74
10 75
10 77
10 79
10 81
10 84
10 85
10 87
10 90
10 91
10 92
10 93
10 94
10 95
10 97
11 12
11 13
11 16
11 19
11 21
11 23
11 24
11 26
11 27
11 29
11 30
11 32
11 33
11 34
11 35
11 37
11 39
11 44
11 45
11 47
11 50
11 53
11 57
11 58
11 60
11 61
11 64
11 66
11 68
11 72
11 73
11 74
11 76
11 79
11 81
11 85
11 90
11 94
11 96
11 97
11 99
12 13
12 17
12 20
12 23
12 25
12 29
12 31
12 34
12 35
12 36
12 37
12 38
12 42
12 43
12 44
12 45
12 46
12 47
12 49
12 52
12 53
12 56
12 57
12 59
12 61
12 64
12 65
12 66
12 67
12 68
12 72
12 76
12 77
12 82
12 83
12 84
12 87
12 88
12 89
12 99
13 15
13 17
13 18
13 19
13 20
13 21
13 24
13 25
13 29
13 30
13 33
13 35
13 37
13 39
13 40
13 41
13 43
13 44
13 48
13 49
13 58
13 59
13 60
13 61
13 62
13 63
13 64
13 67
13 68
13 69
13 77
13 78
13 79
13 83
13 86
13 90
13 93
13 98
13 99
14 16
14 17
14 21
14 22
14 24
14 32
14 38
14 41
14 43
14 46
14 47
14 49
14 50
14 53
14 58
14 59
14 60
14 62
14 64
14 67
14 69
14 70
14 71
14 72
14 75
14 76
14 78
14 79
14 81
14 82
14 83
14 85
14 89
14 90
14 91
14 92
14 96
14 97
15 16
15 18
15 19
15 21
15 23
15 26
15 27
15 28
15 29
15 31
15 32
15 34
15 35
15 38
15 44
15 46
15 48
15 49
15 51
15 52
15 55
15 56
15 61
15 64
15 65
15 66
15 67
15 68
15 69
15 70
15 73
15 74
15 77
15 79
15 81
15 88
15 90
15 91
15 94
15 95
16 17
16 18
16 19
16 23
16 25
16 27
16 29
16 30
16 31
16 32
16 33
16 34
16 35
16 37
16 41
16 42
16 43
16 46
16 47
16 49
16 50
16 53
16 54
16 56
16 57
16 58
16 61
16 62
16 63
16 66
16 69
16 71
16 74
16 76
16 79
16 81
16 82
16 83
16 85
16 89
16 90
16 91
16 92
16 93
16 94
16 97
17 18
17 21
17 22
17 23
17 25
17 27
17 28
17 29
17 34
17 35
17 36
17 37
17 38
17 39
17 40
17 41
17 43
17 44
17 47
17 51
17 52
17 53
17 54
17 57
17 58
17 59
17 60
17 62
17 63
17 64
17 68
17 69
17 72
17 73
17 75
17 76
17 77
17 78
17 82
17 83
17 85
17 92
17 95
17 96
17 97
17 98
17 99
18 21
18 22
18 23
18 26
18 29
18 30
18 31
18 36
18 37
18 39
18 45
18 48
18 49
18 52
18 55
18 56
18 57
18 58
18 63
18 64
18 65
18 68
18 71
18 74
18 75
18 76
18 77
18 80
18 82
18 88
18 89
18 90
18 92
18 95
18 99
19 21
19 22
19 25
19 26
19 27
19 28
19 30
19 37
19 38
19 40
19 41
19 42
19 43
19 45
19 46
19 49
19 50
19 56
19 58
19 62
19 63
19 64
19 67
19 73
19 74
19 77
19 78
19 82
19 83
19 90
19 92
19 94
19 95
19 96
19 97
19 98
20 22
20 25
20 29
20 32
20 33
20 35
20 37
20 39
20 40
20 42
20 45
20 47
20 48
20 50
20 59
20 63
20 64
20 65
20 66
20 68
20 70
20 71
20 72
20 73
20 74
20 75
20 76
20 80
20 81
20 82
20 87
20 89
20 90
20 92
20 93
20 94
20 95
20 99
21 25
21 28
21 29
21 30
21 32
21 36
21 41
21 45
21 46
21 48
21 49
21 50
21 52
21 53
21 57
21 62
21 63
21 64
21 67
21 70
21 71
21 75
21 77
21 79
21 80
21 85
21 86
21 87
21 88
21 90
21 92
21 93
21 96
21 97
21 98
21 99
22 26
22 28
22 30
22 31
22 32
22 33
22 35
22 39
22 43
22 44
22 45
22 48
22 49
22 50
22 54
22 55
22 56
22 57
22 60
22 61
22 62
22 63
22 66
22 67
22 69
22 74
22 75
22 77
22 82
22 85
22 86
22 92
22 93
22 94
22 95
22 96
22 98
22 99
23 26
23 27
23 28
23 29
23 32
23 33
23 34
23 37
23 39
23 40
23 44
23 48
23 51
23 53
23 54
23 56
23 59
23 64
23 68
23 69
23 71
23 73
23 75
23 76
23 77
23 78
23 79
23 82
23 84
23 88
23 89
23 90
23 91
23 92
23 93
23 94
23 95
23 96
23 97
24 25
24 28
24 29
24 30
24 36
24 37
24 38
24 39
24 40
24 42
24 44
24 45
24 46
24 47
24 48
24 49
24 50
24 52
24 54
24 55
24 57
24 58
24 64
24 65
24 69
24 70
24 71
24 72
24 73
24 74
24 76
24 77
24 78
24 79
24 80
24 83
24 84
24 86
24 88
24 89
24 91
24 92
24 98
25 28
25 29
25 32
25 33
25 34
25 35
25 36
25 39
25 41
25 45
25 46
25 49
25 51
25 52
25 53
25 55
25 56
25 58
25 60
25 61
25 65
25 69
25 70
25 75
25 78
25 80
25 81
25 82
25 84
25 86
25 87
25 88
25 89
25 90
25 95
25 97
26 29
26 31
26 32
26 33
26 39
26 40
26 41
26 43
26 44
26 46
26 47
26 49
26 50
26 52
26 53
26 54
26 55
26 56
26 57
26 58
26 62
26 63
26 64
26 65
26 66
26 67
26 68
26 69
26 71
26 73
26 75
26 76
26 82
26 83
26 85
26 88
26 93
26 94
26 96
27 28
27 32
27 34
27 36
27 37
27 40
27 42
27 48
27 49
27 50
27 51
27 53
27 55
27 58
27 59
27 61
27 62
27 63
27 65
27 67
27 69
27 70
27 72
27 74
27 77
27 79
27 83
27 87
27 89
27 91
27 92
27 94
27 96
27 97
28 29
28 33
28 35
28 37
28 38
28 41
28 44
28 45
28 52
28 56
28 57
28 59
28 60
28 64
28 65
28 67
28 69
28 70
28 72
28 74
28 76
28 78
28 79
28 80
28 81
28 82
28 84
28 85
28 86
28 87
28 88
28 89
28 91
28 94
28 97
28 98
28 99
29 30
29 32
29 34
29 35
29 37
29 38
29 39
29 42
29 44
29 46
29 50
29 51
29 52
29 53
29 54
29 55
29 59
29 61
29 62
29 63
29 64
29 65
29 66
29 68
29 70
29 74
29 76
29 77
29 78
29 81
29 82
29 83
29 84
29 87
29 89
29 92
29 94
29 98
29 99
30 38
30 39
30 41
30 42
30 43
30 49
30 52
30 54
30 56
30 57
30 58
30 59
30 61
30 62
30 65
30 67
30 69
30 71
30 77
30 80
30 82
30 83
30 85
30 86
30 87
30 89
30 90
30 94
31 32
31 33
31 34
31 36
31 37
31 38
31 39
31 42
31 44
31 46
31 47
31 50
31 57
31 58
31 59
31 60
31 61
31 63
31 64
31 65
31 71
31 73
31 77
31 78
31 79
31 81
31 82
31 85
31 86
31 88
31 89
31 93
31 94
31 96
31 98
31 99
32 33
32 36
32 37
32 38
32 41
32 42
32 44
32 45
32 46
32 48
32 49
32 51
32 54
32 55
32 62
32 65
32 67
32 68
32 70
32 71
32 73
32 74
32 76
32 78
32 79
32 81
32 82
32 83
32 86
32 87
32 94
32 95
32 96
32 97
33 35
33 36
33 37
33 39
33 40
33 41
33 44
33 45
33 49
33 51
33 53
33 56
33 57
33 58
33 59
33 60
33 61
33 62
33 63
33 70
33 75
33 76
33 78
33 81
33 82
33 83
33 84
33 87
33 88
33 93
33 94
33 96
33 97
33 98
33 99
34 35
34 38
34 39
34 40
34 42
34 43
34 46
34 47
34 50
34 53
34 55
34 56
34 57
34 58
34 60
34 62
34 63
34 67
34 70
34 72
34 73
34 74
34 75
34 76
34 80
34 81
34 84
34 86
34 88
34 89
34 91
34 94
34 98
35 37
35 38
35 45
35 47
35 49
35 50
35 51
35 52
35 54
35 56
35 57
35 58
35 61
35 64
35 65
35 66
35 67
35 70
35 71
35 73
35 75
35 77
35 78
35 79
35 80
35 82
35 86
35 90
35 95
35 96
36 37
36 39
36 40
36 42
36 43
36 44
36 46
36 48
36 49
36 51
36 52
36 53
36 54
36 56
36 57
36 59
36 60
36 61
36 62
36 63
36 64
36 68
36 69
36 70
36 71
36 73
36 74
36 77
36 84
36 86
36 89
36 92
36 93
36 95
36 96
36 97
36 98
37 38
37 39
37 40
37 46
37 49
37 54
37 56
37 58
37 59
37 61
37 64
37 66
37 69
37 70
37 71
37 78
37 79
37 81
37 82
37 84
37 85
37 86
37 88
37 90
37 91
37 92
37 95
37 96
37 98
38 41
38 42
38 43
38 44
38 45
38 47
38 48
38 49
38 50
38 51
38 53
38 56
38 58
38 59
38 62
38 64
38 65
38 74
38 78
38 82
38 83
38 84
38 87
38 88
38 90
38 93
38 94
38 98
38 99
39 40
39 41
39 45
39 46
39 48
39 52
39 56
39 59
39 61
39 62
39 63
39 64
39 68
39 69
39 72
39 73
39 76
39 78
39 80
39 83
39 85
39 86
39 87
39 88
39 89
39 90
39 92
39 93
39 95
39 96
39 97
40 41
40 42
40 43
40 50
40 53
40 56
40 58
40 59
40 61
40 67
40 68
40 73
40 74
40 76
40 78
40 84
40 87
40 89
40 90
40 95
40 99
41 43
41 44
41 46
41 47
41 48
41 49
41 51
41 52
41 54
41 56
41 57
41 59
41 60
41 61
41 62
41 64
41 66
41 68
41 69
41 71
41 74
41 75
41 79
41 82
41 83
41 85
41 86
41 91
41 94
41 96
41 97
41 98
41 99
42 43
42 45
42 46
42 49
42 50
42 51
42 53
42 55
42 57
42 58
42 59
42 60
42 63
42 65
42 68
42 69
42 71
42 73
42 74
42 78
42 79
42 80
42 81
42 82
42 83
42 84
42 86
42 87
42 89
42 92
42 93
42 95
42 97
42 98
43 44
43 45
43 49
43 50
43 52
43 53
43 54
43 57
43 58
43 76
43 78
43 79
43 80
43 81
43 82
43 83
43 84
43 87
43 88
43 91
43 93
43 94
43 96
43 99
44 45
44 46
44 48
44 51
44 52
44 53
44 54
44 55
44 58
44 61
44 62
44 64
44 65
44 68
44 69
44 70
44 72
44 73
44 77
44 82
44 83
44 87
44 88
44 93
44 94
44 95
45 46
45 47
45 49
45 50
45 53
45 55
45 60
45 61
45 62
45 63
45 64
45 65
45 66
45 68
45 69
45 71
45 72
45 75
45 76
45 77
45 81
45 82
45 85
45 87
45 89
45 90
45 92
45 94
45 95
45 96
45 97
46 48
46 49
46 50
46 53
46 56
46 59
46 61
46 63
46 65
46 67
46 71
46 72
46 77
46 79
46 81
46 82
46 84
46 85
46 86
46 87
46 89
46 90
46 91
46 93
46 95
46 99
47 48
47 50
47 51
47 52
47 54
47 56
47 57
47 59
47 60
47 62
47 65
47 66
47 68
47 69
47 70
47 71
47 73
47 74
47 75
47 78
47 79
47 80
47 82
47 83
47 85
47 86
47 87
47 88
47 91
47 92
47 94
47 95
48 50
48 51
48 52
48 54
48 56
48 59
48 60
48 62
48 65
48 66
48 67
48 68
48 70
48 71
48 72
48 73
48 75
48 79
48 82
48 83
48 85
48 86
48 87
48 90
48 92
48 93
48 95
48 96
48 97
48 98
48 99
49 50
49 54
49 56
49 57
49 62
49 63
49 71
49 72
49 73
49 76
49 79
49 80
49 82
49 86
49 91
49 92
49 93
49 95
49 96
49 99
50 51
50 52
50 55
50 57
50 59
50 60
50 61
50 64
50 65
50 66
50 68
50 74
50 76
50 79
50 80
50 83
50 84
50 87
50 88
50 90
50 91
50 92
50 94
50 96
50 97
50 99
51 52
51 53
51 55
51 56
51 58
51 59
51 61
51 62
51 64
51 67
51 68
51 73
51 74
51 75
51 76
51 77
51 78
51 81
51 82
51 84
51 85
51 87
51 88
51 89
51 90
51 91
51 92
51 93
51 98
51 99
52 53
52 55
52 56
52 57
52 60
52 61
52 63
52 66
52 68
52 70
52 71
52 74
52 76
52 80
52 82
52 83
52 84
52 85
52 86
52 89
52 90
52 92
52 95
52 96
53 54
53 56
53 60
53 61
53 62
53 63
53 64
53 65
53 68
53 69
53 71
53 72
53 74
53 76
53 77
53 80
53 82
53 84
53 85
53 87
53 90
53 91
53 95
53 96
53 99
54 57
54 60
54 63
54 64
54 65
54 69
54 70
54 74
54 78
54 81
54 82
54 85
54 88
54 89
54 90
54 92
54 93
54 94
54 95
54 96
54 97
54 98
54 99
55 57
55 58
55 59
55 62
55 64
55 67
55 68
55 71
55 77
55 86
55 87
55 88
55 92
55 96
55 97
55 98
55 99
56 60
56 65
56 67
56 69
56 71
56 75
56 76
56 77
56 80
56 83
56 85
56 86
56 88
56 89
56 92
56 95
56 96
56 97
56 98
57 58
57 60
57 63
57 64
57 65
57 66
57 67
57 68
57 69
57 70
57 71
57 72
57 73
57 76
57 77
57 80
57 81
57 84
57 85
57 87
57 89
57 90
57 93
57 94
58 59
58 60
58 61
58 62
58 63
58 66
58 67
58 68
58 70
58 71
58 72
58 75
58 77
58 79
58 80
58 83
58 85
58 88
58 89
58 90
58 91
58 92
58 93
58 94
58 95
58 96
58 97
58 98
58 99
59 61
59 62
59 63
59 65
59 70
59 72
59 73
59 75
59 76
59 85
59 87
59 89
59 91
59 92
59 94
59 96
59 98
60 61
60 63
60 64
60 65
60 66
60 67
60 69
60 70
60 71
60 72
60 74
60 75
60 76
60 77
60 80
60 82
60 86
60 87
60 90
60 91
60 93
60 96
60 97
60 98
60 99
61 67
61 68
61 70
61 74
61 75
61 77
61 78
61 79
61 80
61 83
61 84
61 85
61 86
61 88
61 90
61 92
61 94
61 95
61 96
61 99
62 63
62 64
62 65
62 66
62 67
62 70
62 74
62 75
62 76
62 77
62 78
62 79
62 80
62 81
62 84
62 85
62 86
62 87
62 88
62 92
62 94
62 97
62 98
62 99
63 64
63 66
63 69
63 72
63 73
63 74
63 76
63 77
63 78
63 79
63 80
63 85
63 87
63 88
63 89
63 90
63 92
63 93
63 96
63 97
63 98
63 99
64 66
64 67
64 68
64 70
64 71
64 77
64 80
64 86
64 88
64 90
64 91
64 92
64 93
64 95
64 98
65 67
65 68
65 73
65 74
65 75
65 76
65 78
65 80
65 82
65 84
65 86
65 88
65 90
65 91
65 93
65 94
65 95
65 96
65 99
66 67
66 68
66 70
66 71
66 74
66 79
66 81
66 83
66 84
66 85
66 87
66 89
66 94
66 96
66 98
67 68
67 71
67 74
67 76
67 77
67 78
67 79
67 82
67 83
67 85
67 87
67 89
67 91
67 92
67 97
68 69
68 70
68 73
68 74
68 75
68 80
68 81
68 82
68 86
68 93
68 95
68 97
69 71
69 76
69 78
69 79
69 80
69 84
69 85
69 86
69 87
69 89
69 92
69 93
70 71
70 76
70 77
70 80
70 81
70 82
70 87
70 93
70 94
70 96
71 72
71 76
71 77
71 78
71 80
71 83
71 85
71 87
71 88
71 90
71 91
71 94
71 95
71 96
71 97
72 73
72 75
72 78
72 79
72 80
72 81
72 86
72 87
72 94
72 95
72 99
73 74
73 75
73 76
73 80
73 81
73 82
73 84
73 85
73 86
73 87
73 88
73 90
73 91
73 92
73 93
73 94
73 95
73 96
73 99
74 75
74 76
74 78
74 79
74 80
74 81
74 83
74 84
74 86
74 90
74 92
74 94
74 95
74 96
74 99
75 76
75 79
75 84
75 85
75 86
75 89
75 91
75 97
75 99
76 77
76 78
76 79
76 80
76 85
76 88
76 89
76 90
76 91
76 93
76 94
76 95
76 98
77 80
77 85
77 87
77 88
77 89
77 91
77 92
77 93
78 79
78 80
78 81
78 84
78 87
78 88
78 89
78 91
78 93
78 95
78 96
79 81
79 82
79 85
79 86
79 89
79 92
79 93
79 95
79 99
80 83
80 85
80 86
80 90
80 91
80 94
80 96
81 82
81 85
81 86
81 90
81 92
81 97
82 86
82 88
82 89
82 91
82 92
82 93
82 94
82 96
82 98
82 99
83 86
83 89
83 90
83 91
83 93
83 95
83 96
83 97
83 98
83 99
84 85
84 86
84 87
84 89
84 95
84 97
84 98
85 87
85 91
85 92
85 96
85 97
85 99
86 87
86 89
86 91
86 92
86 95
86 97
87 88
87 93
87 94
87 95
87 96
87 97
87 98
87 99
88 90
88 92
88 93
88 95
88 97
88 98
89 93
89 97
89 98
89 99
90 92
90 93
90 94
90 98
90 99
91 94
91 95
91 96
92 95
92 96
92 97
93 95
93 96
93 97
93 99
94 95
94 97
95 96
95 98
97 99
98 99
