0 2
0 4
0 5
0 6
0 7
0 8
0 9
0 11
0 14
0 16
0 18
0 19
0 20
0 23
0 24
0 29
0 30
0 34
0 36
0 37
0 38
0 39
0 42
0 44
0 50
0 51
0 52
0 57
0 58
0 59
0 60
0 63
0 64
0 65
0 69
0 71
0 72
0 73
0 79
0 80
0 81
0 82
0 83
0 85
0 86
0 87
0 90
0 92
0 94
0 97
1 2
1 3
1 4
1 6
1 8
1 9
1 10
1 15
1 16
1 17
1 19
1 21
1 22
1 23
1 27
1 29
1 30
1 31
1 34
1 35
1 36
1 39
1 42
1 46
1 49
1 52
1 53
1 55
1 56
1 57
1 60
1 63
1 65
1 66
1 67
1 70
1 71
1 72
1 75
1 76
1 79
1 80
1 85
1 86
1 91
1 92
1 93
1 95
1 99
2 3
2 4
2 5
2 6
2 7
2 8
2 9
2 10
2 11
2 12
2 13
2 14
2 15
2 16
2 21
2 22
2 23
2 24
2 25
2 27
2 30
2 31
2 34
2 35
2 39
2 40
2 41
2 42
2 43
2 44
2 45
2 46
2 47
2 49
2 52
2 53
2 54
2 57
2 59
2 62
2 64
2 65
2 66
2 67
2 68
2 69
2 70
2 71
2 73
2 74
2 87
2 92
2 93
2 94
2 96
2 97
2 98
3 6
3 7
3 10
3 12
3 14
3 17
3 20
3 22
3 23
3 24
3 26
3 27
3 28
3 29
3 30
3 33
3 36
3 37
3 38
3 39
3 43
3 46
3 49
3 52
3 53
3 54
3 55
3 57
3 59
3 60
3 61
3 62
3 63
3 64
3 66
3 68
3 71
3 73
3 76
3 81
3 82
3 85
3 87
3 88
3 89
3 92
3 96
3 98
3 99
4 5
4 6
4 7
4 8
4 9
4 14
4 15
4 18
4 19
4 21
4 25
4 27
4 30
4 31
4 33
4 34
4 36
4 37
4 39
4 41
4 42
4 43
4 48
4 49
4 51
4 52
4 53
4 58
4 64
4 65
4 66
4 67
4 71
4 73
4 74
4 79
4 80
4 82
4 83
4 86
4 87
4 89
4 90
4 91
4 93
4 94
4 96
4 97
4 98
5 8
5 10
5 12
5 18
5 20
5 21
5 22
5 23
5 24
5 26
5 29
5 31
5 33
5 36
5 38
5 42
5 45
5 49
5 52
5 53
5 57
5 58
5 60
5 61
5 63
5 64
5 67
5 69
5 71
5 77
5 82
5 83
5 86
5 87
5 90
5 91
5 93
5 94
5 95
5 96
5 98
5 99
6 7
6 8
6 9
6 10
6 12
6 14
6 15
6 16
6 18
6 19
6 20
6 22
6 23
6 26
6 29
6 33
6 35
6 36
6 38
6 39
6 40
6 43
6 44
6 45
6 46
6 47
6 50
6 52
6 53
6 54
6 55
6 56
6 60
6 63
6 64
6 65
6 68
6 69
6 71
6 74
6 77
6 78
6 83
6 84
6 85
6 89
6 90
6 93
6 94
6 95
7 9
7 11
7 14
7 17
7 20
7 21
7 24
7 27
7 29
7 32
7 33
7 36
7 37
7 39
7 40
7 41
7 42
7 43
7 45
7 50
7 54
7 56
7 57
7 58
7 59
7 63
7 66
7 68
7 69
7 70
7 71
7 73
7 78
7 79
7 80
7 82
7 83
7 85
7 86
7 91
7 93
7 94
7 99
8 9
8 10
8 11
8 12
8 13
8 14
8 15
8 16
8 18
8 20
8 23
8 24
8 25
8 32
8 33
8 34
8 35
8 39
8 40
8 42
8 44
8 46
8 47
8 48
8 50
8 52
8 56
8 59
8 61
8 63
8 65
8 69
8 70
8 71
8 74
8 77
8 79
8 81
8 83
8 84
8 87
8 89
8 91
8 93
9 10
9 15
9 16
9 18
9 19
9 20
9 23
9 24
9 27
9 28
9 29
9 30
9 31
9 35
9 42
9 43
9 44
9 45
9 46
9 47
9 48
9 49
9 52
9 53
9 54
9 57
9 59
9 61
9 62
9 66
9 67
9 69
9 72
9 76
9 77
9 78
9 81
9 83
9 84
9 88
9 89
9 91
9 92
9 93
9 98
9 99
10 11
10 13
10 14
10 17
10 18
10 22
10 24
10 26
10 28
10 30
10 32
10 35
10 37
10 38
10 40
10 41
10 49
10 50
10 52
10 53
10 54
10 56
10 58
10 59
10 61
10 63
10 65
10 67
10 68
10 75
10 77
10 80
10 81
10 82
10 83
10 85
10 86
10 87
10 88
10 90
10 91
10 92
10 94
10 95
10 97
10 98
10 99
11 14
11 24
11 25
11 27
11 29
11 31
11 33
11 35
11 38
11 41
11 42
11 43
11 46
11 52
11 57
11 60
11 63
11 64
11 65
11 66
11 68
11 69
11 71
11 73
11 75
11 76
11 82
11 83
11 84
11 85
11 86
11 89
11 90
11 92
11 93
11 95
11 97
11 98
11 99
12 13
12 15
12 16
12 17
12 18
12 19
12 20
12 21
12 22
12 24
12 29
12 30
12 33
12 34
12 35
12 36
12 38
12 39
12 40
12 42
12 43
12 45
12 46
12 50
12 52
12 53
12 54
12 55
12 57
12 58
12 60
12 61
12 62
12 63
12 64
12 65
12 68
12 69
12 72
12 74
12 75
12 76
12 79
12 80
12 82
12 83
12 84
12 89
12 92
12 97
12 99
13 15
13 17
13 20
13 24
13 26
13 28
13 30
13 32
13 36
13 38
13 44
13 45
13 47
13 50
13 52
13 53
13 57
13 61
13 62
13 64
13 68
13 71
13 74
13 79
13 82
13 83
13 84
13 85
13 86
13 87
13 88
13 89
13 93
13 97
13 99
14 15
14 16
14 17
14 19
14 22
14 23
14 24
14 26
14 27
14 28
14 29
14 32
14 33
14 36
14 41
14 43
14 44
14 45
14 48
14 49
14 51
14 53
14 57
14 59
14 60
14 63
14 69
14 70
14 71
14 72
14 73
14 74
14 78
14 81
14 83
14 84
14 86
14 87
14 89
14 90
14 91
14 94
14 95
14 97
14 98
14 99
15 17
15 18
15 21
15 22
15 26
15 29
15 30
15 31
15 32
15 35
15 37
15 38
15 39
15 40
15 46
15 47
15 48
15 49
15 50
15 52
15 53
15 54
15 55
15 57
15 58
15 59
15 64
15 66
15 67
15 68
15 69
15 71
15 73
15 75
15 77
15 80
15 82
15 83
15 87
15 88
15 92
15 95
15 97
15 98
15 99
16 17
16 20
16 21
16 23
16 25
16 26
16 29
16 30
16 34
16 37
16 39
16 40
16 41
16 42
16 45
16 48
16 51
16 52
16 53
16 54
16 56
16 60
16 61
16 63
16 64
16 65
16 67
16 70
16 71
16 72
16 75
16 78
16 82
16 84
16 86
16 87
16 88
16 90
16 94
16 95
16 97
16 98
17 18
17 21
17 22
17 23
17 25
17 29
17 31
17 35
17 36
17 37
17 44
17 45
17 47
17 49
17 50
17 51
17 53
17 54
17 55
17 56
17 57
17 58
17 59
17 62
17 68
17 69
17 74
17 79
17 82
17 85
17 87
17 88
17 89
17 91
17 92
17 93
17 94
17 96
17 97
17 98
17 99
18 19
18 20
18 21
18 28
18 30
18 31
18 33
18 34
18 36
18 37
18 38
18 39
18 41
18 42
18 46
18 48
18 50
18 51
18 52
18 53
18 54
18 55
18 57
18 58
18 59
18 60
18 61
18 62
18 67
18 68
18 70
18 72
18 73
18 74
18 76
18 78
18 83
18 84
18 86
18 91
18 92
18 95
18 98
19 20
19 22
19 23
19 24
19 25
19 31
19 32
19 36
19 37
19 39
19 41
19 43
19 45
19 46
19 52
19 53
19 57
19 59
19 62
19 63
19 64
19 65
19 66
19 70
19 71
19 72
19 73
19 76
19 78
19 79
19 80
19 84
19 87
19 88
19 90
19 91
19 97
19 98
19 99
20 21
20 23
20 24
20 27
20 28
20 29
20 30
20 31
20 32
20 33
20 34
20 35
20 36
20 37
20 39
20 40
20 41
20 43
20 46
20 47
20 48
20 49
20 50
20 51
20 53
20 56
20 57
20 60
20 63
20 67
20 68
20 70
20 73
20 74
20 78
20 79
20 81
20 83
20 84
20 86
20 87
20 89
20 92
20 93
20 94
20 95
20 96
20 97
20 98
21 23
21 26
21 31
21 33
21 36
21 37
21 41
21 42
21 47
21 49
21 50
21 52
21 57
21 59
21 60
21 61
21 66
21 67
21 68
21 71
21 74
21 76
21 77
21 79
21 83
21 89
21 91
21 92
21 93
21 96
21 97
21 98
22 24
22 29
22 30
22 31
22 35
22 39
22 41
22 46
22 49
22 57
22 60
22 61
22 62
22 63
22 66
22 68
22 69
22 73
22 74
22 75
22 76
22 77
22 80
22 82
22 83
22 84
22 87
22 88
22 89
22 90
22 96
22 97
23 24
23 26
23 27
23 29
23 31
23 33
23 34
23 35
23 36
23 39
23 43
23 44
23 45
23 49
23 51
23 53
23 56
23 57
23 59
23 60
23 63
23 69
23 71
23 75
23 78
23 79
23 80
23 82
23 84
23 88
23 90
23 91
23 92
23 96
23 97
23 98
23 99
24 26
24 27
24 28
24 29
24 31
24 32
24 33
24 36
24 38
24 39
24 40
24 41
24 43
24 44
24 45
24 46
24 48
24 49
24 51
24 52
24 53
24 57
24 58
24 61
24 63
24 66
24 67
24 68
24 73
24 74
24 79
24 81
24 82
24 84
24 85
24 86
24 89
24 90
24 93
24 94
24 95
24 97
24 99
25 27
25 30
25 32
25 33
25 37
25 41
25 43
25 48
25 50
25 51
25 52
25 54
25 56
25 58
25 63
25 64
25 65
25 66
25 67
25 68
25 69
25 73
25 81
25 85
25 86
25 88
25 91
25 93
25 94
25 97
26 27
26 30
26 31
26 32
26 34
26 35
26 45
26 47
26 50
26 51
26 52
26 55
26 56
26 58
26 61
26 63
26 66
26 70
26 71
26 72
26 73
26 74
26 76
26 77
26 78
26 79
26 81
26 82
26 83
26 85
26 88
26 90
26 96
26 97
26 98
27 30
27 32
27 33
27 40
27 41
27 42
27 43
27 45
27 47
27 48
27 51
27 52
27 54
27 55
27 57
27 59
27 60
27 61
27 62
27 66
27 67
27 69
27 70
27 71
27 73
27 74
27 78
27 80
27 81
27 83
27 84
27 86
27 87
27 95
27 96
28 32
28 34
28 35
28 36
28 37
28 38
28 41
28 43
28 45
28 46
28 47
28 48
28 49
28 52
28 55
28 59
28 60
28 61
28 64
28 66
28 67
28 69
28 70
28 72
28 74
28 75
28 76
28 83
28 87
28 89
28 93
28 95
28 97
29 30
29 31
29 32
29 33
29 34
29 35
29 40
29 41
29 42
29 45
29 46
29 47
29 49
29 50
29 51
29 52
29 54
29 58
29 60
29 64
29 67
29 68
29 69
29 70
29 72
29 73
29 74
29 76
29 77
29 80
29 81
29 82
29 85
29 87
29 89
29 90
29 95
29 96
29 99
30 31
30 32
30 36
30 40
30 44
30 46
30 48
30 52
30 58
30 63
30 66
30 68
30 70
30 74
30 76
30 77
30 79
30 83
30 84
30 87
30 89
30 90
30 91
30 92
30 94
30 95
30 99
31 35
31 36
31 37
31 38
31 41
31 42
31 43
31 44
31 48
31 53
31 54
31 56
31 57
31 58
31 59
31 60
31 61
31 64
31 66
31 67
31 69
31 70
31 71
31 73
31 77
31 78
31 82
31 84
31 85
31 86
31 89
31 90
31 93
31 94
31 96
31 97
31 98
31 99
32 33
32 34
32 36
32 37
32 39
32 42
32 47
32 49
32 51
32 53
32 54
32 56
32 60
32 61
32 62
32 63
32 65
32 66
32 67
32 68
32 73
32 76
32 77
32 78
32 80
32 81
32 88
32 90
32 91
32 93
32 94
32 95
33 35
33 38
33 41
33 42
33 43
33 45
33 46
33 47
33 48
33 49
33 51
33 52
33 53
33 58
33 59
33 60
33 61
33 62
33 63
33 66
33 71
33 73
33 74
33 75
33 78
33 81
33 82
33 83
33 84
33 85
33 88
33 90
33 95
33 99
34 37
34 42
34 50
34 51
34 52
34 54
34 55
34 56
34 57
34 58
34 60
34 61
34 63
34 65
34 66
34 67
34 69
34 70
34 72
34 75
34 77
34 80
34 81
34 84
34 85
34 86
34 90
34 91
34 93
34 96
34 97
34 99
35 36
35 37
35 40
35 41
35 44
35 46
35 49
35 52
35 53
35 54
35 63
35 64
35 65
35 66
35 67
35 68
35 71
35 72
35 74
35 75
35 76
35 77
35 80
35 84
35 85
35 90
35 91
35 94
35 96
35 98
36 37
36 40
36 41
36 43
36 49
36 52
36 53
36 54
36 55
36 56
36 57
36 59
36 60
36 61
36 62
36 63
36 64
36 65
36 66
36 70
36 72
36 73
36 75
36 77
36 78
36 80
36 81
36 83
36 84
36 85
36 86
36 89
36 90
36 91
36 93
36 94
36 95
36 96
36 97
36 98
36 99
37 38
37 41
37 42
37 43
37 44
37 45
37 48
37 51
37 52
37 53
37 54
37 55
37 57
37 58
37 59
37 61
37 64
37 65
37 69
37 70
37 73
37 74
37 76
37 77
37 81
37 82
37 84
37 85
37 87
37 89
37 95
38 39
38 41
38 44
38 45
38 49
38 52
38 53
38 64
38 72
38 73
38 74
38 75
38 77
38 80
38 84
38 86
38 90
38 91
38 92
38 95
38 96
38 98
39 41
39 45
39 46
39 47
39 48
39 49
39 51
39 52
39 53
39 54
39 55
39 58
39 59
39 60
39 62
39 64
39 70
39 71
39 72
39 73
39 75
39 77
39 86
39 88
39 89
39 90
39 93
39 95
39 96
39 98
40 41
40 43
40 48
40 52
40 54
40 55
40 57
40 58
40 59
40 60
40 65
40 67
40 68
40 71
40 72
40 75
40 76
40 77
40 78
40 83
40 84
40 85
40 86
40 87
40 88
40 90
40 91
40 93
40 95
40 96
40 97
40 98
40 99
41 43
41 46
41 47
41 51
41 55
41 57
41 58
41 59
41 60
41 61
41 63
41 64
41 67
41 68
41 74
41 76
41 77
41 79
41 80
41 81
41 82
41 85
41 88
41 89
41 92
41 96
41 97
41 98
41 99
42 43
42 45
42 46
42 47
42 50
42 51
42 52
42 53
42 59
42 63
42 66
42 73
42 78
42 80
42 81
42 82
42 83
42 85
42 86
42 87
42 91
42 93
42 98
43 44
43 45
43 46
43 50
43 51
43 55
43 56
43 57
43 58
43 59
43 61
43 63
43 65
43 67
43 69
43 71
43 74
43 75
43 77
43 82
43 85
43 86
43 87
43 90
43 91
43 92
43 93
43 94
44 47
44 51
44 52
44 53
44 58
44 59
44 60
44 61
44 62
44 63
44 65
44 70
44 77
44 78
44 79
44 80
44 84
44 87
44 92
44 93
44 95
44 97
44 99
45 46
45 49
45 50
45 51
45 52
45 55
45 59
45 60
45 62
45 63
45 66
45 68
45 70
45 73
45 74
45 78
45 79
45 80
45 81
45 82
45 84
45 85
45 87
45 89
45 91
45 92
45 94
45 95
45 98
45 99
46 48
46 53
46 55
46 57
46 62
46 64
46 65
46 68
46 69
46 72
46 74
46 77
46 83
46 85
46 87
46 89
46 90
46 91
46 97
47 48
47 53
47 56
47 60
47 61
47 64
47 65
47 69
47 72
47 73
47 74
47 76
47 78
47 79
47 80
47 81
47 82
47 83
47 84
47 85
47 90
47 91
47 92
47 93
47 94
47 97
47 98
48 49
48 50
48 51
48 52
48 55
48 57
48 60
48 61
48 64
48 65
48 66
48 72
48 74
48 78
48 81
48 83
48 86
48 88
48 90
48 91
48 92
48 98
48 99
49 50
49 52
49 55
49 57
49 58
49 59
49 61
49 62
49 64
49 65
49 67
49 68
49 71
49 73
49 76
49 78
49 81
49 82
49 88
49 94
49 95
50 51
50 52
50 55
50 57
50 58
50 62
50 63
50 66
50 67
50 68
50 72
50 73
50 75
50 77
50 79
50 80
50 81
50 82
50 87
50 89
50 90
50 92
50 94
50 96
50 97
51 52
51 53
51 54
51 57
51 60
51 61
51 63
51 67
51 68
51 71
51 74
51 75
51 76
51 77
51 79
51 80
51 81
51 82
51 83
51 84
51 85
51 86
51 87
51 88
51 90
51 91
51 93
51 94
51 95
51 97
51 99
52 55
52 59
52 61
52 62
52 67
52 68
52 70
52 72
52 73
52 76
52 78
52 79
52 81
52 82
52 83
52 84
52 85
52 86
52 88
52 90
52 92
52 93
52 97
52 99
53 57
53 60
53 68
53 69
53 73
53 74
53 75
53 76
53 77
53 78
53 82
53 83
53 84
53 86
53 87
53 88
53 89
53 90
53 95
53 96
53 97
54 56
54 57
54 58
54 59
54 60
54 69
54 70
54 72
54 76
54 77
54 80
54 82
54 83
54 84
54 87
54 88
54 91
54 93
54 95
54 97
55 56
55 58
55 59
55 62
55 63
55 64
55 66
55 67
55 68
55 69
55 70
55 73
55 76
55 78
55 79
55 80
55 81
55 83
55 85
55 87
55 90
55 92
55 93
55 95
55 96
55 98
55 99
56 59
56 60
56 62
56 68
56 71
56 72
56 74
56 75
56 78
56 82
56 83
56 85
56 89
56 96
56 98
57 63
57 65
57 66
57 68
57 69
57 73
57 75
57 77
57 78
57 79
57 81
57 82
57 83
57 84
57 86
57 90
57 94
57 96
57 97
57 99
58 59
58 61
58 62
58 68
58 75
58 77
58 78
58 81
58 82
58 84
58 85
58 86
58 88
58 89
58 90
58 95
58 96
58 97
58 98
58 99
59 61
59 62
59 66
59 69
59 70
59 72
59 75
59 76
59 77
59 78
59 80
59 81
59 83
59 84
59 86
59 87
59 90
59 91
59 93
59 95
59 97
60 61
60 63
60 64
60 67
60 69
60 73
60 74
60 76
60 78
60 79
60 82
60 87
60 89
60 94
60 99
61 63
61 68
61 69
61 70
61 73
61 74
61 77
61 79
61 80
61 81
61 86
61 87
61 88
61 89
61 93
61 94
61 95
62 63
62 64
62 65
62 67
62 68
62 69
62 70
62 75
62 76
62 80
62 82
62 83
62 89
62 90
62 92
62 93
62 95
62 97
62 98
62 99
63 66
63 67
63 68
63 71
63 73
63 75
63 76
63 77
63 78
63 81
63 85
63 88
63 89
63 90
63 91
63 93
63 94
63 97
64 65
64 66
64 67
64 68
64 69
64 70
64 73
64 75
64 76
64 78
64 79
64 80
64 81
64 82
64 85
64 88
64 89
64 90
64 94
64 95
64 98
64 99
65 72
65 73
65 78
65 79
65 82
65 85
65 90
65 91
65 92
65 95
65 96
66 67
66 68
66 69
66 70
66 71
66 72
66 74
66 77
66 78
66 80
66 81
66 84
66 86
66 87
66 88
66 90
66 91
66 93
66 95
66 99
67 70
67 71
67 72
67 73
67 74
67 75
67 76
67 77
67 79
67 81
67 82
67 84
67 90
67 94
67 95
67 97
67 99
68 71
68 72
68 74
68 76
68 82
68 85
68 86
68 89
68 91
68 93
68 94
69 71
69 79
69 80
69 81
69 82
69 83
69 84
69 85
69 86
69 88
69 90
69 91
69 93
69 94
69 96
69 98
70 73
70 74
70 76
70 77
70 78
70 81
70 82
70 88
70 89
70 98
71 72
71 74
71 75
71 76
71 77
71 78
71 79
71 85
71 86
71 90
71 92
71 93
71 96
71 98
72 76
72 77
72 78
72 80
72 81
72 86
72 89
72 91
72 92
72 94
72 95
72 97
72 99
73 74
73 76
73 77
73 78
73 79
73 80
73 81
73 82
73 89
73 90
73 92
73 94
73 96
74 75
74 80
74 81
74 82
74 83
74 86
74 87
74 91
74 97
74 98
74 99
75 76
75 83
75 84
75 85
75 86
75 87
75 90
75 93
75 94
75 99
76 78
76 79
76 80
76 81
76 82
76 84
76 87
76 90
76 91
76 93
76 95
76 98
77 78
77 81
77 83
77 85
77 86
77 87
77 90
77 91
77 93
77 96
77 97
77 98
78 79
78 83
78 84
78 86
78 89
78 91
78 93
78 94
78 96
78 97
79 83
79 85
79 89
79 90
79 91
79 94
79 95
79 97
79 99
80 82
80 85
80 86
80 88
80 95
80 96
81 84
81 85
81 86
81 87
81 88
81 90
81 91
81 92
81 94
81 95
81 96
81 97
81 98
81 99
82 92
82 93
82 95
83 84
83 85
83 89
83 90
83 92
83 94
83 97
83 99
84 86
84 91
84 92
84 94
84 95
84 96
84 98
85 86
85 87
85 88
85 90
85 91
85 94
85 95
85 96
85 98
86 87
86 91
86 96
86 97
86 98
86 99
87 88
87 90
87 92
87 94
87 96
88 89
88 92
88 94
88 96
88 97
89 94
89 95
89 98
90 92
90 93
90 94
90 95
90 97
91 92
91 97
91 98
91 99
92 93
92 94
92 98
92 99
93 94
93 95
93 96
93 98
94 95
95 96
95 97
97 98
97 99
98 99
