0 2
0 3
0 6
0 7
0 8
0 10
0 11
0 13
0 14
0 16
0 18
0 19
0 23
0 27
0 28
0 30
0 34
0 39
0 42
0 47
0 48
0 49
0 50
0 51
0 53
0 54
0 55
0 56
0 57
0 58
0 59
0 60
0 61
0 62
0 63
0 64
0 65
0 66
0 68
0 70
0 71
0 72
0 73
0 74
0 75
0 82
0 84
0 85
0 87
0 90
0 91
0 92
0 93
0 95
0 96
1 3
1 5
1 7
1 8
1 9
1 10
1 11
1 13
1 20
1 21
1 23
1 24
1 27
1 30
1 32
1 36
1 37
1 39
1 40
1 42
1 44
1 46
1 47
1 48
1 49
1 50
1 51
1 52
1 53
1 57
1 58
1 60
1 61
1 64
1 65
1 67
1 68
1 69
1 70
1 71
1 72
1 76
1 77
1 78
1 79
1 80
1 81
1 82
1 83
1 84
1 86
1 87
1 89
1 93
1 95
1 99
2 4
2 6
2 8
2 11
2 14
2 16
2 20
2 21
2 22
2 23
2 27
2 28
2 30
2 33
2 36
2 37
2 38
2 40
2 41
2 42
2 43
2 46
2 53
2 55
2 57
2 58
2 59
2 60
2 63
2 64
2 65
2 66
2 68
2 69
2 70
2 72
2 73
2 75
2 76
2 77
2 78
2 79
2 80
2 82
2 83
2 85
2 87
2 91
2 92
2 93
2 94
3 4
3 6
3 8
3 12
3 13
3 16
3 17
3 18
3 19
3 20
3 23
3 26
3 27
3 29
3 31
3 33
3 34
3 35
3 43
3 46
3 49
3 50
3 51
3 53
3 56
3 57
3 58
3 60
3 61
3 65
3 67
3 73
3 74
3 75
3 76
3 77
3 79
3 81
3 82
3 83
3 85
3 86
3 88
3 89
3 90
3 91
3 99
4 5
4 7
4 8
4 10
4 12
4 15
4 17
4 19
4 22
4 23
4 24
4 26
4 27
4 28
4 29
4 32
4 39
4 40
4 41
4 42
4 45
4 49
4 50
4 51
4 52
4 53
4 54
4 55
4 57
4 59
4 61
4 62
4 64
4 66
4 69
4 70
4 71
4 72
4 75
4 76
4 79
4 80
4 81
4 83
4 84
4 90
4 93
4 94
4 95
5 9
5 10
5 11
5 12
5 15
5 18
5 19
5 20
5 22
5 24
5 26
5 30
5 31
5 34
5 35
5 39
5 41
5 44
5 49
5 52
5 54
5 56
5 58
5 59
5 60
5 61
5 62
5 63
5 65
5 66
5 67
5 70
5 75
5 79
5 83
5 84
5 85
5 86
5 97
5 99
6 10
6 11
6 12
6 15
6 18
6 19
6 20
6 21
6 22
6 23
6 24
6 25
6 26
6 28
6 30
6 31
6 34
6 38
6 39
6 40
6 41
6 42
6 43
6 44
6 47
6 48
6 49
6 50
6 53
6 54
6 55
6 57
6 58
6 61
6 62
6 64
6 65
6 66
6 67
6 69
6 70
6 71
6 72
6 75
6 76
6 77
6 78
6 80
6 81
6 86
6 87
6 88
6 89
6 91
6 92
6 94
6 95
6 97
7 8
7 12
7 13
7 14
7 15
7 16
7 18
7 19
7 21
7 23
7 24
7 28
7 29
7 33
7 34
7 37
7 38
7 40
7 41
7 42
7 43
7 45
7 46
7 48
7 50
7 51
7 54
7 55
7 56
7 61
7 65
7 66
7 67
7 68
7 70
7 71
7 72
7 74
7 77
7 79
7 80
7 81
7 82
7 84
7 87
7 90
7 91
7 98
7 99
8 9
8 10
8 14
8 17
8 19
8 21
8 26
8 28
8 33
8 34
8 36
8 37
8 42
8 45
8 47
8 51
8 55
8 59
8 61
8 62
8 64
8 65
8 69
8 72
8 76
8 77
8 79
8 81
8 83
8 85
8 88
8 90
8 92
8 94
8 96
8 99
9 15
9 17
9 18
9 20
9 22
9 24
9 29
9 30
9 33
9 34
9 35
9 37
9 39
9 41
9 42
9 43
9 44
9 45
9 46
9 47
9 49
9 50
9 53
9 54
9 56
9 57
9 58
9 59
9 60
9 61
9 62
9 63
9 64
9 65
9 68
9 71
9 72
9 73
9 74
9 75
9 76
9 77
9 78
9 79
9 81
9 82
9 83
9 84
9 87
9 91
9 92
9 94
9 97
9 99
10 13
10 15
10 16
10 17
10 18
10 22
10 24
10 25
10 26
10 31
10 32
10 34
10 36
10 37
10 39
10 40
10 41
10 43
10 44
10 45
10 46
10 48
10 49
10 53
10 55
10 58
10 62
10 63
10 64
10 65
10 70
10 75
10 76
10 77
10 79
10 82
10 84
10 85
10 86
10 87
10 89
10 90
10 91
10 92
10 93
10 97
10 99
11 12
11 13
11 17
11 18
11 19
11 21
11 22
11 25
11 26
11 27
11 28
11 29
11 30
11 32
11 33
11 37
11 42
11 46
11 48
11 50
11 51
11 54
11 56
11 58
11 59
11 60
11 61
11 62
11 65
11 66
11 68
11 74
11 76
11 77
11 81
11 84
11 85
11 86
11 87
11 89
11 90
11 91
11 92
11 93
11 94
11 95
11 96
12 15
12 16
12 19
12 20
12 22
12 25
12 26
12 27
12 33
12 35
12 38
12 39
12 41
12 45
12 46
12 47
12 48
12 49
12 51
12 53
12 54
12 58
12 59
12 60
12 61
12 63
12 64
12 66
12 80
12 83
12 89
12 91
12 93
12 96
12 97
13 15
13 18
13 20
13 21
13 22
13 25
13 29
13 30
13 32
13 33
13 34
13 36
13 37
13 38
13 39
13 43
13 44
13 46
13 48
13 49
13 50
13 51
13 52
13 59
13 61
13 62
13 68
13 70
13 71
13 74
13 75
13 76
13 78
13 79
13 80
13 81
13 82
13 83
13 84
13 87
13 91
13 92
13 93
13 96
14 16
14 19
14 23
14 24
14 25
14 26
14 29
14 34
14 36
14 39
14 42
14 43
14 46
14 50
14 51
14 53
14 55
14 56
14 58
14 61
14 63
14 68
14 71
14 79
14 80
14 81
14 82
14 83
14 86
14 87
14 89
14 90
14 93
14 96
14 99
15 16
15 17
15 19
15 20
15 21
15 22
15 23
15 25
15 27
15 28
15 31
15 33
15 35
15 36
15 38
15 40
15 41
15 44
15 45
15 47
15 48
15 49
15 51
15 55
15 59
15 62
15 63
15 64
15 65
15 67
15 69
15 71
15 73
15 74
15 82
15 87
15 89
15 91
15 93
15 96
15 99
16 17
16 19
16 21
16 22
16 24
16 29
16 31
16 36
16 38
16 40
16 42
16 43
16 45
16 46
16 47
16 48
16 51
16 52
16 54
16 55
16 59
16 60
16 61
16 68
16 69
16 70
16 71
16 72
16 77
16 78
16 79
16 80
16 82
16 87
16 88
16 89
16 90
16 91
16 93
16 94
16 96
16 99
17 18
17 20
17 22
17 23
17 24
17 25
17 28
17 29
17 32
17 33
17 34
17 36
17 39
17 41
17 42
17 45
17 53
17 58
17 61
17 62
17 64
17 65
17 66
17 67
17 70
17 71
17 72
17 73
17 74
17 75
17 81
17 84
17 88
17 89
17 90
17 92
17 97
17 98
17 99
18 20
18 23
18 26
18 27
18 29
18 30
18 31
18 33
18 36
18 37
18 39
18 40
18 42
18 43
18 45
18 46
18 47
18 52
18 53
18 56
18 57
18 58
18 65
18 68
18 69
18 70
18 72
18 74
18 76
18 77
18 79
18 80
18 82
18 86
18 87
18 88
18 89
18 90
18 91
18 94
18 95
19 22
19 23
19 24
19 27
19 28
19 29
19 30
19 31
19 33
19 34
19 36
19 37
19 40
19 43
19 44
19 45
19 48
19 49
19 50
19 52
19 53
19 54
19 55
19 56
19 57
19 59
19 60
19 61
19 62
19 65
19 66
19 67
19 68
19 69
19 72
19 73
19 75
19 76
19 78
19 80
19 81
19 85
19 86
19 87
19 88
19 89
19 91
19 93
19 95
19 99
20 21
20 23
20 24
20 25
20 26
20 28
20 29
20 34
20 36
20 38
20 40
20 41
20 43
20 45
20 47
20 49
20 50
20 51
20 53
20 56
20 57
20 58
20 62
20 64
20 67
20 68
20 69
20 70
20 73
20 75
20 76
20 82
20 83
20 84
20 85
20 88
20 89
20 93
20 94
20 95
20 96
20 98
21 29
21 34
21 37
21 40
21 47
21 49
21 50
21 51
21 52
21 53
21 54
21 57
21 61
21 63
21 64
21 66
21 69
21 73
21 75
21 80
21 81
21 86
21 88
21 90
21 92
21 93
21 94
21 97
21 98
21 99
22 23
22 24
22 26
22 27
22 28
22 29
22 30
22 31
22 32
22 33
22 35
22 36
22 37
22 40
22 42
22 44
22 45
22 47
22 49
22 50
22 52
22 53
22 56
22 57
22 60
22 63
22 66
22 67
22 71
22 73
22 76
22 77
22 78
22 79
22 83
22 84
22 85
22 86
22 87
22 91
22 92
22 96
22 97
23 26
23 27
23 28
23 30
23 33
23 34
23 35
23 36
23 37
23 41
23 42
23 43
23 44
23 45
23 46
23 47
23 51
23 52
23 54
23 56
23 61
23 64
23 65
23 68
23 69
23 70
23 71
23 72
23 73
23 74
23 76
23 77
23 81
23 82
23 85
23 86
23 87
23 89
23 91
23 92
23 93
23 95
23 96
23 98
24 25
24 35
24 37
24 38
24 39
24 41
24 42
24 45
24 48
24 51
24 55
24 60
24 61
24 63
24 64
24 65
24 69
24 73
24 74
24 75
24 78
24 79
24 80
24 81
24 82
24 84
24 85
24 86
24 87
24 89
24 90
24 92
24 96
24 99
25 29
25 32
25 35
25 39
25 42
25 44
25 47
25 48
25 50
25 53
25 58
25 63
25 66
25 68
25 70
25 71
25 74
25 75
25 76
25 80
25 82
25 83
25 85
25 86
25 87
25 88
25 89
25 90
25 91
25 92
25 93
25 94
25 95
25 97
25 98
26 28
26 29
26 32
26 33
26 34
26 39
26 42
26 43
26 44
26 46
26 48
26 49
26 50
26 52
26 54
26 57
26 58
26 59
26 61
26 63
26 66
26 69
26 72
26 76
26 80
26 81
26 83
26 86
26 87
26 88
26 90
26 93
26 95
26 98
26 99
27 29
27 30
27 31
27 32
27 33
27 34
27 36
27 41
27 45
27 47
27 61
27 64
27 66
27 68
27 69
27 72
27 73
27 75
27 76
27 79
27 80
27 83
27 84
27 86
27 87
27 88
27 89
27 90
27 92
27 93
27 94
27 95
27 96
28 29
28 30
28 31
28 32
28 33
28 34
28 36
28 37
28 38
28 39
28 40
28 43
28 45
28 47
28 49
28 52
28 53
28 55
28 58
28 59
28 60
28 61
28 62
28 63
28 64
28 66
28 67
28 69
28 75
28 76
28 78
28 85
28 89
28 91
28 97
29 30
29 31
29 34
29 35
29 40
29 44
29 45
29 47
29 48
29 49
29 54
29 61
29 62
29 65
29 69
29 70
29 71
29 72
29 73
29 75
29 77
29 78
29 81
29 84
29 86
29 90
29 92
29 93
29 95
29 96
29 98
29 99
30 31
30 35
30 37
30 39
30 40
30 42
30 44
30 45
30 48
30 49
30 50
30 52
30 54
30 55
30 56
30 58
30 59
30 60
30 61
30 63
30 64
30 67
30 71
30 75
30 79
30 82
30 83
30 84
30 88
30 89
30 90
30 91
30 92
30 93
30 94
30 97
30 98
30 99
31 32
31 34
31 40
31 43
31 44
31 45
31 49
31 50
31 51
31 52
31 55
31 56
31 58
31 59
31 60
31 61
31 63
31 64
31 73
31 76
31 78
31 80
31 81
31 82
31 89
31 90
31 91
31 92
31 93
31 96
31 97
32 35
32 37
32 39
32 41
32 43
32 44
32 47
32 49
32 50
32 51
32 53
32 54
32 57
32 58
32 61
32 63
32 65
32 66
32 68
32 69
32 70
32 71
32 75
32 76
32 77
32 78
32 81
32 86
32 87
32 89
32 91
32 94
32 97
33 34
33 37
33 39
33 42
33 43
33 45
33 47
33 50
33 51
33 52
33 53
33 54
33 55
33 57
33 58
33 59
33 60
33 61
33 62
33 63
33 69
33 70
33 71
33 73
33 75
33 76
33 79
33 81
33 85
33 86
33 87
33 89
33 92
33 95
34 37
34 38
34 39
34 43
34 44
34 45
34 50
34 52
34 54
34 59
34 60
34 61
34 62
34 64
34 66
34 68
34 69
34 71
34 74
34 75
34 78
34 80
34 81
34 82
34 83
34 88
34 93
34 94
34 95
34 97
35 37
35 39
35 41
35 47
35 48
35 49
35 52
35 54
35 58
35 59
35 62
35 64
35 65
35 66
35 67
35 69
35 70
35 71
35 73
35 77
35 82
35 83
35 85
35 86
35 89
35 90
35 94
35 95
35 96
35 99
36 37
36 40
36 41
36 43
36 46
36 49
36 50
36 52
36 53
36 55
36 56
36 58
36 59
36 60
36 62
36 63
36 64
36 65
36 66
36 67
36 68
36 71
36 76
36 78
36 80
36 81
36 83
36 84
36 85
36 86
36 87
36 89
36 91
36 95
36 96
36 97
36 99
37 38
37 41
37 43
37 45
37 49
37 51
37 52
37 53
37 54
37 55
37 58
37 61
37 63
37 64
37 66
37 67
37 68
37 71
37 72
37 79
37 80
37 81
37 84
37 85
37 88
37 91
37 92
37 93
37 96
37 97
38 40
38 42
38 45
38 47
38 49
38 51
38 52
38 56
38 58
38 59
38 63
38 64
38 67
38 69
38 71
38 73
38 76
38 79
38 80
38 82
38 88
38 90
38 91
38 95
38 97
38 99
39 40
39 41
39 42
39 43
39 46
39 47
39 49
39 53
39 54
39 55
39 57
39 58
39 60
39 61
39 62
39 63
39 64
39 65
39 67
39 68
39 69
39 70
39 72
39 73
39 75
39 76
39 78
39 80
39 81
39 82
39 83
39 84
39 87
39 88
39 89
39 90
39 91
39 92
39 93
39 95
39 96
39 98
40 42
40 43
40 45
40 46
40 48
40 51
40 52
40 53
40 58
40 63
40 65
40 66
40 67
40 68
40 70
40 71
40 72
40 74
40 75
40 79
40 81
40 82
40 84
40 86
40 88
40 89
40 90
40 92
40 93
40 95
40 97
40 98
41 43
41 44
41 45
41 51
41 52
41 55
41 57
41 58
41 59
41 61
41 62
41 67
41 68
41 71
41 73
41 75
41 78
41 79
41 80
41 84
41 87
41 88
41 89
41 90
41 92
41 94
41 95
41 96
41 99
42 46
42 49
42 50
42 52
42 53
42 54
42 55
42 56
42 57
42 58
42 59
42 61
42 62
42 63
42 64
42 65
42 67
42 68
42 69
42 70
42 73
42 78
42 80
42 81
42 86
42 87
42 89
42 91
42 92
42 93
42 94
42 96
42 97
43 44
43 45
43 46
43 47
43 49
43 50
43 52
43 53
43 55
43 63
43 64
43 68
43 69
43 71
43 72
43 73
43 74
43 75
43 77
43 79
43 81
43 84
43 88
43 89
43 93
43 97
43 99
44 47
44 48
44 49
44 51
44 53
44 54
44 55
44 58
44 64
44 65
44 67
44 68
44 69
44 76
44 81
44 82
44 83
44 88
44 89
44 90
44 93
44 95
44 96
44 99
45 48
45 49
45 50
45 51
45 52
45 53
45 54
45 55
45 56
45 57
45 62
45 64
45 66
45 67
45 68
45 70
45 71
45 73
45 74
45 75
45 76
45 78
45 82
45 83
45 85
45 86
45 87
45 89
45 90
45 92
45 93
45 96
45 97
45 98
45 99
46 47
46 50
46 51
46 52
46 55
46 56
46 65
46 67
46 68
46 69
46 74
46 76
46 78
46 80
46 81
46 83
46 84
46 85
46 86
46 88
46 92
46 93
46 94
46 97
46 99
47 48
47 49
47 50
47 51
47 52
47 54
47 55
47 57
47 58
47 59
47 62
47 63
47 66
47 70
47 72
47 73
47 74
47 77
47 85
47 87
47 89
47 92
47 94
47 96
47 97
47 99
48 49
48 50
48 51
48 52
48 53
48 54
48 56
48 57
48 62
48 65
48 66
48 69
48 72
48 75
48 80
48 81
48 84
48 86
48 89
48 90
48 91
48 92
48 94
48 98
49 50
49 52
49 54
49 55
49 56
49 59
49 60
49 61
49 62
49 63
49 64
49 68
49 69
49 72
49 74
49 76
49 77
49 80
49 81
49 82
49 83
49 84
49 88
49 89
49 90
49 91
49 92
49 96
50 57
50 59
50 60
50 61
50 63
50 64
50 65
50 68
50 71
50 73
50 74
50 76
50 77
50 79
50 84
50 85
50 86
50 87
50 88
50 89
50 92
50 94
50 95
50 96
50 97
51 53
51 54
51 57
51 59
51 60
51 61
51 62
51 63
51 64
51 65
51 67
51 70
51 72
51 75
51 77
51 78
51 79
51 82
51 83
51 84
51 85
51 86
51 87
51 89
51 91
51 92
51 95
51 96
51 99
52 54
52 56
52 59
52 60
52 61
52 63
52 64
52 66
52 67
52 68
52 69
52 72
52 73
52 74
52 75
52 76
52 78
52 82
52 84
52 85
52 86
52 88
52 89
52 91
52 92
52 93
52 97
52 99
53 55
53 58
53 62
53 63
53 64
53 65
53 68
53 72
53 77
53 83
53 85
53 86
53 87
53 89
53 91
53 92
53 93
53 95
53 96
53 97
53 98
53 99
54 55
54 56
54 57
54 58
54 61
54 64
54 65
54 66
54 67
54 69
54 73
54 74
54 76
54 77
54 83
54 87
54 88
54 90
54 91
54 93
54 98
54 99
55 57
55 58
55 61
55 64
55 65
55 68
55 69
55 71
55 72
55 73
55 75
55 76
55 77
55 81
55 82
55 85
55 86
55 87
55 88
55 89
55 90
55 91
55 93
55 96
55 97
55 99
56 58
56 61
56 63
56 65
56 66
56 67
56 69
56 70
56 71
56 74
56 75
56 76
56 77
56 78
56 79
56 81
56 85
56 89
56 92
56 93
56 96
56 99
57 59
57 61
57 63
57 64
57 65
57 66
57 68
57 69
57 70
57 72
57 75
57 77
57 84
57 85
57 87
57 89
57 93
57 96
57 98
58 59
58 60
58 68
58 69
58 73
58 74
58 75
58 76
58 78
58 82
58 85
58 88
58 89
58 90
58 91
58 92
58 97
58 98
59 60
59 61
59 63
59 69
59 70
59 76
59 77
59 78
59 86
59 88
59 89
59 91
59 93
59 94
59 96
59 99
60 62
60 66
60 67
60 76
60 77
60 79
60 81
60 82
60 83
60 87
60 89
60 90
60 93
60 95
60 97
60 99
61 62
61 63
61 65
61 66
61 67
61 68
61 70
61 71
61 72
61 73
61 74
61 76
61 79
61 84
61 86
61 87
61 88
61 90
61 91
61 93
61 96
61 98
61 99
62 63
62 65
62 66
62 67
62 68
62 69
62 73
62 75
62 76
62 78
62 81
62 85
62 87
62 88
62 90
62 91
62 92
62 94
62 95
62 96
62 98
62 99
63 64
63 66
63 67
63 68
63 69
63 71
63 72
63 73
63 75
63 77
63 78
63 79
63 80
63 81
63 82
63 83
63 84
63 92
63 96
63 97
63 98
64 68
64 69
64 71
64 72
64 76
64 77
64 79
64 81
64 85
64 88
64 89
64 90
64 91
64 92
64 95
65 67
65 70
65 72
65 73
65 76
65 78
65 83
65 84
65 87
65 89
65 90
65 91
65 94
65 99
66 67
66 68
66 69
66 72
66 73
66 74
66 76
66 77
66 78
66 80
66 84
66 85
66 86
66 90
66 91
66 92
66 93
66 94
66 98
66 99
67 70
67 71
67 72
67 73
67 77
67 78
67 80
67 81
67 82
67 86
67 87
67 90
67 92
67 93
67 94
67 95
68 69
68 72
68 76
68 77
68 80
68 83
68 84
68 85
68 89
68 90
68 91
68 93
68 94
68 95
68 96
68 98
68 99
69 70
69 71
69 73
69 74
69 80
69 81
69 82
69 84
69 85
69 86
69 87
69 90
69 93
69 95
69 98
70 71
70 75
70 76
70 78
70 79
70 80
70 83
70 84
70 85
70 86
70 87
70 88
70 92
70 97
71 72
71 74
71 75
71 80
71 85
71 86
71 87
71 88
71 91
71 92
71 93
71 94
71 96
71 97
71 99
72 73
72 76
72 77
72 80
72 82
72 83
72 86
72 87
72 93
72 94
72 97
72 98
72 99
73 74
73 80
73 81
73 84
73 85
73 89
73 92
73 94
73 96
73 97
74 75
74 78
74 81
74 85
74 87
74 88
74 89
74 90
74 91
74 98
75 79
75 84
75 86
75 87
75 88
75 91
75 92
75 97
75 98
76 81
76 82
76 83
76 85
76 88
76 91
76 96
76 98
76 99
77 78
77 79
77 85
77 90
77 93
77 95
77 97
77 99
78 81
78 82
78 83
78 85
78 86
78 87
78 91
78 93
78 96
78 99
79 80
79 81
79 87
79 88
79 89
79 90
79 91
79 92
79 99
80 81
80 84
80 86
80 87
80 88
80 89
80 93
80 94
80 95
80 98
80 99
81 82
81 83
81 84
81 85
81 87
81 89
81 90
81 91
81 97
81 98
81 99
82 83
82 84
82 88
82 89
82 90
82 92
82 93
82 95
82 96
82 98
82 99
83 88
83 89
83 90
83 97
83 99
84 85
84 86
84 89
84 95
84 97
84 98
84 99
85 86
85 87
85 89
85 91
85 93
85 94
85 95
85 97
86 92
86 93
86 94
86 95
86 96
87 88
87 91
87 93
87 98
87 99
88 90
88 94
88 95
88 96
89 92
89 93
89 95
89 96
89 99
90 91
90 93
91 92
91 93
91 95
91 96
91 98
91 99
92 93
92 95
92 96
92 98
92 99
93 94
93 95
93 97
93 99
94 96
94 97
94 98
94 99
95 98
96 97
97 99
