0 5
0 7
0 10
0 11
0 13
0 15
0 16
0 17
0 18
0 19
0 20
0 21
0 23
0 24
0 25
0 26
0 29
0 31
0 33
0 34
0 37
0 40
0 42
0 43
0 44
0 46
0 48
0 49
0 50
0 52
0 54
0 59
0 60
0 61
0 62
0 63
0 64
0 69
0 71
0 72
0 76
0 77
0 81
0 85
0 88
0 95
0 96
0 98
1 2
1 3
1 4
1 5
1 9
1 12
1 13
1 15
1 17
1 19
1 20
1 22
1 23
1 26
1 30
1 32
1 38
1 39
1 43
1 51
1 52
1 53
1 55
1 56
1 57
1 58
1 61
1 63
1 65
1 66
1 73
1 75
1 76
1 82
1 83
1 84
1 87
1 90
1 91
1 92
1 93
1 94
1 96
1 99
2 5
2 6
2 7
2 8
2 9
2 10
2 11
2 13
2 14
2 15
2 17
2 18
2 19
2 20
2 24
2 26
2 27
2 29
2 30
2 31
2 33
2 34
2 35
2 38
2 39
2 41
2 42
2 43
2 44
2 50
2 52
2 55
2 60
2 61
2 64
2 67
2 68
2 70
2 72
2 73
2 75
2 76
2 77
2 78
2 81
2 82
2 86
2 88
2 89
2 91
2 92
2 93
2 94
2 96
3 9
3 11
3 12
3 13
3 15
3 17
3 19
3 21
3 22
3 24
3 25
3 26
3 27
3 28
3 29
3 31
3 33
3 35
3 37
3 42
3 47
3 48
3 55
3 59
3 60
3 62
3 63
3 65
3 66
3 67
3 70
3 76
3 81
3 82
3 83
3 84
3 87
3 91
3 92
3 94
3 95
3 96
3 97
3 98
4 6
4 7
4 8
4 9
4 10
4 11
4 12
4 13
4 14
4 16
4 17
4 18
4 19
4 22
4 23
4 24
4 25
4 26
4 29
4 30
4 33
4 34
4 36
4 39
4 40
4 42
4 43
4 44
4 45
4 46
4 48
4 50
4 51
4 52
4 54
4 56
4 58
4 65
4 66
4 67
4 69
4 70
4 71
4 73
4 75
4 78
4 79
4 84
4 86
4 87
4 89
4 91
4 95
4 96
4 99
5 6
5 7
5 8
5 9
5 10
5 11
5 12
5 16
5 18
5 19
5 20
5 24
5 27
5 32
5 35
5 37
5 38
5 39
5 40
5 43
5 47
5 48
5 51
5 54
5 61
5 63
5 64
5 65
5 68
5 69
5 73
5 78
5 80
5 81
5 82
5 83
5 88
5 89
5 97
6 8
6 9
6 12
6 13
6 15
6 17
6 18
6 19
6 20
6 21
6 22
6 23
6 25
6 27
6 28
6 29
6 39
6 40
6 41
6 42
6 44
6 45
6 47
6 49
6 51
6 52
6 55
6 57
6 58
6 59
6 61
6 62
6 63
6 66
6 67
6 69
6 70
6 71
6 72
6 75
6 79
6 80
6 82
6 88
6 90
6 92
6 93
6 94
6 95
6 97
6 98
6 99
7 9
7 12
7 15
7 16
7 17
7 19
7 23
7 24
7 25
7 27
7 34
7 36
7 38
7 39
7 41
7 42
7 43
7 44
7 46
7 47
7 48
7 50
7 51
7 53
7 54
7 55
7 58
7 59
7 60
7 62
7 63
7 64
7 65
7 66
7 67
7 70
7 71
7 75
7 76
7 81
7 83
7 84
7 91
7 92
7 94
7 96
7 97
7 98
7 99
8 10
8 11
8 12
8 13
8 14
8 15
8 19
8 21
8 25
8 28
8 34
8 36
8 37
8 38
8 39
8 40
8 42
8 44
8 45
8 47
8 48
8 51
8 52
8 53
8 54
8 56
8 59
8 60
8 62
8 63
8 64
8 65
8 67
8 68
8 70
8 71
8 72
8 77
8 78
8 79
8 81
8 84
8 85
8 86
8 89
8 91
8 92
8 94
8 95
8 98
8 99
9 15
9 17
9 20
9 22
9 23
9 24
9 25
9 26
9 29
9 30
9 31
9 32
9 35
9 36
9 37
9 40
9 42
9 44
9 45
9 51
9 52
9 54
9 55
9 56
9 58
9 61
9 62
9 65
9 67
9 68
9 71
9 72
9 73
9 74
9 75
9 76
9 78
9 80
9 81
9 84
9 86
9 87
9 88
9 91
9 92
9 94
9 96
9 99
10 11
10 12
10 13
10 16
10 17
10 18
10 19
10 20
10 22
10 23
10 24
10 26
10 28
10 29
10 31
10 32
10 35
10 36
10 37
10 42
10 43
10 44
10 46
10 47
10 48
10 50
10 52
10 56
10 60
10 61
10 63
10 64
10 65
10 69
10 71
10 73
10 74
10 76
10 77
10 78
10 79
10 80
10 81
10 82
10 83
10 88
10 89
10 90
10 91
10 95
10 96
10 98
10 99
11 12
11 13
11 16
11 19
11 20
11 21
11 24
11 25
11 28
11 30
11 31
11 35
11 37
11 38
11 42
11 48
11 50
11 52
11 53
11 55
11 57
11 58
11 61
11 64
11 65
11 66
11 68
11 70
11 76
11 77
11 78
11 79
11 80
11 83
11 87
11 88
11 90
11 91
11 92
11 93
11 94
11 95
11 96
11 98
11 99
12 14
12 17
12 19
12 20
12 22
12 25
12 28
12 32
12 34
12 36
12 38
12 41
12 42
12 48
12 49
12 50
12 52
12 54
12 57
12 58
12 60
12 62
12 64
12 66
12 67
12 68
12 70
12 72
12 73
12 77
12 80
12 82
12 83
12 91
12 94
12 95
12 97
12 98
13 17
13 20
13 22
13 24
13 30
13 31
13 32
13 33
13 36
13 39
13 41
13 43
13 44
13 45
13 46
13 48
13 50
13 54
13 57
13 59
13 61
13 62
13 64
13 65
13 66
13 68
13 74
13 76
13 77
13 78
13 80
13 83
13 84
13 86
13 87
13 88
13 91
13 93
13 94
14 18
14 20
14 24
14 28
14 30
14 31
14 32
14 34
14 35
14 37
14 38
14 39
14 40
14 41
14 42
14 43
14 44
14 45
14 46
14 48
14 54
14 55
14 57
14 59
14 61
14 63
14 64
14 65
14 71
14 73
14 78
14 79
14 81
14 82
14 84
14 85
14 86
14 87
14 89
14 90
14 94
14 96
14 98
15 17
15 20
15 22
15 23
15 30
15 31
15 32
15 35
15 36
15 38
15 39
15 40
15 42
15 43
15 46
15 47
15 50
15 51
15 54
15 55
15 56
15 57
15 58
15 63
15 66
15 67
15 69
15 70
15 71
15 73
15 74
15 76
15 83
15 85
15 88
15 90
15 95
15 96
15 97
15 99
16 23
16 26
16 27
16 28
16 30
16 31
16 32
16 33
16 38
16 39
16 40
16 41
16 42
16 43
16 44
16 45
16 47
16 50
16 51
16 53
16 56
16 59
16 60
16 61
16 63
16 66
16 67
16 71
16 73
16 74
16 76
16 77
16 78
16 80
16 81
16 82
16 84
16 88
16 89
16 94
16 95
16 96
16 97
16 98
17 19
17 21
17 23
17 24
17 25
17 29
17 30
17 31
17 34
17 36
17 37
17 38
17 39
17 40
17 45
17 46
17 50
17 55
17 56
17 58
17 59
17 60
17 62
17 65
17 67
17 68
17 70
17 72
17 73
17 74
17 76
17 77
17 80
17 81
17 83
17 84
17 85
17 87
17 95
17 97
17 99
18 19
18 21
18 22
18 25
18 26
18 29
18 30
18 31
18 32
18 33
18 34
18 36
18 37
18 38
18 43
18 46
18 47
18 48
18 50
18 53
18 55
18 57
18 58
18 61
18 67
18 72
18 73
18 74
18 77
18 79
18 80
18 82
18 87
18 91
18 92
18 94
18 95
18 96
19 20
19 22
19 25
19 26
19 33
19 34
19 37
19 38
19 39
19 40
19 43
19 44
19 45
19 49
19 50
19 52
19 53
19 54
19 55
19 57
19 59
19 61
19 65
19 67
19 69
19 72
19 73
19 74
19 78
19 79
19 81
19 83
19 84
19 85
19 86
19 87
19 89
19 90
19 93
19 94
19 95
19 96
19 97
19 99
20 21
20 22
20 23
20 24
20 26
20 27
20 28
20 29
20 32
20 34
20 36
20 40
20 42
20 43
20 45
20 46
20 47
20 48
20 50
20 51
20 52
20 53
20 56
20 58
20 60
20 62
20 65
20 68
20 69
20 70
20 71
20 76
20 77
20 79
20 80
20 81
20 82
20 86
20 87
20 88
20 89
20 90
20 92
20 93
20 94
20 95
20 99
21 24
21 31
21 32
21 33
21 35
21 38
21 41
21 42
21 48
21 52
21 54
21 56
21 57
21 62
21 63
21 66
21 69
21 70
21 71
21 73
21 74
21 76
21 80
21 81
21 83
21 87
21 90
21 92
21 93
21 94
21 95
21 96
21 97
21 99
22 23
22 24
22 25
22 27
22 28
22 31
22 32
22 36
22 37
22 38
22 39
22 40
22 44
22 46
22 48
22 49
22 53
22 54
22 56
22 58
22 59
22 61
22 62
22 68
22 70
22 71
22 74
22 76
22 79
22 80
22 83
22 84
22 90
22 92
22 93
22 94
22 95
22 97
22 99
23 24
23 25
23 26
23 28
23 30
23 31
23 32
23 34
23 35
23 38
23 39
23 41
23 46
23 47
23 48
23 49
23 56
23 59
23 60
23 61
23 63
23 64
23 66
23 69
23 71
23 72
23 73
23 74
23 75
23 76
23 78
23 79
23 80
23 83
23 86
23 87
23 90
23 94
23 98
23 99
24 26
24 36
24 37
24 40
24 42
24 44
24 51
24 52
24 53
24 54
24 55
24 60
24 61
24 63
24 69
24 70
24 71
24 72
24 73
24 75
24 78
24 84
24 86
24 90
24 91
24 92
24 93
24 97
24 98
24 99
25 29
25 32
25 34
25 35
25 36
25 37
25 41
25 42
25 45
25 46
25 47
25 52
25 54
25 55
25 56
25 59
25 60
25 61
25 64
25 66
25 67
25 71
25 72
25 73
25 80
25 81
25 82
25 90
25 91
25 93
25 99
26 27
26 29
26 30
26 31
26 32
26 33
26 39
26 42
26 43
26 44
26 45
26 46
26 47
26 49
26 50
26 51
26 52
26 56
26 58
26 61
26 67
26 71
26 73
26 74
26 78
26 79
26 87
26 95
26 96
27 32
27 33
27 34
27 36
27 38
27 41
27 43
27 44
27 45
27 48
27 49
27 50
27 52
27 54
27 55
27 57
27 58
27 59
27 60
27 63
27 65
27 66
27 68
27 74
27 75
27 80
27 86
27 90
27 92
27 93
27 95
27 96
27 97
27 98
28 30
28 32
28 33
28 34
28 35
28 36
28 37
28 38
28 41
28 44
28 46
28 48
28 49
28 50
28 51
28 53
28 54
28 55
28 59
28 60
28 64
28 68
28 69
28 70
28 71
28 73
28 74
28 76
28 77
28 78
28 80
28 81
28 82
28 83
28 84
28 85
28 87
28 88
28 91
28 97
28 98
28 99
29 32
29 33
29 34
29 37
29 38
29 39
29 40
29 42
29 43
29 45
29 50
29 51
29 52
29 53
29 58
29 59
29 62
29 63
29 64
29 65
29 70
29 71
29 72
29 75
29 76
29 77
29 78
29 79
29 80
29 81
29 87
29 95
29 96
29 97
29 99
30 31
30 32
30 33
30 34
30 36
30 40
30 44
30 46
30 47
30 48
30 49
30 51
30 53
30 54
30 55
30 56
30 64
30 67
30 70
30 71
30 75
30 76
30 80
30 81
30 82
30 85
30 86
30 87
30 90
30 92
30 93
30 94
30 95
30 96
30 98
30 99
31 34
31 35
31 36
31 37
31 38
31 39
31 40
31 41
31 42
31 43
31 45
31 48
31 50
31 51
31 53
31 55
31 56
31 59
31 63
31 64
31 68
31 69
31 70
31 71
31 74
31 76
31 77
31 80
31 84
31 90
31 91
31 93
31 94
31 96
31 98
31 99
32 34
32 36
32 37
32 40
32 41
32 42
32 44
32 46
32 47
32 48
32 51
32 53
32 55
32 58
32 60
32 63
32 64
32 69
32 71
32 73
32 76
32 78
32 79
32 80
32 83
32 84
32 85
32 86
32 87
32 89
32 91
32 92
32 93
32 96
32 97
32 99
33 36
33 37
33 39
33 40
33 44
33 47
33 48
33 50
33 52
33 54
33 57
33 58
33 59
33 60
33 62
33 63
33 64
33 66
33 69
33 70
33 71
33 74
33 75
33 76
33 77
33 78
33 79
33 80
33 81
33 82
33 83
33 85
33 86
33 87
33 88
33 90
33 92
33 96
33 98
33 99
34 38
34 44
34 47
34 48
34 49
34 55
34 56
34 57
34 58
34 60
34 61
34 63
34 71
34 76
34 79
34 80
34 81
34 85
34 88
34 92
34 95
34 96
34 97
34 98
35 36
35 38
35 39
35 41
35 44
35 45
35 47
35 48
35 52
35 54
35 57
35 58
35 59
35 60
35 61
35 63
35 66
35 70
35 73
35 74
35 75
35 76
35 77
35 78
35 79
35 83
35 85
35 88
35 91
35 95
35 98
35 99
36 40
36 41
36 42
36 44
36 45
36 48
36 49
36 50
36 53
36 56
36 58
36 59
36 61
36 62
36 63
36 65
36 67
36 68
36 69
36 72
36 73
36 74
36 75
36 76
36 78
36 79
36 80
36 81
36 82
36 85
36 88
36 90
36 91
36 92
36 93
36 94
36 99
37 38
37 44
37 45
37 46
37 47
37 48
37 50
37 51
37 56
37 59
37 60
37 61
37 63
37 64
37 65
37 67
37 69
37 70
37 71
37 72
37 73
37 76
37 77
37 78
37 80
37 84
37 86
37 88
37 89
37 92
37 93
37 95
37 96
37 97
37 98
38 39
38 41
38 46
38 48
38 49
38 52
38 53
38 54
38 55
38 59
38 60
38 61
38 62
38 65
38 66
38 67
38 70
38 71
38 74
38 78
38 83
38 84
38 85
38 87
38 90
38 91
38 92
38 94
38 97
39 42
39 46
39 50
39 51
39 54
39 55
39 56
39 59
39 60
39 64
39 65
39 66
39 67
39 68
39 73
39 74
39 75
39 76
39 78
39 79
39 80
39 82
39 83
39 88
39 89
39 92
39 93
39 94
39 96
39 97
40 42
40 43
40 44
40 50
40 51
40 59
40 63
40 66
40 68
40 70
40 74
40 76
40 78
40 80
40 84
40 86
40 87
40 88
40 90
40 92
40 93
40 94
40 95
40 96
40 97
40 98
40 99
41 44
41 48
41 49
41 50
41 54
41 55
41 56
41 59
41 63
41 64
41 67
41 70
41 74
41 75
41 77
41 83
41 84
41 86
41 91
41 92
41 93
41 95
41 96
41 97
41 99
42 43
42 45
42 46
42 49
42 50
42 52
42 55
42 56
42 57
42 58
42 59
42 61
42 63
42 65
42 66
42 69
42 70
42 74
42 75
42 77
42 78
42 82
42 84
42 85
42 87
42 89
42 90
42 92
42 94
42 96
42 98
42 99
43 45
43 47
43 48
43 49
43 51
43 56
43 57
43 61
43 63
43 74
43 77
43 79
43 80
43 83
43 84
43 87
43 89
43 90
43 91
43 93
43 94
43 96
43 98
43 99
44 45
44 48
44 49
44 50
44 52
44 54
44 57
44 61
44 62
44 64
44 67
44 68
44 71
44 72
44 73
44 75
44 77
44 80
44 83
44 84
44 85
44 86
44 87
44 89
44 90
44 91
44 92
44 94
44 95
44 96
44 98
44 99
45 48
45 49
45 51
45 53
45 55
45 57
45 58
45 60
45 61
45 62
45 63
45 66
45 67
45 70
45 71
45 76
45 78
45 79
45 80
45 82
45 83
45 85
45 87
45 89
45 92
45 94
45 95
45 96
45 97
46 51
46 52
46 56
46 57
46 60
46 61
46 65
46 68
46 69
46 70
46 71
46 72
46 73
46 76
46 78
46 79
46 81
46 82
46 83
46 86
46 87
46 89
46 91
46 92
46 97
46 99
47 51
47 52
47 54
47 55
47 57
47 60
47 63
47 65
47 66
47 70
47 71
47 72
47 73
47 74
47 77
47 79
47 80
47 81
47 86
47 88
47 91
47 92
47 98
48 49
48 52
48 53
48 59
48 62
48 63
48 64
48 66
48 67
48 68
48 69
48 70
48 71
48 72
48 80
48 81
48 83
48 84
48 85
48 88
48 89
48 92
48 93
48 94
48 97
49 52
49 53
49 54
49 55
49 57
49 58
49 60
49 62
49 63
49 65
49 67
49 68
49 69
49 71
49 72
49 76
49 78
49 80
49 83
49 85
49 86
49 87
49 91
49 92
49 93
49 95
49 98
50 51
50 52
50 53
50 54
50 55
50 56
50 57
50 59
50 60
50 61
50 62
50 63
50 68
50 70
50 73
50 79
50 82
50 83
50 89
50 92
50 93
50 96
50 98
50 99
51 56
51 58
51 60
51 61
51 64
51 67
51 69
51 71
51 72
51 73
51 77
51 78
51 81
51 87
51 90
51 93
51 94
51 95
51 96
51 99
52 53
52 54
52 55
52 56
52 58
52 65
52 66
52 67
52 69
52 70
52 71
52 74
52 76
52 77
52 80
52 81
52 83
52 86
52 89
52 94
52 96
52 97
52 98
52 99
53 54
53 56
53 57
53 59
53 62
53 65
53 67
53 69
53 70
53 71
53 73
53 74
53 76
53 79
53 80
53 82
53 84
53 86
53 90
53 91
53 92
53 93
53 94
53 97
53 98
54 55
54 56
54 59
54 60
54 61
54 62
54 63
54 66
54 67
54 69
54 71
54 75
54 76
54 77
54 78
54 81
54 83
54 88
54 90
54 96
54 98
54 99
55 56
55 59
55 61
55 63
55 65
55 67
55 68
55 71
55 73
55 76
55 77
55 79
55 81
55 84
55 86
55 89
55 91
55 92
55 94
55 98
56 57
56 58
56 61
56 62
56 63
56 65
56 69
56 74
56 75
56 81
56 83
56 84
56 85
56 88
56 89
56 93
56 94
56 95
56 97
56 98
57 58
57 59
57 61
57 64
57 65
57 68
57 69
57 70
57 72
57 73
57 77
57 78
57 79
57 80
57 83
57 90
57 91
57 95
57 96
58 60
58 61
58 62
58 63
58 66
58 71
58 74
58 76
58 78
58 82
58 85
58 86
58 88
58 89
58 90
58 91
58 94
59 61
59 62
59 63
59 65
59 66
59 67
59 68
59 70
59 71
59 72
59 76
59 77
59 81
59 82
59 83
59 84
59 86
59 87
59 94
60 61
60 62
60 63
60 67
60 70
60 71
60 72
60 73
60 74
60 75
60 82
60 84
60 86
60 87
60 88
60 89
60 92
60 93
60 94
60 95
60 99
61 62
61 63
61 64
61 69
61 70
61 72
61 73
61 75
61 76
61 77
61 80
61 82
61 83
61 84
61 89
61 97
62 63
62 72
62 73
62 75
62 77
62 79
62 81
62 84
62 85
62 88
62 89
62 93
62 94
62 97
62 98
63 64
63 65
63 68
63 71
63 72
63 73
63 75
63 77
63 78
63 81
63 82
63 83
63 84
63 85
63 86
63 90
63 93
63 94
63 96
63 98
64 66
64 71
64 73
64 74
64 76
64 82
64 83
64 85
64 89
64 90
64 92
64 93
64 94
64 96
64 99
65 66
65 68
65 70
65 71
65 72
65 73
65 75
65 76
65 79
65 80
65 81
65 82
65 84
65 85
65 89
65 90
65 91
65 92
65 95
65 98
65 99
66 68
66 69
66 70
66 73
66 74
66 75
66 76
66 77
66 78
66 80
66 82
66 83
66 85
66 86
66 88
66 90
66 91
66 92
66 93
66 95
66 97
66 98
66 99
67 71
67 73
67 77
67 78
67 82
67 85
67 92
67 93
67 94
67 95
67 96
67 98
68 69
68 70
68 71
68 73
68 75
68 76
68 77
68 78
68 79
68 81
68 83
68 86
68 87
68 89
68 90
68 94
68 96
69 71
69 72
69 73
69 74
69 76
69 77
69 79
69 82
69 83
69 84
69 85
69 87
69 89
69 90
69 91
69 93
69 94
69 95
69 97
69 98
69 99
70 73
70 76
70 78
70 79
70 83
70 84
70 87
70 88
70 89
70 90
70 91
70 92
70 97
70 99
71 73
71 74
71 81
71 86
71 87
71 89
71 90
71 91
71 92
71 93
71 94
71 95
71 97
71 99
72 73
72 74
72 76
72 79
72 81
72 82
72 83
72 88
72 89
72 90
72 97
72 98
72 99
73 75
73 78
73 79
73 80
73 81
73 84
73 85
73 86
73 89
73 92
73 93
73 94
73 95
73 98
73 99
74 75
74 76
74 77
74 81
74 85
74 86
74 87
74 89
74 92
74 93
74 94
74 96
74 97
74 98
74 99
75 76
75 77
75 81
75 82
75 83
75 85
75 86
75 87
75 89
75 91
75 94
75 96
75 97
75 98
75 99
76 79
76 81
76 86
76 93
76 95
76 96
76 97
76 99
77 79
77 80
77 84
77 85
77 86
77 87
77 91
77 92
77 94
77 95
77 96
77 98
78 81
78 83
78 84
78 85
78 89
78 91
78 97
78 98
78 99
79 82
79 83
79 84
79 86
79 87
79 88
79 89
79 90
79 91
79 93
79 96
79 98
80 84
80 85
80 87
80 90
80 91
80 93
80 97
81 82
81 84
81 85
81 87
81 90
81 91
81 92
81 93
81 99
82 83
82 85
82 86
82 88
82 90
82 91
82 94
82 96
82 97
82 98
83 84
83 87
83 88
83 89
83 92
83 94
84 85
84 87
84 93
84 94
84 95
84 97
84 99
85 86
85 87
85 88
85 89
85 92
85 94
85 95
85 96
86 87
86 89
86 91
86 92
86 93
86 94
86 97
87 88
87 89
87 90
87 95
87 96
87 97
87 98
87 99
88 89
88 90
88 95
88 96
88 97
89 90
89 91
89 94
89 99
90 93
90 95
90 97
90 99
91 93
91 96
92 93
92 99
93 94
93 95
93 97
93 99
94 96
94 97
94 98
94 99
95 96
95 97
95 99
96 99
97 98
97 99
