0 6
0 9
0 10
0 12
0 13
0 14
0 17
0 18
0 19
0 23
0 24
0 25
0 26
0 27
0 28
0 32
0 33
0 34
0 36
0 37
0 38
0 39
0 43
0 44
0 47
0 49
0 51
0 53
0 59
0 62
0 66
0 68
0 74
0 80
0 81
0 82
0 83
0 87
0 88
0 91
0 96
0 97
1 3
1 4
1 9
1 10
1 11
1 13
1 17
1 18
1 24
1 28
1 29
1 32
1 37
1 38
1 39
1 41
1 42
1 43
1 45
1 46
1 50
1 51
1 52
1 53
1 55
1 57
1 58
1 61
1 63
1 65
1 67
1 70
1 72
1 74
1 76
1 79
1 80
1 85
1 87
1 88
1 90
1 93
1 96
1 98
2 3
2 5
2 6
2 7
2 8
2 10
2 12
2 17
2 18
2 20
2 21
2 22
2 23
2 25
2 27
2 28
2 30
2 31
2 32
2 33
2 37
2 38
2 41
2 42
2 43
2 44
2 47
2 50
2 51
2 55
2 56
2 61
2 62
2 65
2 67
2 68
2 69
2 70
2 71
2 72
2 74
2 79
2 83
2 84
2 85
2 86
2 89
2 92
2 95
2 96
2 99
3 4
3 5
3 6
3 8
3 11
3 13
3 15
3 17
3 18
3 25
3 26
3 27
3 28
3 29
3 30
3 33
3 34
3 36
3 37
3 38
3 41
3 42
3 43
3 45
3 46
3 48
3 49
3 51
3 53
3 54
3 60
3 62
3 64
3 65
3 68
3 69
3 72
3 73
3 75
3 78
3 79
3 80
3 81
3 83
3 85
3 87
3 88
3 89
3 93
3 94
3 97
3 99
4 5
4 6
4 7
4 9
4 13
4 14
4 15
4 17
4 18
4 19
4 20
4 21
4 23
4 24
4 27
4 28
4 30
4 31
4 33
4 35
4 37
4 39
4 40
4 41
4 43
4 44
4 48
4 49
4 50
4 51
4 54
4 55
4 59
4 63
4 64
4 66
4 70
4 71
4 72
4 73
4 74
4 75
4 76
4 78
4 79
4 80
4 81
4 82
4 83
4 85
4 86
4 87
4 88
4 90
4 91
4 92
4 95
4 96
4 98
4 99
5 7
5 11
5 12
5 13
5 14
5 16
5 18
5 20
5 21
5 22
5 24
5 26
5 27
5 31
5 33
5 36
5 37
5 39
5 40
5 41
5 42
5 51
5 53
5 54
5 55
5 57
5 59
5 60
5 62
5 63
5 65
5 68
5 72
5 73
5 74
5 75
5 76
5 77
5 78
5 79
5 84
5 86
5 88
5 89
5 90
5 92
5 93
5 94
6 8
6 9
6 10
6 11
6 15
6 17
6 18
6 19
6 24
6 29
6 31
6 32
6 36
6 42
6 44
6 48
6 50
6 54
6 56
6 57
6 59
6 64
6 67
6 69
6 71
6 72
6 79
6 80
6 81
6 82
6 85
6 89
6 91
6 92
6 93
6 95
7 8
7 11
7 12
7 16
7 17
7 18
7 20
7 24
7 27
7 29
7 30
7 32
7 35
7 40
7 42
7 43
7 45
7 48
7 51
7 52
7 53
7 55
7 59
7 61
7 65
7 67
7 68
7 69
7 70
7 71
7 75
7 77
7 79
7 84
7 85
7 87
7 88
7 89
7 92
7 94
7 96
8 9
8 14
8 15
8 18
8 26
8 28
8 29
8 31
8 32
8 33
8 35
8 39
8 40
8 41
8 51
8 52
8 53
8 54
8 55
8 56
8 58
8 59
8 61
8 62
8 63
8 66
8 69
8 70
8 72
8 73
8 76
8 78
8 81
8 83
8 85
8 86
8 87
8 88
8 89
8 91
8 92
8 93
8 94
8 97
8 99
9 12
9 13
9 14
9 15
9 16
9 20
9 22
9 25
9 26
9 27
9 28
9 29
9 30
9 33
9 34
9 35
9 37
9 39
9 40
9 41
9 43
9 44
9 45
9 48
9 50
9 51
9 52
9 53
9 56
9 57
9 58
9 64
9 66
9 68
9 69
9 70
9 71
9 73
9 74
9 75
9 76
9 79
9 80
9 81
9 83
9 84
9 85
9 87
9 88
9 90
9 91
9 92
9 94
10 11
10 13
10 15
10 17
10 19
10 21
10 22
10 23
10 27
10 30
10 31
10 33
10 37
10 43
10 51
10 56
10 61
10 63
10 64
10 70
10 72
10 73
10 74
10 75
10 76
10 77
10 78
10 79
10 82
10 86
10 87
10 89
10 91
10 95
10 96
10 97
10 98
10 99
11 13
11 14
11 15
11 16
11 17
11 18
11 19
11 21
11 23
11 26
11 29
11 30
11 31
11 36
11 38
11 41
11 42
11 47
11 49
11 50
11 53
11 56
11 57
11 60
11 63
11 65
11 66
11 67
11 68
11 71
11 75
11 76
11 78
11 79
11 80
11 86
11 90
11 93
11 97
11 98
11 99
12 14
12 17
12 19
12 20
12 21
12 22
12 24
12 27
12 29
12 30
12 31
12 32
12 33
12 34
12 35
12 36
12 39
12 41
12 48
12 52
12 53
12 54
12 57
12 58
12 59
12 64
12 65
12 67
12 69
12 71
12 73
12 75
12 77
12 78
12 79
12 81
12 82
12 83
12 84
12 85
12 88
12 89
12 91
12 92
12 97
12 98
12 99
13 16
13 17
13 18
13 21
13 23
13 24
13 25
13 31
13 32
13 33
13 34
13 35
13 37
13 38
13 40
13 44
13 45
13 47
13 49
13 50
13 52
13 54
13 55
13 56
13 59
13 62
13 64
13 66
13 69
13 70
13 73
13 74
13 76
13 77
13 78
13 79
13 81
13 82
13 86
13 87
13 88
13 89
13 90
13 91
13 95
13 97
13 99
14 15
14 18
14 20
14 22
14 23
14 24
14 25
14 28
14 34
14 35
14 38
14 39
14 40
14 44
14 52
14 53
14 55
14 57
14 58
14 61
14 66
14 69
14 71
14 74
14 80
14 81
14 82
14 83
14 85
14 86
14 88
14 89
14 90
14 92
14 93
14 94
14 96
14 97
14 98
14 99
15 16
15 18
15 19
15 21
15 24
15 26
15 35
15 36
15 37
15 42
15 46
15 47
15 48
15 52
15 53
15 59
15 60
15 67
15 69
15 72
15 73
15 74
15 75
15 76
15 78
15 83
15 85
15 86
15 88
15 89
15 92
15 93
16 17
16 18
16 19
16 20
16 22
16 24
16 26
16 30
16 31
16 32
16 33
16 34
16 35
16 36
16 37
16 39
16 41
16 45
16 47
16 48
16 51
16 55
16 56
16 57
16 60
16 63
16 64
16 65
16 67
16 68
16 69
16 70
16 71
16 74
16 77
16 79
16 80
16 81
16 83
16 85
16 86
16 87
16 89
16 90
16 93
16 95
16 97
16 99
17 18
17 19
17 22
17 23
17 24
17 27
17 28
17 29
17 31
17 33
17 34
17 35
17 38
17 40
17 45
17 48
17 49
17 51
17 54
17 56
17 58
17 59
17 60
17 61
17 62
17 63
17 66
17 67
17 69
17 70
17 72
17 74
17 75
17 84
17 85
17 86
17 87
17 88
17 89
17 91
17 94
17 95
17 97
17 99
18 21
18 22
18 25
18 26
18 28
18 29
18 33
18 35
18 37
18 38
18 39
18 40
18 42
18 45
18 48
18 50
18 51
18 52
18 53
18 54
18 56
18 57
18 60
18 61
18 62
18 63
18 65
18 66
18 68
18 69
18 71
18 72
18 76
18 77
18 80
18 81
18 82
18 84
18 85
18 87
18 89
18 92
18 93
18 97
18 99
19 24
19 26
19 27
19 28
19 29
19 30
19 33
19 36
19 40
19 41
19 42
19 44
19 45
19 50
19 53
19 55
19 60
19 65
19 67
19 68
19 71
19 72
19 73
19 75
19 76
19 78
19 79
19 80
19 85
19 86
19 88
19 89
19 90
19 91
19 92
19 95
20 21
20 22
20 23
20 24
20 28
20 29
20 32
20 33
20 35
20 36
20 38
20 39
20 41
20 42
20 43
20 45
20 47
20 51
20 55
20 57
20 59
20 60
20 61
20 62
20 65
20 66
20 69
20 71
20 74
20 76
20 79
20 82
20 83
20 85
20 87
20 89
20 91
20 93
20 94
20 95
20 97
21 22
21 24
21 26
21 28
21 32
21 33
21 34
21 39
21 40
21 49
21 51
21 53
21 57
21 59
21 61
21 65
21 66
21 67
21 68
21 74
21 75
21 79
21 80
21 84
21 85
21 87
21 98
22 25
22 27
22 33
22 34
22 36
22 37
22 38
22 40
22 43
22 44
22 47
22 48
22 49
22 51
22 53
22 55
22 58
22 59
22 60
22 63
22 65
22 67
22 68
22 70
22 79
22 80
22 81
22 83
22 86
22 88
22 89
22 90
22 93
22 95
22 97
22 98
22 99
23 25
23 26
23 27
23 28
23 30
23 31
23 33
23 34
23 40
23 43
23 45
23 46
23 48
23 50
23 51
23 53
23 55
23 57
23 59
23 62
23 64
23 65
23 66
23 68
23 70
23 72
23 73
23 74
23 75
23 78
23 79
23 81
23 83
23 85
23 86
23 87
23 88
23 90
23 92
23 95
24 25
24 28
24 29
24 33
24 35
24 41
24 43
24 44
24 45
24 51
24 54
24 56
24 59
24 60
24 61
24 64
24 65
24 66
24 67
24 68
24 75
24 76
24 77
24 79
24 81
24 82
24 83
24 86
24 91
24 93
24 97
25 26
25 28
25 29
25 30
25 31
25 32
25 34
25 37
25 38
25 39
25 41
25 43
25 44
25 46
25 47
25 49
25 54
25 55
25 56
25 57
25 60
25 61
25 63
25 64
25 65
25 69
25 70
25 75
25 78
25 79
25 80
25 81
25 82
25 83
25 84
25 88
25 90
25 91
25 92
25 93
25 95
25 96
25 98
25 99
26 27
26 29
26 31
26 32
26 33
26 36
26 37
26 38
26 39
26 41
26 42
26 43
26 44
26 47
26 51
26 54
26 57
26 61
26 65
26 66
26 67
26 69
26 70
26 72
26 73
26 76
26 77
26 80
26 83
26 84
26 85
26 88
26 89
26 95
26 96
26 97
27 31
27 34
27 35
27 37
27 42
27 43
27 44
27 46
27 48
27 53
27 54
27 55
27 56
27 58
27 60
27 62
27 65
27 67
27 70
27 71
27 72
27 73
27 74
27 80
27 81
27 83
27 86
27 87
27 91
27 92
27 94
27 96
27 98
28 31
28 34
28 36
28 38
28 39
28 43
28 44
28 45
28 50
28 52
28 53
28 54
28 55
28 56
28 57
28 62
28 64
28 65
28 66
28 67
28 69
28 70
28 71
28 73
28 74
28 75
28 76
28 78
28 79
28 80
28 81
28 83
28 85
28 87
28 89
28 90
28 92
28 93
28 94
28 96
28 99
29 30
29 34
29 35
29 36
29 37
29 38
29 39
29 41
29 42
29 43
29 44
29 50
29 52
29 54
29 55
29 56
29 57
29 58
29 65
29 66
29 67
29 72
29 79
29 80
29 81
29 82
29 84
29 87
29 90
29 91
29 94
29 95
29 96
29 98
29 99
30 32
30 33
30 35
30 39
30 40
30 41
30 42
30 43
30 44
30 47
30 49
30 51
30 52
30 53
30 55
30 56
30 57
30 59
30 62
30 63
30 65
30 66
30 68
30 69
30 71
30 72
30 73
30 75
30 76
30 77
30 79
30 81
30 84
30 88
30 90
30 91
30 95
30 96
30 98
31 33
31 34
31 35
31 36
31 37
31 38
31 39
31 41
31 42
31 43
31 44
31 47
31 50
31 51
31 52
31 54
31 55
31 56
31 60
31 61
31 63
31 64
31 71
31 73
31 74
31 75
31 79
31 80
31 81
31 82
31 84
31 85
31 86
31 87
31 88
31 89
31 93
31 96
31 98
32 34
32 35
32 36
32 39
32 40
32 42
32 43
32 44
32 45
32 46
32 47
32 48
32 51
32 52
32 53
32 54
32 55
32 57
32 58
32 59
32 60
32 61
32 64
32 66
32 67
32 69
32 71
32 72
32 74
32 76
32 77
32 80
32 81
32 83
32 85
32 86
32 87
32 88
32 89
32 90
32 94
32 95
32 96
32 98
32 99
33 34
33 36
33 37
33 39
33 40
33 41
33 44
33 45
33 46
33 49
33 50
33 51
33 52
33 54
33 55
33 56
33 57
33 58
33 60
33 61
33 63
33 65
33 66
33 67
33 68
33 73
33 74
33 76
33 77
33 79
33 80
33 81
33 82
33 84
33 89
33 90
33 91
33 93
33 94
33 97
34 35
34 36
34 38
34 39
34 41
34 42
34 43
34 47
34 48
34 50
34 51
34 52
34 56
34 57
34 59
34 61
34 63
34 66
34 67
34 68
34 69
34 70
34 73
34 76
34 78
34 79
34 80
34 81
34 82
34 84
34 85
34 86
34 87
34 88
34 90
34 92
34 95
34 96
35 37
35 38
35 41
35 49
35 50
35 51
35 53
35 55
35 57
35 59
35 60
35 61
35 64
35 69
35 70
35 71
35 78
35 80
35 83
35 84
35 85
35 86
35 87
35 89
35 90
35 93
35 94
35 95
35 96
35 97
36 37
36 38
36 41
36 44
36 46
36 48
36 51
36 52
36 54
36 55
36 58
36 59
36 61
36 65
36 66
36 67
36 68
36 70
36 71
36 74
36 77
36 78
36 79
36 80
36 81
36 82
36 83
36 84
36 85
36 86
36 91
36 94
36 99
37 39
37 40
37 41
37 42
37 46
37 47
37 48
37 49
37 50
37 51
37 53
37 56
37 57
37 58
37 62
37 65
37 71
37 72
37 73
37 76
37 77
37 79
37 80
37 81
37 82
37 85
37 87
37 88
37 90
37 91
37 92
37 94
37 95
37 96
37 98
38 42
38 45
38 46
38 47
38 49
38 51
38 52
38 53
38 54
38 59
38 60
38 64
38 65
38 66
38 67
38 68
38 69
38 70
38 74
38 78
38 80
38 82
38 84
38 86
38 91
38 92
38 96
38 99
39 42
39 43
39 44
39 48
39 50
39 54
39 60
39 61
39 62
39 63
39 65
39 68
39 73
39 74
39 75
39 76
39 77
39 78
39 80
39 82
39 83
39 84
39 88
39 90
39 92
39 96
39 97
40 42
40 43
40 46
40 48
40 49
40 50
40 52
40 53
40 55
40 56
40 57
40 60
40 62
40 65
40 68
40 71
40 72
40 74
40 75
40 78
40 80
40 81
40 84
40 85
40 87
40 88
40 89
40 90
40 91
40 93
40 94
40 96
40 98
41 45
41 46
41 47
41 51
41 56
41 57
41 58
41 60
41 62
41 63
41 64
41 65
41 66
41 67
41 68
41 69
41 71
41 76
41 79
41 83
41 85
41 88
41 89
41 92
41 95
41 98
42 46
42 47
42 48
42 52
42 54
42 58
42 60
42 61
42 63
42 68
42 71
42 73
42 74
42 76
42 78
42 80
42 81
42 82
42 88
42 90
42 92
42 93
42 96
42 99
43 46
43 47
43 49
43 50
43 52
43 54
43 60
43 61
43 63
43 66
43 67
43 69
43 70
43 72
43 75
43 77
43 78
43 79
43 83
43 84
43 87
43 89
43 92
43 93
44 47
44 48
44 50
44 52
44 54
44 55
44 56
44 57
44 59
44 60
44 61
44 73
44 74
44 76
44 77
44 80
44 81
44 82
44 83
44 85
44 89
44 95
44 96
44 97
44 98
44 99
45 46
45 47
45 48
45 50
45 55
45 60
45 62
45 63
45 65
45 67
45 72
45 73
45 75
45 78
45 82
45 84
45 86
45 87
45 89
45 94
45 95
45 99
46 47
46 48
46 50
46 52
46 54
46 55
46 59
46 60
46 62
46 64
46 65
46 66
46 67
46 72
46 76
46 79
46 82
46 83
46 85
46 89
46 90
46 91
46 92
46 93
46 94
46 99
47 48
47 49
47 50
47 52
47 55
47 56
47 58
47 59
47 61
47 64
47 66
47 67
47 68
47 72
47 73
47 75
47 77
47 79
47 80
47 83
47 85
47 94
47 96
48 50
48 51
48 52
48 53
48 54
48 57
48 58
48 60
48 63
48 69
48 71
48 72
48 73
48 74
48 75
48 78
48 82
48 90
48 92
48 93
48 95
48 96
48 98
49 50
49 51
49 53
49 54
49 55
49 56
49 59
49 61
49 63
49 65
49 66
49 69
49 70
49 72
49 74
49 75
49 82
49 86
49 87
49 88
49 90
49 91
49 92
49 93
49 94
49 95
50 51
50 52
50 54
50 55
50 57
50 59
50 65
50 66
50 70
50 71
50 72
50 73
50 75
50 76
50 80
50 83
50 85
50 86
50 87
50 90
50 91
50 93
50 97
51 53
51 54
51 58
51 60
51 61
51 63
51 65
51 66
51 67
51 70
51 71
51 72
51 73
51 77
51 78
51 83
51 84
51 86
51 87
51 88
51 90
51 91
51 92
51 94
51 95
51 98
52 53
52 54
52 56
52 58
52 60
52 61
52 64
52 65
52 66
52 67
52 69
52 70
52 74
52 77
52 80
52 83
52 87
52 89
52 91
52 93
52 94
52 95
52 97
52 98
52 99
53 56
53 58
53 59
53 60
53 66
53 68
53 69
53 70
53 71
53 72
53 74
53 75
53 76
53 78
53 79
53 80
53 81
53 85
53 87
53 88
53 89
53 90
53 93
53 95
53 98
54 57
54 58
54 61
54 63
54 65
54 68
54 70
54 72
54 75
54 78
54 79
54 80
54 81
54 82
54 85
54 92
54 93
54 94
54 95
54 98
54 99
55 58
55 59
55 62
55 63
55 65
55 66
55 68
55 69
55 73
55 74
55 76
55 78
55 79
55 80
55 83
55 88
55 91
55 92
55 94
55 96
56 58
56 62
56 64
56 73
56 75
56 76
56 77
56 80
56 82
56 83
56 84
56 85
56 86
56 88
56 89
56 94
57 64
57 65
57 66
57 69
57 70
57 72
57 74
57 78
57 79
57 83
57 85
57 86
57 87
57 91
57 93
57 94
57 95
57 97
57 98
58 61
58 65
58 66
58 67
58 68
58 69
58 70
58 71
58 73
58 76
58 79
58 83
58 85
58 90
58 93
58 95
58 98
59 60
59 62
59 63
59 66
59 67
59 70
59 72
59 76
59 78
59 80
59 81
59 83
59 87
59 88
59 89
59 90
59 91
59 93
59 94
59 97
59 98
59 99
60 64
60 65
60 68
60 69
60 72
60 74
60 76
60 77
60 79
60 80
60 82
60 86
60 88
60 91
60 93
60 94
60 95
60 98
60 99
61 64
61 65
61 66
61 68
61 73
61 74
61 76
61 78
61 79
61 80
61 82
61 84
61 85
61 86
61 87
61 92
61 95
61 98
62 63
62 64
62 65
62 66
62 68
62 71
62 75
62 78
62 80
62 81
62 83
62 86
62 88
62 90
62 91
62 92
62 95
63 65
63 66
63 68
63 69
63 70
63 71
63 76
63 78
63 80
63 81
63 82
63 83
63 84
63 87
63 88
63 91
63 92
63 93
63 94
63 97
63 98
64 68
64 74
64 77
64 78
64 80
64 81
64 84
64 85
64 86
64 87
64 90
64 98
65 66
65 68
65 69
65 74
65 76
65 78
65 79
65 80
65 82
65 83
65 85
65 88
65 89
65 91
65 92
65 93
65 95
65 96
65 99
66 67
66 68
66 69
66 72
66 75
66 76
66 77
66 79
66 80
66 82
66 84
66 85
66 87
66 88
66 89
66 90
66 91
66 93
66 96
66 98
66 99
67 70
67 71
67 74
67 75
67 76
67 77
67 83
67 86
67 88
67 94
67 95
67 96
68 69
68 72
68 74
68 75
68 76
68 80
68 82
68 83
68 85
68 91
68 92
68 95
68 96
68 98
68 99
69 71
69 72
69 73
69 74
69 75
69 78
69 79
69 80
69 81
69 84
69 95
69 96
69 97
69 99
70 71
70 73
70 75
70 77
70 78
70 79
70 85
70 87
70 88
70 89
70 92
70 97
70 98
71 73
71 74
71 76
71 78
71 80
71 81
71 84
71 86
71 87
71 89
71 92
71 97
71 98
72 73
72 75
72 78
72 79
72 80
72 81
72 83
72 85
72 86
72 92
72 93
72 97
73 74
73 75
73 76
73 77
73 79
73 80
73 85
73 89
73 91
73 92
73 93
73 94
73 96
73 98
73 99
74 75
74 76
74 78
74 79
74 80
74 81
74 83
74 84
74 86
74 87
74 88
74 89
74 90
74 92
74 93
74 96
74 98
74 99
75 79
75 85
75 87
75 88
75 90
75 91
75 93
75 94
75 95
75 98
76 80
76 81
76 82
76 83
76 87
76 93
76 94
76 95
76 96
76 98
77 79
77 80
77 82
77 86
77 87
77 88
77 92
77 94
77 96
77 97
77 98
77 99
78 80
78 84
78 86
78 87
78 90
78 91
78 92
78 93
78 97
78 98
79 80
79 81
79 91
79 94
79 96
80 81
80 83
80 84
80 85
80 87
80 89
80 92
80 96
80 97
80 98
81 84
81 86
81 88
81 91
81 95
82 83
82 88
82 91
82 93
82 97
83 88
83 90
83 94
83 96
83 98
83 99
84 85
84 86
84 87
84 88
84 90
84 94
84 96
84 97
84 98
85 87
85 91
85 94
85 99
86 88
86 90
86 93
86 94
86 95
86 96
86 97
86 98
87 88
87 89
87 91
87 92
87 93
87 94
87 95
87 99
88 92
88 95
88 97
88 98
89 90
89 91
89 93
89 95
89 96
89 98
89 99
90 91
90 92
90 98
91 94
91 95
91 96
91 98
91 99
92 93
92 95
92 97
92 98
92 99
93 95
93 97
93 98
93 99
94 97
94 98
94 99
95 97
95 98
95 99
96 97
96 98
97 99
98 99
