0 2
0 3
0 4
0 5
0 9
0 14
0 16
0 17
0 18
0 20
0 22
0 23
0 26
0 27
0 29
0 32
0 33
0 34
0 35
0 38
0 40
0 45
0 46
0 47
0 48
0 52
0 54
0 58
0 59
0 60
0 63
0 66
0 67
0 69
0 71
0 72
0 76
0 77
0 79
0 80
0 84
0 85
0 86
0 89
0 91
0 95
0 96
0 97
1 3
1 4
1 6
1 8
1 9
1 10
1 11
1 13
1 20
1 21
1 22
1 23
1 25
1 26
1 27
1 28
1 30
1 32
1 34
1 35
1 36
1 39
1 40
1 42
1 44
1 45
1 49
1 50
1 53
1 54
1 56
1 58
1 59
1 62
1 63
1 65
1 67
1 70
1 71
1 73
1 74
1 76
1 77
1 82
1 84
1 85
1 89
1 92
1 93
1 95
1 98
2 3
2 4
2 5
2 6
2 7
2 10
2 11
2 12
2 15
2 16
2 17
2 18
2 19
2 21
2 22
2 23
2 24
2 25
2 26
2 28
2 30
2 32
2 33
2 34
2 35
2 41
2 42
2 44
2 47
2 51
2 55
2 56
2 57
2 59
2 60
2 63
2 64
2 65
2 67
2 68
2 69
2 70
2 72
2 73
2 77
2 78
2 80
2 81
2 84
2 85
2 86
2 87
2 89
2 91
2 92
2 94
3 6
3 7
3 8
3 10
3 11
3 12
3 13
3 15
3 20
3 21
3 23
3 25
3 27
3 30
3 31
3 35
3 37
3 39
3 42
3 44
3 47
3 48
3 50
3 51
3 52
3 57
3 59
3 60
3 61
3 63
3 65
3 66
3 67
3 69
3 72
3 73
3 75
3 77
3 78
3 80
3 82
3 89
3 91
3 92
3 94
3 96
3 99
4 5
4 7
4 9
4 10
4 11
4 13
4 17
4 18
4 19
4 21
4 22
4 24
4 25
4 26
4 28
4 32
4 33
4 34
4 35
4 36
4 42
4 49
4 50
4 51
4 52
4 54
4 55
4 57
4 58
4 60
4 63
4 64
4 65
4 66
4 67
4 68
4 70
4 74
4 76
4 78
4 79
4 80
4 82
4 84
4 86
4 87
4 91
4 97
4 99
5 7
5 10
5 11
5 12
5 13
5 15
5 18
5 20
5 22
5 26
5 27
5 29
5 30
5 31
5 32
5 35
5 37
5 40
5 41
5 46
5 47
5 50
5 51
5 52
5 54
5 56
5 57
5 58
5 61
5 62
5 63
5 65
5 67
5 68
5 71
5 74
5 81
5 82
5 84
5 86
5 87
5 91
5 92
5 93
5 95
5 97
5 98
6 7
6 9
6 10
6 11
6 13
6 15
6 17
6 18
6 23
6 24
6 25
6 29
6 30
6 33
6 37
6 39
6 40
6 41
6 42
6 44
6 48
6 49
6 50
6 51
6 53
6 54
6 55
6 56
6 57
6 58
6 59
6 60
6 61
6 63
6 72
6 74
6 75
6 77
6 86
6 88
6 89
6 90
6 91
6 93
6 94
6 95
6 97
7 11
7 13
7 14
7 15
7 17
7 19
7 20
7 22
7 25
7 26
7 27
7 28
7 30
7 34
7 36
7 37
7 38
7 39
7 41
7 42
7 43
7 45
7 46
7 47
7 58
7 59
7 60
7 64
7 65
7 66
7 68
7 74
7 77
7 79
7 80
7 81
7 82
7 85
7 86
7 89
7 90
7 91
7 93
7 94
7 96
7 97
8 12
8 13
8 16
8 21
8 24
8 27
8 30
8 31
8 33
8 34
8 36
8 37
8 38
8 41
8 44
8 45
8 50
8 51
8 52
8 54
8 55
8 56
8 60
8 61
8 62
8 63
8 65
8 66
8 67
8 68
8 69
8 70
8 71
8 75
8 78
8 82
8 83
8 84
8 85
8 86
8 91
8 93
8 94
8 95
8 99
9 12
9 14
9 15
9 16
9 18
9 20
9 22
9 25
9 26
9 27
9 28
9 29
9 31
9 32
9 33
9 34
9 36
9 39
9 40
9 42
9 45
9 48
9 51
9 54
9 55
9 56
9 59
9 60
9 61
9 62
9 63
9 67
9 68
9 69
9 72
9 73
9 78
9 79
9 80
9 81
9 82
9 85
9 90
9 92
9 93
9 95
9 96
10 11
10 12
10 14
10 15
10 16
10 17
10 19
10 20
10 21
10 24
10 29
10 31
10 32
10 35
10 37
10 41
10 43
10 45
10 46
10 49
10 50
10 54
10 55
10 56
10 60
10 61
10 64
10 66
10 73
10 74
10 75
10 76
10 79
10 80
10 81
10 82
10 83
10 84
10 85
10 86
10 87
10 89
10 91
10 96
10 98
10 99
11 13
11 14
11 16
11 18
11 19
11 21
11 22
11 24
11 25
11 26
11 27
11 29
11 32
11 38
11 39
11 41
11 42
11 44
11 46
11 47
11 49
11 52
11 54
11 55
11 56
11 57
11 58
11 64
11 66
11 68
11 71
11 74
11 76
11 77
11 78
11 81
11 82
11 84
11 86
11 87
11 89
11 90
11 92
11 94
11 95
11 96
12 16
12 17
12 18
12 20
12 22
12 26
12 27
12 29
12 31
12 32
12 33
12 34
12 35
12 38
12 42
12 44
12 45
12 47
12 49
12 50
12 51
12 52
12 53
12 56
12 57
12 58
12 59
12 60
12 63
12 65
12 67
12 68
12 70
12 73
12 74
12 75
12 77
12 78
12 85
12 87
12 88
12 89
12 90
12 91
12 92
12 94
12 95
13 14
13 15
13 17
13 18
13 23
13 28
13 29
13 32
13 33
13 34
13 35
13 36
13 37
13 39
13 41
13 42
13 43
13 44
13 47
13 49
13 52
13 53
13 55
13 56
13 59
13 60
13 63
13 67
13 68
13 70
13 73
13 77
13 79
13 82
13 83
13 84
13 85
13 86
13 89
13 91
13 92
13 93
13 94
13 96
13 98
13 99
14 15
14 16
14 17
14 19
14 21
14 23
14 24
14 28
14 31
14 33
14 35
14 36
14 38
14 39
14 40
14 43
14 44
14 46
14 50
14 53
14 57
14 58
14 59
14 60
14 61
14 62
14 67
14 69
14 71
14 79
14 80
14 81
14 83
14 84
14 85
14 86
14 87
14 89
14 91
14 95
14 96
15 16
15 22
15 24
15 27
15 28
15 29
15 32
15 36
15 38
15 43
15 44
15 46
15 49
15 51
15 53
15 55
15 56
15 57
15 58
15 60
15 62
15 63
15 64
15 67
15 72
15 74
15 78
15 80
15 82
15 85
15 90
15 94
15 95
15 96
16 22
16 24
16 26
16 28
16 29
16 31
16 33
16 34
16 35
16 38
16 42
16 43
16 44
16 45
16 46
16 49
16 51
16 53
16 56
16 57
16 58
16 62
16 63
16 65
16 66
16 73
16 74
16 76
16 80
16 81
16 82
16 85
16 86
16 88
16 89
16 91
16 92
16 96
16 97
17 22
17 24
17 25
17 28
17 29
17 33
17 35
17 41
17 42
17 45
17 46
17 47
17 49
17 51
17 52
17 54
17 55
17 57
17 58
17 60
17 62
17 63
17 64
17 65
17 66
17 68
17 69
17 70
17 72
17 80
17 81
17 84
17 85
17 86
17 88
17 91
17 95
17 96
17 98
17 99
18 21
18 24
18 26
18 27
18 28
18 30
18 31
18 35
18 39
18 40
18 41
18 43
18 45
18 46
18 47
18 48
18 50
18 54
18 55
18 57
18 58
18 60
18 64
18 69
18 71
18 74
18 78
18 80
18 81
18 83
18 84
18 87
18 89
18 90
18 91
18 93
18 95
18 97
19 20
19 21
19 23
19 24
19 25
19 26
19 29
19 30
19 31
19 34
19 37
19 40
19 43
19 45
19 46
19 47
19 50
19 51
19 52
19 53
19 56
19 57
19 58
19 60
19 62
19 63
19 67
19 68
19 69
19 72
19 74
19 75
19 76
19 77
19 78
19 82
19 84
19 87
19 88
19 89
19 92
19 93
19 96
20 21
20 22
20 25
20 33
20 34
20 37
20 40
20 43
20 45
20 46
20 47
20 50
20 52
20 53
20 54
20 55
20 59
20 60
20 62
20 63
20 64
20 69
20 70
20 71
20 72
20 76
20 78
20 86
20 88
20 91
20 92
20 93
20 97
20 98
21 24
21 25
21 26
21 31
21 33
21 34
21 41
21 42
21 47
21 49
21 50
21 51
21 52
21 56
21 57
21 59
21 61
21 62
21 63
21 64
21 65
21 66
21 67
21 68
21 70
21 71
21 72
21 73
21 74
21 76
21 81
21 82
21 85
21 86
21 87
21 88
21 91
21 94
21 95
21 97
21 99
22 28
22 29
22 32
22 33
22 34
22 36
22 37
22 39
22 42
22 43
22 44
22 45
22 47
22 48
22 52
22 55
22 60
22 62
22 63
22 64
22 65
22 66
22 69
22 70
22 71
22 74
22 75
22 76
22 80
22 81
22 82
22 83
22 84
22 86
22 87
22 89
22 91
22 93
22 94
22 95
22 96
23 24
23 28
23 31
23 32
23 35
23 36
23 38
23 39
23 40
23 41
23 42
23 43
23 46
23 47
23 48
23 51
23 53
23 54
23 57
23 58
23 59
23 60
23 61
23 63
23 67
23 72
23 73
23 74
23 77
23 79
23 85
23 88
23 91
23 92
23 95
23 96
23 98
24 26
24 27
24 30
24 31
24 32
24 33
24 35
24 36
24 39
24 40
24 41
24 42
24 43
24 45
24 46
24 47
24 49
24 50
24 51
24 52
24 53
24 61
24 63
24 64
24 66
24 67
24 69
24 70
24 72
24 75
24 77
24 80
24 81
24 84
24 85
24 86
24 87
24 88
24 90
24 91
24 92
24 93
24 95
24 96
24 99
25 26
25 27
25 29
25 34
25 38
25 39
25 40
25 45
25 48
25 53
25 54
25 55
25 56
25 61
25 64
25 65
25 66
25 67
25 70
25 71
25 72
25 75
25 78
25 79
25 85
25 86
25 88
25 89
25 90
25 91
25 93
25 94
25 96
25 98
25 99
26 27
26 28
26 29
26 32
26 35
26 37
26 39
26 42
26 43
26 44
26 46
26 47
26 48
26 49
26 51
26 52
26 54
26 55
26 58
26 62
26 64
26 66
26 67
26 69
26 72
26 75
26 77
26 79
26 80
26 87
26 91
26 97
26 99
27 30
27 33
27 35
27 36
27 38
27 40
27 41
27 42
27 43
27 47
27 48
27 49
27 51
27 53
27 55
27 56
27 58
27 59
27 60
27 62
27 63
27 65
27 68
27 69
27 74
27 76
27 79
27 80
27 81
27 82
27 84
27 85
27 86
27 87
27 88
27 89
27 90
27 91
27 94
27 95
27 96
28 29
28 30
28 31
28 32
28 33
28 34
28 35
28 37
28 41
28 42
28 43
28 44
28 48
28 49
28 51
28 54
28 60
28 63
28 64
28 65
28 66
28 67
28 68
28 69
28 71
28 77
28 83
28 85
28 86
28 89
28 90
28 92
28 93
28 94
28 95
28 98
28 99
29 31
29 32
29 33
29 35
29 37
29 38
29 40
29 45
29 47
29 48
29 49
29 51
29 52
29 53
29 54
29 57
29 58
29 59
29 62
29 63
29 64
29 66
29 67
29 68
29 69
29 70
29 72
29 74
29 75
29 76
29 79
29 82
29 83
29 84
29 85
29 87
29 88
29 94
29 98
30 33
30 34
30 35
30 37
30 38
30 39
30 41
30 42
30 43
30 44
30 45
30 47
30 48
30 49
30 50
30 52
30 53
30 55
30 57
30 58
30 63
30 64
30 65
30 70
30 71
30 72
30 73
30 74
30 76
30 79
30 82
30 83
30 84
30 85
30 88
30 91
30 92
30 93
30 95
30 96
30 97
30 99
31 32
31 33
31 35
31 36
31 37
31 38
31 39
31 40
31 41
31 42
31 43
31 44
31 45
31 46
31 48
31 49
31 50
31 55
31 56
31 58
31 62
31 72
31 74
31 76
31 79
31 80
31 83
31 87
31 92
31 94
31 95
31 98
32 33
32 34
32 35
32 38
32 39
32 41
32 42
32 44
32 45
32 50
32 54
32 55
32 56
32 57
32 58
32 59
32 62
32 64
32 69
32 74
32 75
32 77
32 78
32 79
32 80
32 81
32 84
32 85
32 95
32 97
32 98
33 34
33 36
33 38
33 40
33 41
33 43
33 45
33 46
33 47
33 50
33 52
33 53
33 54
33 56
33 57
33 59
33 62
33 67
33 69
33 71
33 72
33 73
33 74
33 75
33 76
33 77
33 78
33 79
33 81
33 82
33 83
33 84
33 88
33 89
33 92
33 93
33 96
33 98
33 99
34 35
34 36
34 37
34 39
34 40
34 46
34 47
34 51
34 54
34 55
34 56
34 57
34 59
34 62
34 64
34 65
34 66
34 67
34 69
34 70
34 71
34 72
34 74
34 77
34 78
34 79
34 82
34 83
34 85
34 86
34 88
34 90
34 93
34 94
34 97
34 98
34 99
35 36
35 37
35 38
35 39
35 43
35 44
35 45
35 47
35 51
35 56
35 58
35 62
35 63
35 64
35 67
35 69
35 70
35 71
35 74
35 75
35 78
35 79
35 80
35 84
35 85
35 88
35 89
35 92
35 96
35 97
35 98
35 99
36 37
36 39
36 41
36 44
36 45
36 46
36 47
36 48
36 50
36 52
36 54
36 56
36 59
36 63
36 64
36 67
36 68
36 69
36 71
36 73
36 75
36 77
36 78
36 81
36 82
36 83
36 91
36 92
36 93
36 97
36 98
37 38
37 42
37 43
37 47
37 48
37 50
37 53
37 56
37 60
37 61
37 62
37 63
37 64
37 65
37 67
37 68
37 69
37 71
37 72
37 73
37 74
37 75
37 78
37 82
37 84
37 87
37 88
37 89
37 91
37 92
37 93
37 94
37 95
38 43
38 46
38 47
38 53
38 54
38 55
38 57
38 59
38 60
38 61
38 63
38 66
38 67
38 68
38 69
38 70
38 71
38 72
38 73
38 74
38 75
38 76
38 77
38 79
38 82
38 84
38 87
38 88
38 90
38 91
38 94
38 96
38 99
39 40
39 42
39 45
39 46
39 47
39 48
39 57
39 59
39 60
39 64
39 66
39 68
39 69
39 74
39 76
39 77
39 78
39 79
39 80
39 81
39 82
39 84
39 85
39 86
39 88
39 91
39 93
39 98
39 99
40 41
40 42
40 45
40 47
40 48
40 49
40 50
40 51
40 52
40 53
40 54
40 55
40 56
40 57
40 58
40 61
40 63
40 64
40 67
40 69
40 72
40 75
40 77
40 78
40 79
40 80
40 81
40 82
40 84
40 85
40 87
40 88
40 90
40 91
40 94
40 95
40 99
41 44
41 45
41 47
41 48
41 51
41 53
41 54
41 55
41 56
41 57
41 58
41 59
41 61
41 63
41 68
41 69
41 71
41 72
41 74
41 78
41 80
41 83
41 87
41 91
41 92
41 94
41 95
41 96
41 97
41 98
41 99
42 45
42 48
42 52
42 53
42 55
42 62
42 63
42 65
42 67
42 68
42 79
42 80
42 81
42 83
42 87
42 88
42 90
42 91
42 93
42 94
42 95
43 45
43 48
43 50
43 51
43 56
43 62
43 64
43 65
43 66
43 68
43 70
43 74
43 75
43 79
43 82
43 90
43 94
43 95
43 99
44 47
44 48
44 49
44 51
44 54
44 55
44 58
44 59
44 60
44 63
44 65
44 67
44 69
44 70
44 71
44 72
44 73
44 78
44 79
44 81
44 82
44 83
44 87
44 89
44 90
44 91
44 92
44 93
44 95
44 96
44 98
44 99
45 48
45 53
45 55
45 56
45 57
45 58
45 60
45 61
45 65
45 66
45 67
45 68
45 69
45 70
45 76
45 78
45 84
45 85
45 86
45 87
45 90
45 91
45 92
45 94
45 96
45 98
45 99
46 49
46 50
46 51
46 52
46 53
46 55
46 57
46 58
46 60
46 61
46 62
46 63
46 65
46 66
46 67
46 68
46 69
46 72
46 73
46 76
46 79
46 80
46 81
46 82
46 85
46 86
46 90
46 92
46 99
47 50
47 52
47 53
47 54
47 61
47 62
47 63
47 64
47 66
47 68
47 71
47 75
47 76
47 78
47 79
47 84
47 86
47 89
47 90
47 91
47 93
47 96
47 97
47 98
48 49
48 53
48 54
48 56
48 57
48 62
48 63
48 66
48 67
48 69
48 71
48 73
48 76
48 78
48 79
48 81
48 83
48 84
48 85
48 86
48 87
48 88
48 91
48 96
48 97
48 99
49 50
49 52
49 53
49 54
49 55
49 56
49 57
49 59
49 60
49 63
49 67
49 68
49 70
49 72
49 73
49 75
49 76
49 78
49 79
49 81
49 82
49 83
49 84
49 85
49 86
49 88
49 90
49 91
49 92
49 93
49 97
49 98
49 99
50 51
50 55
50 61
50 63
50 66
50 73
50 74
50 75
50 77
50 79
50 80
50 82
50 84
50 86
50 89
50 90
50 91
50 92
50 94
50 95
50 96
50 98
51 53
51 55
51 58
51 62
51 63
51 64
51 65
51 67
51 68
51 70
51 79
51 81
51 84
51 85
51 86
51 87
51 91
51 92
51 95
51 97
52 54
52 56
52 57
52 58
52 61
52 63
52 64
52 65
52 66
52 68
52 73
52 75
52 79
52 80
52 81
52 83
52 84
52 85
52 86
52 87
52 89
52 90
52 91
52 93
52 94
52 96
52 97
52 98
52 99
53 59
53 61
53 62
53 63
53 69
53 70
53 71
53 75
53 77
53 79
53 80
53 81
53 82
53 83
53 84
53 86
53 91
53 92
53 94
53 97
54 56
54 59
54 60
54 61
54 62
54 63
54 65
54 67
54 68
54 70
54 71
54 72
54 77
54 78
54 83
54 84
54 86
54 88
54 89
54 92
54 93
54 99
55 58
55 60
55 61
55 62
55 63
55 64
55 65
55 66
55 70
55 73
55 74
55 75
55 78
55 79
55 80
55 81
55 83
55 85
55 86
55 90
55 92
55 97
55 99
56 57
56 60
56 61
56 62
56 64
56 66
56 69
56 70
56 72
56 73
56 76
56 78
56 79
56 81
56 82
56 83
56 84
56 85
56 87
56 89
56 91
56 92
56 94
56 95
56 96
56 98
56 99
57 59
57 63
57 64
57 66
57 67
57 68
57 69
57 71
57 72
57 73
57 74
57 76
57 77
57 78
57 79
57 80
57 83
57 85
57 86
57 88
57 90
57 91
57 92
57 95
57 98
57 99
58 59
58 61
58 65
58 66
58 67
58 70
58 75
58 76
58 77
58 78
58 80
58 81
58 82
58 83
58 84
58 85
58 90
58 92
58 93
58 94
58 95
58 96
58 99
59 61
59 62
59 63
59 64
59 66
59 67
59 71
59 73
59 74
59 75
59 76
59 78
59 79
59 82
59 83
59 85
59 87
59 88
59 91
59 98
59 99
60 61
60 62
60 63
60 64
60 65
60 67
60 69
60 72
60 73
60 74
60 75
60 76
60 77
60 78
60 79
60 80
60 81
60 83
60 85
60 88
60 89
60 90
60 91
60 93
60 95
60 98
60 99
61 65
61 70
61 72
61 74
61 75
61 80
61 81
61 83
61 86
61 87
61 88
61 89
61 90
61 92
61 98
61 99
62 63
62 66
62 67
62 71
62 72
62 74
62 75
62 77
62 78
62 80
62 81
62 84
62 85
62 88
62 92
62 96
62 97
62 98
63 66
63 69
63 71
63 74
63 75
63 76
63 77
63 80
63 81
63 82
63 85
63 87
63 89
63 90
63 91
63 92
63 96
63 99
64 66
64 69
64 71
64 77
64 79
64 80
64 81
64 82
64 83
64 87
64 90
64 91
64 93
64 96
64 98
64 99
65 67
65 70
65 74
65 75
65 76
65 77
65 79
65 82
65 84
65 85
65 86
65 88
65 94
66 67
66 69
66 71
66 72
66 75
66 77
66 79
66 81
66 82
66 84
66 85
66 87
66 88
66 90
66 91
66 92
66 94
66 95
66 96
66 97
66 99
67 73
67 74
67 75
67 80
67 81
67 82
67 83
67 85
67 87
67 91
67 94
67 96
67 97
67 98
68 69
68 78
68 80
68 81
68 82
68 88
68 91
68 93
68 95
68 97
68 98
69 71
69 72
69 75
69 76
69 77
69 80
69 81
69 82
69 84
69 85
69 87
69 88
69 89
69 91
69 93
69 98
70 71
70 73
70 80
70 83
70 86
70 88
70 92
70 94
70 95
70 96
70 97
71 72
71 73
71 75
71 77
71 78
71 79
71 80
71 81
71 82
71 84
71 89
71 91
71 92
71 93
71 97
71 98
72 74
72 77
72 80
72 81
72 82
72 83
72 85
72 87
72 89
72 90
72 92
72 94
72 95
72 97
72 99
73 74
73 79
73 82
73 83
73 86
73 89
73 90
73 92
73 93
73 95
73 97
73 98
74 77
74 79
74 82
74 84
74 85
74 86
74 87
74 89
74 91
74 93
74 94
74 95
74 96
74 98
75 76
75 77
75 81
75 82
75 83
75 84
75 85
75 86
75 91
75 92
75 98
76 79
76 81
76 82
76 83
76 84
76 85
76 86
76 91
76 92
76 93
76 95
76 97
76 98
77 80
77 81
77 83
77 84
77 85
77 86
77 88
77 90
77 91
77 94
77 95
78 79
78 80
78 81
78 84
78 87
78 88
78 94
78 96
78 97
79 81
79 82
79 84
79 85
79 91
79 94
79 96
79 98
80 83
80 84
80 85
80 86
80 87
80 89
80 90
80 91
80 92
80 96
80 97
80 98
80 99
81 82
81 83
81 84
81 87
81 91
81 93
81 97
82 83
82 85
82 89
82 90
82 93
82 96
82 97
82 98
82 99
83 86
83 88
83 89
83 90
83 91
83 92
83 93
83 95
83 97
84 86
84 87
84 89
84 90
84 91
84 92
84 94
84 96
84 99
85 88
85 91
85 94
85 96
86 87
86 88
86 90
86 92
86 93
86 95
86 99
87 93
87 94
87 95
87 96
87 98
88 91
88 93
88 94
88 95
88 96
88 97
88 98
88 99
89 91
89 93
89 94
89 97
89 99
90 91
90 95
90 96
90 98
90 99
91 93
91 94
91 98
92 93
92 94
92 96
92 97
93 96
93 98
94 95
94 99
95 97
95 98
95 99
96 97
98 99
