0 1
0 2
0 4
0 5
0 7
0 9
0 10
0 14
0 15
0 16
0 17
0 18
0 19
0 21
0 22
0 25
0 31
0 34
0 35
0 38
0 39
0 42
0 45
0 49
0 54
0 58
0 64
0 67
0 68
0 70
0 71
0 72
0 75
0 78
0 79
0 80
0 81
0 83
0 84
0 86
0 88
0 90
0 91
0 92
0 93
0 94
0 95
0 99
1 2
1 3
1 4
1 5
1 6
1 8
1 13
1 16
1 17
1 19
1 21
1 28
1 30
1 31
1 32
1 33
1 38
1 39
1 44
1 45
1 47
1 49
1 50
1 52
1 55
1 57
1 59
1 61
1 66
1 69
1 70
1 71
1 72
1 73
1 74
1 75
1 78
1 80
1 81
1 83
1 86
1 87
1 90
1 92
1 94
1 96
1 97
1 99
2 4
2 5
2 7
2 9
2 10
2 11
2 17
2 19
2 20
2 24
2 27
2 32
2 34
2 35
2 36
2 40
2 42
2 43
2 45
2 46
2 47
2 49
2 50
2 51
2 52
2 53
2 54
2 55
2 59
2 60
2 61
2 62
2 63
2 66
2 72
2 74
2 77
2 82
2 84
2 88
2 89
2 90
2 91
2 92
2 94
2 98
2 99
3 5
3 9
3 10
3 13
3 16
3 17
3 18
3 21
3 23
3 24
3 26
3 27
3 29
3 30
3 31
3 32
3 34
3 37
3 38
3 40
3 41
3 42
3 43
3 45
3 47
3 48
3 49
3 53
3 54
3 55
3 56
3 57
3 58
3 61
3 62
3 63
3 64
3 68
3 75
3 77
3 78
3 79
3 81
3 83
3 84
3 86
3 89
3 91
3 93
3 94
3 95
3 96
3 97
3 98
4 5
4 6
4 8
4 9
4 10
4 12
4 14
4 15
4 17
4 18
4 20
4 21
4 22
4 23
4 29
4 30
4 31
4 32
4 34
4 35
4 36
4 37
4 38
4 39
4 40
4 42
4 43
4 46
4 47
4 49
4 50
4 51
4 53
4 55
4 57
4 58
4 59
4 61
4 64
4 65
4 67
4 68
4 69
4 71
4 76
4 77
4 78
4 79
4 83
4 86
4 87
4 88
4 89
4 92
4 93
4 95
4 96
4 97
4 98
5 7
5 9
5 11
5 12
5 14
5 17
5 19
5 25
5 26
5 27
5 29
5 30
5 31
5 32
5 36
5 37
5 38
5 39
5 40
5 42
5 43
5 46
5 48
5 53
5 54
5 55
5 58
5 59
5 60
5 61
5 62
5 63
5 64
5 67
5 68
5 70
5 71
5 72
5 76
5 81
5 84
5 85
5 87
5 89
5 90
5 93
5 94
5 95
5 97
6 9
6 10
6 15
6 16
6 17
6 19
6 21
6 23
6 24
6 25
6 27
6 28
6 30
6 32
6 33
6 34
6 36
6 38
6 39
6 44
6 45
6 46
6 47
6 48
6 51
6 55
6 57
6 59
6 62
6 63
6 66
6 68
6 71
6 72
6 73
6 74
6 77
6 80
6 81
6 82
6 83
6 85
6 87
6 89
6 90
6 93
6 96
7 9
7 10
7 15
7 16
7 17
7 18
7 22
7 23
7 24
7 27
7 28
7 29
7 30
7 31
7 33
7 34
7 35
7 36
7 38
7 39
7 47
7 48
7 54
7 55
7 56
7 57
7 59
7 62
7 63
7 64
7 65
7 67
7 71
7 72
7 73
7 75
7 77
7 80
7 82
7 83
7 87
7 90
7 92
7 94
8 11
8 16
8 17
8 18
8 22
8 23
8 24
8 27
8 29
8 30
8 31
8 33
8 36
8 37
8 41
8 43
8 45
8 48
8 49
8 53
8 55
8 56
8 57
8 59
8 61
8 62
8 65
8 66
8 67
8 68
8 69
8 70
8 77
8 78
8 80
8 81
8 82
8 83
8 87
8 89
8 90
8 92
8 95
8 96
8 98
8 99
9 10
9 11
9 12
9 18
9 20
9 21
9 22
9 24
9 25
9 27
9 31
9 32
9 34
9 35
9 37
9 39
9 45
9 46
9 47
9 48
9 54
9 55
9 58
9 60
9 63
9 64
9 65
9 66
9 68
9 70
9 71
9 72
9 74
9 76
9 78
9 79
9 80
9 81
9 82
9 83
9 84
9 87
9 90
9 92
9 94
9 98
9 99
10 11
10 12
10 14
10 15
10 17
10 19
10 23
10 26
10 27
10 32
10 33
10 34
10 36
10 37
10 39
10 40
10 41
10 43
10 46
10 49
10 50
10 52
10 55
10 57
10 58
10 59
10 60
10 62
10 63
10 64
10 65
10 66
10 67
10 68
10 70
10 71
10 77
10 78
10 81
10 83
10 85
10 91
10 92
10 94
10 95
10 96
10 97
10 99
11 14
11 16
11 17
11 19
11 21
11 23
11 25
11 28
11 30
11 31
11 36
11 42
11 43
11 44
11 46
11 47
11 48
11 49
11 51
11 53
11 56
11 58
11 59
11 60
11 62
11 63
11 64
11 66
11 67
11 68
11 72
11 74
11 76
11 78
11 80
11 82
11 85
11 86
11 88
11 89
11 91
11 92
11 93
11 96
12 15
12 16
12 17
12 19
12 21
12 23
12 24
12 25
12 27
12 28
12 29
12 30
12 32
12 34
12 37
12 39
12 40
12 41
12 42
12 43
12 45
12 48
12 49
12 53
12 59
12 60
12 61
12 63
12 64
12 66
12 71
12 73
12 75
12 78
12 79
12 80
12 81
12 84
12 85
12 86
12 88
12 92
12 94
12 95
12 97
12 99
13 18
13 19
13 21
13 22
13 26
13 27
13 29
13 31
13 37
13 40
13 41
13 42
13 43
13 48
13 49
13 51
13 55
13 57
13 58
13 59
13 60
13 62
13 63
13 66
13 67
13 68
13 69
13 70
13 71
13 74
13 77
13 79
13 82
13 84
13 86
13 88
13 89
13 93
13 95
13 97
14 15
14 16
14 17
14 18
14 20
14 21
14 23
14 24
14 29
14 34
14 37
14 40
14 41
14 44
14 45
14 49
14 50
14 51
14 53
14 55
14 57
14 62
14 65
14 66
14 69
14 73
14 74
14 78
14 79
14 80
14 84
14 85
14 86
14 88
14 90
14 91
14 92
14 93
14 95
14 99
15 17
15 18
15 22
15 23
15 25
15 26
15 29
15 33
15 36
15 40
15 41
15 43
15 46
15 49
15 50
15 51
15 52
15 59
15 62
15 64
15 65
15 66
15 68
15 73
15 74
15 78
15 80
15 81
15 82
15 85
15 90
15 95
15 96
15 98
16 21
16 23
16 25
16 26
16 28
16 30
16 32
16 33
16 34
16 35
16 38
16 39
16 40
16 42
16 45
16 46
16 48
16 51
16 54
16 57
16 59
16 62
16 64
16 65
16 66
16 67
16 68
16 71
16 72
16 78
16 79
16 80
16 81
16 82
16 84
16 85
16 88
16 89
16 92
16 95
16 96
16 98
16 99
17 18
17 21
17 30
17 31
17 32
17 33
17 35
17 36
17 39
17 46
17 47
17 48
17 54
17 55
17 56
17 59
17 61
17 69
17 71
17 72
17 74
17 75
17 77
17 79
17 80
17 81
17 83
17 86
17 87
17 89
17 92
17 94
17 98
17 99
18 19
18 20
18 24
18 26
18 27
18 29
18 31
18 32
18 33
18 34
18 36
18 37
18 38
18 39
18 41
18 43
18 44
18 45
18 46
18 47
18 49
18 51
18 53
18 54
18 55
18 60
18 64
18 66
18 67
18 68
18 70
18 72
18 73
18 75
18 78
18 79
18 80
18 83
18 84
18 89
18 90
18 92
18 93
18 95
18 96
18 97
18 98
18 99
19 21
19 25
19 26
19 27
19 29
19 30
19 32
19 35
19 37
19 43
19 45
19 47
19 48
19 50
19 51
19 53
19 56
19 57
19 58
19 60
19 63
19 64
19 67
19 70
19 71
19 72
19 73
19 74
19 79
19 81
19 82
19 89
19 92
19 93
19 96
19 97
19 98
19 99
20 21
20 25
20 27
20 30
20 32
20 33
20 37
20 38
20 40
20 42
20 44
20 45
20 46
20 47
20 49
20 50
20 52
20 55
20 56
20 58
20 59
20 61
20 62
20 64
20 65
20 66
20 67
20 69
20 71
20 72
20 74
20 75
20 76
20 78
20 82
20 84
20 85
20 88
20 89
20 91
20 93
20 95
21 22
21 23
21 24
21 26
21 27
21 28
21 30
21 31
21 32
21 33
21 36
21 41
21 44
21 45
21 46
21 47
21 48
21 49
21 51
21 52
21 59
21 61
21 63
21 64
21 68
21 69
21 70
21 71
21 72
21 73
21 76
21 77
21 78
21 79
21 80
21 82
21 83
21 85
21 87
21 88
21 92
21 94
21 97
22 25
22 26
22 27
22 28
22 29
22 41
22 43
22 45
22 46
22 48
22 49
22 55
22 57
22 61
22 62
22 67
22 68
22 69
22 71
22 74
22 76
22 78
22 83
22 84
22 85
22 86
22 87
22 88
22 89
22 91
22 95
22 96
22 97
22 98
22 99
23 24
23 28
23 29
23 30
23 34
23 36
23 37
23 40
23 42
23 45
23 46
23 50
23 52
23 55
23 56
23 59
23 60
23 63
23 65
23 67
23 68
23 70
23 71
23 72
23 75
23 76
23 77
23 79
23 80
23 81
23 84
23 85
23 86
23 87
23 95
24 27
24 28
24 31
24 33
24 35
24 37
24 39
24 40
24 41
24 42
24 43
24 51
24 55
24 56
24 57
24 58
24 59
24 64
24 66
24 67
24 68
24 70
24 77
24 78
24 81
24 82
24 85
24 88
24 90
24 91
24 92
24 95
24 97
24 98
24 99
25 26
25 27
25 28
25 29
25 31
25 35
25 36
25 38
25 40
25 44
25 45
25 47
25 49
25 52
25 55
25 57
25 59
25 60
25 61
25 62
25 64
25 66
25 67
25 68
25 69
25 72
25 77
25 78
25 80
25 81
25 83
25 85
25 87
25 88
25 90
25 92
25 94
25 97
25 98
26 27
26 30
26 32
26 33
26 37
26 38
26 46
26 47
26 48
26 49
26 54
26 56
26 57
26 59
26 60
26 61
26 66
26 67
26 68
26 69
26 72
26 74
26 76
26 78
26 79
26 81
26 82
26 84
26 85
26 90
26 91
26 95
26 97
26 98
27 29
27 30
27 32
27 35
27 37
27 38
27 39
27 41
27 42
27 48
27 49
27 51
27 52
27 53
27 54
27 55
27 56
27 59
27 68
27 69
27 72
27 73
27 74
27 76
27 78
27 79
27 81
27 82
27 83
27 86
27 89
27 90
27 91
27 92
27 93
27 94
27 95
27 96
27 97
27 98
27 99
28 31
28 35
28 39
28 40
28 42
28 47
28 48
28 49
28 52
28 53
28 54
28 56
28 57
28 58
28 59
28 62
28 69
28 71
28 74
28 75
28 77
28 78
28 79
28 80
28 82
28 83
28 87
28 88
28 90
28 94
28 95
28 96
28 98
29 30
29 32
29 33
29 35
29 36
29 38
29 39
29 42
29 44
29 45
29 47
29 49
29 50
29 51
29 57
29 61
29 63
29 64
29 65
29 68
29 69
29 70
29 72
29 74
29 75
29 78
29 79
29 82
29 85
29 88
29 89
29 90
29 95
29 96
30 31
30 35
30 36
30 37
30 38
30 43
30 49
30 51
30 53
30 57
30 58
30 60
30 63
30 67
30 70
30 73
30 74
30 77
30 87
30 88
30 91
30 95
30 96
30 99
31 34
31 36
31 37
31 38
31 43
31 45
31 51
31 52
31 54
31 55
31 56
31 66
31 67
31 68
31 69
31 70
31 74
31 78
31 85
31 88
31 91
31 95
31 97
31 98
32 33
32 36
32 38
32 40
32 42
32 43
32 47
32 48
32 50
32 56
32 57
32 58
32 59
32 60
32 61
32 62
32 64
32 67
32 68
32 69
32 70
32 71
32 73
32 76
32 77
32 80
32 82
32 89
32 90
32 91
32 92
32 93
32 95
33 34
33 35
33 36
33 43
33 44
33 45
33 46
33 47
33 49
33 50
33 51
33 58
33 60
33 61
33 65
33 67
33 69
33 70
33 71
33 73
33 74
33 76
33 77
33 82
33 83
33 84
33 85
33 87
33 89
33 90
33 92
33 93
33 95
33 97
33 99
34 37
34 38
34 42
34 43
34 44
34 45
34 46
34 49
34 53
34 56
34 58
34 59
34 61
34 63
34 64
34 65
34 68
34 71
34 75
34 76
34 78
34 79
34 81
34 83
34 84
34 85
34 86
34 87
34 92
34 95
34 96
34 97
34 98
34 99
35 36
35 37
35 38
35 41
35 43
35 46
35 47
35 51
35 52
35 53
35 54
35 57
35 62
35 65
35 66
35 68
35 69
35 71
35 72
35 79
35 80
35 82
35 83
35 86
35 87
35 89
35 91
35 95
35 96
35 99
36 37
36 38
36 39
36 43
36 44
36 47
36 48
36 50
36 52
36 55
36 58
36 59
36 60
36 61
36 62
36 63
36 64
36 65
36 67
36 68
36 69
36 73
36 74
36 76
36 78
36 81
36 82
36 85
36 87
36 88
36 89
36 90
36 91
36 97
36 99
37 38
37 41
37 43
37 44
37 46
37 47
37 48
37 50
37 54
37 55
37 56
37 57
37 58
37 59
37 60
37 61
37 63
37 65
37 66
37 68
37 72
37 74
37 76
37 78
37 79
37 81
37 84
37 88
37 89
37 90
37 91
37 94
37 96
37 98
38 39
38 41
38 44
38 46
38 48
38 51
38 53
38 55
38 56
38 57
38 58
38 59
38 63
38 64
38 66
38 69
38 70
38 73
38 74
38 77
38 78
38 80
38 81
38 84
38 89
38 90
38 92
38 93
38 94
38 98
38 99
39 42
39 45
39 46
39 48
39 50
39 51
39 52
39 53
39 54
39 56
39 57
39 59
39 62
39 64
39 71
39 72
39 74
39 82
39 86
39 87
39 88
39 89
39 93
39 94
39 99
40 41
40 45
40 47
40 48
40 49
40 52
40 54
40 55
40 57
40 59
40 63
40 64
40 65
40 66
40 67
40 68
40 69
40 71
40 72
40 73
40 74
40 75
40 78
40 80
40 81
40 84
40 90
40 91
40 94
40 95
40 97
40 99
41 43
41 45
41 48
41 51
41 52
41 53
41 55
41 56
41 57
41 58
41 61
41 65
41 67
41 68
41 76
41 77
41 82
41 86
41 87
41 88
41 89
41 92
41 94
41 95
41 96
41 99
42 44
42 45
42 46
42 49
42 50
42 55
42 60
42 62
42 64
42 66
42 67
42 72
42 73
42 74
42 75
42 77
42 79
42 80
42 83
42 86
42 92
42 93
42 94
42 95
42 96
43 45
43 46
43 47
43 48
43 49
43 50
43 51
43 52
43 53
43 54
43 56
43 58
43 59
43 60
43 61
43 62
43 64
43 66
43 68
43 70
43 72
43 74
43 77
43 78
43 80
43 81
43 82
43 84
43 87
43 90
43 93
43 96
43 97
43 98
43 99
44 46
44 47
44 48
44 49
44 51
44 52
44 53
44 56
44 57
44 58
44 59
44 60
44 64
44 68
44 69
44 70
44 71
44 75
44 77
44 78
44 79
44 81
44 82
44 83
44 84
44 86
44 91
44 94
44 95
44 96
44 99
45 46
45 50
45 51
45 52
45 53
45 55
45 57
45 60
45 61
45 62
45 63
45 68
45 69
45 70
45 72
45 73
45 74
45 75
45 76
45 80
45 81
45 89
45 90
45 91
45 92
45 95
45 98
45 99
46 47
46 52
46 55
46 59
46 60
46 62
46 65
46 66
46 71
46 75
46 77
46 78
46 83
46 85
46 86
46 87
46 89
46 90
46 91
46 92
46 93
46 94
46 98
47 48
47 49
47 51
47 52
47 53
47 54
47 55
47 59
47 61
47 62
47 64
47 65
47 70
47 71
47 72
47 73
47 74
47 77
47 79
47 80
47 81
47 82
47 83
47 84
47 85
47 86
47 87
47 89
47 90
47 91
47 92
47 93
47 94
47 95
47 96
47 97
47 98
48 49
48 53
48 54
48 59
48 60
48 63
48 67
48 72
48 75
48 76
48 79
48 80
48 81
48 85
48 86
48 88
48 91
48 92
48 94
48 96
49 51
49 54
49 59
49 60
49 61
49 62
49 67
49 68
49 72
49 73
49 76
49 77
49 80
49 81
49 82
49 83
49 88
49 94
49 96
49 97
50 51
50 52
50 55
50 56
50 57
50 59
50 60
50 61
50 62
50 66
50 67
50 72
50 74
50 79
50 81
50 83
50 84
50 88
50 89
50 90
50 92
50 93
50 94
50 95
50 98
51 53
51 55
51 56
51 57
51 58
51 59
51 60
51 62
51 63
51 64
51 66
51 68
51 71
51 72
51 73
51 74
51 75
51 76
51 77
51 81
51 82
51 83
51 85
51 88
51 89
51 90
51 93
51 94
51 95
51 96
51 97
51 98
51 99
52 53
52 55
52 57
52 63
52 64
52 65
52 68
52 69
52 72
52 74
52 75
52 77
52 78
52 80
52 81
52 82
52 89
52 92
52 95
52 96
52 97
52 98
52 99
53 55
53 57
53 58
53 59
53 62
53 63
53 64
53 65
53 68
53 71
53 72
53 74
53 75
53 77
53 79
53 80
53 84
53 89
53 90
53 92
53 93
53 94
53 95
53 96
54 55
54 56
54 60
54 61
54 63
54 65
54 66
54 69
54 71
54 76
54 77
54 78
54 79
54 80
54 82
54 84
54 88
54 89
54 91
54 92
54 94
54 98
54 99
55 56
55 57
55 59
55 60
55 61
55 64
55 67
55 68
55 69
55 70
55 74
55 75
55 76
55 77
55 81
55 83
55 84
55 96
55 99
56 59
56 60
56 61
56 62
56 64
56 65
56 66
56 69
56 70
56 71
56 73
56 75
56 76
56 77
56 78
56 80
56 81
56 83
56 84
56 86
56 87
56 97
57 58
57 59
57 61
57 65
57 66
57 67
57 69
57 71
57 72
57 73
57 74
57 80
57 83
57 87
57 88
57 89
57 90
57 91
57 92
57 94
57 96
57 97
57 99
58 59
58 61
58 63
58 67
58 69
58 71
58 73
58 74
58 76
58 80
58 81
58 85
58 86
58 89
58 90
58 92
58 93
58 95
58 96
58 97
58 98
59 63
59 65
59 69
59 72
59 74
59 79
59 81
59 82
59 84
59 86
59 90
59 91
59 93
59 94
59 95
59 96
59 97
59 99
60 62
60 64
60 65
60 69
60 70
60 72
60 75
60 77
60 78
60 85
60 87
60 88
60 94
60 97
60 98
60 99
61 65
61 66
61 67
61 69
61 71
61 72
61 76
61 78
61 81
61 84
61 88
61 89
61 92
61 93
62 63
62 65
62 67
62 69
62 75
62 77
62 79
62 80
62 84
62 86
62 88
62 89
62 92
62 93
62 94
62 95
62 96
62 97
62 98
62 99
63 64
63 66
63 67
63 69
63 70
63 73
63 74
63 75
63 76
63 77
63 78
63 79
63 81
63 83
63 84
63 85
63 86
63 87
63 89
63 90
63 91
63 93
63 97
63 99
64 72
64 74
64 75
64 80
64 82
64 84
64 85
64 87
64 88
64 89
64 91
64 93
64 95
64 96
64 97
64 98
64 99
65 69
65 70
65 71
65 73
65 76
65 77
65 78
65 81
65 82
65 83
65 84
65 85
65 86
65 87
65 88
65 89
65 90
65 91
65 93
65 94
65 95
65 96
65 98
65 99
66 67
66 70
66 73
66 74
66 76
66 80
66 82
66 86
66 90
66 95
66 96
67 69
67 70
67 72
67 74
67 75
67 78
67 80
67 82
67 83
67 84
67 86
67 88
67 92
67 93
67 94
68 70
68 75
68 76
68 78
68 79
68 82
68 85
68 87
68 90
68 91
68 92
68 94
68 95
69 70
69 71
69 77
69 78
69 79
69 80
69 81
69 83
69 85
69 87
69 91
69 92
69 95
69 99
70 71
70 72
70 73
70 75
70 77
70 83
70 87
70 88
70 89
70 91
70 97
70 99
71 74
71 75
71 76
71 83
71 88
71 91
71 92
71 96
71 97
71 99
72 76
72 77
72 78
72 79
72 85
72 87
72 89
72 90
72 93
72 94
72 95
73 76
73 77
73 78
73 80
73 81
73 85
73 89
73 91
73 92
73 94
73 95
73 97
73 98
74 75
74 77
74 79
74 80
74 83
74 84
74 85
74 86
74 87
74 88
74 91
74 92
74 94
75 76
75 78
75 80
75 81
75 86
75 87
75 88
75 90
75 92
75 93
75 97
75 99
76 77
76 80
76 81
76 82
76 83
76 85
76 88
76 89
76 90
76 91
76 95
76 98
76 99
77 80
77 82
77 86
77 87
77 88
77 89
77 90
77 92
77 93
77 94
77 95
77 96
77 99
78 80
78 81
78 82
78 84
78 85
78 91
78 94
78 96
78 98
78 99
79 80
79 81
79 82
79 84
79 88
79 89
79 93
79 95
79 96
79 97
79 98
79 99
80 83
80 85
80 86
80 89
80 90
80 93
80 94
80 95
80 98
81 89
81 93
81 94
81 95
81 97
82 84
82 85
82 88
82 92
82 94
82 95
83 84
83 86
83 87
83 91
83 94
83 97
83 99
84 85
84 87
84 88
84 94
84 95
84 96
84 98
84 99
85 89
85 90
85 91
85 93
85 94
85 95
86 87
86 90
86 92
86 97
86 99
87 88
87 89
87 92
87 94
87 95
87 99
88 91
88 93
88 94
88 95
88 96
88 97
88 99
89 90
89 92
89 95
89 96
89 98
90 91
90 92
90 94
90 95
90 96
90 98
90 99
91 92
91 93
91 94
91 95
91 97
92 93
92 95
92 97
93 95
93 98
93 99
94 98
94 99
95 96
95 98
95 99
96 97
96 99
97 98
