0 2
0 3
0 4
0 6
0 7
0 9
0 10
0 11
0 13
0 16
0 17
0 18
0 21
0 24
0 27
0 29
0 31
0 32
0 34
0 35
0 36
0 37
0 38
0 42
0 46
0 49
0 50
0 51
0 54
0 57
0 59
0 60
0 61
0 62
0 64
0 65
0 66
0 69
0 70
0 71
0 72
0 74
0 77
0 81
0 82
0 86
0 90
0 91
0 94
0 95
0 96
0 99
1 2
1 3
1 4
1 6
1 7
1 10
1 12
1 13
1 14
1 15
1 16
1 18
1 20
1 21
1 22
1 24
1 25
1 26
1 28
1 30
1 31
1 35
1 36
1 37
1 38
1 39
1 40
1 43
1 44
1 47
1 51
1 52
1 53
1 55
1 57
1 60
1 61
1 64
1 66
1 67
1 74
1 76
1 77
1 78
1 79
1 84
1 85
1 86
1 87
1 88
1 89
1 91
1 94
1 97
1 99
2 3
2 4
2 5
2 9
2 11
2 16
2 18
2 21
2 25
2 27
2 28
2 29
2 30
2 34
2 38
2 41
2 42
2 43
2 44
2 45
2 47
2 50
2 53
2 54
2 56
2 57
2 60
2 63
2 64
2 65
2 66
2 67
2 68
2 70
2 71
2 72
2 73
2 74
2 75
2 76
2 77
2 78
2 79
2 81
2 86
2 88
2 93
2 94
2 96
2 97
2 98
2 99
3 4
3 7
3 11
3 12
3 13
3 18
3 19
3 20
3 23
3 24
3 25
3 27
3 29
3 32
3 33
3 34
3 38
3 42
3 43
3 44
3 46
3 47
3 48
3 49
3 51
3 53
3 55
3 58
3 59
3 62
3 66
3 67
3 69
3 70
3 72
3 73
3 74
3 78
3 81
3 83
3 85
3 86
3 88
3 89
3 90
3 91
3 92
3 93
3 95
3 97
3 99
4 5
4 7
4 8
4 11
4 12
4 13
4 16
4 17
4 23
4 26
4 28
4 29
4 30
4 32
4 33
4 36
4 38
4 39
4 40
4 44
4 45
4 46
4 48
4 50
4 51
4 53
4 56
4 57
4 58
4 60
4 61
4 62
4 63
4 64
4 66
4 69
4 70
4 72
4 73
4 74
4 76
4 80
4 81
4 84
4 85
4 86
4 87
4 90
4 93
4 94
4 97
4 98
5 7
5 8
5 11
5 13
5 14
5 15
5 18
5 20
5 27
5 31
5 34
5 35
5 36
5 37
5 41
5 42
5 43
5 45
5 47
5 49
5 52
5 54
5 56
5 57
5 60
5 63
5 67
5 68
5 69
5 74
5 78
5 79
5 80
5 82
5 84
5 85
5 86
5 88
5 89
5 93
5 94
5 96
5 97
5 98
6 7
6 8
6 9
6 10
6 11
6 13
6 15
6 17
6 19
6 20
6 23
6 25
6 27
6 33
6 36
6 37
6 38
6 40
6 42
6 46
6 47
6 49
6 52
6 55
6 56
6 57
6 60
6 61
6 64
6 65
6 66
6 67
6 68
6 69
6 70
6 71
6 74
6 75
6 76
6 78
6 81
6 82
6 83
6 84
6 91
6 95
6 97
7 8
7 9
7 10
7 11
7 13
7 14
7 15
7 17
7 18
7 20
7 23
7 24
7 26
7 27
7 30
7 33
7 35
7 36
7 38
7 39
7 40
7 42
7 44
7 46
7 48
7 50
7 51
7 53
7 54
7 57
7 58
7 60
7 61
7 63
7 66
7 67
7 69
7 74
7 77
7 80
7 81
7 85
7 86
7 89
7 90
7 91
7 93
7 95
7 96
7 98
7 99
8 10
8 14
8 15
8 16
8 18
8 19
8 29
8 32
8 33
8 34
8 36
8 39
8 43
8 45
8 49
8 51
8 53
8 55
8 57
8 58
8 59
8 60
8 61
8 62
8 63
8 67
8 68
8 71
8 72
8 73
8 74
8 76
8 77
8 78
8 81
8 82
8 83
8 87
8 88
8 90
8 91
8 92
8 99
9 11
9 13
9 14
9 16
9 17
9 18
9 24
9 26
9 28
9 30
9 31
9 34
9 40
9 42
9 43
9 44
9 45
9 46
9 48
9 50
9 51
9 52
9 54
9 56
9 58
9 60
9 61
9 62
9 66
9 70
9 73
9 76
9 77
9 78
9 80
9 81
9 82
9 83
9 84
9 87
9 90
9 94
9 96
9 98
9 99
10 12
10 19
10 21
10 22
10 26
10 28
10 30
10 32
10 33
10 37
10 38
10 39
10 42
10 43
10 46
10 47
10 53
10 54
10 56
10 60
10 62
10 64
10 65
10 69
10 70
10 72
10 74
10 81
10 82
10 83
10 84
10 86
10 90
10 91
10 97
10 98
10 99
11 13
11 16
11 17
11 19
11 21
11 22
11 24
11 25
11 26
11 27
11 29
11 31
11 32
11 33
11 37
11 39
11 40
11 41
11 46
11 48
11 50
11 51
11 53
11 56
11 57
11 58
11 62
11 63
11 65
11 66
11 67
11 72
11 74
11 77
11 78
11 79
11 80
11 81
11 82
11 85
11 88
11 89
11 90
11 91
11 92
11 93
11 97
11 99
12 17
12 18
12 20
12 23
12 24
12 25
12 30
12 31
12 32
12 34
12 35
12 37
12 43
12 44
12 45
12 50
12 52
12 56
12 58
12 60
12 62
12 64
12 68
12 70
12 71
12 72
12 76
12 77
12 78
12 80
12 91
12 92
12 93
12 96
12 98
12 99
13 14
13 17
13 18
13 20
13 21
13 23
13 26
13 28
13 32
13 34
13 36
13 37
13 39
13 40
13 41
13 43
13 45
13 46
13 49
13 50
13 55
13 56
13 57
13 58
13 60
13 61
13 64
13 66
13 68
13 71
13 72
13 73
13 74
13 75
13 77
13 82
13 84
13 87
13 89
13 91
13 92
13 93
13 95
14 16
14 19
14 21
14 22
14 23
14 24
14 26
14 27
14 30
14 32
14 38
14 39
14 40
14 43
14 45
14 50
14 51
14 52
14 54
14 55
14 58
14 59
14 60
14 61
14 62
14 65
14 74
14 76
14 77
14 79
14 80
14 81
14 87
14 89
14 91
14 92
14 94
14 95
14 96
14 98
14 99
15 16
15 17
15 23
15 24
15 25
15 26
15 30
15 32
15 36
15 39
15 41
15 42
15 45
15 46
15 48
15 50
15 51
15 57
15 58
15 59
15 60
15 61
15 63
15 68
15 70
15 72
15 75
15 80
15 81
15 84
15 85
15 87
15 89
15 90
15 91
15 92
15 93
15 94
15 95
15 96
15 97
15 99
16 22
16 28
16 30
16 31
16 32
16 33
16 34
16 36
16 39
16 45
16 46
16 50
16 51
16 52
16 53
16 54
16 57
16 59
16 60
16 61
16 63
16 64
16 65
16 67
16 68
16 69
16 71
16 73
16 77
16 78
16 79
16 81
16 82
16 84
16 85
16 88
16 91
16 92
16 93
16 96
16 98
16 99
17 20
17 21
17 23
17 24
17 26
17 27
17 29
17 32
17 33
17 34
17 35
17 36
17 37
17 40
17 41
17 43
17 44
17 45
17 46
17 48
17 49
17 50
17 59
17 61
17 62
17 63
17 64
17 68
17 70
17 73
17 74
17 75
17 76
17 77
17 80
17 81
17 82
17 86
17 87
17 88
17 89
17 90
17 92
17 95
17 96
17 97
17 98
17 99
18 19
18 20
18 21
18 22
18 23
18 25
18 27
18 28
18 31
18 32
18 35
18 37
18 40
18 41
18 42
18 43
18 44
18 46
18 48
18 50
18 51
18 52
18 54
18 57
18 62
18 64
18 69
18 70
18 71
18 72
18 73
18 75
18 76
18 78
18 81
18 83
18 84
18 85
18 86
18 89
18 91
18 92
18 93
18 97
18 99
19 20
19 22
19 24
19 29
19 32
19 33
19 35
19 39
19 40
19 43
19 46
19 48
19 49
19 54
19 55
19 56
19 57
19 58
19 63
19 66
19 67
19 68
19 71
19 73
19 74
19 75
19 78
19 79
19 80
19 82
19 83
19 84
19 88
19 89
19 90
19 93
19 94
19 95
19 96
19 97
19 98
19 99
20 22
20 24
20 26
20 28
20 29
20 30
20 32
20 33
20 35
20 37
20 39
20 41
20 43
20 44
20 45
20 46
20 47
20 50
20 51
20 52
20 54
20 55
20 59
20 60
20 62
20 63
20 65
20 66
20 67
20 68
20 69
20 70
20 72
20 73
20 74
20 75
20 77
20 82
20 83
20 86
20 89
20 90
20 93
20 95
20 98
21 22
21 24
21 25
21 28
21 29
21 33
21 34
21 36
21 38
21 44
21 51
21 53
21 54
21 55
21 56
21 57
21 61
21 63
21 64
21 66
21 67
21 68
21 69
21 70
21 72
21 73
21 75
21 76
21 80
21 82
21 83
21 84
21 87
21 89
21 90
21 92
21 93
21 95
21 96
21 97
21 98
21 99
22 23
22 24
22 29
22 31
22 33
22 35
22 39
22 40
22 42
22 43
22 46
22 49
22 51
22 54
22 55
22 57
22 59
22 63
22 64
22 65
22 67
22 68
22 76
22 77
22 80
22 82
22 83
22 84
22 85
22 86
22 89
22 90
22 91
22 92
22 94
22 95
22 96
22 97
22 98
23 25
23 26
23 28
23 29
23 31
23 33
23 34
23 35
23 37
23 38
23 39
23 40
23 45
23 46
23 47
23 48
23 51
23 55
23 56
23 59
23 60
23 62
23 64
23 66
23 67
23 70
23 71
23 72
23 73
23 74
23 76
23 77
23 80
23 81
23 85
23 86
23 88
23 90
23 92
23 93
23 96
23 98
24 28
24 31
24 32
24 34
24 35
24 36
24 38
24 42
24 43
24 48
24 49
24 51
24 53
24 54
24 56
24 57
24 58
24 60
24 61
24 62
24 63
24 64
24 66
24 69
24 70
24 72
24 74
24 75
24 76
24 77
24 81
24 82
24 84
24 85
24 92
24 94
24 96
25 26
25 28
25 29
25 30
25 33
25 34
25 36
25 38
25 40
25 41
25 42
25 45
25 46
25 47
25 49
25 50
25 53
25 54
25 55
25 56
25 59
25 62
25 63
25 67
25 68
25 69
25 71
25 74
25 76
25 77
25 78
25 84
25 85
25 86
25 88
25 92
25 93
25 95
25 96
25 97
25 98
25 99
26 27
26 28
26 29
26 30
26 31
26 32
26 37
26 38
26 40
26 42
26 47
26 48
26 52
26 53
26 54
26 55
26 56
26 58
26 59
26 61
26 64
26 67
26 68
26 69
26 70
26 71
26 74
26 75
26 76
26 77
26 81
26 83
26 84
26 85
26 86
26 89
26 90
26 91
26 93
26 95
26 96
26 97
26 99
27 30
27 31
27 32
27 33
27 37
27 38
27 39
27 40
27 41
27 46
27 48
27 49
27 50
27 51
27 52
27 53
27 54
27 55
27 57
27 59
27 62
27 66
27 67
27 68
27 69
27 71
27 72
27 73
27 74
27 76
27 81
27 82
27 86
27 88
27 89
27 90
27 95
27 97
27 99
28 30
28 31
28 32
28 33
28 34
28 35
28 38
28 41
28 44
28 45
28 48
28 51
28 56
28 57
28 58
28 61
28 64
28 65
28 67
28 70
28 71
28 72
28 73
28 74
28 75
28 77
28 80
28 81
28 84
28 85
28 86
28 89
28 92
28 93
28 94
28 95
28 98
28 99
29 30
29 33
29 34
29 36
29 37
29 41
29 42
29 50
29 51
29 52
29 53
29 56
29 62
29 63
29 64
29 66
29 67
29 68
29 69
29 72
29 77
29 83
29 86
29 88
29 89
29 91
29 92
29 93
29 94
29 96
29 97
30 31
30 33
30 34
30 39
30 40
30 41
30 45
30 47
30 48
30 49
30 50
30 51
30 52
30 53
30 56
30 59
30 62
30 64
30 65
30 67
30 68
30 71
30 73
30 75
30 76
30 81
30 82
30 84
30 85
30 89
30 90
30 91
30 93
30 94
30 96
31 33
31 34
31 35
31 38
31 39
31 42
31 50
31 51
31 52
31 55
31 56
31 59
31 60
31 61
31 64
31 70
31 71
31 75
31 78
31 79
31 80
31 84
31 85
31 86
31 88
31 91
31 92
31 93
31 95
31 97
31 98
31 99
32 33
32 34
32 37
32 39
32 40
32 41
32 44
32 46
32 47
32 48
32 49
32 50
32 52
32 53
32 54
32 55
32 56
32 57
32 58
32 59
32 60
32 64
32 65
32 67
32 68
32 77
32 80
32 81
32 82
32 83
32 86
32 87
32 90
32 91
32 94
32 96
32 97
33 34
33 35
33 38
33 39
33 40
33 42
33 43
33 44
33 45
33 53
33 58
33 60
33 62
33 66
33 68
33 70
33 71
33 73
33 74
33 76
33 78
33 79
33 83
33 85
33 87
33 89
33 91
33 93
33 94
33 97
33 98
33 99
34 35
34 36
34 37
34 38
34 39
34 44
34 48
34 51
34 52
34 54
34 58
34 63
34 64
34 66
34 67
34 70
34 71
34 73
34 74
34 75
34 77
34 78
34 79
34 80
34 84
34 88
34 89
34 91
34 94
34 98
34 99
35 36
35 37
35 39
35 40
35 45
35 48
35 51
35 52
35 56
35 57
35 58
35 60
35 62
35 65
35 69
35 70
35 71
35 75
35 76
35 78
35 79
35 84
35 87
35 88
35 91
35 93
35 94
35 95
35 96
35 97
35 98
35 99
36 38
36 39
36 40
36 42
36 44
36 47
36 48
36 50
36 53
36 57
36 61
36 62
36 63
36 66
36 67
36 68
36 69
36 72
36 74
36 75
36 78
36 81
36 83
36 84
36 86
36 88
36 91
36 92
36 94
36 95
36 96
37 39
37 41
37 45
37 46
37 47
37 48
37 49
37 52
37 53
37 54
37 58
37 59
37 61
37 62
37 63
37 64
37 65
37 66
37 67
37 68
37 69
37 71
37 74
37 76
37 77
37 78
37 79
37 80
37 84
37 85
37 86
37 87
37 88
37 92
37 96
37 98
38 39
38 41
38 42
38 43
38 44
38 46
38 47
38 48
38 50
38 52
38 55
38 57
38 59
38 60
38 61
38 63
38 64
38 65
38 68
38 70
38 77
38 78
38 79
38 81
38 82
38 86
38 87
38 88
38 89
38 92
39 41
39 42
39 43
39 44
39 45
39 46
39 47
39 49
39 55
39 56
39 58
39 59
39 60
39 61
39 62
39 65
39 66
39 67
39 68
39 69
39 75
39 76
39 77
39 78
39 84
39 86
39 87
39 90
39 91
39 92
39 96
39 97
40 42
40 43
40 47
40 48
40 50
40 53
40 54
40 55
40 56
40 57
40 58
40 60
40 61
40 63
40 64
40 68
40 70
40 71
40 72
40 73
40 81
40 82
40 83
40 85
40 86
40 87
40 88
40 91
40 92
40 93
40 94
40 96
40 99
41 44
41 46
41 47
41 48
41 50
41 51
41 54
41 55
41 56
41 57
41 58
41 59
41 62
41 63
41 65
41 71
41 72
41 76
41 77
41 78
41 86
41 88
41 90
41 95
41 96
41 97
41 98
42 44
42 45
42 48
42 50
42 53
42 56
42 57
42 61
42 63
42 65
42 66
42 67
42 68
42 71
42 74
42 78
42 81
42 84
42 86
42 88
42 89
42 90
42 92
42 93
42 95
42 96
42 99
43 44
43 46
43 49
43 50
43 51
43 55
43 56
43 57
43 59
43 61
43 63
43 66
43 68
43 69
43 71
43 72
43 73
43 74
43 75
43 76
43 78
43 81
43 82
43 83
43 84
43 85
43 86
43 90
43 94
43 98
43 99
44 45
44 55
44 57
44 58
44 59
44 60
44 63
44 68
44 69
44 71
44 72
44 73
44 74
44 79
44 81
44 84
44 85
44 87
44 90
44 93
44 95
44 96
44 97
44 98
45 47
45 48
45 49
45 50
45 52
45 56
45 59
45 60
45 61
45 62
45 65
45 67
45 69
45 72
45 73
45 74
45 75
45 76
45 77
45 78
45 79
45 80
45 81
45 83
45 87
45 91
45 92
45 93
45 95
45 98
46 47
46 48
46 49
46 50
46 52
46 53
46 54
46 56
46 59
46 60
46 62
46 64
46 67
46 69
46 70
46 77
46 80
46 81
46 84
46 86
46 87
46 93
46 95
46 99
47 49
47 53
47 54
47 60
47 61
47 66
47 67
47 69
47 72
47 73
47 78
47 79
47 82
47 83
47 85
47 87
47 90
47 92
47 94
47 95
47 96
47 97
47 98
48 49
48 50
48 52
48 56
48 57
48 58
48 59
48 60
48 61
48 64
48 66
48 70
48 72
48 73
48 77
48 78
48 79
48 81
48 84
48 89
48 90
48 91
48 92
48 93
48 95
48 98
48 99
49 51
49 55
49 56
49 57
49 59
49 63
49 64
49 65
49 67
49 68
49 69
49 70
49 71
49 74
49 77
49 78
49 79
49 82
49 84
49 85
49 89
49 94
49 97
49 98
50 52
50 60
50 62
50 65
50 66
50 71
50 76
50 78
50 79
50 81
50 82
50 85
50 86
50 87
50 89
50 92
50 93
50 97
51 52
51 53
51 55
51 58
51 60
51 65
51 73
51 74
51 75
51 76
51 81
51 84
51 85
51 87
51 88
51 90
51 93
51 94
51 95
51 98
51 99
52 53
52 56
52 57
52 59
52 60
52 62
52 63
52 64
52 66
52 67
52 68
52 70
52 71
52 76
52 77
52 78
52 79
52 82
52 83
52 85
52 87
52 90
52 93
52 95
52 98
52 99
53 56
53 57
53 58
53 59
53 60
53 63
53 67
53 68
53 69
53 70
53 72
53 73
53 76
53 77
53 78
53 80
53 86
53 89
53 91
53 92
53 93
53 96
53 97
54 55
54 56
54 58
54 59
54 62
54 64
54 65
54 69
54 70
54 71
54 73
54 74
54 77
54 78
54 80
54 81
54 82
54 86
54 90
54 91
54 94
54 95
54 97
54 98
55 58
55 60
55 61
55 62
55 63
55 64
55 65
55 68
55 69
55 70
55 71
55 74
55 75
55 77
55 79
55 80
55 82
55 83
55 85
55 89
55 90
55 92
55 94
55 96
55 98
55 99
56 58
56 62
56 63
56 64
56 66
56 67
56 68
56 70
56 71
56 73
56 74
56 76
56 79
56 81
56 84
56 85
56 86
56 88
56 91
56 92
56 98
57 59
57 60
57 63
57 65
57 68
57 69
57 70
57 71
57 72
57 73
57 75
57 77
57 78
57 81
57 83
57 87
57 88
57 92
57 93
57 96
57 97
58 60
58 61
58 62
58 63
58 69
58 70
58 71
58 72
58 74
58 77
58 78
58 81
58 83
58 86
58 88
58 89
58 91
58 92
58 93
58 95
58 97
58 99
59 62
59 65
59 66
59 69
59 72
59 78
59 80
59 81
59 82
59 83
59 85
59 88
59 90
59 91
59 93
59 97
59 98
60 61
60 62
60 64
60 65
60 67
60 68
60 69
60 70
60 73
60 75
60 76
60 77
60 85
60 88
60 89
60 92
60 94
61 64
61 66
61 68
61 69
61 73
61 74
61 75
61 76
61 85
61 86
61 87
61 89
61 90
61 92
61 94
61 96
61 98
62 64
62 65
62 66
62 67
62 69
62 70
62 76
62 77
62 79
62 80
62 83
62 85
62 87
62 88
62 93
62 94
62 97
62 99
63 65
63 66
63 68
63 70
63 72
63 73
63 76
63 77
63 78
63 79
63 83
63 84
63 85
63 86
63 87
63 88
63 89
63 94
63 96
63 98
64 65
64 67
64 69
64 71
64 72
64 74
64 75
64 76
64 77
64 79
64 80
64 84
64 86
64 88
64 92
64 94
64 99
65 68
65 70
65 71
65 74
65 75
65 76
65 77
65 78
65 79
65 81
65 82
65 86
65 87
65 88
65 89
65 92
65 94
65 95
65 97
66 68
66 70
66 73
66 74
66 75
66 78
66 80
66 81
66 83
66 85
66 87
66 89
66 92
66 94
66 97
67 70
67 71
67 73
67 74
67 76
67 77
67 80
67 81
67 84
67 86
67 87
67 88
67 90
67 91
67 92
67 94
67 96
67 97
67 99
68 70
68 71
68 72
68 73
68 74
68 75
68 77
68 80
68 82
68 83
68 84
68 85
68 86
68 89
68 91
68 94
68 97
68 98
68 99
69 70
69 71
69 72
69 78
69 79
69 81
69 84
69 85
69 86
69 88
69 90
69 93
69 94
69 95
69 97
69 98
70 71
70 73
70 74
70 75
70 76
70 77
70 78
70 81
70 82
70 83
70 84
70 85
70 88
70 89
70 90
70 92
70 93
70 95
70 97
70 98
70 99
71 72
71 77
71 78
71 80
71 81
71 82
71 86
71 88
71 92
71 93
71 94
71 95
71 96
71 98
71 99
72 73
72 75
72 78
72 81
72 82
72 83
72 89
72 91
72 92
72 96
73 74
73 75
73 76
73 77
73 78
73 80
73 81
73 82
73 89
73 90
73 91
73 96
73 97
74 76
74 77
74 78
74 80
74 85
74 87
74 88
74 89
74 90
74 91
74 92
74 93
74 95
74 96
74 98
75 77
75 78
75 80
75 82
75 83
75 86
75 90
75 91
75 93
75 94
75 96
75 98
75 99
76 81
76 82
76 86
76 87
76 89
76 90
76 91
76 92
76 94
76 95
76 96
76 98
76 99
77 80
77 82
77 83
77 84
77 85
77 88
77 89
77 91
77 92
77 93
77 94
77 97
77 99
78 79
78 80
78 81
78 84
78 85
78 88
78 89
78 92
78 93
78 94
78 96
78 97
79 81
79 86
79 87
79 88
79 89
79 91
79 93
79 94
79 97
79 98
79 99
80 82
80 83
80 84
80 86
80 87
80 89
80 90
80 91
80 93
80 95
81 85
81 86
81 87
81 88
81 90
81 91
81 92
81 93
81 94
81 95
81 98
82 87
82 89
82 90
82 91
82 92
82 93
82 95
82 96
82 98
82 99
83 84
83 86
83 88
83 90
83 91
83 93
83 98
84 85
84 86
84 87
84 94
84 95
85 86
85 88
85 89
85 90
85 93
85 95
85 96
85 97
85 98
85 99
86 88
86 90
86 96
86 98
87 89
87 91
87 92
87 93
87 94
87 95
87 97
88 90
88 92
88 93
88 96
88 97
88 99
89 92
89 94
89 95
90 92
90 94
90 97
90 99
91 93
91 94
92 93
92 94
92 95
92 99
93 94
93 96
93 97
93 99
94 95
94 96
94 97
94 98
95 98
95 99
96 99
