0 1
0 2
0 4
0 5
0 7
0 9
0 10
0 11
0 13
0 14
0 15
0 21
0 22
0 24
0 26
0 27
0 32
0 33
0 36
0 39
0 40
0 41
0 44
0 48
0 49
0 52
0 55
0 57
0 58
0 59
0 61
0 63
0 67
0 68
0 69
0 70
0 72
0 73
0 79
0 83
0 85
0 86
0 87
0 88
0 90
0 91
0 94
0 97
1 2
1 3
1 7
1 8
1 11
1 15
1 18
1 21
1 22
1 23
1 25
1 26
1 28
1 29
1 31
1 32
1 33
1 34
1 35
1 37
1 38
1 39
1 40
1 42
1 44
1 47
1 48
1 50
1 52
1 53
1 56
1 57
1 60
1 61
1 62
1 63
1 65
1 67
1 69
1 70
1 75
1 76
1 77
1 78
1 79
1 80
1 82
1 84
1 85
1 86
1 88
1 89
1 91
1 92
1 93
1 96
1 97
1 98
1 99
2 3
2 5
2 6
2 8
2 10
2 11
2 16
2 20
2 21
2 22
2 23
2 24
2 25
2 26
2 27
2 29
2 31
2 36
2 37
2 38
2 40
2 41
2 42
2 43
2 44
2 45
2 51
2 52
2 53
2 54
2 55
2 56
2 58
2 59
2 63
2 69
2 70
2 71
2 73
2 75
2 77
2 84
2 86
2 89
2 92
2 94
2 95
2 96
2 97
3 5
3 6
3 10
3 11
3 13
3 14
3 16
3 20
3 22
3 23
3 24
3 26
3 32
3 34
3 35
3 36
3 38
3 40
3 42
3 45
3 47
3 50
3 51
3 52
3 54
3 62
3 63
3 64
3 67
3 72
3 73
3 74
3 75
3 76
3 77
3 78
3 81
3 83
3 84
3 87
3 89
3 90
3 92
3 97
4 6
4 10
4 15
4 18
4 21
4 22
4 26
4 27
4 28
4 29
4 30
4 31
4 32
4 36
4 38
4 39
4 41
4 42
4 43
4 44
4 46
4 47
4 48
4 51
4 53
4 57
4 58
4 59
4 62
4 65
4 66
4 70
4 77
4 79
4 80
4 82
4 83
4 84
4 86
4 87
4 89
4 90
4 92
4 95
4 98
5 8
5 11
5 12
5 15
5 16
5 17
5 18
5 20
5 24
5 25
5 26
5 27
5 28
5 29
5 33
5 35
5 38
5 39
5 41
5 43
5 48
5 53
5 58
5 59
5 67
5 68
5 71
5 74
5 76
5 77
5 78
5 83
5 86
5 87
5 88
5 96
5 98
5 99
6 8
6 11
6 12
6 13
6 14
6 16
6 17
6 18
6 19
6 20
6 24
6 26
6 27
6 28
6 30
6 31
6 32
6 33
6 35
6 36
6 38
6 42
6 47
6 48
6 50
6 51
6 54
6 56
6 58
6 59
6 61
6 62
6 64
6 65
6 66
6 68
6 69
6 71
6 74
6 75
6 77
6 80
6 82
6 83
6 84
6 85
6 88
6 90
6 91
6 92
6 95
6 96
6 97
6 98
7 8
7 10
7 11
7 14
7 15
7 16
7 18
7 21
7 24
7 26
7 27
7 30
7 31
7 32
7 37
7 38
7 39
7 40
7 42
7 44
7 46
7 47
7 48
7 51
7 53
7 54
7 55
7 56
7 58
7 60
7 63
7 64
7 67
7 68
7 69
7 70
7 71
7 72
7 75
7 77
7 78
7 79
7 80
7 91
7 92
7 93
7 94
7 98
7 99
8 13
8 15
8 19
8 20
8 23
8 27
8 28
8 29
8 31
8 32
8 33
8 34
8 39
8 42
8 43
8 44
8 45
8 50
8 51
8 54
8 58
8 61
8 62
8 64
8 66
8 67
8 69
8 70
8 75
8 77
8 78
8 80
8 81
8 83
8 84
8 85
8 87
8 89
8 93
8 94
8 96
9 11
9 12
9 13
9 14
9 15
9 18
9 19
9 20
9 23
9 25
9 26
9 27
9 29
9 32
9 33
9 34
9 40
9 41
9 42
9 44
9 48
9 52
9 53
9 54
9 55
9 58
9 59
9 61
9 63
9 64
9 65
9 69
9 72
9 73
9 75
9 78
9 79
9 81
9 83
9 84
9 87
9 88
9 89
9 90
9 91
9 92
9 94
9 95
9 96
9 99
10 11
10 16
10 17
10 18
10 19
10 22
10 23
10 24
10 25
10 28
10 34
10 35
10 36
10 40
10 42
10 43
10 47
10 49
10 52
10 54
10 55
10 57
10 59
10 60
10 62
10 64
10 66
10 67
10 68
10 71
10 72
10 74
10 75
10 76
10 77
10 79
10 83
10 86
10 88
10 89
10 90
10 91
10 95
10 97
10 98
11 12
11 13
11 14
11 15
11 19
11 20
11 21
11 29
11 30
11 32
11 33
11 41
11 43
11 44
11 45
11 46
11 47
11 50
11 51
11 54
11 58
11 59
11 62
11 63
11 65
11 66
11 69
11 72
11 73
11 74
11 76
11 80
11 82
11 84
11 86
11 87
11 90
11 91
11 93
11 94
11 96
11 98
12 15
12 17
12 18
12 20
12 22
12 24
12 25
12 28
12 31
12 32
12 33
12 39
12 40
12 42
12 43
12 44
12 45
12 48
12 50
12 51
12 55
12 57
12 59
12 60
12 66
12 68
12 69
12 71
12 74
12 76
12 77
12 78
12 80
12 81
12 84
12 87
12 91
12 92
12 94
12 95
12 96
12 97
12 99
13 15
13 17
13 18
13 21
13 23
13 24
13 25
13 26
13 27
13 30
13 31
13 33
13 38
13 39
13 41
13 42
13 45
13 46
13 47
13 49
13 50
13 51
13 52
13 53
13 57
13 63
13 64
13 65
13 66
13 69
13 70
13 71
13 72
13 75
13 76
13 78
13 81
13 84
13 86
13 87
13 90
13 94
13 97
13 98
14 17
14 18
14 19
14 22
14 23
14 24
14 26
14 27
14 33
14 34
14 36
14 40
14 41
14 42
14 44
14 46
14 48
14 49
14 50
14 51
14 52
14 54
14 55
14 56
14 57
14 61
14 62
14 63
14 66
14 68
14 69
14 70
14 72
14 78
14 80
14 84
14 86
14 87
14 89
14 90
14 92
14 95
14 97
14 99
15 16
15 17
15 18
15 20
15 22
15 23
15 24
15 25
15 26
15 29
15 31
15 32
15 34
15 42
15 44
15 45
15 47
15 48
15 49
15 50
15 51
15 52
15 54
15 57
15 58
15 60
15 64
15 65
15 66
15 67
15 68
15 69
15 70
15 72
15 74
15 76
15 77
15 80
15 82
15 83
15 84
15 85
15 90
15 91
15 93
15 94
15 96
15 97
15 99
16 18
16 19
16 20
16 23
16 24
16 27
16 28
16 29
16 33
16 37
16 40
16 41
16 43
16 44
16 45
16 49
16 52
16 56
16 57
16 58
16 59
16 60
16 61
16 63
16 65
16 67
16 72
16 76
16 78
16 81
16 82
16 87
16 88
16 89
16 90
16 94
16 97
16 98
16 99
17 18
17 21
17 23
17 24
17 25
17 26
17 34
17 36
17 37
17 39
17 42
17 43
17 44
17 48
17 50
17 53
17 57
17 59
17 60
17 61
17 62
17 63
17 64
17 68
17 70
17 71
17 74
17 79
17 83
17 84
17 85
17 86
17 87
17 88
17 93
17 96
17 98
17 99
18 19
18 20
18 27
18 28
18 30
18 31
18 44
18 45
18 48
18 50
18 51
18 58
18 59
18 60
18 61
18 62
18 64
18 67
18 68
18 70
18 71
18 72
18 75
18 78
18 80
18 81
18 83
18 84
18 86
18 87
18 91
18 92
18 97
18 98
19 20
19 23
19 24
19 26
19 27
19 34
19 35
19 39
19 40
19 46
19 49
19 54
19 55
19 57
19 58
19 64
19 65
19 67
19 68
19 69
19 70
19 71
19 74
19 75
19 76
19 78
19 80
19 83
19 85
19 89
19 91
19 92
19 98
20 22
20 24
20 25
20 27
20 28
20 31
20 32
20 35
20 37
20 38
20 40
20 42
20 43
20 44
20 46
20 48
20 50
20 52
20 54
20 55
20 57
20 59
20 60
20 63
20 70
20 71
20 72
20 74
20 75
20 77
20 82
20 89
20 92
20 93
20 97
21 22
21 23
21 24
21 27
21 28
21 29
21 30
21 32
21 33
21 36
21 37
21 40
21 41
21 42
21 44
21 45
21 47
21 48
21 54
21 58
21 61
21 62
21 64
21 70
21 73
21 74
21 76
21 79
21 80
21 83
21 84
21 85
21 86
21 87
21 88
21 90
21 93
21 95
21 97
21 98
21 99
22 23
22 25
22 26
22 30
22 31
22 32
22 33
22 34
22 35
22 37
22 38
22 42
22 43
22 45
22 46
22 47
22 49
22 50
22 51
22 52
22 53
22 54
22 55
22 56
22 58
22 60
22 62
22 65
22 66
22 67
22 71
22 73
22 75
22 77
22 81
22 82
22 83
22 86
22 87
22 91
22 94
22 95
22 96
22 97
22 98
23 27
23 28
23 30
23 31
23 32
23 33
23 34
23 36
23 40
23 42
23 43
23 44
23 45
23 46
23 47
23 48
23 51
23 55
23 61
23 64
23 69
23 71
23 73
23 74
23 75
23 76
23 78
23 84
23 85
23 86
23 87
23 88
23 89
23 90
23 91
23 92
23 95
23 97
24 25
24 26
24 27
24 29
24 31
24 34
24 36
24 37
24 41
24 43
24 50
24 51
24 57
24 62
24 63
24 65
24 68
24 70
24 71
24 73
24 76
24 77
24 78
24 79
24 83
24 87
24 89
24 91
24 92
24 93
24 95
24 97
24 98
25 27
25 28
25 29
25 30
25 32
25 34
25 36
25 40
25 41
25 43
25 45
25 46
25 48
25 54
25 56
25 59
25 61
25 62
25 63
25 64
25 72
25 73
25 76
25 84
25 91
25 92
25 96
25 97
25 98
25 99
26 28
26 29
26 33
26 37
26 39
26 40
26 43
26 46
26 49
26 50
26 57
26 58
26 63
26 64
26 67
26 69
26 74
26 75
26 76
26 77
26 79
26 81
26 82
26 84
26 85
26 87
26 88
26 89
26 90
26 92
26 93
26 94
26 96
26 97
26 98
27 29
27 31
27 35
27 36
27 40
27 41
27 43
27 45
27 47
27 48
27 49
27 52
27 54
27 56
27 57
27 58
27 60
27 62
27 65
27 67
27 68
27 69
27 70
27 71
27 72
27 74
27 75
27 76
27 81
27 82
27 91
27 93
27 94
27 96
27 97
28 29
28 31
28 32
28 33
28 38
28 39
28 40
28 45
28 47
28 48
28 49
28 50
28 51
28 54
28 55
28 56
28 57
28 61
28 66
28 67
28 69
28 71
28 76
28 80
28 81
28 83
28 85
28 89
28 91
28 92
28 95
28 97
28 98
28 99
29 31
29 34
29 35
29 37
29 38
29 40
29 42
29 43
29 44
29 45
29 46
29 49
29 51
29 52
29 53
29 54
29 57
29 58
29 59
29 64
29 66
29 67
29 70
29 71
29 72
29 74
29 82
29 83
29 84
29 85
29 86
29 87
29 92
29 94
29 95
29 98
29 99
30 31
30 34
30 35
30 39
30 40
30 42
30 46
30 48
30 50
30 51
30 52
30 54
30 55
30 56
30 59
30 61
30 66
30 69
30 75
30 76
30 78
30 79
30 80
30 83
30 84
30 85
30 86
30 88
30 89
30 90
30 91
30 92
30 93
30 94
30 95
30 97
31 33
31 34
31 35
31 36
31 38
31 40
31 43
31 44
31 45
31 48
31 55
31 59
31 60
31 61
31 62
31 64
31 65
31 66
31 67
31 69
31 70
31 72
31 73
31 75
31 77
31 78
31 80
31 81
31 92
31 96
31 97
32 33
32 34
32 35
32 37
32 38
32 42
32 43
32 44
32 47
32 48
32 51
32 52
32 58
32 60
32 61
32 62
32 63
32 64
32 66
32 68
32 71
32 72
32 75
32 81
32 82
32 84
32 85
32 86
32 87
32 88
32 89
32 90
32 92
32 94
32 95
32 97
32 98
32 99
33 36
33 41
33 46
33 47
33 48
33 49
33 50
33 52
33 54
33 55
33 56
33 58
33 59
33 63
33 68
33 69
33 70
33 72
33 74
33 76
33 78
33 79
33 84
33 86
33 87
33 90
33 92
33 96
34 35
34 38
34 39
34 41
34 42
34 43
34 44
34 45
34 47
34 49
34 50
34 53
34 54
34 55
34 56
34 57
34 58
34 59
34 61
34 63
34 64
34 65
34 68
34 69
34 70
34 71
34 72
34 73
34 81
34 83
34 85
34 88
34 93
34 95
34 99
35 37
35 38
35 39
35 41
35 42
35 43
35 45
35 46
35 50
35 51
35 52
35 53
35 54
35 55
35 58
35 61
35 62
35 64
35 65
35 66
35 69
35 70
35 73
35 75
35 76
35 78
35 80
35 83
35 84
35 85
35 87
35 90
35 92
35 93
35 97
35 99
36 39
36 40
36 44
36 45
36 46
36 47
36 48
36 49
36 50
36 52
36 53
36 58
36 62
36 63
36 64
36 68
36 70
36 71
36 72
36 73
36 74
36 78
36 80
36 86
36 87
36 91
36 92
36 94
36 95
36 98
37 38
37 41
37 46
37 47
37 48
37 49
37 52
37 53
37 56
37 61
37 62
37 64
37 65
37 68
37 69
37 71
37 73
37 78
37 79
37 80
37 81
37 82
37 83
37 85
37 89
37 91
37 92
37 98
38 39
38 41
38 44
38 48
38 49
38 56
38 57
38 58
38 59
38 60
38 64
38 66
38 68
38 69
38 70
38 71
38 73
38 75
38 76
38 77
38 78
38 79
38 80
38 81
38 84
38 85
38 87
38 88
38 93
38 94
38 95
38 96
39 42
39 46
39 47
39 48
39 51
39 52
39 54
39 55
39 58
39 61
39 62
39 63
39 65
39 66
39 67
39 68
39 72
39 73
39 75
39 76
39 77
39 80
39 82
39 86
39 87
39 88
39 91
39 92
39 96
39 97
39 98
40 42
40 46
40 47
40 49
40 52
40 53
40 54
40 55
40 59
40 60
40 61
40 63
40 64
40 67
40 70
40 74
40 79
40 82
40 84
40 86
40 89
40 90
40 92
40 93
40 96
40 98
41 42
41 44
41 46
41 47
41 50
41 51
41 55
41 58
41 59
41 60
41 62
41 66
41 67
41 69
41 70
41 71
41 72
41 75
41 79
41 82
41 85
41 87
41 88
41 90
41 93
41 94
41 95
41 96
42 48
42 49
42 51
42 52
42 54
42 55
42 56
42 64
42 65
42 68
42 69
42 71
42 73
42 74
42 75
42 78
42 79
42 80
42 82
42 83
42 84
42 85
42 86
42 87
42 88
42 92
42 93
42 94
42 95
42 99
43 44
43 45
43 47
43 49
43 50
43 52
43 56
43 59
43 60
43 61
43 62
43 63
43 64
43 65
43 67
43 68
43 69
43 70
43 80
43 82
43 83
43 85
43 87
43 88
43 89
43 90
43 92
43 93
43 96
43 97
44 46
44 47
44 48
44 50
44 52
44 53
44 57
44 59
44 61
44 63
44 65
44 68
44 73
44 77
44 78
44 79
44 84
44 85
44 86
44 87
44 91
44 92
44 96
44 97
45 46
45 47
45 48
45 50
45 51
45 52
45 53
45 55
45 60
45 62
45 63
45 65
45 66
45 72
45 78
45 81
45 82
45 83
45 85
45 87
45 88
45 89
45 91
45 93
45 96
45 97
45 98
46 49
46 50
46 52
46 57
46 61
46 63
46 64
46 65
46 67
46 69
46 75
46 77
46 78
46 79
46 80
46 85
46 87
46 90
46 91
46 92
46 94
46 95
47 48
47 50
47 53
47 54
47 55
47 57
47 61
47 64
47 66
47 67
47 70
47 71
47 75
47 77
47 79
47 80
47 85
47 87
47 88
47 90
47 91
47 93
47 98
48 50
48 52
48 56
48 57
48 61
48 63
48 64
48 66
48 67
48 70
48 73
48 77
48 79
48 80
48 84
48 88
48 89
48 90
48 91
48 93
48 94
48 95
48 96
48 97
49 50
49 51
49 53
49 55
49 58
49 60
49 61
49 64
49 65
49 68
49 69
49 74
49 75
49 77
49 78
49 80
49 83
49 87
49 88
49 89
49 92
49 94
49 96
49 98
49 99
50 52
50 54
50 57
50 62
50 65
50 68
50 70
50 71
50 72
50 74
50 76
50 78
50 79
50 83
50 85
50 87
50 88
50 90
50 91
50 94
50 95
50 97
50 98
50 99
51 52
51 54
51 55
51 57
51 59
51 62
51 63
51 65
51 66
51 67
51 70
51 71
51 73
51 74
51 75
51 77
51 87
51 90
51 91
51 94
51 96
51 99
52 53
52 55
52 56
52 57
52 62
52 63
52 67
52 68
52 70
52 71
52 72
52 75
52 81
52 82
52 83
52 84
52 85
52 86
52 87
52 88
52 89
52 94
52 95
52 96
52 97
52 98
53 54
53 55
53 57
53 59
53 60
53 61
53 64
53 65
53 66
53 67
53 68
53 69
53 71
53 73
53 76
53 78
53 79
53 80
53 82
53 84
53 85
53 86
53 88
53 89
53 91
53 94
53 96
53 97
53 99
54 56
54 57
54 62
54 64
54 66
54 67
54 69
54 70
54 71
54 73
54 75
54 76
54 77
54 78
54 81
54 82
54 85
54 87
54 89
54 90
54 91
54 92
54 93
54 94
54 96
54 97
54 99
55 56
55 58
55 59
55 60
55 61
55 70
55 71
55 73
55 75
55 77
55 79
55 80
55 81
55 82
55 83
55 84
55 85
55 86
55 89
55 93
55 95
55 97
55 98
56 59
56 64
56 67
56 68
56 72
56 73
56 75
56 76
56 78
56 81
56 83
56 86
56 87
56 90
56 94
56 96
56 99
57 60
57 62
57 65
57 66
57 68
57 69
57 71
57 75
57 76
57 78
57 80
57 82
57 83
57 85
57 86
57 87
57 90
57 91
57 92
57 96
57 97
57 99
58 60
58 63
58 65
58 66
58 70
58 71
58 72
58 73
58 76
58 77
58 79
58 83
58 86
58 88
58 92
58 94
58 95
58 96
58 98
59 62
59 64
59 66
59 69
59 70
59 71
59 73
59 75
59 78
59 79
59 81
59 82
59 83
59 88
59 90
59 93
59 94
59 95
59 97
59 99
60 61
60 62
60 66
60 71
60 72
60 73
60 74
60 76
60 82
60 83
60 84
60 86
60 90
60 91
60 92
60 97
60 98
60 99
61 62
61 63
61 64
61 66
61 70
61 71
61 72
61 74
61 76
61 78
61 79
61 83
61 84
61 86
61 87
61 89
61 92
61 94
61 96
61 98
62 64
62 68
62 69
62 70
62 71
62 74
62 75
62 76
62 79
62 88
62 89
62 90
62 93
62 94
62 95
62 97
62 98
62 99
63 64
63 65
63 68
63 74
63 75
63 77
63 80
63 83
63 84
63 85
63 87
63 88
63 89
63 90
63 92
63 98
64 65
64 68
64 70
64 71
64 72
64 74
64 75
64 76
64 79
64 81
64 82
64 85
64 89
64 90
64 91
64 92
64 94
64 95
65 66
65 68
65 69
65 75
65 76
65 78
65 80
65 81
65 86
65 87
65 88
65 89
65 90
65 92
65 93
65 95
65 96
65 98
66 67
66 69
66 72
66 77
66 80
66 82
66 83
66 84
66 85
66 86
66 87
66 93
66 94
66 95
66 98
67 69
67 72
67 73
67 74
67 75
67 76
67 77
67 78
67 79
67 80
67 85
67 86
67 88
67 89
67 92
67 97
67 99
68 71
68 73
68 74
68 75
68 76
68 77
68 80
68 81
68 82
68 83
68 85
68 87
68 88
68 89
68 91
68 93
68 96
68 99
69 70
69 71
69 72
69 73
69 74
69 76
69 77
69 78
69 80
69 84
69 85
69 88
69 89
69 91
69 97
69 98
70 75
70 77
70 78
70 80
70 81
70 86
70 87
70 88
70 89
70 90
70 91
70 94
70 97
70 99
71 73
71 74
71 75
71 76
71 77
71 78
71 82
71 84
71 89
71 91
71 94
71 95
71 98
72 73
72 77
72 79
72 81
72 83
72 84
72 86
72 87
72 93
72 94
72 97
73 75
73 77
73 78
73 79
73 80
73 81
73 82
73 83
73 87
73 94
73 97
73 98
74 75
74 76
74 77
74 81
74 85
74 88
74 90
74 91
74 92
74 99
75 76
75 77
75 79
75 81
75 83
75 84
75 86
75 88
75 90
75 91
75 92
75 96
75 98
75 99
76 79
76 80
76 82
76 83
76 86
76 89
76 90
76 92
76 94
76 95
76 96
76 97
76 98
77 80
77 81
77 83
77 85
77 86
77 87
77 88
77 90
77 91
77 94
77 96
77 97
77 98
77 99
78 81
78 84
78 85
78 86
78 88
78 92
78 93
78 95
78 96
78 97
79 80
79 81
79 82
79 85
79 87
79 94
79 96
80 82
80 86
80 90
80 91
80 92
80 95
80 97
80 99
81 82
81 83
81 87
81 88
81 89
81 96
81 97
81 99
82 83
82 85
82 94
82 95
82 98
83 84
83 85
83 87
83 88
83 90
83 92
83 93
83 97
83 99
84 85
84 86
84 88
84 90
84 91
84 93
84 95
84 97
84 98
84 99
85 86
85 88
85 89
85 91
85 92
85 96
85 97
86 87
86 89
86 90
86 91
86 94
86 95
86 98
86 99
87 89
87 90
87 91
87 95
87 96
87 97
87 99
88 90
88 92
88 94
88 95
88 97
88 98
89 91
89 93
89 95
89 96
89 97
89 99
90 91
90 93
90 94
90 95
90 96
90 99
91 92
91 93
91 94
91 95
91 96
91 97
92 93
92 96
92 98
92 99
93 94
94 97
94 98
94 99
95 96
95 98
96 98
96 99
97 98
98 99
