0 1
0 3
0 7
0 8
0 9
0 10
0 21
0 25
0 29
0 34
0 38
0 39
0 40
0 42
0 44
0 45
0 46
0 47
0 48
0 49
0 51
0 54
0 56
0 57
0 58
0 59
0 62
0 63
0 64
0 66
0 67
0 68
0 69
0 70
0 77
0 78
0 83
0 86
0 88
0 89
0 91
0 92
0 96
0 97
0 99
1 2
1 4
1 7
1 8
1 9
1 10
1 12
1 13
1 14
1 16
1 17
1 18
1 20
1 22
1 23
1 29
1 31
1 33
1 34
1 35
1 39
1 40
1 42
1 45
1 49
1 50
1 51
1 52
1 54
1 58
1 59
1 62
1 64
1 65
1 70
1 71
1 72
1 73
1 78
1 81
1 82
1 84
1 85
1 87
1 91
1 94
1 95
1 96
2 3
2 4
2 11
2 12
2 13
2 15
2 17
2 19
2 20
2 22
2 23
2 24
2 25
2 27
2 30
2 31
2 32
2 33
2 34
2 36
2 40
2 42
2 43
2 45
2 49
2 52
2 54
2 56
2 58
2 60
2 64
2 66
2 67
2 70
2 73
2 74
2 75
2 77
2 80
2 82
2 83
2 85
2 88
2 90
2 91
2 94
2 97
3 5
3 6
3 8
3 9
3 10
3 11
3 12
3 15
3 17
3 18
3 21
3 23
3 25
3 26
3 28
3 29
3 30
3 33
3 39
3 41
3 42
3 45
3 46
3 47
3 50
3 51
3 56
3 60
3 63
3 64
3 73
3 74
3 79
3 80
3 81
3 83
3 85
3 86
3 87
3 88
3 90
3 92
3 95
3 98
3 99
4 5
4 7
4 11
4 14
4 18
4 20
4 22
4 24
4 26
4 27
4 29
4 31
4 35
4 37
4 38
4 46
4 56
4 57
4 59
4 60
4 61
4 64
4 68
4 69
4 72
4 74
4 76
4 78
4 81
4 83
4 87
4 88
4 89
4 93
4 96
4 99
5 6
5 8
5 10
5 11
5 12
5 15
5 16
5 18
5 20
5 23
5 24
5 25
5 26
5 27
5 28
5 29
5 31
5 32
5 33
5 34
5 36
5 37
5 39
5 46
5 47
5 48
5 50
5 51
5 52
5 53
5 54
5 55
5 57
5 58
5 59
5 61
5 64
5 66
5 68
5 69
5 73
5 75
5 77
5 80
5 82
5 83
5 84
5 85
5 86
5 88
5 89
5 90
5 92
5 94
5 95
5 96
5 97
5 99
6 11
6 12
6 13
6 14
6 17
6 19
6 20
6 21
6 22
6 23
6 24
6 25
6 26
6 28
6 29
6 31
6 33
6 35
6 36
6 37
6 45
6 47
6 50
6 51
6 53
6 55
6 57
6 58
6 60
6 63
6 64
6 66
6 67
6 69
6 70
6 72
6 74
6 75
6 77
6 80
6 81
6 82
6 83
6 84
6 85
6 86
6 89
6 92
6 94
6 95
6 96
6 98
6 99
7 8
7 12
7 14
7 18
7 20
7 21
7 23
7 24
7 28
7 29
7 30
7 34
7 35
7 36
7 37
7 38
7 42
7 45
7 47
7 48
7 50
7 53
7 54
7 55
7 57
7 58
7 59
7 63
7 64
7 65
7 68
7 69
7 73
7 74
7 78
7 80
7 82
7 83
7 84
7 85
7 88
7 89
7 90
7 91
7 95
7 96
7 97
7 99
8 9
8 12
8 14
8 17
8 19
8 20
8 21
8 22
8 25
8 28
8 30
8 32
8 33
8 35
8 36
8 37
8 39
8 41
8 42
8 45
8 48
8 50
8 52
8 56
8 57
8 58
8 59
8 60
8 61
8 62
8 66
8 68
8 70
8 74
8 78
8 79
8 80
8 82
8 83
8 84
8 85
8 86
8 88
8 90
8 91
8 94
8 95
8 96
8 98
8 99
9 13
9 16
9 17
9 21
9 23
9 29
9 30
9 31
9 34
9 35
9 37
9 38
9 43
9 44
9 47
9 49
9 51
9 52
9 53
9 54
9 55
9 56
9 57
9 58
9 60
9 63
9 64
9 66
9 67
9 68
9 72
9 73
9 76
9 77
9 78
9 79
9 80
9 81
9 87
9 88
9 89
9 91
9 92
9 94
9 98
10 14
10 16
10 19
10 20
10 23
10 25
10 26
10 27
10 28
10 31
10 32
10 38
10 39
10 40
10 41
10 43
10 44
10 46
10 50
10 53
10 55
10 56
10 57
10 58
10 60
10 63
10 64
10 67
10 68
10 69
10 77
10 79
10 80
10 82
10 83
10 86
10 87
10 88
10 89
10 94
10 96
10 99
11 12
11 13
11 15
11 20
11 21
11 27
11 31
11 34
11 35
11 36
11 37
11 38
11 39
11 40
11 42
11 43
11 44
11 45
11 46
11 49
11 50
11 51
11 53
11 58
11 59
11 61
11 63
11 64
11 65
11 66
11 67
11 68
11 69
11 70
11 71
11 72
11 73
11 77
11 78
11 79
11 82
11 88
11 89
11 90
11 91
11 94
11 96
11 97
12 13
12 15
12 17
12 18
12 19
12 21
12 22
12 27
12 28
12 29
12 31
12 39
12 40
12 41
12 42
12 44
12 45
12 46
12 47
12 50
12 51
12 52
12 53
12 54
12 56
12 57
12 58
12 61
12 62
12 63
12 64
12 66
12 67
12 68
12 70
12 71
12 77
12 79
12 80
12 84
12 85
12 88
12 89
12 90
12 91
12 95
12 97
12 99
13 14
13 18
13 19
13 22
13 24
13 25
13 26
13 27
13 31
13 37
13 38
13 39
13 41
13 43
13 44
13 45
13 46
13 47
13 49
13 51
13 52
13 53
13 54
13 57
13 58
13 59
13 64
13 65
13 69
13 70
13 71
13 75
13 77
13 79
13 84
13 85
13 86
13 87
13 88
13 89
13 96
13 99
14 15
14 17
14 21
14 22
14 23
14 26
14 27
14 30
14 31
14 33
14 35
14 41
14 44
14 48
14 49
14 50
14 51
14 52
14 53
14 54
14 55
14 56
14 58
14 59
14 62
14 64
14 65
14 67
14 68
14 70
14 73
14 74
14 76
14 77
14 80
14 82
14 83
14 84
14 90
14 91
14 94
14 95
14 97
15 17
15 19
15 20
15 23
15 24
15 26
15 27
15 28
15 29
15 32
15 35
15 36
15 37
15 40
15 42
15 43
15 45
15 51
15 53
15 54
15 55
15 56
15 58
15 59
15 61
15 62
15 65
15 69
15 70
15 71
15 73
15 74
15 76
15 77
15 80
15 82
15 83
15 85
15 89
15 90
15 92
15 94
15 98
15 99
16 18
16 19
16 20
16 22
16 24
16 25
16 26
16 27
16 31
16 35
16 36
16 39
16 40
16 43
16 44
16 45
16 47
16 50
16 51
16 55
16 58
16 59
16 62
16 65
16 66
16 70
16 71
16 72
16 75
16 78
16 79
16 82
16 83
16 84
16 90
16 94
16 96
16 97
16 98
17 20
17 24
17 26
17 27
17 29
17 30
17 32
17 33
17 34
17 35
17 38
17 39
17 40
17 43
17 45
17 46
17 49
17 50
17 52
17 54
17 56
17 57
17 58
17 65
17 66
17 67
17 70
17 71
17 73
17 77
17 78
17 80
17 81
17 86
17 90
17 91
17 95
17 98
18 19
18 20
18 22
18 23
18 27
18 29
18 34
18 35
18 36
18 37
18 41
18 42
18 48
18 50
18 52
18 54
18 59
18 60
18 64
18 65
18 67
18 68
18 69
18 70
18 72
18 73
18 75
18 76
18 78
18 80
18 81
18 82
18 84
18 85
18 86
18 88
18 89
18 90
18 91
18 94
18 96
18 97
19 20
19 22
19 24
19 25
19 28
19 29
19 31
19 32
19 33
19 34
19 37
19 38
19 40
19 41
19 43
19 44
19 45
19 47
19 48
19 49
19 50
19 51
19 54
19 55
19 57
19 59
19 62
19 63
19 65
19 69
19 74
19 75
19 77
19 79
19 80
19 82
19 86
19 88
19 89
19 91
19 95
19 97
19 98
20 27
20 28
20 29
20 33
20 34
20 36
20 41
20 42
20 43
20 52
20 55
20 57
20 59
20 61
20 62
20 63
20 64
20 67
20 70
20 72
20 73
20 74
20 75
20 76
20 78
20 79
20 84
20 85
20 86
20 87
20 90
20 94
20 95
20 96
20 97
21 23
21 26
21 27
21 31
21 33
21 37
21 39
21 42
21 44
21 45
21 46
21 49
21 50
21 52
21 55
21 59
21 63
21 64
21 66
21 68
21 70
21 72
21 75
21 76
21 77
21 78
21 79
21 80
21 82
21 84
21 86
21 90
21 92
21 96
21 98
21 99
22 24
22 25
22 27
22 29
22 30
22 33
22 34
22 35
22 36
22 40
22 43
22 49
22 50
22 52
22 58
22 60
22 61
22 63
22 65
22 67
22 70
22 73
22 74
22 75
22 78
22 81
22 82
22 86
22 88
22 92
22 93
22 97
22 99
23 25
23 26
23 27
23 29
23 30
23 31
23 32
23 33
23 34
23 35
23 38
23 39
23 41
23 44
23 45
23 48
23 49
23 52
23 57
23 66
23 67
23 68
23 72
23 73
23 74
23 78
23 80
23 82
23 83
23 87
23 89
23 90
23 92
23 93
23 94
23 96
23 98
24 25
24 26
24 28
24 29
24 30
24 33
24 34
24 35
24 36
24 38
24 40
24 45
24 47
24 49
24 50
24 62
24 65
24 69
24 70
24 71
24 72
24 73
24 74
24 77
24 78
24 80
24 83
24 84
24 85
24 88
24 89
24 90
24 93
25 27
25 28
25 29
25 30
25 32
25 33
25 36
25 38
25 42
25 43
25 46
25 48
25 49
25 51
25 52
25 53
25 54
25 55
25 57
25 58
25 59
25 64
25 66
25 69
25 73
25 76
25 81
25 85
25 86
25 87
25 88
25 89
25 90
25 92
25 93
25 94
25 97
26 27
26 29
26 30
26 32
26 33
26 34
26 36
26 40
26 41
26 42
26 45
26 46
26 49
26 50
26 51
26 54
26 55
26 56
26 58
26 59
26 60
26 61
26 64
26 65
26 66
26 71
26 72
26 74
26 75
26 76
26 77
26 78
26 81
26 85
26 87
26 90
26 94
26 98
27 28
27 30
27 31
27 32
27 33
27 36
27 37
27 38
27 41
27 42
27 43
27 44
27 45
27 46
27 47
27 48
27 51
27 55
27 56
27 58
27 59
27 60
27 61
27 65
27 69
27 70
27 72
27 76
27 77
27 78
27 80
27 81
27 87
27 92
27 93
27 94
27 98
27 99
28 33
28 34
28 38
28 42
28 43
28 44
28 46
28 47
28 48
28 54
28 60
28 61
28 62
28 64
28 66
28 67
28 68
28 69
28 71
28 72
28 75
28 78
28 81
28 82
28 83
28 84
28 85
28 86
28 88
28 92
28 95
28 98
29 30
29 31
29 33
29 34
29 36
29 37
29 38
29 41
29 43
29 45
29 49
29 51
29 52
29 56
29 60
29 61
29 62
29 65
29 66
29 68
29 70
29 71
29 74
29 78
29 83
29 84
29 86
29 90
29 92
29 94
29 98
30 32
30 33
30 34
30 43
30 45
30 46
30 47
30 48
30 51
30 52
30 53
30 54
30 55
30 57
30 58
30 60
30 61
30 63
30 64
30 66
30 68
30 69
30 70
30 73
30 77
30 78
30 79
30 82
30 83
30 88
30 89
30 91
30 96
30 98
31 32
31 33
31 34
31 35
31 36
31 37
31 38
31 39
31 41
31 42
31 44
31 46
31 49
31 51
31 52
31 58
31 60
31 64
31 66
31 68
31 70
31 71
31 75
31 76
31 82
31 86
31 88
31 89
31 91
31 92
31 96
31 97
32 33
32 34
32 35
32 37
32 38
32 40
32 42
32 44
32 46
32 47
32 50
32 51
32 52
32 56
32 59
32 60
32 61
32 63
32 66
32 68
32 70
32 73
32 74
32 75
32 76
32 77
32 81
32 82
32 84
32 87
32 90
32 91
32 95
32 96
32 99
33 36
33 37
33 39
33 41
33 42
33 43
33 45
33 48
33 53
33 58
33 61
33 62
33 65
33 69
33 70
33 72
33 73
33 75
33 76
33 78
33 79
33 82
33 83
33 85
33 87
33 88
33 90
33 91
33 92
33 93
33 94
33 99
34 35
34 40
34 43
34 44
34 46
34 47
34 52
34 53
34 62
34 64
34 66
34 68
34 70
34 71
34 73
34 74
34 75
34 76
34 77
34 78
34 79
34 80
34 84
34 86
34 87
34 88
34 89
34 90
34 91
34 95
34 96
34 97
34 99
35 36
35 37
35 39
35 43
35 46
35 51
35 55
35 56
35 59
35 63
35 64
35 66
35 67
35 68
35 69
35 70
35 71
35 75
35 76
35 78
35 79
35 85
35 90
35 93
35 94
35 96
36 39
36 40
36 42
36 45
36 50
36 52
36 53
36 54
36 55
36 57
36 58
36 61
36 62
36 63
36 65
36 66
36 69
36 71
36 73
36 74
36 76
36 78
36 79
36 80
36 83
36 84
36 85
36 86
36 87
36 88
36 89
36 90
36 93
36 94
36 96
36 97
36 98
37 38
37 42
37 43
37 49
37 51
37 54
37 58
37 59
37 60
37 61
37 62
37 67
37 68
37 69
37 70
37 71
37 72
37 73
37 74
37 75
37 76
37 77
37 78
37 80
37 81
37 82
37 85
37 88
37 89
37 91
37 92
37 95
37 96
37 97
38 39
38 40
38 42
38 43
38 44
38 46
38 48
38 51
38 54
38 55
38 58
38 60
38 63
38 65
38 66
38 67
38 68
38 70
38 71
38 72
38 73
38 76
38 77
38 85
38 87
38 88
38 90
38 92
38 93
38 94
38 96
38 97
39 42
39 44
39 47
39 48
39 50
39 51
39 52
39 55
39 56
39 62
39 63
39 66
39 67
39 70
39 74
39 75
39 79
39 81
39 86
39 87
39 88
39 91
39 94
39 98
39 99
40 41
40 44
40 52
40 53
40 55
40 57
40 60
40 61
40 62
40 64
40 65
40 66
40 67
40 68
40 71
40 73
40 75
40 76
40 78
40 82
40 83
40 84
40 86
40 87
40 91
40 92
40 93
40 94
40 95
40 97
40 99
41 44
41 48
41 49
41 50
41 51
41 52
41 54
41 55
41 56
41 57
41 59
41 60
41 68
41 71
41 72
41 76
41 80
41 81
41 82
41 84
41 87
41 88
41 89
41 92
41 94
41 95
41 97
41 98
41 99
42 43
42 45
42 46
42 47
42 48
42 49
42 50
42 51
42 52
42 53
42 55
42 57
42 59
42 60
42 61
42 63
42 66
42 67
42 70
42 72
42 74
42 75
42 76
42 77
42 78
42 80
42 83
42 84
42 85
42 86
42 88
42 89
42 91
42 92
42 94
42 97
42 99
43 48
43 51
43 52
43 55
43 57
43 60
43 61
43 65
43 66
43 67
43 71
43 73
43 74
43 77
43 80
43 82
43 83
43 84
43 86
43 90
43 91
43 93
43 94
43 96
44 45
44 46
44 48
44 49
44 50
44 51
44 52
44 53
44 54
44 55
44 56
44 57
44 58
44 62
44 64
44 65
44 66
44 67
44 69
44 70
44 71
44 74
44 76
44 78
44 79
44 80
44 82
44 83
44 88
44 93
44 94
44 97
44 98
45 48
45 49
45 50
45 51
45 53
45 54
45 56
45 58
45 60
45 61
45 62
45 64
45 66
45 68
45 73
45 74
45 76
45 80
45 81
45 83
45 84
45 85
45 86
45 87
45 88
45 90
45 91
45 92
45 94
45 95
45 96
45 97
45 98
45 99
46 47
46 48
46 49
46 50
46 51
46 52
46 60
46 65
46 66
46 68
46 70
46 72
46 74
46 79
46 80
46 84
46 87
46 88
46 91
46 93
46 94
46 96
46 98
47 49
47 50
47 51
47 55
47 57
47 58
47 60
47 61
47 62
47 63
47 64
47 68
47 70
47 71
47 72
47 76
47 78
47 80
47 81
47 83
47 84
47 86
47 88
47 92
47 93
47 97
47 98
48 50
48 52
48 53
48 54
48 55
48 59
48 65
48 66
48 67
48 68
48 69
48 70
48 71
48 72
48 74
48 75
48 77
48 78
48 79
48 81
48 83
48 90
48 97
48 98
49 50
49 53
49 56
49 59
49 61
49 62
49 66
49 70
49 71
49 72
49 73
49 76
49 77
49 78
49 79
49 80
49 81
49 84
49 86
49 87
49 88
49 91
49 92
49 93
49 95
49 96
49 99
50 52
50 53
50 54
50 55
50 59
50 60
50 63
50 66
50 68
50 69
50 74
50 76
50 79
50 80
50 81
50 85
50 87
50 88
50 91
50 95
50 99
51 52
51 54
51 56
51 59
51 62
51 67
51 69
51 72
51 73
51 74
51 75
51 78
51 79
51 80
51 82
51 83
51 85
51 90
51 91
51 93
51 96
51 97
51 99
52 55
52 56
52 57
52 60
52 61
52 63
52 64
52 68
52 70
52 74
52 75
52 78
52 79
52 80
52 81
52 84
52 87
52 92
52 93
52 94
52 97
52 98
52 99
53 54
53 56
53 58
53 59
53 61
53 62
53 63
53 64
53 65
53 66
53 67
53 70
53 72
53 74
53 75
53 79
53 80
53 81
53 82
53 83
53 84
53 85
53 86
53 87
53 88
53 92
53 93
53 94
53 96
53 98
54 55
54 58
54 62
54 63
54 64
54 67
54 68
54 71
54 73
54 74
54 75
54 76
54 77
54 78
54 80
54 82
54 83
54 90
54 92
54 93
54 94
54 97
55 56
55 58
55 59
55 60
55 61
55 63
55 67
55 68
55 69
55 73
55 74
55 75
55 79
55 85
55 90
55 91
55 93
55 96
56 57
56 59
56 61
56 62
56 63
56 66
56 68
56 69
56 70
56 74
56 75
56 76
56 78
56 80
56 81
56 85
56 87
56 93
56 95
56 96
56 99
57 58
57 61
57 62
57 64
57 65
57 66
57 68
57 69
57 70
57 73
57 74
57 75
57 77
57 79
57 80
57 83
57 85
57 87
57 92
57 94
57 95
57 96
57 97
57 98
58 59
58 60
58 61
58 63
58 66
58 67
58 68
58 69
58 72
58 74
58 75
58 77
58 78
58 79
58 80
58 83
58 84
58 85
58 87
58 88
58 89
58 93
58 95
58 96
58 97
59 61
59 64
59 65
59 68
59 70
59 72
59 74
59 76
59 78
59 80
59 81
59 83
59 85
59 86
59 87
59 90
59 95
59 96
60 61
60 63
60 64
60 65
60 70
60 71
60 72
60 73
60 74
60 75
60 77
60 79
60 80
60 84
60 85
60 90
60 91
60 95
60 98
60 99
61 63
61 66
61 71
61 72
61 73
61 76
61 82
61 84
61 89
61 90
61 92
61 93
61 94
61 96
61 97
61 99
62 64
62 65
62 68
62 74
62 75
62 77
62 78
62 82
62 85
62 89
62 90
62 91
62 93
62 94
62 95
62 96
62 97
62 98
63 64
63 66
63 70
63 72
63 73
63 77
63 78
63 79
63 80
63 81
63 83
63 84
63 85
63 86
63 87
63 88
63 89
63 93
63 95
63 97
64 65
64 66
64 67
64 71
64 75
64 77
64 79
64 80
64 83
64 86
64 88
64 91
64 94
64 96
65 66
65 69
65 70
65 81
65 85
65 87
65 91
65 93
65 94
65 95
65 96
65 97
65 98
66 68
66 69
66 71
66 72
66 73
66 74
66 75
66 76
66 77
66 78
66 79
66 80
66 86
66 87
66 88
66 89
66 90
66 91
66 93
66 95
66 97
67 68
67 71
67 72
67 73
67 75
67 78
67 80
67 83
67 85
67 86
67 89
67 91
67 93
67 96
67 99
68 70
68 71
68 72
68 76
68 79
68 81
68 82
68 83
68 87
68 89
68 91
68 94
68 96
68 98
68 99
69 71
69 72
69 73
69 74
69 75
69 79
69 81
69 87
69 91
69 93
69 97
69 99
70 71
70 73
70 74
70 75
70 76
70 80
70 83
70 86
70 87
70 88
70 89
70 93
70 97
70 98
71 75
71 77
71 78
71 82
71 83
71 85
71 86
71 87
71 90
71 91
71 92
71 93
71 94
71 95
72 75
72 77
72 78
72 79
72 81
72 83
72 87
72 88
72 91
72 92
72 93
72 94
72 95
72 96
72 98
73 75
73 76
73 77
73 78
73 79
73 82
73 85
73 86
73 87
73 91
73 98
74 75
74 76
74 78
74 80
74 83
74 84
74 86
74 88
74 90
74 94
74 95
74 97
75 76
75 79
75 80
75 84
75 85
75 86
75 87
75 88
75 91
75 92
75 93
75 94
75 95
75 97
75 98
75 99
76 78
76 81
76 82
76 83
76 84
76 85
76 86
76 87
76 89
76 90
76 91
76 97
77 78
77 79
77 81
77 82
77 84
77 85
77 86
77 90
77 92
77 95
77 98
77 99
78 79
78 85
78 86
78 90
78 91
78 92
78 93
78 94
78 96
78 97
78 98
78 99
79 80
79 81
79 82
79 89
79 91
79 92
79 93
79 94
79 97
79 98
80 81
80 82
80 84
80 87
80 88
80 92
80 93
80 94
80 95
80 96
80 97
80 98
81 82
81 85
81 87
81 88
81 89
81 92
81 93
81 94
81 98
82 86
82 87
82 88
82 89
82 90
82 92
82 93
82 94
82 95
82 99
83 84
83 85
83 88
83 89
83 92
83 95
83 97
83 99
84 85
84 86
84 87
84 90
84 91
84 95
85 91
85 93
85 94
85 97
85 99
86 89
86 90
86 94
86 97
86 98
87 88
87 90
87 91
87 92
87 94
87 98
88 89
88 91
88 93
88 95
88 96
88 98
88 99
89 92
89 93
89 94
89 98
89 99
90 91
90 92
90 95
90 97
90 98
90 99
91 92
91 93
91 94
91 95
91 97
92 93
92 94
92 95
92 97
92 98
92 99
93 94
93 96
93 97
93 98
94 97
94 98
94 99
95 97
96 97
97 98
97 99
98 99
