0 3
0 4
0 6
0 7
0 8
0 9
0 10
0 11
0 12
0 15
0 22
0 23
0 24
0 25
0 27
0 28
0 29
0 30
0 36
0 38
0 46
0 48
0 49
0 51
0 54
0 55
0 56
0 57
0 60
0 62
0 63
0 64
0 65
0 69
0 70
0 76
0 77
0 78
0 79
0 80
0 81
0 82
0 84
0 85
0 87
0 88
0 89
0 90
0 91
0 92
0 93
0 94
0 95
0 98
1 3
1 4
1 5
1 7
1 11
1 12
1 13
1 16
1 20
1 22
1 27
1 28
1 31
1 33
1 36
1 37
1 38
1 40
1 41
1 42
1 47
1 51
1 52
1 53
1 54
1 58
1 60
1 64
1 65
1 67
1 68
1 70
1 72
1 74
1 77
1 80
1 81
1 82
1 84
1 87
1 89
1 90
1 93
1 95
1 97
1 98
2 3
2 4
2 7
2 11
2 13
2 14
2 16
2 18
2 20
2 23
2 29
2 30
2 31
2 32
2 34
2 35
2 37
2 38
2 39
2 40
2 42
2 44
2 45
2 46
2 47
2 49
2 52
2 55
2 59
2 60
2 61
2 65
2 67
2 68
2 70
2 72
2 73
2 74
2 76
2 77
2 78
2 79
2 82
2 83
2 85
2 86
2 87
2 88
2 91
2 94
2 97
2 99
3 5
3 6
3 8
3 10
3 11
3 12
3 13
3 14
3 15
3 17
3 21
3 24
3 28
3 29
3 31
3 33
3 34
3 35
3 36
3 37
3 38
3 42
3 43
3 45
3 46
3 49
3 55
3 57
3 59
3 60
3 61
3 64
3 65
3 66
3 68
3 69
3 74
3 76
3 78
3 80
3 82
3 83
3 84
3 86
3 87
3 89
3 91
3 94
3 95
3 96
3 97
4 5
4 6
4 7
4 10
4 12
4 14
4 16
4 17
4 20
4 30
4 31
4 33
4 36
4 40
4 41
4 42
4 44
4 46
4 47
4 49
4 50
4 51
4 52
4 54
4 55
4 56
4 57
4 58
4 60
4 61
4 64
4 65
4 66
4 70
4 71
4 74
4 75
4 76
4 80
4 81
4 82
4 83
4 86
4 88
4 90
4 91
4 93
4 98
4 99
5 9
5 12
5 13
5 14
5 15
5 18
5 19
5 21
5 22
5 24
5 27
5 30
5 33
5 34
5 35
5 37
5 38
5 40
5 46
5 49
5 50
5 51
5 55
5 58
5 60
5 61
5 63
5 65
5 67
5 68
5 69
5 70
5 71
5 74
5 76
5 80
5 81
5 83
5 84
5 86
5 87
5 89
5 90
5 91
5 93
5 95
5 96
5 97
5 98
6 7
6 8
6 9
6 11
6 12
6 14
6 16
6 17
6 18
6 20
6 22
6 23
6 24
6 25
6 26
6 28
6 31
6 32
6 36
6 38
6 39
6 40
6 42
6 46
6 48
6 49
6 51
6 52
6 55
6 57
6 60
6 62
6 63
6 68
6 70
6 71
6 72
6 78
6 80
6 82
6 83
6 88
6 89
6 90
6 92
6 95
6 96
6 97
7 12
7 13
7 15
7 16
7 20
7 23
7 26
7 27
7 28
7 29
7 31
7 32
7 34
7 36
7 38
7 39
7 43
7 44
7 45
7 47
7 49
7 51
7 53
7 54
7 55
7 58
7 59
7 61
7 62
7 64
7 68
7 69
7 71
7 72
7 73
7 74
7 75
7 78
7 79
7 81
7 84
7 87
7 88
7 89
7 93
7 94
7 95
7 97
8 11
8 12
8 14
8 17
8 18
8 25
8 27
8 28
8 29
8 34
8 37
8 38
8 41
8 42
8 44
8 45
8 46
8 47
8 50
8 54
8 59
8 61
8 63
8 64
8 65
8 70
8 71
8 72
8 76
8 79
8 80
8 81
8 82
8 83
8 85
8 88
8 90
8 95
8 96
8 97
8 99
9 10
9 13
9 18
9 19
9 21
9 22
9 25
9 27
9 28
9 29
9 32
9 34
9 35
9 36
9 37
9 38
9 41
9 42
9 43
9 44
9 49
9 50
9 53
9 54
9 55
9 57
9 58
9 59
9 61
9 66
9 67
9 68
9 71
9 74
9 75
9 80
9 82
9 83
9 84
9 86
9 93
9 97
9 98
10 11
10 12
10 14
10 16
10 18
10 21
10 22
10 26
10 29
10 33
10 34
10 36
10 39
10 41
10 42
10 43
10 45
10 46
10 49
10 52
10 53
10 54
10 55
10 56
10 57
10 58
10 59
10 64
10 65
10 67
10 68
10 70
10 71
10 72
10 73
10 77
10 79
10 80
10 82
10 84
10 85
10 87
10 89
10 92
10 93
10 95
10 96
10 98
11 14
11 15
11 16
11 17
11 18
11 19
11 21
11 25
11 26
11 27
11 28
11 29
11 30
11 32
11 34
11 39
11 43
11 46
11 49
11 50
11 51
11 53
11 54
11 55
11 58
11 60
11 61
11 65
11 69
11 71
11 75
11 76
11 77
11 79
11 83
11 89
11 92
11 96
11 97
11 98
11 99
12 13
12 18
12 19
12 21
12 22
12 26
12 27
12 28
12 29
12 31
12 32
12 33
12 35
12 36
12 39
12 44
12 45
12 46
12 48
12 49
12 51
12 52
12 53
12 54
12 55
12 58
12 59
12 60
12 62
12 63
12 65
12 67
12 68
12 69
12 70
12 73
12 75
12 77
12 84
12 87
12 88
12 92
12 94
12 95
12 96
12 97
12 99
13 14
13 17
13 18
13 21
13 22
13 24
13 26
13 27
13 28
13 29
13 32
13 34
13 35
13 36
13 37
13 38
13 39
13 42
13 43
13 44
13 47
13 48
13 49
13 50
13 51
13 52
13 53
13 56
13 57
13 58
13 59
13 60
13 62
13 63
13 64
13 65
13 66
13 67
13 68
13 69
13 70
13 72
13 73
13 75
13 76
13 77
13 80
13 82
13 88
13 89
13 90
13 91
13 95
13 96
14 20
14 21
14 23
14 24
14 26
14 28
14 32
14 34
14 35
14 36
14 37
14 39
14 40
14 43
14 44
14 45
14 48
14 53
14 56
14 57
14 58
14 62
14 63
14 65
14 67
14 71
14 72
14 75
14 76
14 79
14 80
14 81
14 83
14 85
14 88
14 90
14 91
14 95
14 97
14 98
14 99
15 17
15 18
15 20
15 21
15 22
15 24
15 27
15 29
15 30
15 32
15 36
15 37
15 39
15 41
15 42
15 44
15 46
15 47
15 48
15 51
15 52
15 61
15 62
15 63
15 64
15 66
15 68
15 69
15 71
15 73
15 74
15 75
15 76
15 79
15 82
15 83
15 84
15 86
15 88
15 90
15 92
15 94
15 96
15 97
16 18
16 21
16 23
16 25
16 29
16 30
16 33
16 36
16 38
16 39
16 43
16 44
16 45
16 49
16 50
16 51
16 52
16 54
16 55
16 56
16 58
16 60
16 61
16 62
16 63
16 67
16 72
16 73
16 77
16 78
16 79
16 80
16 81
16 83
16 84
16 85
16 87
16 88
16 90
16 92
16 93
16 95
16 98
16 99
17 18
17 21
17 22
17 24
17 25
17 27
17 29
17 31
17 32
17 33
17 37
17 38
17 39
17 42
17 45
17 52
17 55
17 57
17 60
17 61
17 64
17 65
17 66
17 69
17 70
17 73
17 74
17 75
17 80
17 82
17 83
17 84
17 86
17 89
17 92
17 96
17 98
18 19
18 20
18 22
18 23
18 26
18 27
18 30
18 31
18 35
18 36
18 37
18 38
18 39
18 40
18 42
18 45
18 49
18 55
18 56
18 59
18 61
18 63
18 65
18 68
18 69
18 71
18 83
18 84
18 85
18 86
18 90
18 93
18 96
18 97
18 99
19 20
19 22
19 23
19 24
19 25
19 29
19 32
19 33
19 34
19 37
19 40
19 42
19 43
19 44
19 46
19 50
19 51
19 52
19 53
19 54
19 58
19 63
19 65
19 66
19 67
19 68
19 69
19 74
19 75
19 76
19 79
19 81
19 82
19 84
19 86
19 87
19 89
19 93
19 96
19 99
20 23
20 26
20 27
20 29
20 33
20 34
20 36
20 37
20 39
20 40
20 43
20 44
20 45
20 46
20 47
20 48
20 49
20 50
20 51
20 54
20 55
20 56
20 59
20 61
20 62
20 64
20 65
20 67
20 68
20 69
20 70
20 72
20 75
20 76
20 78
20 81
20 82
20 83
20 90
20 91
20 92
20 95
20 96
20 97
20 98
21 23
21 24
21 26
21 37
21 38
21 40
21 41
21 42
21 49
21 50
21 51
21 54
21 55
21 57
21 58
21 60
21 63
21 64
21 65
21 66
21 67
21 68
21 69
21 70
21 72
21 73
21 74
21 75
21 78
21 81
21 82
21 84
21 85
21 86
21 88
21 89
21 91
21 93
21 95
21 96
21 99
22 26
22 29
22 32
22 34
22 39
22 42
22 43
22 44
22 45
22 51
22 53
22 57
22 58
22 60
22 66
22 72
22 73
22 78
22 80
22 82
22 85
22 89
22 91
22 92
22 93
22 95
22 96
22 98
22 99
23 25
23 27
23 31
23 36
23 37
23 41
23 46
23 49
23 51
23 52
23 53
23 54
23 56
23 59
23 60
23 61
23 67
23 69
23 71
23 81
23 82
23 85
23 86
23 88
23 94
23 95
23 96
23 98
24 26
24 27
24 28
24 29
24 30
24 31
24 33
24 36
24 39
24 40
24 42
24 43
24 48
24 49
24 50
24 56
24 57
24 58
24 59
24 60
24 63
24 64
24 65
24 66
24 68
24 69
24 70
24 71
24 74
24 75
24 78
24 79
24 80
24 81
24 82
24 84
24 86
24 89
24 92
24 94
24 95
24 96
24 97
24 99
25 26
25 28
25 32
25 33
25 34
25 35
25 39
25 42
25 44
25 46
25 47
25 48
25 50
25 51
25 52
25 53
25 58
25 59
25 60
25 61
25 62
25 64
25 65
25 70
25 71
25 72
25 73
25 74
25 76
25 78
25 79
25 81
25 82
25 83
25 86
25 87
25 89
25 90
25 94
25 96
25 97
25 99
26 29
26 31
26 33
26 34
26 35
26 37
26 40
26 41
26 45
26 49
26 50
26 51
26 53
26 60
26 62
26 65
26 67
26 70
26 74
26 75
26 76
26 78
26 81
26 82
26 83
26 85
26 86
26 89
26 91
26 96
26 97
27 28
27 29
27 31
27 34
27 37
27 38
27 41
27 43
27 45
27 46
27 47
27 49
27 50
27 51
27 52
27 53
27 54
27 56
27 58
27 61
27 62
27 63
27 64
27 65
27 68
27 69
27 70
27 74
27 77
27 79
27 81
27 86
27 87
27 88
27 90
27 91
27 92
27 94
27 95
27 96
27 97
27 98
28 29
28 31
28 32
28 36
28 37
28 38
28 40
28 42
28 45
28 46
28 47
28 49
28 50
28 51
28 52
28 56
28 57
28 58
28 60
28 61
28 63
28 64
28 65
28 69
28 74
28 77
28 78
28 79
28 82
28 85
28 87
28 88
28 92
28 93
28 94
28 95
28 98
28 99
29 30
29 32
29 40
29 41
29 42
29 43
29 44
29 47
29 50
29 51
29 52
29 54
29 56
29 59
29 60
29 61
29 62
29 69
29 70
29 71
29 73
29 74
29 76
29 78
29 79
29 80
29 81
29 84
29 85
29 87
29 88
29 90
29 91
29 92
29 94
29 95
29 96
29 97
29 98
29 99
30 32
30 33
30 34
30 35
30 36
30 38
30 40
30 44
30 45
30 46
30 47
30 49
30 50
30 53
30 54
30 55
30 57
30 58
30 59
30 62
30 64
30 65
30 67
30 68
30 77
30 79
30 80
30 82
30 83
30 85
30 86
30 87
30 88
30 89
30 90
30 92
30 96
30 97
30 98
31 33
31 35
31 36
31 37
31 38
31 44
31 46
31 47
31 54
31 57
31 58
31 59
31 61
31 63
31 64
31 65
31 66
31 69
31 71
31 77
31 78
31 79
31 80
31 84
31 85
31 88
31 89
31 91
31 94
31 95
31 96
32 36
32 37
32 38
32 39
32 40
32 43
32 45
32 47
32 50
32 54
32 55
32 57
32 61
32 62
32 64
32 65
32 66
32 67
32 68
32 72
32 73
32 75
32 77
32 81
32 82
32 86
32 87
32 89
32 91
32 94
32 95
32 98
32 99
33 34
33 35
33 37
33 39
33 40
33 44
33 45
33 47
33 50
33 52
33 53
33 54
33 56
33 59
33 66
33 67
33 70
33 74
33 75
33 76
33 77
33 78
33 79
33 80
33 81
33 83
33 85
33 87
33 88
33 90
33 93
33 96
33 97
34 35
34 36
34 38
34 39
34 40
34 42
34 43
34 44
34 45
34 48
34 52
34 53
34 54
34 55
34 57
34 58
34 59
34 60
34 62
34 64
34 65
34 66
34 67
34 68
34 69
34 70
34 71
34 73
34 74
34 79
34 80
34 83
34 84
34 85
34 87
34 88
34 93
34 94
34 95
34 96
34 97
35 37
35 42
35 44
35 45
35 46
35 48
35 50
35 52
35 53
35 54
35 55
35 56
35 57
35 59
35 60
35 62
35 63
35 64
35 67
35 69
35 70
35 71
35 74
35 77
35 80
35 82
35 83
35 84
35 85
35 87
35 88
35 90
35 96
35 98
36 37
36 39
36 44
36 52
36 57
36 59
36 60
36 62
36 65
36 66
36 67
36 68
36 72
36 76
36 79
36 81
36 82
36 83
36 84
36 86
36 88
36 91
36 93
36 94
36 97
37 40
37 42
37 44
37 46
37 49
37 50
37 52
37 55
37 56
37 58
37 62
37 63
37 65
37 67
37 70
37 75
37 76
37 77
37 79
37 81
37 84
37 85
37 87
37 92
37 95
37 96
37 97
37 99
38 39
38 40
38 41
38 42
38 44
38 47
38 48
38 50
38 51
38 53
38 55
38 56
38 57
38 59
38 63
38 67
38 69
38 70
38 74
38 76
38 77
38 80
38 81
38 82
38 83
38 84
38 85
38 86
38 89
38 91
38 93
38 94
38 97
39 40
39 41
39 42
39 43
39 45
39 46
39 47
39 50
39 51
39 52
39 54
39 55
39 57
39 60
39 63
39 67
39 68
39 69
39 71
39 74
39 75
39 76
39 77
39 78
39 83
39 85
39 87
39 90
39 92
39 94
39 96
39 97
40 41
40 42
40 43
40 44
40 48
40 54
40 56
40 57
40 58
40 59
40 62
40 63
40 64
40 66
40 73
40 77
40 78
40 79
40 82
40 85
40 86
40 88
40 89
40 90
40 92
40 95
40 98
40 99
41 42
41 43
41 46
41 49
41 50
41 51
41 52
41 55
41 59
41 60
41 62
41 63
41 65
41 66
41 69
41 70
41 71
41 72
41 74
41 75
41 77
41 78
41 80
41 82
41 83
41 86
41 87
41 88
41 95
41 98
41 99
42 44
42 46
42 48
42 50
42 51
42 52
42 55
42 62
42 65
42 68
42 71
42 72
42 74
42 78
42 80
42 81
42 82
42 83
42 84
42 86
42 89
42 91
42 92
42 94
42 98
42 99
43 45
43 48
43 52
43 55
43 57
43 59
43 63
43 67
43 68
43 69
43 70
43 71
43 72
43 73
43 75
43 76
43 81
43 82
43 85
43 87
43 89
43 93
43 94
43 96
44 45
44 51
44 55
44 56
44 57
44 59
44 62
44 63
44 65
44 66
44 69
44 72
44 73
44 74
44 75
44 79
44 80
44 81
44 84
44 85
44 87
44 88
44 89
44 90
44 91
44 92
44 94
44 96
45 47
45 49
45 50
45 51
45 57
45 58
45 59
45 60
45 62
45 63
45 68
45 69
45 76
45 77
45 78
45 80
45 81
45 82
45 84
45 85
45 86
45 87
45 90
45 95
45 97
45 99
46 49
46 51
46 52
46 53
46 54
46 60
46 63
46 64
46 65
46 68
46 71
46 74
46 79
46 81
46 82
46 86
46 87
46 92
46 93
46 94
46 99
47 50
47 51
47 54
47 55
47 56
47 58
47 60
47 61
47 62
47 63
47 66
47 68
47 69
47 71
47 73
47 75
47 76
47 77
47 78
47 79
47 82
47 86
47 87
47 88
47 91
47 94
47 95
47 96
47 98
47 99
48 49
48 50
48 51
48 52
48 54
48 58
48 59
48 64
48 69
48 71
48 74
48 76
48 77
48 78
48 80
48 83
48 86
48 90
48 91
48 92
48 99
49 50
49 51
49 54
49 56
49 58
49 61
49 64
49 71
49 72
49 73
49 74
49 75
49 77
49 78
49 79
49 80
49 81
49 83
49 84
49 88
49 89
49 94
49 98
49 99
50 54
50 56
50 58
50 59
50 61
50 68
50 69
50 70
50 71
50 74
50 75
50 76
50 77
50 78
50 82
50 83
50 84
50 89
50 90
50 92
50 93
50 94
50 95
50 96
50 98
51 54
51 55
51 58
51 61
51 62
51 63
51 64
51 65
51 67
51 71
51 72
51 73
51 76
51 81
51 82
51 83
51 87
51 88
51 89
51 92
51 94
52 55
52 57
52 60
52 68
52 71
52 73
52 74
52 75
52 80
52 81
52 83
52 84
52 85
52 86
52 88
52 89
52 92
52 95
53 55
53 56
53 58
53 63
53 64
53 67
53 68
53 69
53 72
53 73
53 74
53 75
53 76
53 77
53 78
53 82
53 83
53 84
53 86
53 88
53 90
53 95
53 96
53 99
54 55
54 56
54 57
54 58
54 59
54 60
54 63
54 64
54 67
54 68
54 70
54 71
54 75
54 79
54 80
54 82
54 85
54 88
54 89
54 90
54 91
54 92
54 94
54 97
54 98
54 99
55 56
55 58
55 61
55 62
55 63
55 65
55 66
55 69
55 71
55 72
55 73
55 74
55 77
55 80
55 81
55 82
55 84
55 85
55 86
55 88
55 91
55 93
55 94
55 96
55 99
56 58
56 60
56 61
56 63
56 64
56 65
56 67
56 69
56 71
56 73
56 76
56 79
56 80
56 84
56 86
56 88
56 89
56 92
56 93
56 95
56 98
57 58
57 61
57 62
57 64
57 65
57 68
57 69
57 70
57 72
57 74
57 76
57 77
57 78
57 81
57 86
57 87
57 88
57 90
57 91
57 93
57 96
58 59
58 64
58 65
58 68
58 69
58 70
58 71
58 72
58 74
58 76
58 77
58 80
58 81
58 84
58 86
58 87
58 89
58 91
58 93
58 94
58 96
58 99
59 60
59 62
59 64
59 66
59 67
59 70
59 73
59 75
59 79
59 82
59 83
59 84
59 87
59 88
59 89
59 90
59 91
59 94
59 96
60 62
60 69
60 73
60 75
60 77
60 85
60 86
60 87
60 88
60 91
60 93
60 95
60 96
60 97
60 99
61 63
61 64
61 65
61 67
61 68
61 69
61 76
61 77
61 79
61 83
61 85
61 86
61 87
61 88
61 90
61 91
61 93
61 94
61 99
62 65
62 67
62 69
62 73
62 77
62 80
62 82
62 83
62 85
62 86
62 87
62 89
62 93
62 94
62 95
62 96
62 97
63 66
63 70
63 72
63 73
63 75
63 81
63 84
63 85
63 86
63 87
63 88
63 89
63 90
63 91
63 95
63 97
63 99
64 65
64 67
64 71
64 73
64 74
64 76
64 77
64 78
64 80
64 81
64 82
64 83
64 87
64 89
64 93
64 94
64 97
64 98
65 67
65 68
65 71
65 72
65 74
65 75
65 78
65 79
65 80
65 81
65 82
65 84
65 87
65 88
65 89
65 90
65 91
65 92
66 71
66 72
66 73
66 74
66 77
66 83
66 84
66 85
66 88
66 89
66 90
66 92
66 93
66 95
66 96
66 98
66 99
67 69
67 74
67 76
67 78
67 79
67 81
67 82
67 83
67 84
67 86
67 88
67 90
67 94
67 95
67 96
67 97
67 99
68 69
68 70
68 71
68 75
68 77
68 78
68 79
68 80
68 81
68 82
68 83
68 84
68 86
68 87
68 88
68 90
68 91
68 93
68 97
68 98
68 99
69 72
69 73
69 75
69 81
69 83
69 84
69 88
69 89
69 96
69 99
70 71
70 72
70 75
70 82
70 83
70 86
70 91
70 93
70 96
70 98
70 99
71 72
71 74
71 75
71 77
71 79
71 81
71 82
71 83
71 84
71 86
71 89
71 91
71 92
71 95
71 98
71 99
72 73
72 74
72 75
72 77
72 78
72 79
72 80
72 82
72 85
72 86
72 88
72 92
72 93
72 94
72 96
72 97
72 99
73 75
73 77
73 79
73 80
73 82
73 90
73 95
73 97
73 99
74 76
74 80
74 81
74 82
74 90
74 92
74 94
74 95
74 96
75 78
75 82
75 83
75 84
75 85
75 87
75 89
75 90
75 93
75 95
75 97
76 77
76 80
76 82
76 85
76 86
76 87
76 89
76 90
76 91
76 92
76 94
76 95
77 79
77 80
77 83
77 84
77 85
77 88
77 93
77 94
77 98
78 80
78 82
78 83
78 84
78 86
78 87
78 89
78 91
78 92
78 93
78 97
78 98
78 99
79 80
79 81
79 82
79 83
79 84
79 85
79 86
79 88
79 93
79 95
79 99
80 81
80 85
80 86
80 90
80 94
80 96
81 83
81 88
81 89
81 92
81 93
81 95
81 96
81 98
81 99
82 83
82 84
82 85
82 88
82 89
82 90
82 92
82 93
82 94
82 95
82 96
82 97
83 86
83 88
83 89
83 92
83 97
83 98
83 99
84 86
84 87
84 88
84 90
84 91
84 94
84 95
84 96
84 97
85 86
85 88
85 93
85 95
85 97
85 99
86 87
86 90
86 91
86 92
86 94
86 99
87 88
87 89
87 92
87 95
87 98
87 99
88 89
88 91
88 94
88 97
89 94
89 95
89 96
89 97
89 99
90 94
90 95
90 96
90 97
90 98
91 92
91 93
91 95
91 98
91 99
92 93
92 96
92 97
92 98
93 95
94 95
94 98
94 99
95 97
96 97
96 99
97 99
98 99
