0 1
0 6
0 7
0 8
0 10
0 12
0 14
0 16
0 17
0 18
0 19
0 21
0 22
0 25
0 26
0 27
0 29
0 31
0 35
0 38
0 39
0 41
0 44
0 45
0 46
0 47
0 48
0 51
0 53
0 57
0 60
0 61
0 62
0 64
0 67
0 69
0 70
0 74
0 76
0 77
0 78
0 85
0 88
0 89
0 93
0 94
0 95
0 96
0 99
1 2
1 4
1 6
1 12
1 13
1 14
1 17
1 18
1 19
1 21
1 22
1 23
1 24
1 26
1 27
1 28
1 29
1 30
1 31
1 32
1 33
1 36
1 40
1 42
1 45
1 47
1 49
1 53
1 54
1 55
1 56
1 59
1 60
1 62
1 63
1 66
1 67
1 68
1 69
1 70
1 74
1 76
1 77
1 79
1 80
1 83
1 84
1 85
1 86
1 92
1 94
1 95
1 96
1 97
1 98
2 4
2 5
2 7
2 8
2 10
2 11
2 12
2 13
2 14
2 17
2 19
2 21
2 22
2 25
2 26
2 29
2 30
2 32
2 33
2 37
2 40
2 41
2 43
2 46
2 47
2 48
2 49
2 52
2 54
2 58
2 60
2 61
2 62
2 64
2 66
2 67
2 71
2 72
2 73
2 75
2 76
2 77
2 78
2 79
2 81
2 84
2 85
2 87
2 88
2 89
2 91
2 92
2 94
2 96
2 99
3 4
3 6
3 7
3 9
3 12
3 16
3 17
3 23
3 27
3 28
3 29
3 30
3 31
3 32
3 34
3 35
3 38
3 42
3 43
3 44
3 46
3 48
3 49
3 50
3 53
3 56
3 59
3 60
3 61
3 65
3 66
3 68
3 69
3 70
3 71
3 72
3 73
3 74
3 75
3 77
3 78
3 79
3 81
3 82
3 83
3 84
3 85
3 88
3 90
3 91
3 93
3 96
3 97
3 98
3 99
4 7
4 9
4 13
4 15
4 16
4 17
4 19
4 20
4 21
4 22
4 24
4 25
4 26
4 28
4 34
4 35
4 36
4 40
4 43
4 44
4 45
4 46
4 47
4 48
4 49
4 50
4 51
4 52
4 54
4 58
4 59
4 61
4 62
4 63
4 64
4 66
4 70
4 73
4 75
4 76
4 80
4 82
4 83
4 84
4 85
4 87
4 89
4 90
4 93
4 96
4 97
4 99
5 6
5 7
5 10
5 14
5 15
5 17
5 18
5 20
5 29
5 30
5 33
5 36
5 37
5 38
5 39
5 42
5 44
5 46
5 47
5 50
5 51
5 55
5 57
5 60
5 63
5 65
5 68
5 70
5 72
5 75
5 78
5 79
5 80
5 82
5 83
5 86
5 88
5 89
5 90
5 93
5 96
5 97
5 98
6 7
6 8
6 10
6 12
6 13
6 14
6 16
6 18
6 19
6 22
6 24
6 25
6 28
6 32
6 33
6 35
6 36
6 39
6 40
6 41
6 42
6 44
6 49
6 50
6 54
6 55
6 59
6 62
6 65
6 67
6 68
6 69
6 75
6 76
6 79
6 80
6 85
6 86
6 88
6 90
6 91
6 92
6 93
6 95
6 96
6 98
7 8
7 9
7 17
7 18
7 20
7 27
7 28
7 29
7 31
7 33
7 34
7 36
7 42
7 43
7 44
7 47
7 48
7 51
7 54
7 58
7 59
7 65
7 66
7 68
7 69
7 71
7 72
7 77
7 78
7 81
7 82
7 83
7 84
7 86
7 88
7 93
7 95
7 96
7 99
8 10
8 11
8 12
8 15
8 16
8 19
8 23
8 24
8 25
8 26
8 28
8 29
8 32
8 34
8 36
8 38
8 40
8 41
8 42
8 44
8 52
8 54
8 55
8 57
8 58
8 59
8 61
8 62
8 64
8 69
8 70
8 73
8 74
8 75
8 81
8 83
8 84
8 86
8 88
8 90
8 93
8 96
8 99
9 13
9 14
9 16
9 18
9 20
9 21
9 25
9 27
9 28
9 31
9 32
9 33
9 35
9 36
9 39
9 40
9 41
9 42
9 43
9 47
9 50
9 54
9 55
9 57
9 58
9 59
9 61
9 63
9 64
9 67
9 68
9 70
9 73
9 80
9 83
9 84
9 88
9 95
9 96
9 99
10 11
10 13
10 17
10 19
10 21
10 22
10 24
10 27
10 31
10 32
10 34
10 36
10 37
10 38
10 43
10 45
10 46
10 49
10 50
10 51
10 52
10 54
10 55
10 62
10 67
10 70
10 72
10 74
10 75
10 76
10 77
10 78
10 79
10 83
10 85
10 86
10 89
10 90
10 92
10 94
10 95
10 98
10 99
11 12
11 15
11 17
11 21
11 26
11 27
11 28
11 29
11 30
11 31
11 33
11 40
11 41
11 44
11 45
11 46
11 51
11 53
11 57
11 58
11 59
11 60
11 61
11 64
11 66
11 67
11 69
11 73
11 74
11 75
11 76
11 77
11 80
11 81
11 84
11 86
11 87
11 88
11 89
11 91
11 92
11 93
11 96
11 98
11 99
12 14
12 18
12 19
12 27
12 28
12 34
12 35
12 36
12 37
12 38
12 40
12 45
12 49
12 51
12 54
12 56
12 57
12 58
12 59
12 60
12 61
12 62
12 69
12 71
12 73
12 75
12 79
12 80
12 82
12 86
12 88
12 91
12 93
12 94
12 95
12 98
12 99
13 19
13 24
13 27
13 28
13 29
13 30
13 31
13 32
13 33
13 34
13 35
13 36
13 37
13 39
13 42
13 44
13 45
13 46
13 47
13 48
13 54
13 58
13 62
13 63
13 64
13 65
13 70
13 71
13 73
13 74
13 75
13 79
13 81
13 82
13 83
13 84
13 85
13 90
13 93
13 95
13 97
13 98
14 15
14 17
14 21
14 25
14 26
14 30
14 32
14 33
14 37
14 38
14 39
14 40
14 42
14 43
14 45
14 47
14 48
14 52
14 53
14 54
14 56
14 58
14 59
14 60
14 61
14 65
14 68
14 73
14 76
14 82
14 85
14 87
14 88
14 90
14 92
14 93
14 96
14 98
15 17
15 18
15 19
15 22
15 24
15 26
15 30
15 32
15 34
15 35
15 36
15 37
15 40
15 43
15 44
15 45
15 47
15 49
15 52
15 55
15 58
15 59
15 60
15 65
15 66
15 67
15 69
15 70
15 71
15 74
15 75
15 76
15 77
15 79
15 81
15 82
15 85
15 87
15 89
15 90
15 92
15 93
15 96
15 97
15 98
15 99
16 21
16 22
16 24
16 25
16 27
16 30
16 31
16 36
16 37
16 38
16 40
16 41
16 43
16 45
16 46
16 47
16 48
16 51
16 52
16 53
16 56
16 57
16 58
16 59
16 61
16 63
16 65
16 66
16 68
16 69
16 71
16 75
16 76
16 77
16 78
16 81
16 82
16 84
16 85
16 86
16 89
16 91
16 93
16 95
16 96
16 97
16 98
16 99
17 18
17 19
17 22
17 26
17 29
17 30
17 31
17 33
17 34
17 36
17 37
17 38
17 39
17 40
17 41
17 42
17 43
17 44
17 49
17 50
17 52
17 57
17 58
17 59
17 60
17 61
17 63
17 64
17 65
17 66
17 67
17 68
17 71
17 73
17 74
17 76
17 78
17 79
17 80
17 86
17 88
17 89
17 91
17 93
17 94
17 95
17 97
17 99
18 19
18 20
18 22
18 26
18 27
18 28
18 29
18 32
18 33
18 35
18 36
18 37
18 38
18 39
18 41
18 42
18 43
18 45
18 46
18 51
18 52
18 53
18 57
18 58
18 61
18 62
18 64
18 66
18 69
18 70
18 71
18 72
18 73
18 74
18 78
18 79
18 81
18 82
18 84
18 87
18 88
18 91
18 92
18 93
18 95
18 96
18 97
18 98
19 23
19 24
19 29
19 32
19 33
19 35
19 37
19 40
19 41
19 43
19 45
19 46
19 49
19 50
19 51
19 55
19 58
19 59
19 60
19 61
19 62
19 64
19 66
19 70
19 73
19 75
19 76
19 78
19 80
19 81
19 82
19 84
19 85
19 86
19 89
19 92
19 97
19 99
20 21
20 22
20 23
20 26
20 29
20 30
20 32
20 34
20 35
20 36
20 37
20 38
20 41
20 42
20 43
20 44
20 47
20 49
20 52
20 54
20 55
20 59
20 60
20 62
20 64
20 65
20 67
20 68
20 71
20 73
20 74
20 75
20 77
20 79
20 82
20 84
20 86
20 90
20 91
20 92
20 93
20 95
20 97
20 98
21 24
21 25
21 26
21 27
21 31
21 32
21 33
21 35
21 36
21 39
21 43
21 44
21 48
21 52
21 53
21 54
21 55
21 56
21 60
21 64
21 65
21 67
21 69
21 71
21 74
21 77
21 79
21 80
21 82
21 83
21 86
21 88
21 89
21 93
21 94
21 95
21 96
21 97
21 98
22 24
22 25
22 26
22 27
22 28
22 33
22 36
22 37
22 43
22 44
22 45
22 48
22 51
22 52
22 54
22 55
22 57
22 58
22 64
22 65
22 66
22 67
22 68
22 69
22 71
22 74
22 76
22 77
22 78
22 83
22 84
22 86
22 87
22 89
22 92
22 95
22 96
22 97
22 99
23 24
23 25
23 27
23 28
23 29
23 30
23 31
23 33
23 34
23 37
23 38
23 41
23 42
23 46
23 49
23 50
23 53
23 54
23 56
23 58
23 62
23 63
23 68
23 69
23 70
23 74
23 76
23 77
23 78
23 82
23 85
23 87
23 88
23 90
23 91
23 94
23 95
24 25
24 27
24 29
24 31
24 35
24 36
24 38
24 39
24 40
24 41
24 42
24 47
24 48
24 51
24 52
24 53
24 54
24 55
24 57
24 59
24 60
24 61
24 63
24 64
24 66
24 67
24 69
24 72
24 73
24 74
24 75
24 76
24 79
24 80
24 81
24 82
24 85
24 86
24 88
24 91
24 93
24 94
24 96
24 98
25 28
25 29
25 30
25 36
25 37
25 38
25 39
25 43
25 45
25 49
25 51
25 52
25 53
25 54
25 55
25 56
25 57
25 58
25 60
25 61
25 64
25 65
25 66
25 71
25 73
25 74
25 76
25 78
25 79
25 82
25 84
25 85
25 92
25 97
25 99
26 30
26 32
26 34
26 35
26 38
26 40
26 41
26 43
26 44
26 46
26 49
26 50
26 51
26 52
26 53
26 55
26 57
26 60
26 64
26 66
26 67
26 68
26 70
26 72
26 73
26 74
26 76
26 78
26 82
26 83
26 84
26 85
26 89
26 90
26 94
26 97
26 98
27 30
27 31
27 34
27 35
27 36
27 38
27 39
27 40
27 42
27 46
27 49
27 50
27 54
27 55
27 62
27 66
27 68
27 70
27 71
27 73
27 75
27 77
27 81
27 85
27 86
27 87
27 89
27 90
27 92
27 96
28 30
28 31
28 33
28 34
28 37
28 38
28 39
28 41
28 42
28 43
28 44
28 45
28 46
28 47
28 49
28 50
28 51
28 55
28 56
28 57
28 61
28 62
28 70
28 71
28 75
28 80
28 81
28 82
28 85
28 86
28 88
28 90
28 91
28 94
28 95
28 97
28 98
29 30
29 32
29 34
29 35
29 37
29 38
29 39
29 40
29 46
29 49
29 50
29 54
29 55
29 56
29 57
29 61
29 64
29 67
29 68
29 70
29 73
29 77
29 79
29 80
29 81
29 82
29 83
29 84
29 85
29 87
29 88
29 96
29 97
29 99
30 31
30 32
30 33
30 36
30 37
30 42
30 45
30 51
30 52
30 53
30 56
30 58
30 59
30 60
30 61
30 62
30 65
30 66
30 67
30 68
30 70
30 71
30 72
30 74
30 75
30 76
30 79
30 83
30 84
30 85
30 86
30 87
30 88
30 91
30 95
30 96
30 98
31 34
31 35
31 37
31 39
31 44
31 45
31 46
31 54
31 55
31 57
31 66
31 69
31 72
31 75
31 76
31 77
31 78
31 82
31 86
31 89
31 91
31 93
31 94
31 96
31 99
32 33
32 35
32 36
32 39
32 40
32 41
32 44
32 47
32 50
32 51
32 53
32 54
32 57
32 58
32 60
32 61
32 63
32 65
32 68
32 69
32 70
32 71
32 72
32 73
32 74
32 75
32 81
32 85
32 87
32 89
32 90
32 95
32 96
32 97
32 98
32 99
33 34
33 37
33 39
33 40
33 41
33 43
33 45
33 46
33 47
33 48
33 50
33 52
33 53
33 54
33 55
33 56
33 58
33 60
33 62
33 65
33 67
33 68
33 70
33 75
33 77
33 78
33 79
33 80
33 81
33 83
33 84
33 85
33 88
33 90
33 92
33 93
33 95
33 96
33 97
33 99
34 38
34 42
34 45
34 46
34 48
34 49
34 52
34 54
34 55
34 57
34 59
34 60
34 61
34 62
34 63
34 64
34 67
34 70
34 71
34 72
34 74
34 75
34 76
34 79
34 80
34 81
34 82
34 83
34 86
34 87
34 89
34 90
34 92
34 93
34 98
35 39
35 41
35 42
35 43
35 45
35 50
35 52
35 54
35 56
35 57
35 59
35 60
35 61
35 62
35 63
35 69
35 71
35 75
35 78
35 82
35 83
35 86
35 87
35 90
35 91
35 92
35 94
35 96
35 98
36 37
36 39
36 41
36 44
36 46
36 49
36 51
36 53
36 54
36 55
36 56
36 57
36 59
36 64
36 66
36 70
36 71
36 72
36 80
36 81
36 84
36 88
36 89
36 90
36 91
36 92
36 93
36 95
36 97
36 98
37 39
37 42
37 46
37 50
37 51
37 53
37 54
37 57
37 58
37 59
37 60
37 62
37 64
37 69
37 73
37 74
37 75
37 77
37 79
37 80
37 81
37 85
37 86
37 87
37 88
37 91
37 92
37 93
37 95
37 96
37 97
37 98
38 39
38 43
38 44
38 50
38 52
38 53
38 58
38 62
38 64
38 66
38 67
38 68
38 69
38 73
38 75
38 76
38 77
38 78
38 79
38 80
38 81
38 84
38 86
38 88
38 90
38 92
38 93
38 94
38 95
38 97
38 98
39 40
39 42
39 44
39 45
39 46
39 47
39 50
39 51
39 53
39 54
39 55
39 58
39 59
39 60
39 61
39 64
39 65
39 67
39 68
39 69
39 70
39 71
39 73
39 74
39 75
39 78
39 79
39 80
39 82
39 83
39 87
39 88
39 90
39 91
39 94
39 95
39 98
40 41
40 43
40 46
40 47
40 48
40 55
40 59
40 61
40 64
40 67
40 68
40 69
40 70
40 77
40 78
40 80
40 83
40 84
40 85
40 87
40 88
40 89
40 90
40 91
40 94
40 95
40 96
40 99
41 42
41 43
41 48
41 49
41 50
41 53
41 54
41 55
41 56
41 65
41 66
41 67
41 68
41 69
41 70
41 71
41 72
41 73
41 74
41 78
41 80
41 82
41 83
41 85
41 86
41 87
41 89
41 90
41 91
41 93
41 97
41 98
42 43
42 44
42 45
42 48
42 49
42 50
42 53
42 54
42 55
42 56
42 62
42 63
42 64
42 65
42 67
42 71
42 73
42 74
42 77
42 79
42 80
42 82
42 86
42 95
42 96
42 97
42 98
42 99
43 48
43 49
43 51
43 53
43 54
43 56
43 60
43 62
43 63
43 64
43 66
43 67
43 68
43 69
43 70
43 72
43 73
43 74
43 75
43 77
43 78
43 80
43 81
43 84
43 85
43 89
43 91
43 97
43 99
44 46
44 47
44 53
44 54
44 59
44 62
44 64
44 65
44 66
44 67
44 68
44 69
44 70
44 72
44 76
44 78
44 80
44 84
44 85
44 88
44 90
44 93
44 95
44 98
44 99
45 50
45 56
45 58
45 60
45 63
45 66
45 68
45 69
45 72
45 74
45 75
45 76
45 78
45 82
45 86
45 87
45 91
45 94
46 47
46 49
46 52
46 53
46 54
46 55
46 56
46 59
46 60
46 66
46 68
46 70
46 74
46 76
46 77
46 78
46 80
46 81
46 85
46 86
46 88
46 93
46 94
46 95
46 96
46 98
47 49
47 51
47 55
47 57
47 60
47 65
47 70
47 73
47 74
47 77
47 78
47 79
47 80
47 82
47 84
47 85
47 86
47 88
47 89
47 90
47 93
47 96
47 97
47 99
48 50
48 53
48 55
48 58
48 60
48 61
48 63
48 65
48 66
48 70
48 75
48 76
48 77
48 84
48 88
48 89
48 91
48 94
48 96
48 97
49 50
49 51
49 53
49 54
49 57
49 58
49 59
49 62
49 63
49 66
49 67
49 69
49 70
49 71
49 76
49 77
49 78
49 80
49 84
49 85
49 88
49 89
49 90
49 91
49 94
49 95
49 98
49 99
50 52
50 55
50 56
50 58
50 59
50 62
50 64
50 66
50 67
50 68
50 69
50 70
50 71
50 73
50 74
50 78
50 79
50 80
50 81
50 82
50 84
50 85
50 86
50 90
50 91
50 93
50 96
50 98
51 54
51 58
51 59
51 60
51 61
51 63
51 65
51 67
51 69
51 70
51 71
51 73
51 76
51 77
51 79
51 80
51 81
51 82
51 83
51 85
51 86
51 87
51 88
51 89
51 90
51 92
51 93
51 99
52 55
52 56
52 59
52 62
52 66
52 67
52 68
52 69
52 70
52 72
52 75
52 77
52 78
52 81
52 83
52 84
52 90
52 94
52 98
53 54
53 55
53 61
53 63
53 64
53 66
53 68
53 69
53 71
53 76
53 77
53 79
53 82
53 83
53 84
53 86
53 87
53 88
53 91
53 96
53 97
53 99
54 55
54 59
54 60
54 61
54 62
54 63
54 64
54 65
54 66
54 68
54 69
54 72
54 76
54 81
54 82
54 86
54 90
54 91
54 94
54 95
54 97
54 98
54 99
55 58
55 59
55 66
55 67
55 68
55 70
55 72
55 78
55 80
55 85
55 87
55 90
55 92
55 93
55 95
55 96
55 97
55 98
56 57
56 62
56 63
56 65
56 68
56 70
56 71
56 72
56 76
56 77
56 79
56 80
56 81
56 82
56 83
56 84
56 86
56 88
56 89
56 90
56 95
56 97
56 98
57 59
57 63
57 65
57 67
57 68
57 69
57 70
57 72
57 73
57 74
57 76
57 78
57 79
57 80
57 82
57 83
57 84
57 85
57 86
57 87
57 88
57 89
57 90
57 93
57 95
57 96
58 61
58 63
58 67
58 68
58 71
58 73
58 77
58 79
58 82
58 83
58 89
58 90
58 92
58 97
58 99
59 60
59 66
59 68
59 70
59 71
59 74
59 75
59 76
59 77
59 79
59 80
59 83
59 84
59 86
59 87
59 88
59 93
59 94
59 96
59 97
59 98
59 99
60 62
60 64
60 66
60 68
60 70
60 74
60 75
60 77
60 79
60 82
60 83
60 84
60 85
60 86
60 88
60 89
60 90
60 92
60 94
60 97
61 62
61 63
61 65
61 67
61 68
61 71
61 73
61 77
61 78
61 79
61 80
61 81
61 82
61 83
61 84
61 86
61 87
61 93
61 94
61 98
62 67
62 70
62 76
62 78
62 79
62 80
62 82
62 84
62 85
62 86
62 87
62 89
62 90
62 92
62 96
62 97
62 98
63 64
63 65
63 67
63 71
63 73
63 74
63 77
63 81
63 84
63 87
63 89
63 90
63 92
63 98
63 99
64 66
64 70
64 71
64 74
64 83
64 84
64 87
64 91
64 92
64 93
64 94
64 95
64 96
64 98
65 68
65 69
65 71
65 72
65 74
65 76
65 79
65 81
65 84
65 85
65 86
65 87
65 88
65 89
65 90
65 91
65 92
65 96
65 98
66 67
66 69
66 70
66 72
66 86
66 87
66 88
66 91
66 92
66 93
66 94
66 96
66 97
67 69
67 70
67 71
67 72
67 76
67 77
67 78
67 79
67 89
67 90
67 91
67 92
67 94
67 96
67 97
67 98
67 99
68 70
68 71
68 73
68 74
68 75
68 78
68 80
68 82
68 83
68 87
68 89
68 92
68 93
68 95
68 96
68 98
69 71
69 73
69 76
69 77
69 80
69 82
69 83
69 85
69 86
69 89
69 91
69 95
69 97
69 99
70 72
70 73
70 74
70 77
70 80
70 81
70 82
70 84
70 85
70 90
70 91
70 92
70 94
70 97
70 98
71 74
71 77
71 78
71 83
71 85
71 86
71 87
71 88
71 89
71 91
71 95
71 96
71 97
71 99
72 73
72 74
72 75
72 76
72 78
72 82
72 83
72 84
72 86
72 87
72 88
72 89
72 90
72 91
72 92
72 94
72 97
73 74
73 78
73 80
73 81
73 84
73 85
73 86
73 88
73 89
73 90
73 93
73 94
73 97
73 98
74 77
74 78
74 81
74 88
74 89
74 96
74 99
75 79
75 81
75 82
75 85
75 86
75 87
75 89
75 90
75 92
75 94
75 95
75 96
75 97
75 98
75 99
76 78
76 80
76 81
76 82
76 83
76 85
76 87
76 88
76 91
76 94
76 95
76 99
77 78
77 79
77 81
77 82
77 83
77 84
77 87
77 90
77 92
77 93
77 94
77 95
77 97
78 80
78 81
78 82
78 89
78 90
78 92
78 97
78 99
79 80
79 82
79 83
79 84
79 86
79 90
79 92
79 93
79 94
79 95
79 97
79 98
79 99
80 83
80 86
80 88
80 89
80 90
80 91
80 92
80 94
80 98
81 82
81 84
81 85
81 86
81 87
81 89
81 90
81 91
81 93
81 94
81 98
81 99
82 83
82 84
82 85
82 94
82 96
83 84
83 86
83 87
83 90
83 91
83 97
83 99
84 85
84 86
84 87
84 88
84 89
84 90
84 93
84 94
84 95
84 97
84 99
85 87
85 90
85 94
85 99
86 87
86 90
86 92
86 94
86 97
86 99
87 88
87 91
87 92
87 96
87 97
87 98
87 99
88 91
88 93
88 95
88 97
89 91
89 93
89 94
89 96
89 97
89 98
89 99
90 92
90 93
90 94
90 98
91 93
91 95
92 97
92 98
92 99
93 94
94 95
94 96
94 98
94 99
95 97
96 98
96 99
97 98
98 99
