0 1
0 2
0 3
0 6
0 8
0 12
0 13
0 14
0 16
0 17
0 18
0 20
0 22
0 23
0 24
0 25
0 27
0 29
0 30
0 32
0 33
0 37
0 40
0 44
0 46
0 47
0 48
0 50
0 51
0 53
0 56
0 58
0 59
0 63
0 66
0 68
0 69
0 75
0 80
0 81
0 82
0 84
0 88
0 89
0 90
0 91
0 92
0 93
0 95
0 96
1 2
1 5
1 8
1 11
1 12
1 16
1 19
1 22
1 26
1 28
1 30
1 31
1 37
1 38
1 39
1 42
1 43
1 44
1 45
1 46
1 49
1 50
1 52
1 53
1 58
1 59
1 63
1 65
1 67
1 68
1 69
1 71
1 73
1 76
1 78
1 84
1 85
1 86
1 87
1 88
1 90
1 91
1 97
2 5
2 6
2 8
2 11
2 12
2 14
2 15
2 16
2 17
2 18
2 22
2 28
2 30
2 32
2 35
2 36
2 37
2 38
2 41
2 47
2 48
2 49
2 52
2 53
2 54
2 56
2 59
2 68
2 69
2 70
2 72
2 73
2 74
2 76
2 77
2 78
2 79
2 83
2 86
2 87
2 88
2 92
2 93
2 94
2 98
2 99
3 5
3 8
3 10
3 13
3 18
3 19
3 20
3 21
3 23
3 24
3 25
3 27
3 38
3 39
3 40
3 42
3 43
3 45
3 50
3 51
3 52
3 53
3 54
3 59
3 60
3 63
3 69
3 71
3 73
3 74
3 75
3 76
3 81
3 85
3 86
3 88
3 89
3 91
3 93
3 95
3 98
4 7
4 8
4 9
4 12
4 14
4 17
4 18
4 19
4 21
4 22
4 25
4 26
4 27
4 28
4 30
4 32
4 33
4 36
4 38
4 39
4 44
4 45
4 46
4 49
4 53
4 54
4 55
4 58
4 59
4 60
4 61
4 62
4 63
4 64
4 67
4 68
4 69
4 71
4 72
4 74
4 75
4 76
4 77
4 79
4 80
4 81
4 82
4 83
4 85
4 88
4 89
4 90
4 91
4 94
4 95
4 96
4 98
5 8
5 9
5 10
5 11
5 12
5 16
5 18
5 21
5 23
5 24
5 25
5 26
5 27
5 28
5 29
5 31
5 32
5 33
5 35
5 36
5 41
5 47
5 48
5 49
5 50
5 51
5 52
5 53
5 54
5 56
5 58
5 59
5 61
5 62
5 64
5 65
5 67
5 68
5 69
5 70
5 73
5 75
5 76
5 78
5 79
5 81
5 82
5 83
5 86
5 87
5 91
5 95
5 96
5 98
5 99
6 7
6 8
6 11
6 12
6 13
6 14
6 17
6 18
6 19
6 20
6 23
6 24
6 25
6 28
6 29
6 33
6 34
6 35
6 38
6 41
6 42
6 43
6 44
6 47
6 48
6 50
6 51
6 52
6 53
6 54
6 57
6 58
6 61
6 62
6 66
6 68
6 73
6 75
6 77
6 81
6 85
6 86
6 88
6 91
6 92
6 93
6 99
7 9
7 11
7 12
7 14
7 15
7 16
7 17
7 18
7 22
7 23
7 27
7 28
7 30
7 34
7 36
7 40
7 41
7 43
7 47
7 49
7 52
7 53
7 54
7 56
7 59
7 60
7 62
7 63
7 64
7 65
7 66
7 67
7 70
7 72
7 75
7 78
7 80
7 85
7 88
7 91
7 92
7 93
7 95
7 96
7 97
8 9
8 10
8 13
8 14
8 16
8 18
8 19
8 20
8 21
8 23
8 24
8 27
8 28
8 30
8 32
8 33
8 38
8 40
8 41
8 42
8 43
8 44
8 49
8 50
8 53
8 58
8 59
8 60
8 63
8 65
8 69
8 72
8 73
8 76
8 79
8 80
8 87
8 97
9 11
9 13
9 14
9 16
9 21
9 25
9 26
9 29
9 31
9 33
9 35
9 36
9 38
9 40
9 41
9 42
9 44
9 49
9 50
9 53
9 54
9 55
9 56
9 58
9 59
9 61
9 63
9 64
9 65
9 66
9 67
9 70
9 72
9 75
9 76
9 77
9 80
9 81
9 82
9 83
9 85
9 86
9 90
9 91
9 92
9 93
9 94
9 96
9 97
9 98
10 11
10 14
10 15
10 16
10 18
10 19
10 20
10 21
10 25
10 28
10 29
10 30
10 32
10 33
10 35
10 38
10 40
10 42
10 48
10 49
10 50
10 54
10 55
10 57
10 59
10 64
10 65
10 68
10 70
10 71
10 74
10 75
10 77
10 79
10 80
10 81
10 88
10 89
10 92
10 93
10 95
10 99
11 12
11 14
11 15
11 17
11 20
11 29
11 32
11 34
11 38
11 39
11 41
11 43
11 46
11 48
11 51
11 52
11 54
11 56
11 57
11 60
11 62
11 63
11 67
11 68
11 71
11 73
11 76
11 77
11 79
11 80
11 82
11 83
11 84
11 87
11 88
11 90
11 91
11 92
11 93
11 97
11 98
12 14
12 17
12 18
12 19
12 20
12 21
12 22
12 26
12 28
12 29
12 30
12 32
12 33
12 40
12 41
12 42
12 43
12 44
12 45
12 46
12 49
12 50
12 53
12 57
12 58
12 61
12 63
12 64
12 65
12 68
12 72
12 80
12 83
12 86
12 90
12 98
12 99
13 15
13 16
13 17
13 20
13 25
13 27
13 29
13 30
13 31
13 33
13 34
13 35
13 39
13 40
13 41
13 42
13 44
13 45
13 50
13 51
13 56
13 57
13 58
13 59
13 60
13 61
13 65
13 66
13 67
13 68
13 71
13 72
13 73
13 74
13 75
13 84
13 86
13 87
13 88
13 90
13 91
13 96
13 97
14 21
14 26
14 35
14 36
14 38
14 39
14 40
14 42
14 45
14 46
14 48
14 49
14 52
14 53
14 55
14 57
14 62
14 63
14 64
14 68
14 69
14 71
14 72
14 75
14 76
14 78
14 79
14 81
14 82
14 83
14 84
14 85
14 86
14 87
14 88
14 89
14 91
14 92
14 96
14 97
15 18
15 20
15 21
15 23
15 24
15 26
15 27
15 28
15 37
15 41
15 43
15 44
15 45
15 48
15 54
15 55
15 58
15 60
15 61
15 62
15 63
15 66
15 69
15 70
15 73
15 74
15 75
15 76
15 79
15 80
15 83
15 87
15 88
15 89
15 91
15 93
16 17
16 19
16 21
16 23
16 24
16 27
16 29
16 30
16 32
16 33
16 34
16 36
16 37
16 38
16 39
16 40
16 42
16 45
16 46
16 47
16 49
16 50
16 52
16 57
16 60
16 63
16 64
16 65
16 66
16 69
16 72
16 74
16 76
16 77
16 80
16 83
16 85
16 86
16 88
16 91
16 92
16 95
16 97
17 18
17 20
17 21
17 23
17 26
17 28
17 30
17 31
17 32
17 40
17 41
17 42
17 44
17 45
17 46
17 47
17 48
17 49
17 51
17 52
17 53
17 56
17 58
17 59
17 60
17 61
17 62
17 63
17 64
17 68
17 70
17 71
17 72
17 75
17 76
17 77
17 78
17 81
17 82
17 88
17 89
17 90
17 92
17 93
17 95
17 96
17 97
17 99
18 22
18 23
18 24
18 40
18 46
18 47
18 48
18 50
18 53
18 56
18 57
18 59
18 60
18 62
18 63
18 68
18 77
18 78
18 80
18 83
18 84
18 85
18 86
18 87
18 90
18 93
18 94
18 96
18 97
18 99
19 21
19 22
19 23
19 25
19 29
19 31
19 32
19 37
19 38
19 39
19 41
19 44
19 45
19 46
19 48
19 49
19 51
19 53
19 57
19 61
19 65
19 66
19 68
19 71
19 74
19 77
19 79
19 80
19 81
19 82
19 84
19 85
19 86
19 87
19 90
19 92
19 93
19 95
19 96
19 98
19 99
20 22
20 26
20 27
20 29
20 30
20 31
20 33
20 34
20 35
20 36
20 39
20 40
20 43
20 44
20 45
20 46
20 47
20 49
20 53
20 55
20 56
20 57
20 58
20 60
20 62
20 67
20 68
20 69
20 72
20 74
20 76
20 79
20 85
20 87
20 90
20 91
20 94
20 95
20 96
20 99
21 23
21 26
21 29
21 32
21 35
21 36
21 38
21 41
21 46
21 49
21 51
21 53
21 54
21 59
21 60
21 61
21 68
21 69
21 70
21 71
21 72
21 73
21 75
21 78
21 80
21 83
21 85
21 86
21 87
21 90
21 91
21 94
21 95
21 97
21 98
22 24
22 25
22 26
22 27
22 30
22 31
22 33
22 34
22 35
22 39
22 40
22 41
22 44
22 48
22 49
22 50
22 51
22 52
22 53
22 54
22 55
22 57
22 59
22 67
22 70
22 72
22 77
22 79
22 80
22 85
22 89
22 90
22 91
22 93
22 95
22 97
22 99
23 29
23 30
23 33
23 35
23 36
23 46
23 47
23 48
23 49
23 53
23 55
23 56
23 57
23 58
23 59
23 63
23 65
23 66
23 67
23 68
23 69
23 71
23 74
23 75
23 78
23 86
23 88
23 89
23 90
23 91
23 92
23 94
23 95
23 98
24 28
24 31
24 32
24 33
24 34
24 35
24 37
24 40
24 42
24 43
24 44
24 46
24 47
24 52
24 53
24 55
24 56
24 57
24 58
24 62
24 68
24 69
24 70
24 71
24 74
24 75
24 76
24 78
24 80
24 91
24 94
24 95
24 96
24 99
25 29
25 30
25 32
25 34
25 35
25 38
25 43
25 44
25 45
25 46
25 49
25 50
25 52
25 54
25 55
25 58
25 59
25 63
25 64
25 65
25 69
25 70
25 72
25 74
25 75
25 77
25 79
25 80
25 84
25 85
25 88
25 93
25 95
25 97
25 98
26 30
26 34
26 35
26 36
26 44
26 46
26 50
26 51
26 52
26 53
26 57
26 58
26 59
26 60
26 61
26 63
26 64
26 65
26 67
26 68
26 71
26 72
26 74
26 77
26 81
26 82
26 83
26 84
26 85
26 87
26 91
26 93
26 99
27 28
27 29
27 30
27 31
27 32
27 36
27 37
27 40
27 41
27 42
27 43
27 46
27 47
27 48
27 49
27 50
27 51
27 54
27 55
27 58
27 59
27 60
27 63
27 66
27 67
27 69
27 70
27 72
27 73
27 76
27 77
27 78
27 79
27 81
27 82
27 85
27 86
27 88
27 89
27 90
27 92
27 93
27 96
27 97
27 98
28 29
28 30
28 31
28 35
28 36
28 38
28 39
28 40
28 44
28 46
28 49
28 50
28 52
28 54
28 55
28 56
28 59
28 60
28 61
28 64
28 65
28 66
28 67
28 68
28 70
28 71
28 76
28 77
28 79
28 80
28 81
28 84
28 89
28 92
28 96
28 98
28 99
29 30
29 32
29 33
29 34
29 36
29 39
29 40
29 43
29 44
29 45
29 46
29 47
29 49
29 50
29 51
29 52
29 53
29 54
29 55
29 56
29 57
29 58
29 61
29 63
29 64
29 65
29 67
29 70
29 72
29 74
29 78
29 87
29 88
29 89
29 91
29 92
29 96
29 98
30 31
30 33
30 36
30 37
30 39
30 41
30 43
30 44
30 48
30 52
30 53
30 54
30 57
30 61
30 65
30 66
30 67
30 70
30 71
30 73
30 76
30 77
30 79
30 84
30 87
30 88
30 90
30 91
30 92
30 94
30 95
30 96
30 97
30 99
31 32
31 33
31 36
31 38
31 43
31 46
31 47
31 48
31 49
31 52
31 53
31 54
31 55
31 57
31 61
31 62
31 63
31 64
31 65
31 67
31 69
31 71
31 74
31 80
31 85
31 86
31 87
31 88
31 89
31 90
31 91
31 92
31 93
31 99
32 33
32 34
32 35
32 36
32 37
32 40
32 41
32 43
32 44
32 48
32 50
32 51
32 53
32 58
32 59
32 61
32 62
32 64
32 69
32 70
32 74
32 76
32 77
32 79
32 80
32 81
32 84
32 85
32 86
32 87
32 89
32 90
32 91
32 92
32 94
32 95
32 97
32 98
33 35
33 37
33 39
33 40
33 44
33 45
33 46
33 47
33 49
33 50
33 53
33 54
33 55
33 56
33 60
33 61
33 65
33 68
33 70
33 71
33 72
33 73
33 74
33 75
33 76
33 78
33 79
33 80
33 81
33 82
33 84
33 85
33 86
33 87
33 90
33 91
33 93
33 96
33 97
34 36
34 39
34 41
34 43
34 44
34 47
34 48
34 50
34 51
34 53
34 54
34 57
34 59
34 61
34 62
34 63
34 64
34 66
34 67
34 70
34 73
34 74
34 75
34 78
34 79
34 80
34 82
34 83
34 84
34 85
34 87
34 89
34 90
34 91
34 95
34 98
34 99
35 36
35 37
35 39
35 41
35 43
35 44
35 45
35 48
35 49
35 52
35 53
35 55
35 57
35 60
35 65
35 66
35 70
35 73
35 76
35 77
35 78
35 82
35 84
35 85
35 86
35 87
35 88
35 91
35 96
35 97
35 99
36 37
36 39
36 42
36 43
36 47
36 49
36 53
36 55
36 60
36 61
36 62
36 64
36 65
36 66
36 70
36 72
36 75
36 77
36 78
36 79
36 80
36 81
36 83
36 84
36 85
36 86
36 87
36 88
36 89
36 94
36 95
36 98
37 38
37 40
37 43
37 44
37 45
37 46
37 47
37 50
37 53
37 61
37 64
37 65
37 67
37 68
37 70
37 75
37 78
37 79
37 80
37 81
37 83
37 86
37 89
37 96
37 97
38 40
38 42
38 45
38 46
38 48
38 49
38 50
38 51
38 53
38 55
38 56
38 57
38 58
38 59
38 63
38 64
38 65
38 69
38 74
38 79
38 83
38 84
38 85
38 87
38 88
38 90
38 91
38 95
38 96
38 97
38 99
39 43
39 45
39 48
39 50
39 52
39 53
39 54
39 57
39 62
39 64
39 66
39 68
39 69
39 71
39 75
39 76
39 78
39 79
39 81
39 82
39 85
39 86
39 87
39 89
39 90
39 92
39 93
39 97
39 99
40 41
40 44
40 45
40 47
40 49
40 50
40 52
40 55
40 56
40 58
40 59
40 61
40 62
40 64
40 65
40 70
40 71
40 72
40 74
40 76
40 77
40 79
40 80
40 83
40 87
40 88
40 92
40 93
40 95
40 96
40 98
41 42
41 43
41 45
41 48
41 49
41 51
41 53
41 54
41 55
41 56
41 57
41 59
41 66
41 68
41 71
41 74
41 75
41 77
41 78
41 80
41 81
41 83
41 84
41 86
41 95
41 99
42 44
42 45
42 47
42 49
42 50
42 54
42 55
42 58
42 60
42 61
42 62
42 65
42 68
42 70
42 71
42 72
42 79
42 80
42 81
42 86
42 87
42 91
42 92
42 93
42 98
43 48
43 49
43 50
43 52
43 54
43 56
43 57
43 58
43 59
43 61
43 63
43 66
43 70
43 71
43 72
43 73
43 75
43 76
43 77
43 78
43 79
43 80
43 83
43 85
43 89
43 90
43 91
43 92
43 93
43 95
43 96
43 97
44 45
44 48
44 51
44 52
44 58
44 59
44 60
44 64
44 68
44 73
44 78
44 79
44 83
44 87
44 88
44 89
44 91
44 95
44 97
45 48
45 49
45 52
45 55
45 56
45 57
45 59
45 61
45 62
45 63
45 65
45 66
45 67
45 70
45 71
45 72
45 73
45 74
45 76
45 80
45 81
45 84
45 85
45 86
45 87
45 88
45 89
45 90
45 95
45 99
46 49
46 51
46 52
46 53
46 54
46 57
46 59
46 61
46 62
46 64
46 66
46 67
46 68
46 70
46 72
46 73
46 77
46 78
46 79
46 80
46 87
46 89
46 90
46 91
46 93
46 94
46 98
47 49
47 50
47 52
47 56
47 57
47 60
47 61
47 63
47 64
47 66
47 68
47 69
47 76
47 78
47 81
47 82
47 83
47 86
47 87
47 88
47 91
47 92
47 93
47 96
48 51
48 53
48 54
48 57
48 61
48 62
48 63
48 64
48 65
48 68
48 69
48 72
48 77
48 80
48 81
48 82
48 84
48 87
48 88
48 89
48 94
48 95
48 96
48 99
49 51
49 53
49 55
49 59
49 62
49 66
49 67
49 68
49 70
49 72
49 76
49 77
49 78
49 79
49 80
49 81
49 83
49 87
49 88
49 89
49 90
49 91
49 92
49 95
49 96
49 97
49 98
49 99
50 51
50 54
50 56
50 61
50 62
50 63
50 64
50 65
50 67
50 68
50 69
50 72
50 73
50 74
50 75
50 76
50 77
50 78
50 80
50 85
50 86
50 87
50 89
50 90
50 91
50 92
50 93
50 96
50 97
50 98
51 52
51 53
51 56
51 58
51 59
51 60
51 64
51 70
51 72
51 76
51 77
51 80
51 81
51 83
51 85
51 86
51 88
51 89
51 90
51 91
51 92
51 93
51 94
51 95
51 96
51 97
51 98
52 55
52 56
52 58
52 61
52 62
52 64
52 66
52 69
52 70
52 73
52 77
52 78
52 79
52 80
52 84
52 85
52 87
52 90
52 92
52 94
52 98
52 99
53 55
53 56
53 58
53 64
53 66
53 67
53 69
53 70
53 71
53 74
53 78
53 81
53 85
53 88
53 89
53 90
53 91
53 92
53 94
53 95
53 97
53 99
54 55
54 57
54 64
54 66
54 67
54 68
54 73
54 74
54 75
54 78
54 80
54 81
54 82
54 83
54 84
54 85
54 89
54 95
54 98
55 57
55 58
55 59
55 60
55 64
55 65
55 69
55 72
55 73
55 76
55 77
55 78
55 79
55 80
55 81
55 82
55 85
55 91
55 92
55 94
55 95
55 97
55 98
55 99
56 57
56 58
56 60
56 63
56 64
56 66
56 68
56 69
56 70
56 73
56 74
56 76
56 78
56 79
56 81
56 82
56 85
56 86
56 90
56 91
56 92
56 94
56 95
56 97
56 99
57 59
57 63
57 64
57 66
57 69
57 70
57 72
57 75
57 76
57 77
57 78
57 80
57 81
57 83
57 84
57 85
57 87
57 92
57 94
57 95
57 96
57 98
57 99
58 59
58 67
58 70
58 72
58 73
58 74
58 78
58 82
58 85
58 87
58 88
58 92
58 93
58 94
58 95
58 98
58 99
59 60
59 63
59 64
59 68
59 69
59 71
59 73
59 75
59 76
59 80
59 81
59 82
59 83
59 89
59 91
59 95
59 96
59 97
60 69
60 70
60 73
60 74
60 76
60 78
60 79
60 80
60 82
60 83
60 84
60 85
60 88
60 91
60 93
60 94
60 97
61 62
61 63
61 64
61 68
61 69
61 70
61 71
61 74
61 76
61 77
61 78
61 81
61 82
61 83
61 84
61 85
61 87
61 91
61 98
62 63
62 64
62 65
62 67
62 68
62 69
62 70
62 75
62 78
62 80
62 81
62 84
62 85
62 88
62 92
62 93
62 94
62 96
63 64
63 65
63 66
63 67
63 69
63 74
63 78
63 80
63 81
63 82
63 83
63 84
63 86
63 89
63 92
63 93
63 94
63 97
64 68
64 69
64 71
64 73
64 76
64 78
64 81
64 82
64 85
64 87
64 90
64 91
64 93
64 94
64 95
64 96
64 97
64 99
65 68
65 71
65 72
65 74
65 75
65 78
65 81
65 82
65 83
65 84
65 87
65 90
65 93
65 94
65 95
65 96
65 97
66 68
66 69
66 70
66 71
66 73
66 76
66 79
66 80
66 81
66 82
66 85
66 88
66 91
66 98
67 68
67 69
67 71
67 74
67 76
67 78
67 79
67 80
67 83
67 84
67 86
67 94
67 97
67 98
67 99
68 69
68 70
68 71
68 72
68 73
68 75
68 76
68 77
68 78
68 79
68 80
68 87
68 88
68 89
68 91
68 93
68 94
68 97
68 99
69 72
69 73
69 77
69 80
69 82
69 83
69 86
69 88
69 89
69 90
69 92
69 94
70 72
70 76
70 77
70 84
70 85
70 86
70 87
70 88
70 90
70 92
70 93
70 95
70 97
70 98
70 99
71 72
71 73
71 76
71 78
71 80
71 82
71 84
71 87
71 93
71 96
71 98
71 99
72 76
72 80
72 82
72 83
72 84
72 86
72 87
72 90
72 95
72 96
72 98
73 76
73 77
73 80
73 81
73 84
73 85
73 90
73 93
73 94
73 95
73 96
73 98
74 75
74 79
74 81
74 86
74 87
74 89
74 91
74 93
74 98
75 76
75 77
75 78
75 80
75 81
75 83
75 84
75 85
75 89
75 95
75 96
75 97
75 98
76 78
76 80
76 85
76 88
76 89
76 90
76 91
76 92
76 93
76 94
76 95
76 96
76 99
77 85
77 86
77 87
77 88
77 90
77 92
77 94
77 96
77 98
77 99
78 81
78 82
78 83
78 85
78 86
78 87
78 88
78 92
78 93
78 95
78 96
78 98
78 99
79 84
79 85
79 86
79 89
79 90
79 91
79 94
79 96
79 97
79 98
79 99
80 81
80 82
80 85
80 88
80 90
80 91
80 92
80 96
80 97
80 99
81 82
81 85
81 88
81 90
81 91
81 93
81 94
81 95
81 96
81 98
82 86
82 91
82 92
82 95
82 96
82 98
83 84
83 85
83 86
83 87
83 88
83 89
83 90
83 92
83 93
83 94
83 95
84 87
84 89
84 91
84 92
84 93
84 96
84 98
85 86
85 87
85 88
85 90
85 91
85 94
86 88
86 89
86 90
86 92
86 93
86 94
86 95
86 97
87 88
87 89
87 94
87 95
87 98
87 99
88 89
88 92
88 93
88 94
88 95
88 96
88 98
88 99
89 90
89 93
89 94
89 95
89 97
89 98
89 99
90 91
90 93
90 97
91 92
91 96
91 99
92 93
92 94
92 95
93 95
93 97
93 98
94 97
95 96
95 97
96 97
96 99
97 99
