0 1
0 2
0 5
0 7
0 12
0 13
0 15
0 16
0 17
0 21
0 22
0 26
0 31
0 33
0 35
0 40
0 43
0 44
0 45
0 58
0 60
0 61
0 62
0 63
0 64
0 66
0 67
0 68
0 69
0 72
0 74
0 75
0 77
0 78
0 81
0 82
0 84
0 85
0 90
0 91
0 95
0 96
0 97
0 99
1 2
1 3
1 6
1 10
1 14
1 16
1 17
1 19
1 20
1 23
1 24
1 25
1 26
1 28
1 33
1 36
1 39
1 42
1 44
1 45
1 46
1 47
1 50
1 51
1 54
1 56
1 57
1 59
1 60
1 61
1 62
1 63
1 64
1 67
1 71
1 74
1 77
1 79
1 81
1 82
1 84
1 85
1 87
1 88
1 89
1 92
1 99
2 3
2 4
2 5
2 10
2 12
2 13
2 14
2 16
2 17
2 22
2 23
2 24
2 25
2 28
2 30
2 31
2 32
2 33
2 34
2 35
2 36
2 37
2 43
2 45
2 48
2 49
2 51
2 53
2 54
2 55
2 57
2 58
2 59
2 61
2 66
2 67
2 68
2 71
2 72
2 74
2 75
2 76
2 78
2 82
2 83
2 84
2 85
2 86
2 90
2 91
2 92
2 95
2 99
3 4
3 5
3 6
3 8
3 9
3 14
3 15
3 16
3 21
3 27
3 28
3 30
3 32
3 37
3 38
3 40
3 44
3 47
3 48
3 52
3 53
3 54
3 56
3 57
3 58
3 59
3 61
3 62
3 64
3 65
3 66
3 67
3 70
3 75
3 77
3 80
3 82
3 86
3 91
3 92
3 93
3 95
3 96
3 97
3 98
3 99
4 7
4 8
4 9
4 12
4 14
4 15
4 17
4 19
4 20
4 21
4 25
4 26
4 27
4 29
4 30
4 33
4 36
4 38
4 39
4 40
4 44
4 45
4 47
4 48
4 49
4 51
4 52
4 53
4 55
4 56
4 57
4 59
4 60
4 61
4 62
4 65
4 66
4 67
4 72
4 73
4 74
4 75
4 76
4 77
4 78
4 79
4 80
4 86
4 87
4 90
4 91
4 92
4 93
4 95
4 96
4 97
4 99
5 8
5 9
5 10
5 12
5 15
5 17
5 20
5 21
5 22
5 23
5 27
5 30
5 31
5 33
5 39
5 40
5 42
5 43
5 44
5 48
5 49
5 50
5 51
5 54
5 55
5 62
5 64
5 65
5 66
5 70
5 71
5 74
5 75
5 76
5 77
5 80
5 86
5 87
5 88
5 90
5 91
5 92
5 93
5 97
6 9
6 13
6 19
6 20
6 22
6 24
6 25
6 26
6 27
6 28
6 29
6 30
6 32
6 34
6 36
6 39
6 42
6 43
6 44
6 48
6 49
6 62
6 63
6 65
6 66
6 70
6 71
6 72
6 73
6 74
6 76
6 80
6 84
6 85
6 86
6 87
6 90
6 94
6 96
6 97
6 99
7 8
7 10
7 12
7 14
7 15
7 16
7 17
7 18
7 20
7 24
7 26
7 27
7 28
7 29
7 31
7 33
7 34
7 35
7 36
7 38
7 39
7 44
7 47
7 48
7 49
7 50
7 52
7 54
7 55
7 56
7 57
7 58
7 59
7 61
7 62
7 63
7 67
7 69
7 70
7 72
7 74
7 75
7 79
7 80
7 81
7 82
7 84
7 85
7 87
7 88
7 90
7 93
7 95
7 98
8 9
8 12
8 13
8 14
8 18
8 19
8 20
8 22
8 23
8 26
8 27
8 28
8 29
8 30
8 33
8 38
8 39
8 40
8 44
8 45
8 46
8 51
8 53
8 54
8 55
8 56
8 57
8 60
8 61
8 63
8 65
8 66
8 67
8 68
8 70
8 76
8 77
8 78
8 79
8 82
8 83
8 84
8 85
8 88
8 89
8 90
8 91
8 92
8 94
8 96
8 97
9 10
9 11
9 13
9 15
9 17
9 18
9 22
9 25
9 26
9 27
9 28
9 31
9 34
9 35
9 37
9 38
9 39
9 41
9 43
9 44
9 46
9 47
9 51
9 53
9 54
9 55
9 57
9 58
9 60
9 61
9 63
9 64
9 65
9 67
9 68
9 69
9 71
9 73
9 80
9 87
9 95
9 96
9 98
9 99
10 11
10 12
10 13
10 14
10 16
10 18
10 20
10 22
10 23
10 24
10 31
10 35
10 40
10 41
10 42
10 43
10 44
10 46
10 47
10 49
10 53
10 54
10 55
10 57
10 59
10 63
10 65
10 66
10 68
10 69
10 70
10 71
10 76
10 79
10 81
10 82
10 83
10 86
10 91
10 94
10 96
10 98
10 99
11 14
11 16
11 19
11 21
11 23
11 25
11 26
11 27
11 28
11 29
11 31
11 33
11 34
11 35
11 37
11 42
11 43
11 44
11 47
11 49
11 51
11 52
11 53
11 54
11 55
11 57
11 58
11 59
11 62
11 66
11 72
11 73
11 74
11 76
11 78
11 79
11 83
11 84
11 85
11 86
11 89
11 92
11 93
11 94
11 95
11 96
12 13
12 16
12 17
12 18
12 23
12 27
12 28
12 32
12 37
12 40
12 43
12 44
12 46
12 53
12 55
12 58
12 61
12 62
12 63
12 65
12 68
12 69
12 70
12 72
12 73
12 75
12 76
12 81
12 83
12 87
12 89
12 94
12 95
12 97
12 98
12 99
13 14
13 17
13 19
13 20
13 24
13 25
13 26
13 27
13 32
13 33
13 34
13 35
13 36
13 37
13 38
13 40
13 41
13 45
13 49
13 53
13 54
13 56
13 57
13 58
13 59
13 60
13 63
13 64
13 66
13 68
13 70
13 72
13 74
13 77
13 78
13 80
13 81
13 82
13 83
13 85
13 87
13 90
13 93
13 96
13 97
13 98
13 99
14 16
14 17
14 20
14 23
14 24
14 25
14 28
14 30
14 32
14 35
14 38
14 39
14 40
14 43
14 44
14 50
14 54
14 55
14 59
14 60
14 61
14 67
14 68
14 70
14 71
14 72
14 73
14 74
14 75
14 77
14 81
14 82
14 83
14 84
14 86
14 88
14 90
14 95
14 96
14 97
14 98
14 99
15 16
15 19
15 21
15 22
15 24
15 36
15 38
15 43
15 44
15 51
15 52
15 53
15 54
15 57
15 59
15 60
15 61
15 62
15 63
15 68
15 73
15 75
15 79
15 80
15 81
15 85
15 87
15 88
15 89
15 91
15 93
15 94
15 95
15 96
15 99
16 17
16 19
16 20
16 22
16 24
16 25
16 26
16 28
16 30
16 31
16 32
16 35
16 36
16 38
16 40
16 42
16 43
16 44
16 45
16 46
16 47
16 48
16 49
16 50
16 51
16 52
16 57
16 60
16 61
16 62
16 64
16 65
16 66
16 68
16 69
16 71
16 72
16 73
16 75
16 77
16 79
16 81
16 82
16 85
16 89
16 90
16 91
16 93
16 94
16 95
16 98
16 99
17 18
17 21
17 25
17 26
17 27
17 30
17 31
17 35
17 36
17 37
17 38
17 39
17 40
17 45
17 46
17 49
17 50
17 52
17 54
17 56
17 58
17 62
17 66
17 68
17 69
17 70
17 71
17 72
17 75
17 77
17 79
17 82
17 83
17 84
17 85
17 86
17 91
17 94
18 22
18 25
18 26
18 28
18 30
18 31
18 34
18 35
18 37
18 39
18 42
18 43
18 45
18 46
18 49
18 51
18 53
18 54
18 58
18 59
18 63
18 64
18 66
18 67
18 68
18 71
18 72
18 73
18 74
18 75
18 77
18 79
18 83
18 84
18 86
18 87
18 88
18 93
18 99
19 22
19 23
19 25
19 26
19 30
19 33
19 35
19 37
19 39
19 42
19 43
19 48
19 49
19 52
19 53
19 58
19 61
19 63
19 67
19 68
19 71
19 72
19 74
19 76
19 78
19 79
19 80
19 83
19 84
19 85
19 86
19 89
19 91
19 92
19 94
19 96
19 97
20 23
20 25
20 30
20 32
20 36
20 40
20 41
20 43
20 44
20 51
20 55
20 62
20 65
20 67
20 74
20 76
20 80
20 83
20 84
20 85
20 88
20 89
20 91
20 92
20 93
20 95
20 96
20 97
20 98
21 22
21 23
21 25
21 26
21 27
21 30
21 33
21 34
21 36
21 38
21 42
21 43
21 44
21 46
21 52
21 53
21 55
21 60
21 64
21 65
21 67
21 68
21 69
21 71
21 72
21 74
21 78
21 81
21 84
21 85
21 86
21 88
21 90
21 92
21 94
21 96
21 98
22 23
22 26
22 28
22 31
22 33
22 35
22 37
22 38
22 41
22 44
22 45
22 49
22 50
22 56
22 57
22 58
22 63
22 65
22 66
22 68
22 69
22 70
22 72
22 76
22 80
22 85
22 86
22 87
22 89
22 90
22 91
22 92
22 95
22 97
22 98
22 99
23 26
23 27
23 28
23 32
23 35
23 37
23 41
23 42
23 44
23 45
23 46
23 47
23 55
23 56
23 60
23 62
23 63
23 65
23 66
23 72
23 73
23 74
23 76
23 77
23 78
23 85
23 86
23 87
23 90
23 91
23 94
23 97
24 25
24 27
24 29
24 30
24 33
24 35
24 37
24 41
24 42
24 46
24 47
24 49
24 50
24 51
24 55
24 59
24 61
24 63
24 66
24 67
24 68
24 71
24 76
24 79
24 80
24 83
24 84
24 87
24 88
24 91
24 93
24 95
24 96
24 97
25 26
25 28
25 30
25 31
25 32
25 37
25 39
25 41
25 42
25 43
25 49
25 56
25 57
25 61
25 62
25 67
25 69
25 71
25 77
25 78
25 80
25 84
25 86
25 88
25 91
25 92
25 95
25 96
25 97
25 98
26 28
26 30
26 32
26 33
26 35
26 36
26 38
26 41
26 46
26 48
26 50
26 51
26 52
26 56
26 57
26 58
26 59
26 63
26 65
26 66
26 68
26 72
26 75
26 76
26 77
26 79
26 80
26 81
26 83
26 84
26 85
26 86
26 87
26 88
26 90
26 91
26 95
26 98
27 30
27 35
27 38
27 39
27 41
27 42
27 44
27 45
27 46
27 50
27 54
27 57
27 59
27 60
27 62
27 67
27 68
27 70
27 73
27 74
27 75
27 77
27 78
27 79
27 82
27 85
27 86
27 87
27 89
27 90
27 91
27 92
27 93
27 94
27 95
27 97
27 98
28 29
28 33
28 36
28 37
28 38
28 41
28 42
28 43
28 45
28 46
28 50
28 51
28 52
28 53
28 57
28 58
28 59
28 60
28 61
28 62
28 65
28 68
28 70
28 72
28 73
28 75
28 76
28 82
28 86
28 87
28 89
28 90
28 92
28 93
28 96
28 97
28 98
28 99
29 30
29 32
29 33
29 35
29 36
29 39
29 42
29 45
29 46
29 47
29 49
29 50
29 51
29 52
29 55
29 56
29 57
29 61
29 63
29 66
29 67
29 68
29 69
29 70
29 72
29 76
29 77
29 79
29 83
29 86
29 87
29 89
29 94
29 96
29 98
29 99
30 31
30 32
30 34
30 35
30 36
30 38
30 40
30 41
30 42
30 45
30 46
30 47
30 50
30 51
30 54
30 56
30 60
30 62
30 63
30 64
30 66
30 67
30 68
30 69
30 71
30 76
30 79
30 80
30 81
30 89
30 91
30 94
30 96
30 98
30 99
31 33
31 34
31 35
31 37
31 42
31 44
31 47
31 48
31 49
31 50
31 51
31 54
31 55
31 56
31 58
31 59
31 62
31 63
31 64
31 65
31 67
31 68
31 71
31 72
31 76
31 78
31 80
31 84
31 85
31 88
31 89
31 91
31 92
31 93
31 94
31 95
31 96
31 98
31 99
32 33
32 34
32 37
32 38
32 39
32 40
32 42
32 44
32 46
32 47
32 48
32 49
32 51
32 54
32 56
32 57
32 59
32 60
32 61
32 64
32 65
32 67
32 69
32 73
32 74
32 75
32 78
32 79
32 83
32 84
32 85
32 86
32 87
32 89
32 91
32 92
32 95
32 97
32 98
33 34
33 35
33 37
33 38
33 41
33 43
33 45
33 50
33 51
33 52
33 53
33 55
33 58
33 59
33 60
33 64
33 65
33 66
33 67
33 68
33 70
33 72
33 73
33 74
33 78
33 79
33 83
33 85
33 86
33 87
33 88
33 89
33 91
33 95
34 35
34 37
34 38
34 41
34 42
34 44
34 45
34 48
34 50
34 51
34 53
34 59
34 61
34 62
34 63
34 64
34 65
34 66
34 67
34 70
34 72
34 74
34 84
34 87
34 90
34 92
34 93
34 95
34 97
34 99
35 39
35 40
35 41
35 42
35 44
35 48
35 51
35 52
35 53
35 54
35 56
35 58
35 59
35 60
35 62
35 66
35 69
35 71
35 72
35 73
35 77
35 80
35 84
35 85
35 86
35 87
35 89
35 91
35 93
35 95
35 96
35 97
35 98
36 37
36 38
36 41
36 44
36 45
36 46
36 47
36 48
36 49
36 50
36 51
36 53
36 56
36 57
36 58
36 68
36 69
36 70
36 71
36 72
36 74
36 75
36 77
36 79
36 81
36 82
36 86
36 87
36 88
36 89
36 93
36 94
36 95
36 98
37 39
37 40
37 42
37 49
37 50
37 53
37 56
37 59
37 60
37 61
37 63
37 65
37 67
37 68
37 71
37 75
37 76
37 77
37 78
37 79
37 80
37 81
37 85
37 86
37 90
37 92
37 93
37 95
37 96
37 97
37 98
38 39
38 41
38 43
38 54
38 57
38 59
38 61
38 62
38 66
38 67
38 69
38 70
38 73
38 74
38 75
38 81
38 84
38 86
38 87
38 88
38 91
38 92
38 96
38 98
38 99
39 40
39 41
39 42
39 44
39 46
39 48
39 49
39 51
39 53
39 55
39 62
39 63
39 64
39 68
39 70
39 77
39 79
39 82
39 84
39 85
39 87
39 89
39 94
39 95
39 97
39 98
39 99
40 46
40 48
40 50
40 51
40 52
40 56
40 57
40 59
40 60
40 62
40 63
40 64
40 66
40 67
40 69
40 71
40 73
40 77
40 78
40 80
40 81
40 83
40 84
40 85
40 87
40 88
40 91
40 92
40 93
40 96
40 98
40 99
41 42
41 43
41 44
41 47
41 48
41 51
41 53
41 54
41 55
41 58
41 59
41 60
41 61
41 62
41 63
41 68
41 71
41 73
41 78
41 79
41 80
41 81
41 83
41 84
41 85
41 86
41 88
41 90
41 94
41 98
42 43
42 44
42 47
42 48
42 54
42 58
42 59
42 60
42 62
42 63
42 64
42 65
42 70
42 72
42 73
42 75
42 76
42 77
42 78
42 79
42 81
42 82
42 83
42 84
42 87
42 88
42 89
42 91
42 95
42 96
42 97
43 44
43 46
43 50
43 51
43 53
43 56
43 57
43 59
43 61
43 62
43 63
43 64
43 70
43 78
43 81
43 87
43 98
44 47
44 48
44 49
44 58
44 60
44 61
44 62
44 63
44 64
44 66
44 68
44 70
44 71
44 72
44 74
44 76
44 82
44 83
44 84
44 85
44 86
44 90
44 92
44 94
44 95
44 97
44 99
45 49
45 51
45 53
45 54
45 56
45 57
45 58
45 59
45 61
45 62
45 63
45 65
45 66
45 69
45 70
45 71
45 73
45 80
45 81
45 83
45 84
45 85
45 88
45 89
45 90
45 94
45 95
45 96
45 98
46 47
46 48
46 54
46 55
46 56
46 58
46 60
46 61
46 62
46 63
46 68
46 69
46 70
46 72
46 74
46 76
46 79
46 81
46 83
46 85
46 87
46 92
46 93
46 94
46 96
46 98
46 99
47 49
47 51
47 52
47 53
47 55
47 57
47 60
47 61
47 63
47 64
47 69
47 71
47 73
47 75
47 79
47 80
47 81
47 83
47 84
47 86
47 88
47 93
47 94
47 96
47 97
47 98
47 99
48 50
48 52
48 53
48 54
48 57
48 59
48 60
48 62
48 63
48 64
48 69
48 73
48 74
48 78
48 80
48 85
48 88
48 89
48 90
48 93
48 97
48 99
49 50
49 51
49 52
49 56
49 58
49 61
49 62
49 63
49 64
49 65
49 67
49 68
49 69
49 73
49 74
49 76
49 77
49 78
49 83
49 84
49 85
49 86
49 87
49 89
49 91
49 94
49 96
49 97
50 51
50 55
50 57
50 58
50 59
50 60
50 63
50 64
50 65
50 66
50 68
50 74
50 76
50 79
50 80
50 82
50 85
50 86
50 87
50 90
50 93
50 95
50 96
50 97
50 98
50 99
51 52
51 53
51 54
51 55
51 56
51 57
51 58
51 59
51 60
51 63
51 67
51 68
51 70
51 72
51 74
51 79
51 81
51 84
51 86
51 87
51 90
51 91
51 92
51 93
51 94
51 98
51 99
52 55
52 56
52 57
52 59
52 60
52 61
52 62
52 69
52 70
52 73
52 76
52 80
52 82
52 84
52 86
52 88
52 90
52 91
52 93
52 94
52 95
52 96
52 98
53 57
53 60
53 62
53 65
53 72
53 73
53 74
53 84
53 85
53 89
53 90
53 91
53 92
53 95
53 97
53 99
54 55
54 56
54 57
54 58
54 59
54 63
54 66
54 67
54 68
54 70
54 73
54 74
54 75
54 76
54 79
54 80
54 83
54 85
54 89
54 90
54 91
54 93
54 94
54 98
54 99
55 56
55 57
55 58
55 61
55 62
55 64
55 69
55 70
55 71
55 72
55 75
55 77
55 80
55 81
55 82
55 84
55 85
55 87
55 89
55 91
55 94
55 98
55 99
56 57
56 58
56 59
56 62
56 63
56 65
56 68
56 69
56 74
56 75
56 76
56 78
56 79
56 81
56 83
56 85
56 86
56 87
56 89
56 90
56 91
56 92
56 94
56 96
56 99
57 61
57 62
57 64
57 65
57 66
57 67
57 70
57 72
57 73
57 76
57 79
57 80
57 81
57 82
57 85
57 89
57 91
57 92
57 98
58 62
58 63
58 64
58 65
58 66
58 67
58 68
58 69
58 70
58 71
58 72
58 73
58 79
58 80
58 83
58 84
58 85
58 87
58 88
58 89
58 92
58 93
58 94
58 97
58 99
59 64
59 65
59 73
59 81
59 82
59 90
59 91
59 92
59 94
59 95
60 63
60 65
60 66
60 67
60 69
60 77
60 78
60 79
60 81
60 82
60 84
60 89
60 91
60 92
60 93
60 94
60 99
61 64
61 66
61 68
61 70
61 71
61 73
61 74
61 75
61 78
61 80
61 81
61 83
61 88
61 91
61 92
61 95
61 96
61 98
62 63
62 64
62 68
62 69
62 75
62 77
62 78
62 82
62 83
62 84
62 85
62 88
62 90
62 91
62 93
62 94
62 96
62 97
62 98
63 64
63 65
63 66
63 68
63 70
63 74
63 75
63 76
63 77
63 79
63 81
63 82
63 83
63 84
63 85
63 89
63 91
63 94
63 95
63 96
63 97
64 66
64 67
64 71
64 72
64 74
64 77
64 79
64 84
64 89
64 90
64 91
64 92
64 93
64 94
64 97
65 66
65 68
65 76
65 77
65 78
65 80
65 81
65 82
65 83
65 85
65 89
65 92
65 93
65 94
65 97
65 98
65 99
66 67
66 68
66 71
66 72
66 73
66 78
66 80
66 83
66 85
66 89
66 90
66 92
66 93
66 96
67 69
67 72
67 74
67 75
67 76
67 79
67 80
67 81
67 82
67 85
67 86
67 89
67 90
67 91
67 93
67 94
67 97
67 98
68 69
68 70
68 71
68 72
68 76
68 81
68 84
68 88
68 92
68 94
68 97
69 70
69 71
69 72
69 73
69 74
69 75
69 82
69 83
69 84
69 86
69 87
69 93
69 94
69 95
69 98
69 99
70 72
70 73
70 78
70 79
70 82
70 84
70 86
70 88
70 91
70 92
70 93
70 94
70 96
70 98
70 99
71 72
71 73
71 74
71 75
71 77
71 81
71 83
71 85
71 86
71 87
71 90
71 91
71 92
71 94
71 95
71 96
71 99
72 73
72 77
72 79
72 80
72 82
72 84
72 86
72 87
72 88
72 90
72 91
72 93
72 94
72 98
73 76
73 77
73 78
73 79
73 81
73 82
73 84
73 86
73 87
73 93
73 95
73 99
74 76
74 80
74 81
74 83
74 86
74 88
74 89
74 90
74 91
74 94
74 95
74 96
74 97
74 98
75 76
75 79
75 80
75 81
75 82
75 86
75 89
75 90
75 93
75 95
75 96
75 98
75 99
76 77
76 79
76 82
76 83
76 84
76 85
76 87
76 88
76 92
76 93
76 96
76 98
76 99
77 79
77 80
77 81
77 82
77 83
77 85
77 86
77 87
77 88
77 89
77 92
77 95
77 99
78 82
78 85
78 86
78 89
78 93
78 94
78 95
78 96
78 97
78 98
78 99
79 81
79 84
79 86
79 88
79 89
79 90
79 92
79 93
79 95
80 81
80 85
80 86
80 87
80 88
80 91
80 92
80 95
80 97
81 82
81 84
81 87
81 88
81 89
81 90
81 91
81 92
81 98
82 83
82 84
82 85
82 86
82 90
82 91
82 92
82 93
82 95
82 96
82 99
83 90
83 91
83 93
83 96
83 97
83 99
84 85
84 87
84 96
84 97
84 98
84 99
85 87
85 88
85 89
85 90
85 94
85 95
85 96
85 97
85 98
86 87
86 88
86 90
86 94
86 96
86 97
87 88
87 90
87 91
87 92
87 95
87 96
87 98
87 99
88 92
88 93
88 94
88 95
88 96
88 98
89 90
89 91
89 92
89 96
89 98
89 99
90 91
90 93
90 95
90 96
90 98
91 92
91 95
91 96
91 97
91 98
92 95
92 97
93 94
94 95
94 96
94 97
94 98
94 99
95 97
95 99
96 98
97 99
98 99
