0 2
0 5
0 6
0 9
0 10
0 11
0 12
0 14
0 17
0 20
0 21
0 23
0 26
0 27
0 28
0 32
0 34
0 35
0 37
0 38
0 39
0 40
0 43
0 45
0 47
0 48
0 49
0 50
0 51
0 53
0 55
0 56
0 60
0 62
0 64
0 65
0 66
0 67
0 68
0 69
0 77
0 79
0 80
0 85
0 88
0 89
0 91
0 92
0 95
0 96
1 2
1 3
1 4
1 8
1 9
1 12
1 13
1 14
1 17
1 18
1 19
1 22
1 24
1 25
1 28
1 29
1 32
1 33
1 34
1 37
1 38
1 40
1 41
1 46
1 48
1 49
1 50
1 54
1 57
1 58
1 59
1 62
1 63
1 65
1 66
1 71
1 73
1 74
1 75
1 77
1 80
1 83
1 86
1 89
1 91
1 92
1 93
1 95
1 96
1 97
1 99
2 3
2 5
2 9
2 12
2 14
2 16
2 19
2 20
2 21
2 22
2 24
2 25
2 27
2 28
2 29
2 31
2 34
2 38
2 41
2 42
2 45
2 47
2 48
2 53
2 56
2 62
2 64
2 70
2 72
2 74
2 75
2 76
2 77
2 83
2 90
2 92
2 93
2 94
3 4
3 5
3 11
3 14
3 15
3 16
3 17
3 18
3 19
3 23
3 25
3 29
3 30
3 34
3 35
3 36
3 37
3 39
3 42
3 44
3 46
3 47
3 49
3 54
3 58
3 60
3 62
3 65
3 67
3 72
3 80
3 81
3 82
3 83
3 86
3 88
3 89
3 90
3 92
3 93
3 95
3 97
4 7
4 8
4 13
4 15
4 17
4 18
4 19
4 20
4 21
4 23
4 25
4 26
4 30
4 31
4 33
4 34
4 36
4 39
4 40
4 42
4 43
4 47
4 49
4 52
4 53
4 55
4 56
4 57
4 59
4 60
4 63
4 66
4 67
4 71
4 73
4 74
4 75
4 76
4 77
4 78
4 82
4 84
4 86
4 87
4 88
4 90
4 91
4 92
4 93
4 97
4 98
4 99
5 6
5 7
5 8
5 9
5 10
5 12
5 14
5 15
5 17
5 20
5 22
5 26
5 27
5 28
5 29
5 30
5 33
5 35
5 37
5 40
5 41
5 44
5 47
5 48
5 52
5 53
5 54
5 56
5 57
5 60
5 61
5 62
5 63
5 64
5 65
5 69
5 70
5 77
5 79
5 82
5 83
5 84
5 87
5 92
5 93
5 96
5 98
5 99
6 9
6 10
6 11
6 12
6 13
6 14
6 18
6 19
6 20
6 22
6 23
6 24
6 25
6 28
6 29
6 30
6 33
6 36
6 37
6 41
6 42
6 43
6 46
6 47
6 49
6 50
6 51
6 54
6 56
6 57
6 62
6 63
6 65
6 66
6 67
6 68
6 70
6 72
6 73
6 74
6 75
6 76
6 82
6 84
6 85
6 94
6 98
7 9
7 10
7 16
7 17
7 21
7 24
7 26
7 27
7 29
7 32
7 34
7 35
7 37
7 39
7 41
7 42
7 45
7 47
7 50
7 52
7 55
7 59
7 60
7 61
7 62
7 63
7 64
7 65
7 66
7 67
7 71
7 72
7 74
7 75
7 77
7 79
7 80
7 84
7 85
7 90
7 91
7 92
7 93
7 96
7 97
7 98
7 99
8 9
8 17
8 19
8 20
8 28
8 30
8 31
8 32
8 33
8 36
8 40
8 42
8 43
8 44
8 49
8 50
8 53
8 55
8 56
8 57
8 59
8 60
8 62
8 69
8 73
8 75
8 77
8 80
8 81
8 82
8 83
8 86
8 89
8 92
8 93
8 94
8 98
9 10
9 12
9 13
9 14
9 19
9 22
9 23
9 28
9 30
9 31
9 32
9 35
9 36
9 38
9 39
9 41
9 43
9 44
9 45
9 46
9 49
9 50
9 52
9 53
9 54
9 57
9 59
9 64
9 65
9 67
9 69
9 77
9 78
9 79
9 81
9 83
9 84
9 85
9 86
9 87
9 90
9 91
9 92
9 95
9 96
9 97
9 98
9 99
10 11
10 16
10 18
10 21
10 24
10 26
10 27
10 31
10 32
10 35
10 38
10 41
10 42
10 46
10 51
10 52
10 53
10 57
10 60
10 61
10 62
10 64
10 66
10 69
10 71
10 76
10 81
10 82
10 83
10 84
10 85
10 88
10 91
10 92
10 95
10 97
10 98
10 99
11 12
11 14
11 17
11 18
11 19
11 20
11 21
11 22
11 24
11 25
11 30
11 32
11 34
11 36
11 38
11 39
11 40
11 42
11 43
11 45
11 46
11 48
11 50
11 57
11 67
11 70
11 75
11 76
11 77
11 78
11 79
11 80
11 82
11 84
11 86
11 95
11 96
11 97
11 98
12 13
12 16
12 19
12 21
12 22
12 26
12 29
12 30
12 31
12 33
12 34
12 35
12 37
12 39
12 41
12 43
12 44
12 45
12 46
12 47
12 48
12 50
12 52
12 54
12 58
12 59
12 62
12 63
12 64
12 65
12 66
12 67
12 69
12 74
12 77
12 80
12 84
12 85
12 90
12 92
12 93
12 94
12 96
12 97
13 14
13 15
13 18
13 24
13 25
13 27
13 29
13 30
13 33
13 36
13 37
13 38
13 40
13 41
13 43
13 45
13 46
13 51
13 52
13 53
13 54
13 55
13 58
13 64
13 65
13 66
13 72
13 74
13 76
13 77
13 78
13 79
13 82
13 85
13 86
13 87
13 90
13 92
13 93
13 99
14 22
14 24
14 25
14 31
14 32
14 34
14 35
14 40
14 42
14 44
14 46
14 47
14 48
14 49
14 50
14 51
14 52
14 53
14 54
14 55
14 56
14 58
14 60
14 61
14 63
14 65
14 66
14 68
14 70
14 73
14 81
14 83
14 84
14 85
14 91
14 92
14 95
14 96
14 98
15 17
15 19
15 20
15 21
15 24
15 25
15 26
15 27
15 28
15 29
15 30
15 32
15 34
15 35
15 36
15 37
15 40
15 41
15 43
15 45
15 46
15 48
15 53
15 54
15 56
15 58
15 60
15 61
15 66
15 67
15 70
15 72
15 73
15 76
15 79
15 84
15 86
15 89
15 92
15 94
15 95
15 97
15 98
16 18
16 19
16 21
16 22
16 27
16 32
16 33
16 36
16 37
16 38
16 40
16 41
16 45
16 49
16 54
16 56
16 57
16 59
16 60
16 61
16 63
16 64
16 65
16 69
16 72
16 73
16 74
16 80
16 82
16 83
16 89
16 90
16 91
16 92
16 93
16 94
16 97
16 98
17 18
17 20
17 22
17 23
17 24
17 27
17 35
17 36
17 37
17 38
17 42
17 45
17 47
17 48
17 52
17 55
17 56
17 57
17 59
17 64
17 72
17 73
17 74
17 75
17 76
17 78
17 79
17 80
17 82
17 84
17 86
17 87
17 88
17 90
17 91
17 93
17 94
17 97
17 99
18 22
18 23
18 26
18 30
18 32
18 33
18 34
18 37
18 38
18 41
18 42
18 43
18 44
18 45
18 46
18 52
18 53
18 54
18 56
18 60
18 63
18 64
18 65
18 70
18 71
18 72
18 74
18 77
18 78
18 79
18 81
18 82
18 84
18 86
18 87
18 88
18 89
18 90
18 93
18 99
19 20
19 21
19 22
19 23
19 24
19 26
19 29
19 30
19 31
19 35
19 39
19 40
19 42
19 43
19 44
19 45
19 46
19 47
19 49
19 50
19 52
19 53
19 54
19 57
19 58
19 59
19 60
19 62
19 64
19 65
19 67
19 72
19 74
19 75
19 76
19 82
19 84
19 87
19 88
19 89
19 91
19 93
19 97
20 25
20 27
20 29
20 30
20 31
20 38
20 39
20 40
20 41
20 43
20 44
20 46
20 47
20 49
20 52
20 56
20 58
20 61
20 62
20 64
20 67
20 69
20 70
20 72
20 73
20 75
20 77
20 78
20 79
20 80
20 83
20 84
20 86
20 89
20 90
20 91
20 93
20 97
21 23
21 24
21 27
21 28
21 30
21 32
21 34
21 36
21 37
21 38
21 44
21 46
21 47
21 48
21 52
21 55
21 56
21 58
21 59
21 60
21 61
21 62
21 64
21 69
21 70
21 71
21 72
21 73
21 75
21 79
21 82
21 83
21 85
21 86
21 87
21 88
21 93
21 98
21 99
22 23
22 26
22 27
22 28
22 29
22 30
22 34
22 37
22 38
22 43
22 44
22 46
22 49
22 51
22 52
22 53
22 54
22 55
22 61
22 62
22 64
22 66
22 67
22 68
22 69
22 74
22 76
22 78
22 80
22 85
22 86
22 91
22 92
22 94
22 96
22 98
23 24
23 25
23 27
23 29
23 31
23 33
23 35
23 36
23 37
23 38
23 40
23 41
23 42
23 44
23 45
23 49
23 51
23 52
23 56
23 57
23 58
23 59
23 68
23 69
23 70
23 71
23 72
23 74
23 75
23 76
23 79
23 81
23 86
23 93
23 95
23 98
24 26
24 27
24 29
24 30
24 31
24 34
24 35
24 36
24 38
24 40
24 41
24 42
24 43
24 44
24 48
24 49
24 52
24 55
24 56
24 57
24 59
24 60
24 63
24 65
24 66
24 67
24 68
24 69
24 72
24 73
24 74
24 75
24 83
24 87
24 89
24 90
24 92
24 93
24 95
24 97
24 99
25 26
25 29
25 30
25 32
25 35
25 37
25 39
25 42
25 43
25 47
25 48
25 49
25 53
25 54
25 57
25 58
25 59
25 62
25 64
25 65
25 68
25 70
25 72
25 74
25 77
25 79
25 80
25 82
25 85
25 87
25 88
25 89
25 91
25 95
25 98
26 28
26 30
26 31
26 37
26 40
26 46
26 48
26 49
26 55
26 59
26 60
26 61
26 65
26 66
26 67
26 69
26 70
26 71
26 73
26 74
26 78
26 79
26 80
26 85
26 87
26 88
26 89
26 90
26 94
26 96
26 97
26 98
26 99
27 28
27 29
27 30
27 34
27 35
27 39
27 42
27 43
27 44
27 45
27 47
27 50
27 56
27 58
27 59
27 61
27 62
27 63
27 67
27 68
27 69
27 70
27 74
27 75
27 76
27 78
27 82
27 84
27 85
27 86
27 87
27 88
27 92
27 93
27 95
28 29
28 32
28 42
28 47
28 48
28 49
28 51
28 53
28 54
28 55
28 57
28 62
28 64
28 65
28 67
28 69
28 70
28 74
28 78
28 81
28 82
28 84
28 85
28 87
28 92
28 93
28 97
28 99
29 30
29 33
29 34
29 35
29 38
29 39
29 43
29 44
29 46
29 50
29 52
29 53
29 54
29 55
29 56
29 57
29 60
29 61
29 63
29 64
29 66
29 67
29 73
29 74
29 78
29 79
29 86
29 88
29 91
29 93
29 94
29 98
30 36
30 38
30 42
30 43
30 44
30 45
30 47
30 48
30 52
30 53
30 56
30 57
30 59
30 60
30 61
30 62
30 63
30 68
30 69
30 73
30 75
30 80
30 81
30 82
30 83
30 85
30 86
30 88
30 90
30 91
30 93
30 94
30 97
31 34
31 36
31 37
31 38
31 39
31 40
31 41
31 42
31 43
31 48
31 49
31 50
31 51
31 53
31 54
31 55
31 56
31 57
31 59
31 60
31 61
31 64
31 65
31 69
31 72
31 74
31 75
31 76
31 77
31 78
31 80
31 83
31 90
31 91
31 92
31 93
31 94
31 95
31 97
31 98
32 33
32 38
32 39
32 40
32 41
32 42
32 44
32 48
32 53
32 55
32 56
32 60
32 61
32 63
32 65
32 67
32 72
32 74
32 76
32 79
32 80
32 81
32 82
32 83
32 84
32 87
32 88
32 91
32 92
32 94
32 97
32 99
33 34
33 37
33 44
33 46
33 49
33 50
33 52
33 54
33 56
33 57
33 60
33 61
33 62
33 63
33 67
33 71
33 72
33 76
33 77
33 79
33 80
33 85
33 86
33 89
33 92
33 94
33 96
33 98
33 99
34 37
34 38
34 39
34 42
34 45
34 53
34 54
34 55
34 56
34 59
34 60
34 68
34 73
34 74
34 75
34 76
34 81
34 84
34 85
34 87
34 88
34 89
34 94
34 95
34 98
34 99
35 38
35 40
35 42
35 43
35 44
35 45
35 48
35 51
35 52
35 55
35 58
35 59
35 61
35 63
35 64
35 66
35 68
35 69
35 70
35 71
35 73
35 74
35 75
35 76
35 77
35 78
35 79
35 84
35 88
35 89
35 90
35 91
35 92
35 95
35 96
35 98
35 99
36 39
36 42
36 47
36 51
36 52
36 53
36 54
36 55
36 59
36 60
36 61
36 62
36 63
36 64
36 65
36 69
36 70
36 75
36 77
36 78
36 80
36 82
36 83
36 84
36 85
36 86
36 90
36 93
36 94
36 95
36 98
37 38
37 39
37 42
37 43
37 45
37 48
37 50
37 52
37 53
37 54
37 57
37 58
37 60
37 61
37 62
37 64
37 65
37 69
37 70
37 72
37 73
37 76
37 77
37 78
37 80
37 81
37 83
37 86
37 89
37 91
37 93
37 96
37 97
38 39
38 42
38 43
38 44
38 46
38 48
38 50
38 53
38 54
38 56
38 58
38 60
38 61
38 62
38 63
38 70
38 71
38 73
38 75
38 76
38 79
38 81
38 82
38 83
38 84
38 85
38 86
38 87
38 88
38 90
38 91
38 92
38 94
38 97
38 98
38 99
39 40
39 41
39 42
39 43
39 45
39 46
39 48
39 49
39 50
39 56
39 57
39 61
39 64
39 66
39 68
39 71
39 72
39 73
39 74
39 76
39 78
39 82
39 84
39 85
39 86
39 87
39 89
39 90
39 91
39 92
39 94
39 96
40 41
40 42
40 43
40 45
40 46
40 47
40 48
40 50
40 51
40 54
40 56
40 57
40 58
40 64
40 65
40 66
40 67
40 71
40 74
40 75
40 76
40 80
40 81
40 82
40 83
40 84
40 88
40 89
40 91
40 92
40 95
40 96
40 99
41 43
41 45
41 48
41 49
41 50
41 51
41 53
41 54
41 55
41 57
41 58
41 59
41 60
41 62
41 63
41 65
41 66
41 67
41 68
41 73
41 74
41 75
41 76
41 77
41 81
41 83
41 84
41 87
41 90
41 91
41 92
41 93
41 95
41 98
42 43
42 45
42 46
42 47
42 49
42 52
42 56
42 59
42 61
42 62
42 64
42 65
42 66
42 73
42 75
42 78
42 79
42 80
42 84
42 86
42 87
42 88
42 89
42 92
42 94
43 44
43 48
43 49
43 50
43 51
43 57
43 59
43 60
43 61
43 64
43 65
43 67
43 68
43 70
43 73
43 74
43 76
43 80
43 86
43 89
43 91
43 92
43 94
43 95
43 96
43 99
44 48
44 51
44 53
44 54
44 55
44 56
44 57
44 58
44 60
44 61
44 63
44 64
44 67
44 68
44 73
44 75
44 76
44 77
44 78
44 79
44 81
44 82
44 83
44 85
44 86
44 87
44 91
44 95
44 96
44 97
44 99
45 46
45 47
45 48
45 49
45 52
45 54
45 55
45 56
45 57
45 58
45 64
45 66
45 69
45 71
45 74
45 75
45 77
45 79
45 82
45 86
45 89
45 92
45 93
45 94
45 95
45 97
45 98
45 99
46 52
46 54
46 55
46 56
46 57
46 58
46 59
46 60
46 61
46 62
46 67
46 68
46 69
46 71
46 73
46 78
46 82
46 84
46 93
46 96
47 50
47 51
47 52
47 54
47 57
47 58
47 59
47 60
47 61
47 64
47 65
47 66
47 67
47 69
47 71
47 72
47 75
47 76
47 78
47 79
47 81
47 82
47 84
47 86
47 87
47 88
47 91
47 94
47 96
47 98
47 99
48 54
48 57
48 62
48 65
48 67
48 71
48 74
48 75
48 78
48 79
48 80
48 85
48 89
48 92
48 93
48 94
48 97
48 98
48 99
49 50
49 51
49 53
49 56
49 61
49 62
49 64
49 67
49 69
49 71
49 72
49 74
49 75
49 76
49 78
49 79
49 80
49 81
49 82
49 84
49 90
49 92
49 93
49 95
49 99
50 51
50 52
50 53
50 55
50 56
50 57
50 62
50 64
50 66
50 68
50 69
50 71
50 74
50 75
50 77
50 78
50 79
50 81
50 83
50 86
50 88
50 89
50 90
50 91
50 95
51 52
51 53
51 54
51 55
51 57
51 58
51 59
51 60
51 61
51 62
51 65
51 67
51 69
51 70
51 71
51 73
51 74
51 76
51 77
51 80
51 81
51 82
51 83
51 84
51 86
51 89
51 91
51 92
51 94
51 95
51 96
51 98
52 53
52 57
52 58
52 62
52 63
52 66
52 67
52 68
52 72
52 73
52 74
52 76
52 77
52 78
52 79
52 80
52 83
52 86
52 89
52 90
52 96
52 98
53 55
53 57
53 60
53 61
53 62
53 65
53 66
53 68
53 70
53 71
53 74
53 75
53 76
53 77
53 79
53 80
53 84
53 85
53 86
53 87
53 88
53 89
53 91
53 92
53 93
53 95
53 97
53 98
53 99
54 55
54 59
54 66
54 68
54 70
54 72
54 73
54 74
54 75
54 78
54 79
54 80
54 81
54 82
54 83
54 88
54 89
54 96
54 97
54 98
55 56
55 57
55 59
55 60
55 64
55 65
55 66
55 68
55 69
55 73
55 76
55 77
55 78
55 79
55 81
55 82
55 83
55 86
55 87
55 88
55 92
55 97
56 57
56 58
56 61
56 62
56 63
56 64
56 65
56 70
56 71
56 72
56 73
56 74
56 75
56 79
56 80
56 81
56 82
56 83
56 84
56 85
56 88
56 89
56 95
56 96
56 98
57 58
57 60
57 61
57 62
57 63
57 64
57 67
57 69
57 71
57 73
57 77
57 79
57 80
57 81
57 84
57 87
57 88
57 89
57 90
57 92
57 93
57 94
57 97
57 98
57 99
58 59
58 61
58 63
58 66
58 67
58 68
58 69
58 70
58 71
58 72
58 73
58 74
58 76
58 77
58 80
58 81
58 83
58 84
58 85
58 87
58 88
58 93
58 94
58 97
58 98
58 99
59 60
59 62
59 63
59 65
59 67
59 68
59 69
59 70
59 71
59 72
59 74
59 75
59 76
59 77
59 86
59 87
59 94
59 97
59 99
60 64
60 68
60 70
60 73
60 81
60 86
60 88
60 90
60 95
60 97
60 98
60 99
61 63
61 64
61 65
61 68
61 70
61 71
61 73
61 74
61 75
61 77
61 78
61 83
61 84
61 86
61 87
61 88
61 89
61 90
61 93
61 95
61 96
61 97
61 98
62 63
62 65
62 66
62 67
62 70
62 73
62 74
62 75
62 76
62 77
62 80
62 81
62 82
62 84
62 85
62 87
62 88
62 90
62 92
62 93
62 95
62 96
62 97
62 99
63 64
63 65
63 67
63 68
63 70
63 72
63 73
63 74
63 76
63 80
63 81
63 82
63 83
63 84
63 86
63 89
63 90
63 91
63 93
63 95
63 97
63 99
64 68
64 69
64 71
64 73
64 74
64 77
64 79
64 80
64 81
64 82
64 83
64 85
64 86
64 87
64 90
64 91
64 92
64 94
64 96
64 97
64 98
65 66
65 68
65 69
65 70
65 71
65 72
65 76
65 77
65 80
65 81
65 82
65 83
65 84
65 85
65 89
65 91
65 92
65 93
65 97
66 69
66 70
66 73
66 76
66 79
66 81
66 83
66 84
66 85
66 86
66 87
66 90
66 91
66 93
66 95
66 96
66 97
66 98
67 69
67 70
67 71
67 73
67 74
67 78
67 81
67 82
67 84
67 87
67 94
67 95
67 99
68 70
68 72
68 75
68 76
68 78
68 81
68 82
68 83
68 85
68 86
68 89
68 90
68 91
68 92
68 93
68 97
68 98
69 70
69 71
69 72
69 75
69 84
69 85
69 88
69 91
69 93
69 98
69 99
70 73
70 75
70 79
70 80
70 83
70 84
70 85
70 86
70 91
70 93
70 94
70 95
70 97
70 98
71 74
71 75
71 78
71 80
71 81
71 82
71 85
71 86
71 91
71 92
71 93
71 95
71 96
72 73
72 76
72 77
72 82
72 83
72 84
72 90
72 93
72 94
72 95
72 96
72 97
73 76
73 79
73 80
73 86
73 89
73 91
73 93
73 94
73 95
73 96
73 97
73 98
74 75
74 78
74 79
74 83
74 84
74 87
74 88
74 90
74 91
74 93
74 95
74 96
74 99
75 77
75 80
75 81
75 82
75 83
75 85
75 86
75 88
75 89
75 90
75 91
75 92
75 97
75 99
76 78
76 80
76 81
76 83
76 87
76 88
76 90
76 92
76 96
76 98
76 99
77 80
77 81
77 82
77 84
77 85
77 88
77 90
77 91
77 92
77 94
77 96
77 98
77 99
78 79
78 80
78 83
78 87
78 88
78 89
78 93
78 94
78 96
78 97
78 98
78 99
79 80
79 81
79 83
79 84
79 86
79 89
79 90
79 91
79 92
79 94
79 98
79 99
80 81
80 83
80 84
80 85
80 86
80 87
80 92
80 93
80 95
80 96
80 97
80 98
81 83
81 84
81 86
81 87
81 88
81 89
81 91
81 93
81 94
81 95
81 96
81 98
82 83
82 86
82 87
82 89
82 90
82 91
82 92
82 93
82 97
82 98
82 99
83 84
83 85
83 87
83 90
83 91
83 92
83 93
83 94
83 96
83 99
84 86
84 88
84 89
84 92
84 95
84 96
85 87
85 94
85 95
85 97
86 89
86 92
86 94
86 95
86 96
86 97
86 99
87 88
87 93
87 98
88 89
88 91
88 92
88 94
88 98
89 94
89 96
89 98
89 99
90 91
90 99
91 93
91 96
91 97
91 98
92 93
92 95
92 96
92 98
93 98
93 99
95 98
95 99
96 98
97 99
98 99
