0 1
0 3
0 4
0 9
0 11
0 12
0 15
0 24
0 25
0 27
0 30
0 32
0 34
0 37
0 39
0 40
0 41
0 44
0 47
0 48
0 50
0 51
0 52
0 53
0 54
0 57
0 58
0 64
0 65
0 67
0 68
0 69
0 72
0 73
0 78
0 79
0 80
0 81
0 83
0 85
0 88
0 92
0 94
0 97
0 98
1 2
1 3
1 5
1 6
1 11
1 13
1 17
1 18
1 20
1 21
1 25
1 27
1 28
1 29
1 31
1 34
1 35
1 36
1 37
1 38
1 41
1 48
1 49
1 50
1 59
1 61
1 63
1 64
1 67
1 68
1 69
1 72
1 74
1 75
1 76
1 77
1 80
1 82
1 84
1 85
1 86
1 87
1 88
1 90
1 91
1 92
1 93
1 94
1 95
1 96
1 97
1 98
2 3
2 9
2 10
2 12
2 13
2 14
2 15
2 17
2 19
2 21
2 22
2 23
2 24
2 25
2 26
2 29
2 30
2 36
2 37
2 42
2 44
2 45
2 48
2 50
2 52
2 53
2 54
2 59
2 61
2 62
2 64
2 66
2 68
2 70
2 72
2 74
2 76
2 77
2 81
2 84
2 85
2 89
2 90
2 92
2 95
2 97
2 98
3 6
3 8
3 9
3 10
3 14
3 15
3 17
3 18
3 20
3 23
3 25
3 27
3 28
3 31
3 32
3 34
3 35
3 37
3 40
3 45
3 46
3 47
3 49
3 50
3 51
3 52
3 54
3 56
3 57
3 61
3 62
3 63
3 65
3 68
3 70
3 71
3 72
3 73
3 74
3 75
3 76
3 83
3 84
3 87
3 89
3 90
3 92
3 94
3 96
3 98
3 99
4 5
4 6
4 10
4 15
4 16
4 17
4 18
4 20
4 21
4 22
4 27
4 28
4 29
4 31
4 32
4 34
4 35
4 36
4 39
4 40
4 45
4 50
4 53
4 54
4 57
4 60
4 61
4 63
4 65
4 67
4 69
4 70
4 72
4 75
4 76
4 77
4 78
4 79
4 80
4 82
4 85
4 86
4 88
4 89
4 90
4 91
4 92
4 93
4 94
4 96
4 97
4 99
5 8
5 9
5 13
5 14
5 16
5 17
5 22
5 26
5 27
5 28
5 29
5 34
5 36
5 37
5 38
5 43
5 44
5 45
5 46
5 52
5 54
5 55
5 56
5 57
5 61
5 64
5 68
5 69
5 74
5 75
5 76
5 78
5 79
5 80
5 83
5 84
5 86
5 88
5 89
5 90
5 92
5 95
5 96
5 97
5 99
6 8
6 9
6 11
6 12
6 13
6 15
6 16
6 17
6 19
6 22
6 23
6 24
6 25
6 28
6 29
6 30
6 32
6 33
6 34
6 35
6 36
6 39
6 41
6 47
6 48
6 49
6 51
6 52
6 53
6 56
6 57
6 58
6 59
6 62
6 63
6 65
6 66
6 69
6 70
6 71
6 80
6 81
6 84
6 87
6 88
6 90
6 97
6 99
7 8
7 9
7 13
7 14
7 15
7 17
7 20
7 23
7 28
7 30
7 32
7 33
7 34
7 36
7 40
7 41
7 42
7 43
7 47
7 48
7 50
7 51
7 52
7 54
7 55
7 57
7 59
7 60
7 62
7 64
7 66
7 67
7 70
7 72
7 75
7 76
7 78
7 79
7 80
7 81
7 83
7 84
7 85
7 88
7 90
7 91
7 93
7 95
7 97
7 98
7 99
8 17
8 21
8 23
8 25
8 26
8 27
8 28
8 30
8 31
8 32
8 36
8 38
8 39
8 40
8 41
8 44
8 45
8 46
8 47
8 50
8 51
8 52
8 53
8 54
8 55
8 57
8 58
8 64
8 65
8 66
8 67
8 69
8 72
8 74
8 75
8 77
8 79
8 80
8 81
8 83
8 84
8 86
8 88
8 91
8 95
8 97
9 10
9 11
9 12
9 15
9 16
9 17
9 20
9 22
9 26
9 28
9 30
9 31
9 32
9 35
9 36
9 37
9 41
9 43
9 44
9 45
9 48
9 49
9 53
9 57
9 62
9 66
9 67
9 68
9 69
9 72
9 74
9 77
9 78
9 79
9 81
9 89
9 92
9 93
9 95
9 97
9 99
10 11
10 15
10 17
10 20
10 21
10 22
10 29
10 30
10 31
10 33
10 34
10 35
10 37
10 40
10 43
10 44
10 46
10 49
10 52
10 53
10 55
10 57
10 58
10 60
10 65
10 66
10 68
10 70
10 71
10 72
10 74
10 75
10 77
10 78
10 80
10 81
10 83
10 84
10 85
10 86
10 90
10 92
10 93
10 94
10 96
10 98
10 99
11 12
11 13
11 14
11 15
11 16
11 17
11 21
11 23
11 25
11 27
11 28
11 32
11 33
11 38
11 41
11 43
11 45
11 46
11 47
11 55
11 58
11 59
11 62
11 63
11 65
11 66
11 67
11 70
11 74
11 76
11 79
11 83
11 85
11 87
11 88
11 90
11 91
11 96
11 97
12 13
12 15
12 19
12 21
12 23
12 25
12 26
12 28
12 34
12 38
12 40
12 41
12 43
12 47
12 50
12 51
12 52
12 54
12 55
12 56
12 60
12 63
12 64
12 65
12 70
12 71
12 72
12 77
12 80
12 81
12 85
12 88
12 90
12 93
12 98
12 99
13 14
13 16
13 24
13 25
13 31
13 32
13 33
13 36
13 39
13 41
13 42
13 44
13 45
13 47
13 48
13 49
13 53
13 54
13 56
13 57
13 60
13 61
13 65
13 71
13 73
13 74
13 75
13 77
13 79
13 81
13 82
13 83
13 85
13 86
13 87
13 90
13 92
13 93
13 94
13 95
13 96
13 98
13 99
14 17
14 20
14 22
14 24
14 26
14 28
14 35
14 36
14 38
14 46
14 50
14 51
14 53
14 56
14 60
14 62
14 65
14 69
14 70
14 71
14 73
14 75
14 76
14 78
14 80
14 82
14 83
14 84
14 85
14 86
14 87
14 89
14 90
14 91
14 92
14 93
14 95
14 96
14 97
14 98
14 99
15 20
15 22
15 27
15 28
15 29
15 30
15 31
15 33
15 34
15 36
15 38
15 39
15 41
15 47
15 49
15 50
15 51
15 52
15 55
15 56
15 59
15 60
15 61
15 62
15 66
15 67
15 68
15 69
15 70
15 71
15 74
15 77
15 78
15 79
15 80
15 83
15 84
15 86
15 90
15 92
15 95
15 96
15 97
15 99
16 18
16 20
16 24
16 28
16 31
16 35
16 41
16 42
16 43
16 45
16 46
16 49
16 50
16 51
16 52
16 53
16 55
16 56
16 58
16 60
16 61
16 62
16 64
16 65
16 66
16 68
16 70
16 72
16 73
16 74
16 75
16 77
16 79
16 80
16 81
16 82
16 84
16 87
16 88
16 89
16 90
16 91
16 93
16 95
16 96
17 20
17 21
17 22
17 26
17 29
17 31
17 37
17 38
17 42
17 43
17 44
17 46
17 48
17 49
17 50
17 51
17 54
17 56
17 59
17 63
17 67
17 68
17 72
17 73
17 74
17 75
17 79
17 81
17 83
17 86
17 87
17 88
17 94
17 95
17 98
18 21
18 22
18 25
18 29
18 30
18 31
18 32
18 35
18 41
18 44
18 47
18 49
18 50
18 51
18 52
18 53
18 54
18 56
18 59
18 60
18 61
18 62
18 64
18 65
18 69
18 70
18 71
18 72
18 74
18 77
18 79
18 82
18 83
18 85
18 87
18 91
18 94
18 95
18 97
18 98
19 20
19 22
19 25
19 26
19 27
19 28
19 29
19 30
19 31
19 32
19 33
19 34
19 38
19 39
19 40
19 44
19 46
19 47
19 48
19 49
19 53
19 55
19 56
19 58
19 61
19 66
19 68
19 72
19 73
19 76
19 77
19 78
19 80
19 83
19 88
19 95
19 96
20 23
20 26
20 27
20 32
20 34
20 36
20 38
20 39
20 42
20 43
20 44
20 45
20 46
20 47
20 48
20 50
20 54
20 56
20 57
20 58
20 60
20 61
20 62
20 64
20 68
20 69
20 72
20 74
20 75
20 77
20 80
20 85
20 87
20 88
20 90
20 91
20 93
20 94
20 95
20 96
20 97
20 99
21 22
21 23
21 25
21 29
21 30
21 31
21 32
21 37
21 38
21 39
21 40
21 41
21 42
21 43
21 44
21 45
21 48
21 49
21 51
21 56
21 58
21 59
21 60
21 61
21 62
21 66
21 69
21 70
21 74
21 76
21 78
21 83
21 84
21 86
21 87
21 90
21 93
21 95
21 97
21 98
22 24
22 26
22 27
22 28
22 29
22 31
22 32
22 33
22 34
22 36
22 40
22 42
22 44
22 47
22 50
22 52
22 54
22 58
22 60
22 62
22 63
22 69
22 71
22 72
22 74
22 79
22 81
22 88
22 89
22 90
22 91
22 92
22 93
22 94
22 95
23 24
23 26
23 28
23 31
23 32
23 33
23 38
23 39
23 40
23 41
23 44
23 47
23 48
23 49
23 50
23 51
23 55
23 58
23 60
23 61
23 62
23 63
23 64
23 66
23 68
23 69
23 70
23 71
23 73
23 74
23 76
23 78
23 79
23 80
23 81
23 83
23 84
23 86
23 87
23 88
23 89
23 93
23 94
23 99
24 25
24 26
24 29
24 30
24 31
24 33
24 34
24 36
24 38
24 40
24 42
24 43
24 44
24 46
24 49
24 50
24 51
24 52
24 53
24 55
24 57
24 58
24 64
24 67
24 68
24 69
24 70
24 71
24 72
24 73
24 77
24 78
24 81
24 84
24 86
24 88
24 90
24 91
24 92
24 97
24 98
24 99
25 27
25 28
25 29
25 30
25 31
25 33
25 36
25 39
25 41
25 44
25 45
25 49
25 51
25 54
25 55
25 56
25 58
25 62
25 67
25 70
25 71
25 72
25 73
25 75
25 78
25 79
25 80
25 82
25 83
25 84
25 86
25 89
25 90
25 92
25 98
25 99
26 28
26 30
26 34
26 35
26 38
26 40
26 41
26 43
26 45
26 46
26 49
26 50
26 51
26 53
26 54
26 55
26 56
26 57
26 58
26 61
26 65
26 67
26 68
26 69
26 70
26 72
26 73
26 75
26 76
26 77
26 78
26 80
26 81
26 82
26 83
26 86
26 87
26 89
26 92
26 93
26 94
26 95
26 99
27 29
27 35
27 37
27 41
27 42
27 43
27 49
27 50
27 53
27 56
27 58
27 59
27 61
27 62
27 64
27 65
27 67
27 70
27 73
27 76
27 77
27 79
27 80
27 82
27 83
27 84
27 85
27 86
27 90
27 91
27 92
27 95
27 98
28 31
28 33
28 35
28 36
28 38
28 39
28 40
28 41
28 42
28 44
28 48
28 49
28 50
28 54
28 56
28 57
28 58
28 59
28 60
28 62
28 63
28 64
28 66
28 71
28 74
28 75
28 77
28 78
28 81
28 86
28 89
28 90
28 93
28 94
28 98
29 33
29 35
29 36
29 37
29 39
29 41
29 43
29 47
29 48
29 50
29 52
29 53
29 54
29 57
29 59
29 61
29 64
29 65
29 67
29 75
29 80
29 82
29 83
29 84
29 90
29 91
29 95
29 96
30 35
30 37
30 41
30 42
30 44
30 45
30 46
30 48
30 49
30 50
30 51
30 57
30 58
30 60
30 61
30 65
30 66
30 67
30 69
30 71
30 73
30 74
30 76
30 78
30 79
30 80
30 81
30 84
30 85
30 86
30 87
30 95
30 97
31 33
31 34
31 36
31 37
31 38
31 39
31 41
31 43
31 49
31 51
31 52
31 54
31 55
31 57
31 58
31 62
31 63
31 66
31 73
31 74
31 75
31 76
31 77
31 82
31 85
31 90
31 98
32 34
32 35
32 37
32 39
32 41
32 42
32 43
32 44
32 49
32 50
32 51
32 56
32 57
32 59
32 61
32 62
32 63
32 64
32 65
32 66
32 67
32 68
32 69
32 70
32 72
32 73
32 74
32 77
32 80
32 82
32 83
32 85
32 86
32 87
32 88
32 91
32 92
32 93
32 94
32 96
32 97
32 99
33 37
33 40
33 44
33 45
33 48
33 50
33 53
33 54
33 55
33 56
33 58
33 59
33 61
33 63
33 69
33 70
33 73
33 75
33 77
33 78
33 82
33 83
33 85
33 91
33 95
33 96
33 98
34 35
34 36
34 38
34 41
34 42
34 44
34 46
34 50
34 51
34 54
34 57
34 59
34 61
34 63
34 64
34 66
34 67
34 68
34 69
34 70
34 73
34 77
34 78
34 81
34 82
34 84
34 85
34 90
34 91
34 93
34 94
34 96
34 97
34 99
35 36
35 38
35 41
35 44
35 47
35 49
35 52
35 56
35 57
35 59
35 62
35 63
35 65
35 66
35 70
35 72
35 74
35 77
35 78
35 79
35 82
35 83
35 84
35 85
35 87
35 91
35 92
35 93
35 94
35 99
36 37
36 40
36 41
36 43
36 46
36 47
36 49
36 50
36 51
36 52
36 54
36 55
36 56
36 57
36 60
36 62
36 63
36 64
36 66
36 67
36 68
36 69
36 70
36 72
36 77
36 78
36 79
36 81
36 82
36 83
36 85
36 86
36 88
36 91
36 92
36 93
36 96
36 98
36 99
37 40
37 43
37 47
37 48
37 51
37 53
37 54
37 55
37 56
37 57
37 59
37 60
37 63
37 67
37 68
37 71
37 72
37 74
37 75
37 76
37 77
37 79
37 80
37 81
37 84
37 85
37 87
37 88
37 91
37 93
37 94
37 95
37 96
37 97
37 98
38 39
38 41
38 42
38 43
38 44
38 47
38 48
38 50
38 53
38 54
38 56
38 57
38 59
38 60
38 63
38 66
38 67
38 68
38 70
38 71
38 73
38 74
38 76
38 80
38 81
38 82
38 83
38 84
38 85
38 86
38 87
38 88
38 90
38 91
38 93
38 94
38 95
38 98
39 40
39 41
39 42
39 43
39 44
39 45
39 46
39 49
39 50
39 52
39 54
39 56
39 58
39 64
39 65
39 70
39 71
39 73
39 74
39 76
39 77
39 78
39 80
39 81
39 82
39 83
39 86
39 87
39 90
39 93
39 95
39 98
40 42
40 46
40 50
40 55
40 57
40 59
40 62
40 65
40 68
40 69
40 70
40 72
40 73
40 74
40 75
40 76
40 78
40 81
40 83
40 84
40 85
40 86
40 88
40 92
40 93
40 94
40 95
40 98
41 44
41 45
41 49
41 51
41 52
41 53
41 54
41 58
41 60
41 63
41 64
41 65
41 66
41 68
41 73
41 74
41 76
41 77
41 78
41 80
41 85
41 87
41 88
41 89
41 90
41 93
41 94
41 98
42 43
42 44
42 45
42 47
42 48
42 49
42 50
42 51
42 53
42 58
42 59
42 60
42 65
42 66
42 70
42 71
42 74
42 75
42 76
42 77
42 79
42 84
42 85
42 87
42 88
42 91
42 92
42 96
42 97
43 45
43 49
43 50
43 51
43 52
43 53
43 59
43 61
43 62
43 65
43 66
43 68
43 69
43 70
43 71
43 73
43 74
43 75
43 76
43 77
43 78
43 80
43 82
43 83
43 84
43 88
43 93
43 97
43 98
43 99
44 45
44 46
44 47
44 49
44 51
44 53
44 57
44 58
44 61
44 62
44 65
44 66
44 68
44 69
44 72
44 74
44 78
44 80
44 83
44 84
44 86
44 89
44 92
44 93
44 94
45 46
45 48
45 50
45 51
45 54
45 55
45 56
45 57
45 58
45 61
45 62
45 65
45 67
45 70
45 72
45 76
45 81
45 86
45 87
45 88
45 89
45 91
45 92
45 93
45 95
45 96
45 97
45 99
46 47
46 49
46 50
46 51
46 52
46 54
46 55
46 56
46 63
46 64
46 65
46 66
46 67
46 68
46 71
46 78
46 86
46 87
46 90
46 91
46 92
46 94
46 98
47 48
47 50
47 51
47 55
47 57
47 60
47 61
47 63
47 67
47 68
47 75
47 80
47 81
47 83
47 85
47 87
47 88
47 91
47 92
47 95
47 97
47 98
48 51
48 53
48 54
48 59
48 61
48 62
48 63
48 65
48 66
48 68
48 71
48 74
48 75
48 77
48 78
48 79
48 81
48 82
48 84
48 86
48 87
48 90
48 91
48 92
48 93
48 94
48 95
48 97
48 98
48 99
49 50
49 53
49 55
49 56
49 58
49 62
49 66
49 68
49 69
49 71
49 72
49 73
49 74
49 75
49 79
49 80
49 83
49 85
49 88
49 90
49 91
49 92
49 93
49 94
49 96
49 98
50 52
50 53
50 58
50 60
50 61
50 63
50 64
50 68
50 72
50 73
50 78
50 81
50 84
50 87
50 88
50 89
50 93
50 98
51 55
51 56
51 57
51 60
51 61
51 62
51 63
51 64
51 65
51 68
51 70
51 71
51 77
51 78
51 80
51 81
51 82
51 84
51 85
51 87
51 88
51 90
51 91
51 92
51 93
51 94
51 97
51 99
52 53
52 54
52 57
52 59
52 67
52 68
52 76
52 79
52 81
52 82
52 86
52 87
52 89
52 94
52 95
52 96
52 97
52 98
52 99
53 56
53 57
53 58
53 59
53 60
53 61
53 63
53 64
53 65
53 66
53 68
53 72
53 74
53 77
53 85
53 86
53 87
53 90
53 92
53 97
53 98
53 99
54 56
54 58
54 59
54 60
54 61
54 66
54 67
54 68
54 69
54 72
54 73
54 74
54 76
54 77
54 81
54 83
54 85
54 87
54 88
54 90
54 91
54 92
54 93
54 95
54 96
54 97
55 60
55 64
55 66
55 67
55 68
55 69
55 70
55 72
55 75
55 76
55 78
55 81
55 86
55 89
55 90
55 91
55 93
55 97
55 99
56 57
56 59
56 61
56 63
56 65
56 66
56 67
56 68
56 69
56 74
56 80
56 82
56 83
56 84
56 85
56 87
56 88
56 92
56 94
56 95
56 99
57 60
57 62
57 64
57 68
57 70
57 71
57 72
57 76
57 78
57 79
57 80
57 82
57 89
57 90
57 93
57 97
57 98
58 59
58 64
58 65
58 66
58 67
58 68
58 69
58 71
58 72
58 73
58 74
58 75
58 76
58 79
58 82
58 84
58 85
58 87
58 90
58 92
58 94
58 95
58 96
58 98
59 60
59 61
59 63
59 64
59 66
59 68
59 69
59 70
59 72
59 73
59 74
59 77
59 78
59 79
59 80
59 81
59 88
59 89
59 93
59 98
59 99
60 62
60 64
60 67
60 69
60 72
60 75
60 76
60 77
60 78
60 81
60 83
60 85
60 87
60 88
60 90
60 94
60 95
60 97
60 98
60 99
61 62
61 63
61 64
61 67
61 69
61 73
61 74
61 75
61 76
61 79
61 81
61 82
61 83
61 87
61 89
61 91
61 93
61 94
61 95
61 99
62 63
62 64
62 68
62 72
62 73
62 74
62 75
62 76
62 78
62 79
62 82
62 84
62 85
62 87
62 88
62 91
62 93
62 94
62 96
62 97
62 98
63 64
63 65
63 68
63 69
63 72
63 75
63 77
63 83
63 87
63 88
63 90
63 91
63 94
63 98
64 65
64 68
64 69
64 71
64 74
64 75
64 77
64 79
64 82
64 85
64 86
64 87
64 88
64 91
64 93
64 95
64 96
64 97
64 99
65 67
65 68
65 69
65 70
65 73
65 74
65 76
65 78
65 79
65 80
65 81
65 83
65 86
65 87
65 90
65 93
65 96
66 67
66 68
66 70
66 73
66 74
66 75
66 78
66 80
66 81
66 83
66 86
66 88
66 89
66 91
66 93
66 95
66 96
66 98
66 99
67 68
67 69
67 71
67 74
67 75
67 77
67 78
67 83
67 84
67 85
67 86
67 87
67 88
67 89
67 91
67 93
67 96
67 97
68 72
68 76
68 81
68 83
68 86
68 87
68 89
68 90
68 94
68 95
68 97
68 98
69 70
69 73
69 76
69 78
69 80
69 83
69 84
69 85
69 86
69 88
69 89
69 90
69 93
69 94
69 96
70 72
70 73
70 75
70 78
70 80
70 81
70 84
70 86
70 87
70 88
70 89
70 90
70 91
70 92
70 93
70 97
70 98
70 99
71 73
71 75
71 78
71 79
71 84
71 85
71 88
71 90
71 91
71 92
71 93
71 94
71 95
71 97
71 99
72 73
72 75
72 82
72 83
72 84
72 86
72 87
72 88
72 89
72 91
72 92
72 94
72 95
72 99
73 74
73 77
73 80
73 83
73 84
73 90
73 93
73 96
73 97
74 75
74 77
74 79
74 80
74 82
74 83
74 84
74 85
74 87
74 89
74 92
74 93
74 95
74 96
74 97
74 99
75 76
75 77
75 78
75 79
75 80
75 81
75 82
75 83
75 85
75 87
75 88
75 97
75 99
76 77
76 78
76 81
76 84
76 86
76 87
76 88
76 89
76 94
76 95
76 98
77 78
77 83
77 84
77 86
77 87
77 88
77 95
77 96
77 97
77 99
78 79
78 81
78 82
78 84
78 85
78 87
78 88
78 91
78 92
78 93
78 94
78 95
79 80
79 82
79 83
79 84
79 85
79 86
79 87
79 92
79 94
79 96
79 97
79 99
80 81
80 82
80 84
80 90
80 91
80 94
80 95
80 96
80 97
80 98
80 99
81 83
81 84
81 85
81 87
81 88
81 94
81 95
81 99
82 84
82 86
82 91
82 93
82 98
82 99
83 85
83 86
83 87
83 89
83 90
83 93
83 95
83 97
84 88
84 90
84 93
84 94
84 95
84 96
85 86
85 88
85 89
85 92
85 94
85 95
85 96
85 98
86 87
86 89
86 90
86 92
86 94
86 99
87 90
87 93
87 94
87 95
87 96
87 97
87 98
87 99
88 89
88 90
88 91
88 92
88 93
88 95
88 96
88 97
88 98
88 99
89 93
89 94
89 96
90 91
90 96
90 98
90 99
91 92
91 93
91 94
91 97
92 93
92 94
92 96
92 98
93 94
93 95
94 96
94 97
94 99
95 97
95 98
95 99
96 97
96 98
96 99
97 98
98 99
