0 3
0 4
0 6
0 7
0 9
0 11
0 12
0 15
0 18
0 21
0 23
0 24
0 26
0 29
0 32
0 33
0 35
0 36
0 39
0 40
0 41
0 44
0 47
0 50
0 51
0 52
0 54
0 55
0 57
0 58
0 59
0 60
0 62
0 63
0 64
0 65
0 67
0 68
0 69
0 71
0 72
0 73
0 74
0 77
0 83
0 85
0 90
0 93
0 94
0 98
1 2
1 5
1 11
1 14
1 15
1 16
1 17
1 18
1 19
1 21
1 22
1 32
1 33
1 34
1 35
1 36
1 37
1 40
1 42
1 45
1 48
1 50
1 51
1 52
1 53
1 55
1 56
1 65
1 66
1 69
1 70
1 72
1 74
1 75
1 76
1 77
1 79
1 81
1 85
1 86
1 90
1 91
1 94
1 98
2 5
2 6
2 8
2 12
2 13
2 14
2 16
2 17
2 21
2 23
2 24
2 26
2 29
2 30
2 31
2 32
2 33
2 34
2 35
2 36
2 38
2 39
2 41
2 42
2 43
2 45
2 47
2 48
2 49
2 50
2 51
2 53
2 56
2 57
2 59
2 64
2 65
2 67
2 68
2 69
2 70
2 72
2 74
2 76
2 79
2 80
2 81
2 83
2 84
2 87
2 89
2 90
2 94
2 98
2 99
3 4
3 5
3 6
3 7
3 9
3 10
3 11
3 13
3 22
3 23
3 27
3 28
3 29
3 30
3 32
3 33
3 34
3 35
3 38
3 39
3 41
3 42
3 45
3 50
3 54
3 57
3 58
3 59
3 60
3 63
3 64
3 65
3 68
3 69
3 73
3 74
3 75
3 80
3 81
3 82
3 84
3 85
3 86
3 87
3 88
3 90
3 91
3 92
3 93
3 97
4 6
4 8
4 9
4 11
4 16
4 17
4 19
4 21
4 22
4 24
4 25
4 26
4 28
4 31
4 32
4 33
4 34
4 36
4 37
4 38
4 41
4 42
4 46
4 47
4 48
4 49
4 52
4 53
4 54
4 55
4 56
4 57
4 59
4 60
4 61
4 62
4 63
4 65
4 67
4 69
4 70
4 71
4 74
4 75
4 78
4 80
4 89
4 93
4 95
4 96
4 97
5 9
5 10
5 16
5 17
5 18
5 23
5 25
5 27
5 28
5 29
5 30
5 31
5 34
5 35
5 46
5 48
5 55
5 58
5 59
5 60
5 61
5 63
5 64
5 67
5 71
5 73
5 74
5 77
5 78
5 79
5 80
5 81
5 84
5 85
5 86
5 87
5 89
5 90
5 93
5 94
5 96
5 97
5 99
6 7
6 8
6 9
6 10
6 12
6 13
6 15
6 17
6 19
6 20
6 21
6 23
6 25
6 26
6 27
6 28
6 30
6 34
6 35
6 36
6 37
6 38
6 40
6 47
6 49
6 51
6 53
6 54
6 56
6 62
6 64
6 68
6 69
6 70
6 72
6 73
6 75
6 76
6 77
6 79
6 81
6 82
6 83
6 84
6 85
6 86
6 88
6 89
6 92
6 93
6 96
6 97
6 98
6 99
7 8
7 10
7 11
7 14
7 15
7 16
7 18
7 23
7 24
7 25
7 27
7 31
7 32
7 33
7 34
7 35
7 39
7 40
7 41
7 45
7 48
7 51
7 52
7 56
7 60
7 61
7 62
7 64
7 65
7 68
7 69
7 70
7 72
7 73
7 79
7 80
7 82
7 83
7 85
7 87
7 88
7 91
7 94
7 95
7 96
7 97
8 9
8 10
8 12
8 13
8 17
8 18
8 19
8 20
8 21
8 22
8 27
8 28
8 29
8 31
8 32
8 33
8 34
8 35
8 36
8 37
8 38
8 39
8 40
8 41
8 42
8 43
8 44
8 46
8 47
8 50
8 51
8 52
8 53
8 54
8 56
8 60
8 61
8 63
8 65
8 69
8 70
8 71
8 72
8 73
8 74
8 75
8 76
8 80
8 81
8 82
8 83
8 84
8 85
8 86
8 93
8 94
8 96
8 98
8 99
9 10
9 12
9 13
9 14
9 15
9 16
9 21
9 22
9 23
9 24
9 25
9 26
9 27
9 28
9 32
9 34
9 36
9 37
9 38
9 39
9 40
9 42
9 46
9 48
9 49
9 51
9 52
9 54
9 56
9 60
9 62
9 63
9 64
9 65
9 66
9 67
9 68
9 69
9 72
9 73
9 75
9 76
9 77
9 79
9 80
9 82
9 83
9 85
9 90
9 93
9 94
9 97
9 98
9 99
10 12
10 15
10 18
10 23
10 25
10 29
10 33
10 34
10 35
10 37
10 39
10 40
10 42
10 43
10 48
10 53
10 54
10 56
10 60
10 61
10 66
10 67
10 68
10 69
10 70
10 71
10 72
10 75
10 77
10 80
10 81
10 83
10 84
10 87
10 89
10 90
10 91
10 92
10 94
10 95
10 96
10 97
10 98
10 99
11 12
11 13
11 14
11 15
11 19
11 20
11 21
11 22
11 23
11 26
11 28
11 30
11 31
11 38
11 39
11 41
11 43
11 46
11 48
11 52
11 53
11 54
11 55
11 58
11 59
11 62
11 64
11 66
11 67
11 72
11 73
11 74
11 75
11 76
11 79
11 80
11 81
11 82
11 90
11 93
11 96
11 99
12 17
12 18
12 19
12 26
12 27
12 28
12 29
12 30
12 31
12 32
12 35
12 36
12 38
12 39
12 40
12 42
12 49
12 50
12 53
12 55
12 59
12 60
12 61
12 65
12 66
12 68
12 70
12 75
12 78
12 80
12 82
12 83
12 84
12 87
12 88
12 90
12 92
12 93
12 94
12 96
12 99
13 16
13 17
13 18
13 20
13 24
13 26
13 28
13 30
13 31
13 35
13 40
13 41
13 46
13 49
13 50
13 52
13 53
13 57
13 58
13 60
13 61
13 67
13 69
13 70
13 73
13 74
13 75
13 76
13 77
13 78
13 81
13 83
13 86
13 87
13 88
13 91
13 92
13 94
13 96
13 97
13 98
14 15
14 19
14 20
14 22
14 24
14 28
14 30
14 31
14 33
14 34
14 38
14 39
14 40
14 41
14 42
14 46
14 50
14 51
14 55
14 56
14 57
14 58
14 59
14 61
14 63
14 65
14 66
14 71
14 73
14 74
14 75
14 76
14 77
14 80
14 82
14 86
14 87
14 89
14 92
14 96
15 17
15 18
15 19
15 20
15 21
15 23
15 25
15 27
15 29
15 34
15 35
15 36
15 38
15 41
15 43
15 44
15 45
15 46
15 52
15 54
15 59
15 62
15 63
15 64
15 65
15 68
15 71
15 72
15 73
15 75
15 77
15 78
15 83
15 84
15 85
15 86
15 89
15 90
15 91
15 93
15 94
15 95
15 97
15 98
15 99
16 18
16 21
16 22
16 27
16 29
16 30
16 31
16 34
16 35
16 36
16 37
16 39
16 42
16 45
16 46
16 47
16 51
16 53
16 57
16 58
16 60
16 61
16 63
16 66
16 67
16 69
16 73
16 79
16 80
16 81
16 83
16 85
16 86
16 88
16 89
16 93
16 95
16 96
16 98
17 18
17 19
17 21
17 24
17 26
17 27
17 28
17 29
17 32
17 33
17 34
17 35
17 37
17 38
17 39
17 42
17 43
17 47
17 48
17 50
17 51
17 52
17 55
17 56
17 58
17 64
17 66
17 69
17 71
17 72
17 75
17 76
17 77
17 79
17 83
17 86
17 89
17 90
17 91
17 94
17 96
17 97
17 98
17 99
18 19
18 21
18 23
18 27
18 30
18 31
18 33
18 34
18 43
18 44
18 46
18 48
18 52
18 53
18 54
18 55
18 57
18 59
18 63
18 64
18 65
18 68
18 69
18 70
18 73
18 74
18 78
18 83
18 85
18 86
18 88
18 90
18 91
18 92
18 95
18 96
18 98
18 99
19 20
19 22
19 23
19 24
19 26
19 27
19 29
19 31
19 33
19 34
19 35
19 36
19 37
19 39
19 40
19 41
19 43
19 44
19 45
19 47
19 48
19 52
19 54
19 55
19 56
19 60
19 61
19 62
19 65
19 67
19 69
19 74
19 75
19 78
19 79
19 80
19 82
19 83
19 84
19 85
19 86
19 89
19 91
19 93
19 94
19 95
19 97
20 23
20 24
20 25
20 27
20 29
20 31
20 32
20 33
20 34
20 35
20 36
20 37
20 40
20 42
20 45
20 46
20 48
20 49
20 56
20 57
20 59
20 65
20 66
20 69
20 70
20 74
20 77
20 79
20 82
20 86
20 87
20 88
20 89
20 90
20 98
20 99
21 23
21 28
21 31
21 32
21 34
21 40
21 42
21 45
21 49
21 50
21 51
21 57
21 59
21 61
21 68
21 69
21 70
21 71
21 72
21 74
21 76
21 77
21 78
21 79
21 80
21 81
21 82
21 84
21 85
21 87
21 88
21 90
21 91
21 92
21 95
21 97
21 98
21 99
22 23
22 24
22 28
22 31
22 37
22 40
22 42
22 45
22 46
22 48
22 51
22 52
22 55
22 56
22 59
22 60
22 62
22 63
22 65
22 68
22 71
22 72
22 74
22 75
22 79
22 81
22 82
22 85
22 88
22 90
22 94
22 95
22 96
22 97
22 98
22 99
23 25
23 28
23 31
23 35
23 39
23 40
23 43
23 45
23 46
23 47
23 49
23 58
23 59
23 61
23 62
23 64
23 66
23 68
23 71
23 72
23 75
23 83
23 84
23 85
23 86
23 87
23 88
23 95
23 96
23 99
24 26
24 27
24 28
24 29
24 30
24 31
24 32
24 35
24 39
24 43
24 45
24 48
24 51
24 53
24 54
24 56
24 59
24 62
24 64
24 65
24 70
24 73
24 74
24 76
24 78
24 80
24 81
24 82
24 85
24 86
24 87
24 88
24 94
24 95
24 97
24 99
25 28
25 31
25 34
25 35
25 37
25 43
25 46
25 48
25 49
25 50
25 51
25 53
25 56
25 58
25 59
25 60
25 63
25 64
25 67
25 68
25 69
25 70
25 71
25 74
25 75
25 77
25 78
25 79
25 80
25 81
25 82
25 83
25 85
25 86
25 87
25 89
25 90
25 91
25 93
25 99
26 31
26 32
26 34
26 36
26 38
26 40
26 41
26 42
26 45
26 48
26 49
26 50
26 53
26 56
26 59
26 62
26 63
26 64
26 65
26 69
26 73
26 74
26 77
26 78
26 83
26 86
26 87
26 89
26 91
26 93
26 94
26 95
26 97
27 29
27 35
27 38
27 41
27 46
27 47
27 48
27 51
27 53
27 54
27 61
27 62
27 63
27 66
27 67
27 68
27 71
27 73
27 75
27 76
27 77
27 80
27 82
27 84
27 85
27 86
27 88
27 89
27 92
27 93
27 96
27 97
27 98
27 99
28 30
28 31
28 33
28 36
28 37
28 38
28 41
28 43
28 44
28 46
28 47
28 49
28 50
28 53
28 54
28 55
28 56
28 57
28 61
28 63
28 65
28 67
28 68
28 70
28 72
28 75
28 76
28 77
28 80
28 81
28 87
28 88
28 93
28 94
28 95
28 96
28 97
28 98
28 99
29 30
29 31
29 32
29 37
29 39
29 42
29 43
29 44
29 47
29 50
29 55
29 57
29 58
29 62
29 72
29 79
29 81
29 82
29 83
29 85
29 88
29 97
29 99
30 31
30 33
30 35
30 36
30 37
30 38
30 39
30 40
30 42
30 43
30 44
30 45
30 46
30 49
30 51
30 52
30 57
30 58
30 59
30 60
30 61
30 62
30 63
30 64
30 65
30 66
30 68
30 69
30 71
30 73
30 74
30 75
30 78
30 79
30 80
30 81
30 82
30 91
30 92
30 93
30 94
30 96
30 97
30 99
31 33
31 34
31 36
31 37
31 38
31 41
31 42
31 44
31 46
31 48
31 50
31 53
31 54
31 56
31 57
31 59
31 60
31 61
31 62
31 65
31 70
31 73
31 74
31 75
31 78
31 84
31 85
31 86
31 87
31 92
31 96
31 97
31 98
32 33
32 34
32 35
32 36
32 37
32 38
32 39
32 44
32 48
32 51
32 53
32 54
32 55
32 57
32 63
32 64
32 66
32 69
32 73
32 75
32 78
32 79
32 86
32 88
32 90
32 92
32 93
32 94
32 96
33 34
33 35
33 36
33 37
33 39
33 41
33 42
33 43
33 44
33 45
33 46
33 47
33 48
33 50
33 54
33 58
33 59
33 60
33 65
33 71
33 72
33 73
33 75
33 76
33 77
33 79
33 80
33 81
33 82
33 84
33 85
33 87
33 89
33 91
33 93
33 96
33 97
33 99
34 35
34 36
34 38
34 39
34 40
34 41
34 43
34 44
34 45
34 47
34 49
34 50
34 51
34 53
34 55
34 57
34 59
34 62
34 65
34 66
34 68
34 70
34 71
34 72
34 73
34 81
34 82
34 83
34 84
34 85
34 86
34 88
34 91
34 92
34 99
35 36
35 37
35 40
35 42
35 43
35 44
35 45
35 46
35 47
35 50
35 51
35 55
35 59
35 61
35 64
35 69
35 73
35 75
35 77
35 79
35 82
35 83
35 84
35 85
35 86
35 87
35 88
35 89
35 92
35 93
35 94
35 96
35 97
35 98
35 99
36 37
36 38
36 39
36 40
36 41
36 43
36 44
36 46
36 47
36 48
36 49
36 51
36 52
36 53
36 54
36 58
36 59
36 60
36 61
36 63
36 64
36 67
36 69
36 74
36 75
36 80
36 83
36 85
36 86
36 94
37 39
37 40
37 43
37 46
37 47
37 50
37 51
37 52
37 54
37 55
37 58
37 59
37 61
37 63
37 67
37 69
37 71
37 72
37 74
37 75
37 76
37 79
37 80
37 82
37 83
37 84
37 85
37 87
37 88
37 90
37 95
37 96
37 99
38 41
38 43
38 44
38 46
38 52
38 53
38 54
38 62
38 63
38 66
38 67
38 68
38 69
38 73
38 74
38 75
38 78
38 79
38 81
38 83
38 84
38 86
38 87
38 89
38 90
38 91
38 94
38 98
39 44
39 46
39 52
39 53
39 56
39 57
39 60
39 61
39 63
39 69
39 70
39 71
39 72
39 73
39 76
39 77
39 78
39 80
39 81
39 82
39 83
39 84
39 88
39 89
39 90
39 91
39 92
39 97
39 98
39 99
40 44
40 46
40 48
40 49
40 50
40 51
40 53
40 54
40 55
40 56
40 57
40 58
40 59
40 60
40 66
40 67
40 68
40 69
40 70
40 72
40 75
40 76
40 77
40 78
40 79
40 82
40 83
40 86
40 89
40 90
40 91
40 93
40 96
40 98
40 99
41 42
41 43
41 44
41 45
41 47
41 50
41 51
41 52
41 53
41 55
41 57
41 59
41 60
41 61
41 64
41 71
41 73
41 76
41 80
41 81
41 82
41 83
41 86
41 89
41 92
41 93
41 96
41 97
41 98
41 99
42 50
42 53
42 55
42 56
42 57
42 58
42 59
42 61
42 62
42 63
42 64
42 68
42 69
42 72
42 75
42 76
42 77
42 80
42 82
42 85
42 87
42 88
42 90
42 94
42 95
42 96
42 97
42 98
42 99
43 46
43 47
43 48
43 49
43 53
43 55
43 57
43 58
43 62
43 69
43 75
43 77
43 79
43 82
43 83
43 84
43 85
43 86
43 88
43 89
43 91
43 93
43 95
43 96
43 98
43 99
44 47
44 49
44 52
44 55
44 59
44 60
44 62
44 66
44 69
44 70
44 71
44 74
44 77
44 78
44 84
44 85
44 86
44 89
44 91
44 93
44 95
44 97
44 99
45 46
45 47
45 52
45 54
45 56
45 57
45 59
45 60
45 62
45 64
45 67
45 71
45 72
45 75
45 77
45 78
45 79
45 81
45 82
45 84
45 85
45 86
45 88
45 89
46 48
46 50
46 51
46 52
46 54
46 55
46 57
46 59
46 60
46 61
46 62
46 66
46 68
46 70
46 71
46 73
46 75
46 76
46 77
46 80
46 81
46 82
46 84
46 85
46 86
46 89
46 92
46 96
46 98
46 99
47 48
47 50
47 53
47 56
47 63
47 64
47 65
47 66
47 69
47 70
47 76
47 77
47 78
47 80
47 81
47 83
47 84
47 86
47 87
47 91
47 92
47 94
47 98
48 49
48 50
48 51
48 52
48 55
48 56
48 59
48 64
48 65
48 69
48 70
48 73
48 76
48 78
48 79
48 81
48 82
48 84
48 85
48 87
48 91
48 92
48 94
48 98
48 99
49 50
49 52
49 53
49 54
49 55
49 57
49 59
49 64
49 66
49 69
49 70
49 72
49 75
49 77
49 78
49 81
49 82
49 85
49 86
49 88
49 89
49 92
49 93
49 95
50 52
50 54
50 56
50 58
50 59
50 60
50 66
50 67
50 69
50 70
50 72
50 74
50 76
50 78
50 80
50 81
50 82
50 84
50 87
50 91
50 93
50 95
50 96
50 99
51 52
51 53
51 54
51 55
51 56
51 58
51 59
51 61
51 62
51 67
51 70
51 73
51 75
51 76
51 77
51 79
51 81
51 82
51 83
51 84
51 86
51 88
51 89
51 90
51 91
51 92
51 93
51 94
51 95
52 53
52 54
52 55
52 56
52 57
52 59
52 63
52 67
52 68
52 69
52 72
52 73
52 75
52 77
52 79
52 81
52 83
52 86
52 87
52 92
52 93
52 96
52 97
53 55
53 56
53 57
53 58
53 60
53 61
53 64
53 65
53 67
53 69
53 70
53 71
53 72
53 74
53 75
53 77
53 83
53 88
53 93
53 94
53 97
54 55
54 61
54 62
54 63
54 66
54 67
54 74
54 75
54 78
54 79
54 81
54 83
54 84
54 85
54 86
54 87
54 88
54 90
54 93
54 95
54 97
54 99
55 57
55 61
55 62
55 65
55 66
55 67
55 68
55 71
55 72
55 73
55 74
55 80
55 82
55 84
55 85
55 86
55 87
55 88
55 89
55 91
55 92
55 97
55 99
56 63
56 66
56 68
56 70
56 71
56 73
56 74
56 75
56 76
56 77
56 78
56 80
56 81
56 82
56 83
56 84
56 87
56 89
56 92
56 93
56 97
56 99
57 58
57 59
57 63
57 66
57 68
57 69
57 70
57 71
57 72
57 74
57 76
57 77
57 79
57 80
57 81
57 83
57 85
57 86
57 87
57 89
57 90
57 91
57 92
57 95
57 96
58 59
58 62
58 64
58 65
58 66
58 68
58 70
58 71
58 72
58 73
58 74
58 76
58 77
58 78
58 80
58 81
58 82
58 83
58 85
58 89
58 90
58 91
58 94
58 95
58 97
58 98
58 99
59 60
59 61
59 63
59 66
59 68
59 70
59 71
59 72
59 73
59 76
59 77
59 78
59 79
59 80
59 81
59 82
59 87
59 89
59 92
59 93
59 96
59 99
60 61
60 63
60 64
60 65
60 68
60 70
60 72
60 73
60 75
60 76
60 80
60 81
60 82
60 84
60 88
60 92
60 94
60 95
60 96
60 97
60 98
61 62
61 63
61 65
61 68
61 69
61 70
61 72
61 76
61 79
61 80
61 81
61 83
61 86
61 87
61 88
61 89
61 90
61 91
61 93
61 94
61 97
61 98
61 99
62 63
62 64
62 67
62 68
62 69
62 73
62 74
62 75
62 77
62 80
62 81
62 85
62 87
62 90
62 93
62 94
62 96
62 97
63 65
63 74
63 76
63 79
63 81
63 84
63 85
63 86
63 90
63 96
63 97
63 98
64 65
64 67
64 68
64 71
64 72
64 74
64 77
64 78
64 81
64 83
64 85
64 87
64 90
64 93
64 94
64 95
64 96
64 97
65 66
65 67
65 68
65 70
65 71
65 72
65 73
65 80
65 84
65 85
65 86
65 87
65 89
65 90
65 92
65 94
65 95
65 96
65 98
66 67
66 69
66 72
66 73
66 74
66 77
66 78
66 80
66 82
66 83
66 87
66 92
66 94
66 96
66 97
67 70
67 71
67 74
67 75
67 77
67 80
67 82
67 85
67 87
67 89
67 92
67 93
67 94
67 95
67 96
67 97
68 69
68 70
68 73
68 74
68 77
68 78
68 80
68 81
68 82
68 83
68 84
68 89
68 95
68 99
69 70
69 78
69 81
69 87
69 88
69 91
69 92
69 94
69 95
69 96
69 98
70 71
70 75
70 78
70 82
70 87
70 88
70 90
70 92
70 94
70 96
70 97
70 98
70 99
71 72
71 74
71 75
71 76
71 83
71 85
71 88
71 89
71 94
71 95
71 98
71 99
72 73
72 74
72 76
72 78
72 79
72 80
72 81
72 82
72 85
72 87
72 88
72 90
72 92
72 94
72 95
72 99
73 79
73 83
73 84
73 87
73 88
73 90
73 91
73 92
73 95
73 97
73 98
73 99
74 78
74 83
74 84
74 85
74 90
74 92
74 93
74 94
74 95
74 97
74 98
74 99
75 76
75 77
75 80
75 81
75 84
75 85
75 89
75 90
75 95
75 98
75 99
76 81
76 83
76 84
76 85
76 86
76 90
76 91
76 98
76 99
77 78
77 81
77 86
77 88
77 90
77 91
77 92
77 93
77 94
77 95
77 96
77 98
77 99
78 82
78 84
78 89
78 90
78 91
78 92
78 93
78 94
78 95
78 96
78 97
78 99
79 80
79 81
79 82
79 86
79 92
79 94
79 95
79 97
80 81
80 82
80 83
80 88
80 90
80 94
80 95
80 96
80 99
81 84
81 87
81 88
81 89
81 90
81 93
81 95
81 96
81 98
82 85
82 88
82 89
82 91
82 92
82 97
83 84
83 87
83 89
83 90
83 91
83 92
83 93
83 96
83 98
84 86
84 87
84 88
84 90
84 91
84 92
84 93
84 94
84 96
84 99
85 86
85 88
85 90
85 91
85 92
85 93
85 94
86 87
86 88
86 91
86 93
86 95
86 96
87 88
87 92
87 93
87 94
87 95
87 98
87 99
88 89
88 90
88 91
88 94
88 96
88 98
88 99
89 93
89 94
89 97
90 91
90 92
90 93
90 96
90 97
90 98
91 94
91 95
91 97
91 98
92 96
92 99
93 94
93 95
93 97
93 98
94 95
94 96
94 97
94 99
97 98
