0 1
0 3
0 4
0 5
0 11
0 12
0 14
0 16
0 17
0 19
0 20
0 23
0 25
0 26
0 27
0 28
0 29
0 30
0 32
0 34
0 35
0 36
0 37
0 38
0 39
0 40
0 41
0 43
0 45
0 46
0 49
0 51
0 54
0 55
0 59
0 62
0 63
0 64
0 65
0 66
0 67
0 69
0 73
0 75
0 79
0 80
0 82
0 83
0 85
0 86
0 87
0 92
0 95
0 98
0 99
1 3
1 5
1 6
1 7
1 8
1 9
1 10
1 11
1 13
1 14
1 15
1 16
1 17
1 18
1 19
1 22
1 24
1 31
1 33
1 36
1 37
1 39
1 40
1 41
1 44
1 48
1 50
1 52
1 53
1 54
1 55
1 56
1 57
1 58
1 59
1 60
1 62
1 63
1 65
1 67
1 69
1 70
1 73
1 74
1 75
1 86
1 87
1 88
1 91
1 92
1 94
1 95
1 97
1 98
2 4
2 7
2 8
2 12
2 14
2 15
2 16
2 19
2 20
2 23
2 27
2 28
2 30
2 36
2 38
2 39
2 40
2 42
2 43
2 45
2 46
2 47
2 50
2 51
2 52
2 53
2 54
2 55
2 60
2 61
2 62
2 63
2 65
2 66
2 70
2 71
2 74
2 78
2 82
2 83
2 84
2 86
2 88
2 89
2 90
2 91
2 93
2 94
2 96
3 5
3 7
3 9
3 10
3 11
3 14
3 15
3 17
3 19
3 21
3 22
3 23
3 24
3 25
3 27
3 32
3 42
3 43
3 44
3 46
3 47
3 48
3 49
3 53
3 54
3 58
3 62
3 63
3 66
3 67
3 68
3 69
3 70
3 71
3 72
3 73
3 74
3 76
3 77
3 79
3 80
3 82
3 85
3 86
3 88
3 89
3 90
3 91
3 92
3 93
3 95
3 96
3 99
4 5
4 6
4 12
4 14
4 15
4 16
4 17
4 19
4 20
4 22
4 24
4 25
4 26
4 28
4 29
4 31
4 32
4 38
4 39
4 41
4 42
4 47
4 48
4 49
4 50
4 51
4 53
4 55
4 58
4 60
4 62
4 63
4 64
4 65
4 66
4 67
4 68
4 70
4 77
4 78
4 79
4 81
4 82
4 83
4 86
4 88
4 91
4 93
4 95
4 96
4 98
4 99
5 6
5 10
5 11
5 12
5 15
5 16
5 17
5 18
5 20
5 21
5 23
5 24
5 26
5 27
5 28
5 29
5 30
5 31
5 34
5 38
5 39
5 43
5 46
5 48
5 50
5 52
5 55
5 56
5 59
5 65
5 66
5 71
5 74
5 75
5 77
5 78
5 79
5 80
5 81
5 82
5 83
5 84
5 85
5 89
5 90
5 94
5 96
5 98
5 99
6 8
6 11
6 13
6 14
6 16
6 17
6 18
6 19
6 20
6 21
6 22
6 24
6 25
6 26
6 27
6 28
6 29
6 30
6 32
6 33
6 34
6 35
6 37
6 38
6 39
6 42
6 43
6 44
6 45
6 47
6 48
6 53
6 55
6 57
6 58
6 60
6 61
6 63
6 66
6 67
6 68
6 69
6 70
6 71
6 72
6 73
6 74
6 81
6 82
6 83
6 85
6 86
6 91
6 92
6 94
6 95
6 98
6 99
7 9
7 11
7 15
7 18
7 19
7 21
7 23
7 26
7 34
7 36
7 39
7 42
7 47
7 50
7 54
7 55
7 57
7 60
7 61
7 64
7 65
7 67
7 68
7 69
7 70
7 72
7 73
7 74
7 75
7 76
7 77
7 82
7 83
7 87
7 89
7 96
7 99
8 10
8 12
8 16
8 20
8 21
8 26
8 27
8 28
8 29
8 31
8 33
8 34
8 35
8 40
8 44
8 46
8 50
8 55
8 56
8 57
8 59
8 62
8 63
8 65
8 67
8 68
8 69
8 70
8 72
8 80
8 81
8 82
8 87
8 89
8 92
8 95
9 10
9 11
9 12
9 14
9 17
9 21
9 25
9 29
9 30
9 31
9 32
9 34
9 37
9 38
9 40
9 45
9 46
9 48
9 53
9 54
9 56
9 57
9 59
9 60
9 61
9 64
9 69
9 70
9 71
9 73
9 74
9 75
9 76
9 77
9 79
9 83
9 84
9 86
9 87
9 88
9 92
9 94
9 95
9 96
9 97
9 98
9 99
10 11
10 13
10 17
10 18
10 22
10 23
10 24
10 31
10 32
10 33
10 35
10 36
10 38
10 39
10 40
10 44
10 45
10 46
10 47
10 49
10 50
10 53
10 54
10 55
10 56
10 59
10 61
10 62
10 65
10 68
10 69
10 70
10 71
10 72
10 73
10 75
10 76
10 78
10 79
10 80
10 83
10 87
10 88
10 91
10 96
10 97
10 98
10 99
11 12
11 15
11 16
11 17
11 20
11 23
11 25
11 26
11 28
11 31
11 35
11 36
11 39
11 41
11 42
11 43
11 44
11 45
11 47
11 50
11 52
11 53
11 54
11 55
11 56
11 57
11 58
11 59
11 60
11 61
11 63
11 64
11 65
11 66
11 67
11 71
11 72
11 73
11 74
11 75
11 77
11 78
11 79
11 81
11 82
11 83
11 84
11 85
11 88
11 90
11 96
11 97
11 98
11 99
12 13
12 15
12 16
12 19
12 20
12 23
12 24
12 26
12 27
12 28
12 30
12 32
12 33
12 34
12 35
12 37
12 38
12 43
12 44
12 45
12 47
12 48
12 49
12 50
12 58
12 60
12 61
12 63
12 69
12 71
12 72
12 75
12 78
12 79
12 82
12 84
12 86
12 87
12 91
12 94
12 96
12 97
12 98
13 15
13 17
13 21
13 23
13 25
13 27
13 29
13 31
13 33
13 34
13 35
13 36
13 37
13 38
13 39
13 40
13 42
13 43
13 46
13 47
13 49
13 50
13 51
13 52
13 53
13 55
13 56
13 59
13 63
13 65
13 66
13 67
13 68
13 69
13 73
13 75
13 76
13 77
13 80
13 81
13 82
13 83
13 88
13 93
13 94
13 95
13 98
14 15
14 16
14 20
14 21
14 23
14 24
14 25
14 26
14 28
14 29
14 30
14 31
14 32
14 34
14 40
14 43
14 44
14 45
14 46
14 48
14 49
14 50
14 51
14 52
14 53
14 56
14 58
14 61
14 62
14 63
14 64
14 65
14 66
14 67
14 68
14 69
14 74
14 75
14 77
14 78
14 81
14 82
14 85
14 88
14 90
14 91
14 92
14 93
14 97
14 98
14 99
15 17
15 18
15 20
15 21
15 23
15 27
15 29
15 32
15 36
15 39
15 40
15 41
15 43
15 44
15 45
15 46
15 48
15 50
15 52
15 53
15 54
15 57
15 58
15 60
15 65
15 66
15 67
15 69
15 70
15 71
15 72
15 73
15 75
15 76
15 79
15 80
15 81
15 83
15 89
15 92
15 94
15 96
15 97
16 17
16 19
16 20
16 21
16 24
16 25
16 26
16 28
16 34
16 35
16 37
16 38
16 40
16 41
16 42
16 43
16 44
16 51
16 52
16 54
16 55
16 58
16 59
16 66
16 68
16 69
16 70
16 73
16 75
16 77
16 80
16 81
16 82
16 86
16 87
16 89
16 93
16 94
16 95
16 96
16 97
16 98
16 99
17 22
17 24
17 25
17 29
17 32
17 34
17 35
17 39
17 42
17 43
17 44
17 45
17 46
17 47
17 52
17 54
17 55
17 56
17 60
17 62
17 63
17 64
17 66
17 67
17 68
17 72
17 74
17 76
17 77
17 85
17 86
17 88
17 90
17 91
17 93
17 98
18 19
18 21
18 23
18 25
18 26
18 32
18 33
18 39
18 42
18 43
18 47
18 48
18 50
18 58
18 59
18 60
18 61
18 64
18 68
18 73
18 75
18 78
18 80
18 84
18 87
18 88
18 89
18 90
18 93
18 94
18 97
19 22
19 25
19 28
19 29
19 31
19 32
19 33
19 36
19 37
19 38
19 41
19 44
19 46
19 47
19 50
19 51
19 54
19 55
19 56
19 58
19 59
19 60
19 62
19 63
19 64
19 65
19 66
19 67
19 70
19 73
19 75
19 77
19 79
19 82
19 83
19 85
19 90
19 93
19 94
19 96
19 99
20 21
20 22
20 23
20 24
20 25
20 26
20 31
20 33
20 35
20 37
20 38
20 39
20 40
20 41
20 42
20 44
20 45
20 47
20 48
20 49
20 51
20 52
20 53
20 54
20 58
20 61
20 63
20 64
20 65
20 67
20 68
20 72
20 73
20 75
20 76
20 77
20 78
20 80
20 83
20 87
20 90
20 92
20 93
20 96
20 99
21 22
21 23
21 24
21 26
21 27
21 29
21 30
21 31
21 32
21 35
21 36
21 39
21 40
21 43
21 46
21 47
21 48
21 49
21 50
21 52
21 54
21 55
21 56
21 58
21 60
21 62
21 64
21 66
21 67
21 68
21 73
21 77
21 79
21 80
21 81
21 82
21 83
21 84
21 85
21 87
21 88
21 89
21 93
21 94
21 97
21 98
21 99
22 23
22 25
22 26
22 27
22 38
22 39
22 40
22 41
22 43
22 45
22 49
22 50
22 54
22 60
22 63
22 64
22 65
22 66
22 71
22 73
22 74
22 77
22 80
22 82
22 83
22 84
22 85
22 86
22 87
22 88
22 89
22 90
22 93
22 97
22 99
23 24
23 27
23 30
23 31
23 33
23 34
23 35
23 36
23 38
23 40
23 43
23 45
23 49
23 51
23 53
23 57
23 61
23 62
23 65
23 67
23 68
23 69
23 70
23 73
23 76
23 77
23 78
23 83
23 84
23 86
23 89
23 92
23 93
23 95
23 96
23 97
23 98
24 25
24 26
24 29
24 31
24 34
24 36
24 37
24 38
24 39
24 40
24 41
24 42
24 43
24 44
24 46
24 47
24 49
24 51
24 54
24 56
24 59
24 60
24 62
24 64
24 66
24 67
24 70
24 74
24 79
24 80
24 81
24 83
24 85
24 86
24 88
24 94
24 96
24 97
24 99
25 26
25 27
25 28
25 33
25 34
25 36
25 37
25 41
25 42
25 45
25 46
25 47
25 49
25 50
25 53
25 54
25 56
25 57
25 58
25 61
25 65
25 69
25 71
25 73
25 75
25 77
25 79
25 82
25 84
25 87
25 90
25 91
25 94
25 96
25 97
25 99
26 27
26 31
26 32
26 33
26 38
26 41
26 42
26 44
26 45
26 46
26 47
26 48
26 50
26 51
26 52
26 54
26 55
26 58
26 59
26 60
26 62
26 63
26 65
26 67
26 68
26 70
26 71
26 72
26 74
26 75
26 76
26 78
26 79
26 82
26 85
26 86
26 87
26 89
26 90
26 93
26 95
26 96
26 98
26 99
27 33
27 34
27 36
27 37
27 39
27 40
27 41
27 42
27 44
27 46
27 47
27 49
27 52
27 53
27 54
27 56
27 59
27 60
27 63
27 64
27 66
27 67
27 70
27 73
27 74
27 75
27 77
27 81
27 82
27 83
27 84
27 85
27 86
27 89
27 94
27 96
28 30
28 32
28 34
28 35
28 39
28 40
28 41
28 43
28 44
28 46
28 52
28 53
28 55
28 58
28 59
28 60
28 62
28 67
28 72
28 73
28 74
28 77
28 79
28 80
28 82
28 84
28 88
28 89
28 91
28 92
28 93
28 95
28 96
28 98
28 99
29 32
29 33
29 41
29 42
29 43
29 46
29 50
29 57
29 60
29 63
29 66
29 67
29 69
29 70
29 73
29 78
29 80
29 82
29 83
29 85
29 86
29 87
29 88
29 89
29 90
29 92
29 93
29 94
29 95
29 96
29 97
29 98
29 99
30 33
30 34
30 35
30 37
30 40
30 42
30 45
30 46
30 47
30 48
30 49
30 54
30 57
30 58
30 59
30 60
30 61
30 62
30 64
30 65
30 66
30 67
30 68
30 70
30 73
30 76
30 77
30 78
30 80
30 81
30 82
30 83
30 84
30 85
30 87
30 88
30 90
30 93
30 94
30 95
30 97
30 98
31 33
31 35
31 36
31 37
31 39
31 44
31 46
31 47
31 51
31 52
31 53
31 55
31 56
31 57
31 59
31 61
31 62
31 65
31 68
31 70
31 72
31 73
31 75
31 77
31 78
31 82
31 84
31 87
31 88
31 91
31 92
31 96
31 97
31 99
32 33
32 35
32 36
32 38
32 39
32 40
32 41
32 43
32 45
32 47
32 49
32 51
32 58
32 60
32 61
32 62
32 65
32 66
32 68
32 69
32 70
32 72
32 73
32 74
32 75
32 76
32 78
32 79
32 80
32 82
32 83
32 88
32 90
32 93
32 94
32 97
32 98
32 99
33 36
33 39
33 42
33 45
33 46
33 49
33 52
33 54
33 55
33 59
33 62
33 64
33 66
33 68
33 70
33 74
33 75
33 76
33 78
33 79
33 80
33 81
33 87
33 90
33 91
33 94
33 95
33 98
33 99
34 35
34 37
34 38
34 45
34 50
34 51
34 56
34 57
34 59
34 60
34 61
34 64
34 67
34 72
34 73
34 74
34 76
34 77
34 80
34 81
34 82
34 83
34 84
34 86
34 87
34 88
34 89
34 90
34 93
34 98
34 99
35 38
35 42
35 43
35 45
35 46
35 53
35 54
35 56
35 57
35 59
35 60
35 64
35 65
35 66
35 68
35 71
35 73
35 74
35 77
35 79
35 82
35 83
35 84
35 91
35 94
35 97
35 98
35 99
36 38
36 39
36 40
36 41
36 42
36 44
36 46
36 48
36 50
36 52
36 53
36 55
36 56
36 57
36 60
36 61
36 62
36 63
36 68
36 69
36 70
36 72
36 73
36 74
36 75
36 76
36 78
36 83
36 84
36 86
36 87
36 89
36 91
36 92
36 93
36 94
36 95
36 96
36 98
36 99
37 38
37 39
37 42
37 44
37 45
37 46
37 49
37 54
37 57
37 59
37 63
37 64
37 65
37 66
37 67
37 69
37 70
37 73
37 79
37 81
37 83
37 84
37 88
37 89
37 90
37 94
37 95
37 96
37 98
37 99
38 43
38 45
38 46
38 50
38 51
38 56
38 58
38 60
38 61
38 63
38 67
38 72
38 76
38 77
38 80
38 81
38 82
38 83
38 85
38 86
38 88
38 89
38 91
38 92
38 93
38 94
38 95
39 40
39 41
39 43
39 47
39 48
39 49
39 50
39 57
39 64
39 65
39 68
39 70
39 71
39 74
39 75
39 77
39 78
39 79
39 80
39 82
39 83
39 85
39 86
39 88
39 93
39 94
39 96
39 97
39 99
40 42
40 43
40 45
40 49
40 51
40 53
40 54
40 55
40 57
40 58
40 59
40 61
40 66
40 68
40 69
40 74
40 75
40 78
40 79
40 82
40 83
40 85
40 87
40 91
40 92
40 94
40 95
40 96
40 97
40 98
40 99
41 42
41 44
41 46
41 48
41 51
41 53
41 54
41 55
41 56
41 59
41 62
41 64
41 66
41 67
41 68
41 70
41 72
41 74
41 77
41 78
41 83
41 85
41 86
41 87
41 89
41 95
41 96
41 99
42 43
42 45
42 48
42 51
42 53
42 54
42 56
42 60
42 61
42 63
42 64
42 65
42 69
42 72
42 75
42 76
42 78
42 79
42 84
42 86
42 88
42 92
42 94
42 95
42 97
43 44
43 48
43 49
43 50
43 51
43 52
43 53
43 54
43 56
43 58
43 59
43 61
43 62
43 63
43 67
43 72
43 73
43 74
43 75
43 76
43 79
43 81
43 82
43 86
43 89
43 92
43 94
43 95
43 97
43 98
43 99
44 46
44 47
44 49
44 51
44 53
44 56
44 57
44 58
44 60
44 62
44 64
44 66
44 67
44 71
44 73
44 74
44 77
44 79
44 80
44 81
44 84
44 85
44 88
44 89
44 91
44 92
44 93
44 98
45 46
45 50
45 51
45 53
45 54
45 55
45 57
45 63
45 64
45 73
45 75
45 77
45 78
45 79
45 81
45 84
45 85
45 87
45 88
45 90
45 91
45 93
45 94
45 98
46 47
46 48
46 49
46 50
46 52
46 56
46 60
46 62
46 65
46 67
46 70
46 71
46 72
46 75
46 76
46 79
46 81
46 83
46 84
46 86
46 93
46 94
46 96
46 99
47 50
47 51
47 52
47 53
47 54
47 55
47 56
47 57
47 58
47 60
47 62
47 63
47 65
47 67
47 69
47 72
47 74
47 75
47 77
47 78
47 81
47 83
47 85
47 86
47 87
47 97
47 98
47 99
48 51
48 52
48 55
48 58
48 59
48 62
48 64
48 67
48 68
48 69
48 70
48 71
48 72
48 73
48 75
48 76
48 77
48 79
48 80
48 81
48 82
48 83
48 84
48 85
48 86
48 92
48 96
49 50
49 51
49 53
49 54
49 55
49 65
49 66
49 67
49 70
49 71
49 72
49 74
49 76
49 77
49 80
49 82
49 84
49 85
49 89
49 91
49 92
49 93
49 94
49 95
49 96
49 97
49 99
50 51
50 53
50 54
50 58
50 59
50 60
50 61
50 62
50 63
50 65
50 68
50 70
50 71
50 72
50 73
50 75
50 77
50 78
50 80
50 86
50 91
50 92
50 95
50 97
51 54
51 58
51 61
51 63
51 64
51 67
51 69
51 71
51 72
51 73
51 75
51 76
51 78
51 79
51 80
51 81
51 83
51 84
51 89
51 92
51 95
51 96
51 97
51 98
51 99
52 56
52 57
52 59
52 60
52 62
52 63
52 64
52 67
52 68
52 69
52 71
52 72
52 75
52 77
52 80
52 81
52 85
52 91
52 92
52 94
52 96
52 97
52 98
53 54
53 56
53 58
53 59
53 69
53 71
53 72
53 73
53 75
53 76
53 79
53 84
53 85
53 88
53 89
53 90
53 91
53 92
53 93
53 94
53 95
53 96
53 97
53 98
54 55
54 56
54 57
54 58
54 59
54 61
54 62
54 67
54 73
54 76
54 78
54 80
54 81
54 82
54 83
54 85
54 89
54 90
54 91
54 92
54 93
54 96
54 97
55 57
55 62
55 63
55 66
55 69
55 70
55 71
55 74
55 75
55 78
55 79
55 81
55 84
55 86
55 88
55 89
55 90
55 94
55 95
55 97
55 98
55 99
56 62
56 63
56 65
56 67
56 69
56 70
56 72
56 73
56 79
56 81
56 82
56 83
56 84
56 85
56 88
56 92
56 93
56 95
56 97
57 59
57 61
57 62
57 63
57 69
57 70
57 71
57 72
57 75
57 78
57 83
57 84
57 85
57 86
57 87
57 92
57 93
57 94
57 95
57 96
57 99
58 59
58 60
58 62
58 64
58 66
58 67
58 68
58 72
58 73
58 76
58 77
58 80
58 82
58 87
58 89
58 90
58 91
58 97
58 98
59 62
59 63
59 65
59 66
59 69
59 70
59 71
59 75
59 78
59 79
59 81
59 82
59 85
59 91
59 92
59 93
59 94
59 95
59 96
59 97
60 61
60 63
60 64
60 67
60 68
60 69
60 70
60 73
60 75
60 76
60 77
60 78
60 79
60 80
60 81
60 85
60 86
60 88
60 90
60 93
60 95
60 96
60 98
61 62
61 65
61 66
61 68
61 69
61 72
61 73
61 76
61 77
61 81
61 84
61 86
61 89
61 90
61 93
61 94
61 96
61 97
61 98
62 63
62 67
62 69
62 70
62 72
62 73
62 74
62 75
62 77
62 80
62 81
62 83
62 85
62 86
62 87
62 89
62 91
62 93
62 94
62 96
62 97
62 99
63 64
63 67
63 70
63 71
63 73
63 78
63 80
63 83
63 84
63 88
63 89
63 90
63 92
63 93
63 94
63 96
63 99
64 65
64 66
64 67
64 71
64 74
64 75
64 76
64 81
64 82
64 83
64 85
64 86
64 88
64 90
64 92
64 93
64 94
64 95
64 96
64 98
65 67
65 69
65 70
65 75
65 78
65 82
65 83
65 84
65 85
65 86
65 87
65 90
65 91
65 93
66 67
66 69
66 70
66 72
66 73
66 74
66 76
66 78
66 79
66 80
66 83
66 85
66 87
66 89
66 90
66 91
66 93
66 97
66 98
66 99
67 68
67 71
67 73
67 77
67 78
67 81
67 82
67 83
67 84
67 86
67 91
67 93
67 97
67 98
67 99
68 69
68 70
68 72
68 73
68 75
68 77
68 78
68 79
68 80
68 81
68 83
68 84
68 85
68 86
68 91
68 92
68 95
68 96
68 98
69 71
69 72
69 73
69 76
69 77
69 78
69 82
69 83
69 84
69 85
69 86
69 87
69 92
69 93
69 94
69 96
69 98
70 72
70 74
70 75
70 76
70 80
70 81
70 82
70 85
70 86
70 87
70 89
70 90
70 91
70 92
70 93
70 94
70 95
70 97
70 98
71 72
71 73
71 74
71 76
71 77
71 79
71 83
71 84
71 85
71 86
71 87
71 88
71 90
71 91
71 92
71 98
71 99
72 77
72 78
72 79
72 80
72 81
72 82
72 84
72 85
72 87
72 91
72 92
72 93
72 95
72 96
72 98
73 74
73 76
73 80
73 83
73 84
73 88
73 90
73 92
73 93
73 96
74 75
74 77
74 80
74 81
74 82
74 84
74 88
74 89
74 90
74 91
74 98
74 99
75 79
75 81
75 84
75 86
75 87
75 89
75 90
75 93
75 94
75 95
75 97
75 98
75 99
76 77
76 82
76 83
76 84
76 87
76 88
76 89
76 90
76 91
76 92
76 93
76 97
76 98
77 79
77 81
77 88
77 92
77 93
78 79
78 80
78 88
78 90
78 91
78 99
79 80
79 81
79 82
79 83
79 84
79 85
79 86
79 91
79 99
80 85
80 87
80 88
80 94
80 95
81 82
81 84
81 89
81 90
81 92
81 94
81 96
81 97
81 98
82 84
82 87
82 91
82 92
82 94
82 96
82 98
82 99
83 85
83 87
83 88
83 91
83 92
83 94
83 96
83 99
84 85
84 86
84 88
84 89
84 92
84 93
84 94
84 97
84 99
85 88
85 89
85 90
85 92
85 93
85 95
85 96
85 98
86 87
86 93
86 97
86 99
87 90
87 91
87 92
87 93
87 95
87 96
87 98
88 89
88 91
88 94
88 98
88 99
89 91
89 93
89 94
89 95
89 97
90 92
90 93
90 95
91 94
91 95
91 96
91 98
92 93
92 94
92 95
92 97
92 99
93 95
93 97
93 99
95 96
95 99
96 98
96 99
