0 3
0 7
0 12
0 13
0 15
0 17
0 19
0 21
0 22
0 24
0 25
0 26
0 28
0 29
0 30
0 32
0 33
0 36
0 37
0 40
0 44
0 47
0 48
0 51
0 54
0 55
0 59
0 60
0 61
0 62
0 65
0 66
0 68
0 69
0 70
0 72
0 73
0 75
0 78
0 79
0 82
0 83
0 84
0 88
0 90
0 91
0 95
0 96
0 97
0 98
1 3
1 4
1 10
1 12
1 14
1 15
1 16
1 18
1 19
1 22
1 26
1 29
1 30
1 36
1 37
1 39
1 40
1 41
1 42
1 44
1 45
1 51
1 52
1 55
1 56
1 57
1 58
1 59
1 62
1 64
1 65
1 67
1 71
1 72
1 75
1 80
1 81
1 83
1 84
1 86
1 88
1 90
1 92
1 94
1 95
1 96
1 98
2 4
2 5
2 6
2 9
2 12
2 14
2 17
2 19
2 26
2 28
2 29
2 30
2 32
2 35
2 36
2 37
2 38
2 40
2 44
2 46
2 47
2 50
2 53
2 55
2 56
2 59
2 60
2 61
2 63
2 65
2 66
2 67
2 71
2 73
2 75
2 77
2 79
2 80
2 88
2 90
2 94
2 96
2 99
3 5
3 6
3 8
3 9
3 11
3 14
3 16
3 17
3 20
3 21
3 22
3 23
3 24
3 26
3 27
3 28
3 34
3 37
3 39
3 42
3 47
3 50
3 51
3 52
3 53
3 54
3 56
3 57
3 58
3 59
3 60
3 61
3 63
3 64
3 67
3 68
3 69
3 71
3 75
3 77
3 80
3 81
3 86
3 89
3 90
3 91
3 93
3 96
3 98
3 99
4 5
4 9
4 11
4 12
4 13
4 14
4 15
4 16
4 22
4 23
4 24
4 25
4 26
4 29
4 31
4 32
4 33
4 34
4 35
4 37
4 39
4 40
4 41
4 43
4 48
4 49
4 51
4 52
4 53
4 55
4 57
4 61
4 62
4 63
4 65
4 68
4 69
4 70
4 71
4 72
4 78
4 79
4 80
4 81
4 85
4 86
4 88
4 95
4 96
4 97
4 98
4 99
5 7
5 10
5 15
5 19
5 21
5 23
5 24
5 25
5 26
5 29
5 35
5 36
5 39
5 41
5 48
5 49
5 54
5 55
5 57
5 58
5 59
5 61
5 62
5 63
5 64
5 65
5 67
5 68
5 70
5 75
5 78
5 79
5 80
5 83
5 84
5 85
5 88
5 89
5 90
5 92
5 94
5 95
5 97
5 98
6 11
6 12
6 13
6 14
6 16
6 18
6 19
6 22
6 24
6 25
6 27
6 28
6 29
6 30
6 32
6 34
6 36
6 37
6 46
6 48
6 49
6 51
6 57
6 62
6 66
6 68
6 70
6 71
6 78
6 79
6 82
6 84
6 85
6 86
6 87
6 92
6 94
6 95
6 96
6 97
6 99
7 9
7 10
7 13
7 15
7 16
7 17
7 18
7 22
7 28
7 30
7 32
7 33
7 34
7 35
7 36
7 39
7 43
7 44
7 47
7 48
7 49
7 50
7 51
7 55
7 59
7 60
7 63
7 66
7 69
7 70
7 71
7 72
7 73
7 74
7 77
7 78
7 79
7 80
7 81
7 82
7 84
7 85
7 86
7 87
7 89
7 96
7 97
7 99
8 10
8 15
8 16
8 17
8 18
8 21
8 22
8 23
8 25
8 26
8 28
8 29
8 30
8 32
8 35
8 36
8 37
8 39
8 40
8 41
8 42
8 44
8 45
8 48
8 49
8 52
8 54
8 55
8 57
8 58
8 60
8 62
8 63
8 64
8 65
8 67
8 70
8 71
8 72
8 73
8 74
8 79
8 80
8 81
8 82
8 83
8 86
8 87
8 90
8 91
8 92
8 94
8 96
8 97
8 99
9 11
9 12
9 13
9 16
9 17
9 20
9 23
9 25
9 28
9 30
9 31
9 32
9 37
9 38
9 39
9 40
9 42
9 44
9 46
9 47
9 48
9 51
9 55
9 60
9 65
9 69
9 73
9 74
9 75
9 79
9 83
9 87
9 88
9 89
9 90
9 91
9 92
9 93
9 94
9 96
10 16
10 18
10 19
10 20
10 21
10 22
10 23
10 24
10 25
10 27
10 28
10 31
10 32
10 34
10 38
10 39
10 42
10 43
10 49
10 51
10 52
10 56
10 57
10 59
10 63
10 64
10 65
10 66
10 67
10 69
10 71
10 75
10 77
10 79
10 81
10 83
10 87
10 88
10 89
10 90
10 91
10 93
10 94
10 95
10 98
10 99
11 12
11 14
11 16
11 17
11 19
11 22
11 26
11 27
11 28
11 31
11 32
11 33
11 34
11 35
11 36
11 37
11 38
11 39
11 40
11 43
11 44
11 45
11 47
11 48
11 49
11 51
11 52
11 53
11 55
11 64
11 66
11 68
11 70
11 71
11 72
11 74
11 75
11 78
11 80
11 81
11 82
11 84
11 85
11 89
11 96
12 13
12 15
12 16
12 18
12 23
12 25
12 26
12 28
12 31
12 32
12 33
12 34
12 35
12 36
12 39
12 41
12 43
12 45
12 48
12 52
12 53
12 56
12 58
12 60
12 62
12 63
12 65
12 66
12 67
12 70
12 71
12 73
12 74
12 75
12 76
12 77
12 78
12 80
12 81
12 82
12 83
12 85
12 86
12 87
12 88
12 90
12 94
12 95
12 96
12 98
12 99
13 15
13 17
13 20
13 21
13 22
13 23
13 26
13 27
13 32
13 42
13 48
13 49
13 50
13 51
13 52
13 55
13 60
13 61
13 66
13 71
13 73
13 74
13 76
13 81
13 82
13 83
13 84
13 87
13 90
13 91
13 95
13 98
14 17
14 18
14 19
14 22
14 24
14 26
14 27
14 29
14 33
14 34
14 36
14 37
14 40
14 43
14 44
14 45
14 47
14 49
14 50
14 51
14 54
14 56
14 57
14 58
14 59
14 61
14 63
14 64
14 65
14 66
14 67
14 68
14 69
14 71
14 74
14 75
14 76
14 78
14 79
14 81
14 82
14 83
14 85
14 89
14 92
14 96
14 97
14 98
15 17
15 19
15 24
15 28
15 31
15 32
15 34
15 35
15 36
15 39
15 40
15 42
15 44
15 46
15 47
15 51
15 53
15 54
15 55
15 59
15 60
15 61
15 63
15 64
15 68
15 70
15 72
15 74
15 75
15 77
15 79
15 83
15 85
15 86
15 87
15 89
15 91
15 93
15 95
16 17
16 18
16 21
16 22
16 23
16 27
16 30
16 31
16 34
16 37
16 38
16 39
16 41
16 43
16 44
16 46
16 48
16 50
16 54
16 57
16 58
16 59
16 61
16 62
16 63
16 68
16 69
16 70
16 71
16 72
16 75
16 76
16 80
16 81
16 84
16 85
16 88
16 92
16 94
17 20
17 22
17 27
17 28
17 30
17 31
17 32
17 34
17 39
17 40
17 41
17 44
17 45
17 46
17 50
17 51
17 54
17 57
17 61
17 62
17 63
17 66
17 67
17 68
17 70
17 73
17 74
17 77
17 80
17 81
17 82
17 85
17 86
17 87
17 90
17 92
17 93
17 96
17 97
17 99
18 20
18 21
18 24
18 25
18 26
18 27
18 29
18 31
18 32
18 40
18 41
18 43
18 44
18 47
18 48
18 49
18 52
18 53
18 54
18 55
18 56
18 57
18 60
18 63
18 64
18 65
18 66
18 71
18 72
18 73
18 74
18 75
18 76
18 82
18 83
18 86
18 87
18 88
18 93
18 94
18 95
18 96
18 97
18 99
19 25
19 30
19 34
19 36
19 38
19 39
19 47
19 48
19 49
19 56
19 57
19 59
19 61
19 62
19 64
19 67
19 68
19 70
19 71
19 73
19 83
19 84
19 87
19 92
19 93
19 98
20 21
20 25
20 26
20 27
20 30
20 31
20 33
20 35
20 36
20 43
20 44
20 46
20 47
20 50
20 54
20 55
20 56
20 57
20 58
20 59
20 64
20 65
20 66
20 67
20 68
20 69
20 70
20 71
20 72
20 73
20 74
20 79
20 80
20 81
20 82
20 84
20 85
20 86
20 88
20 89
20 92
20 96
20 98
20 99
21 25
21 26
21 27
21 28
21 29
21 30
21 31
21 32
21 35
21 38
21 39
21 41
21 42
21 43
21 47
21 48
21 49
21 51
21 54
21 55
21 58
21 59
21 60
21 63
21 64
21 65
21 67
21 69
21 71
21 73
21 74
21 75
21 77
21 78
21 79
21 81
21 83
21 85
21 86
21 87
21 91
21 92
21 94
21 95
21 96
22 23
22 26
22 27
22 29
22 31
22 32
22 33
22 34
22 35
22 38
22 39
22 40
22 41
22 43
22 44
22 46
22 50
22 52
22 53
22 56
22 58
22 61
22 62
22 63
22 66
22 67
22 77
22 80
22 82
22 83
22 84
22 85
22 87
22 90
22 91
22 94
22 96
22 98
22 99
23 24
23 26
23 28
23 29
23 34
23 35
23 37
23 41
23 43
23 45
23 47
23 50
23 51
23 52
23 53
23 57
23 59
23 60
23 61
23 63
23 66
23 67
23 68
23 69
23 71
23 73
23 74
23 75
23 76
23 77
23 78
23 80
23 81
23 82
23 83
23 85
23 89
23 92
23 93
23 95
23 96
23 97
23 99
24 28
24 30
24 32
24 33
24 35
24 37
24 39
24 40
24 43
24 45
24 46
24 48
24 50
24 51
24 52
24 53
24 54
24 59
24 60
24 69
24 72
24 73
24 74
24 75
24 76
24 77
24 78
24 80
24 81
24 82
24 83
24 85
24 89
24 90
24 91
24 92
24 94
24 96
25 27
25 28
25 31
25 32
25 34
25 35
25 36
25 38
25 39
25 40
25 43
25 47
25 51
25 55
25 56
25 59
25 61
25 62
25 63
25 64
25 65
25 66
25 67
25 69
25 70
25 72
25 73
25 74
25 77
25 79
25 86
25 88
25 89
25 90
25 93
25 96
25 97
25 98
25 99
26 29
26 31
26 32
26 33
26 35
26 39
26 40
26 44
26 48
26 49
26 50
26 51
26 53
26 55
26 57
26 59
26 61
26 63
26 66
26 69
26 70
26 71
26 72
26 73
26 76
26 77
26 78
26 79
26 80
26 81
26 86
26 87
26 88
26 90
26 91
26 95
26 97
26 98
26 99
27 28
27 29
27 30
27 31
27 35
27 38
27 42
27 44
27 46
27 48
27 50
27 51
27 52
27 57
27 62
27 63
27 64
27 68
27 69
27 70
27 71
27 73
27 74
27 76
27 80
27 81
27 83
27 85
27 86
27 87
27 88
27 94
27 95
27 97
27 98
27 99
28 29
28 30
28 32
28 33
28 34
28 36
28 37
28 38
28 39
28 40
28 41
28 43
28 47
28 48
28 49
28 50
28 51
28 52
28 53
28 55
28 56
28 57
28 59
28 60
28 61
28 63
28 66
28 67
28 68
28 70
28 71
28 72
28 73
28 74
28 75
28 76
28 77
28 78
28 80
28 81
28 82
28 84
28 86
28 92
28 93
28 97
28 99
29 32
29 35
29 38
29 40
29 41
29 42
29 44
29 50
29 58
29 59
29 60
29 63
29 66
29 67
29 70
29 71
29 72
29 73
29 75
29 77
29 78
29 79
29 80
29 86
29 87
29 89
29 90
29 92
29 93
29 97
29 98
30 32
30 33
30 34
30 35
30 36
30 37
30 39
30 42
30 48
30 51
30 52
30 54
30 55
30 56
30 59
30 60
30 61
30 64
30 66
30 68
30 69
30 70
30 71
30 72
30 74
30 75
30 76
30 80
30 82
30 85
30 88
30 89
30 95
31 32
31 33
31 35
31 36
31 37
31 38
31 39
31 40
31 41
31 42
31 44
31 45
31 46
31 51
31 53
31 54
31 56
31 60
31 61
31 63
31 64
31 66
31 67
31 68
31 70
31 74
31 76
31 77
31 78
31 80
31 81
31 84
31 88
31 91
31 93
31 96
31 99
32 33
32 37
32 38
32 40
32 41
32 42
32 43
32 45
32 47
32 48
32 50
32 54
32 58
32 62
32 64
32 66
32 68
32 69
32 70
32 72
32 76
32 78
32 79
32 81
32 82
32 83
32 85
32 86
32 88
32 89
32 93
32 95
32 97
32 98
32 99
33 36
33 38
33 39
33 40
33 41
33 42
33 43
33 44
33 46
33 47
33 49
33 55
33 56
33 61
33 67
33 68
33 70
33 71
33 73
33 75
33 76
33 78
33 79
33 82
33 83
33 84
33 85
33 86
33 88
33 89
33 91
33 94
33 95
33 96
33 98
33 99
34 36
34 37
34 39
34 40
34 44
34 47
34 48
34 51
34 52
34 54
34 57
34 58
34 59
34 60
34 68
34 70
34 71
34 73
34 75
34 77
34 78
34 80
34 81
34 83
34 84
34 85
34 88
34 89
34 90
34 92
34 96
34 97
35 36
35 37
35 38
35 40
35 41
35 42
35 43
35 44
35 45
35 49
35 50
35 53
35 54
35 55
35 56
35 61
35 63
35 66
35 67
35 68
35 69
35 73
35 74
35 76
35 78
35 80
35 84
35 85
35 86
35 88
35 91
35 94
35 95
35 96
36 38
36 43
36 44
36 45
36 47
36 48
36 49
36 52
36 53
36 54
36 55
36 57
36 59
36 60
36 61
36 62
36 64
36 65
36 66
36 68
36 69
36 72
36 75
36 77
36 78
36 80
36 81
36 84
36 87
36 89
36 90
36 92
36 93
36 94
36 95
36 96
36 97
36 98
37 39
37 40
37 44
37 46
37 49
37 52
37 53
37 56
37 57
37 59
37 60
37 65
37 74
37 75
37 76
37 77
37 78
37 81
37 83
37 86
37 87
37 90
37 91
37 93
37 96
37 98
37 99
38 41
38 42
38 46
38 47
38 48
38 49
38 50
38 52
38 54
38 55
38 56
38 57
38 59
38 60
38 61
38 63
38 64
38 66
38 68
38 71
38 73
38 77
38 79
38 80
38 81
38 86
38 87
38 88
38 95
38 96
38 98
39 45
39 46
39 47
39 49
39 52
39 53
39 55
39 56
39 58
39 59
39 61
39 63
39 64
39 65
39 66
39 69
39 72
39 74
39 77
39 81
39 82
39 83
39 84
39 88
39 91
39 92
39 93
39 95
39 97
40 41
40 43
40 44
40 46
40 47
40 52
40 53
40 57
40 58
40 60
40 65
40 67
40 68
40 69
40 71
40 72
40 74
40 75
40 76
40 77
40 78
40 79
40 80
40 82
40 86
40 87
40 91
40 94
40 96
40 97
40 98
40 99
41 42
41 45
41 47
41 49
41 50
41 51
41 54
41 56
41 57
41 60
41 65
41 67
41 69
41 74
41 75
41 78
41 80
41 81
41 82
41 85
41 86
41 87
41 89
41 90
41 91
41 92
41 93
41 94
41 95
41 98
42 44
42 47
42 48
42 49
42 57
42 58
42 60
42 64
42 66
42 68
42 69
42 70
42 71
42 75
42 79
42 80
42 83
42 86
42 87
42 89
42 90
42 91
42 92
42 93
42 95
42 96
42 99
43 44
43 45
43 47
43 49
43 51
43 52
43 54
43 55
43 57
43 61
43 62
43 66
43 67
43 68
43 71
43 73
43 76
43 77
43 78
43 80
43 83
43 85
43 86
43 88
43 90
43 94
43 96
43 99
44 46
44 47
44 48
44 49
44 50
44 53
44 54
44 56
44 57
44 58
44 59
44 60
44 62
44 63
44 67
44 68
44 69
44 70
44 71
44 73
44 74
44 75
44 78
44 79
44 80
44 86
44 87
44 95
44 97
44 98
44 99
45 46
45 48
45 49
45 50
45 52
45 54
45 55
45 57
45 58
45 60
45 63
45 65
45 67
45 73
45 74
45 77
45 80
45 81
45 88
45 89
45 93
45 94
45 95
45 97
45 98
46 48
46 52
46 54
46 55
46 57
46 58
46 59
46 61
46 62
46 63
46 64
46 65
46 67
46 72
46 73
46 75
46 76
46 79
46 80
46 81
46 82
46 84
46 85
46 86
46 88
46 90
46 91
46 94
46 95
46 96
46 98
47 50
47 52
47 53
47 55
47 56
47 59
47 61
47 62
47 63
47 66
47 68
47 69
47 70
47 72
47 75
47 77
47 80
47 82
47 83
47 85
47 86
47 87
47 88
47 91
47 96
47 97
47 98
48 50
48 51
48 52
48 53
48 55
48 56
48 58
48 65
48 66
48 67
48 68
48 70
48 72
48 73
48 75
48 79
48 80
48 81
48 84
48 86
48 89
48 91
48 93
48 98
48 99
49 52
49 55
49 58
49 60
49 62
49 64
49 65
49 66
49 67
49 69
49 73
49 75
49 76
49 80
49 84
49 87
49 89
49 90
49 92
49 95
49 96
49 97
49 99
50 51
50 52
50 54
50 57
50 58
50 60
50 61
50 62
50 65
50 66
50 69
50 71
50 73
50 75
50 76
50 81
50 83
50 84
50 86
50 87
50 89
50 90
50 91
50 94
50 96
50 97
50 98
50 99
51 53
51 55
51 58
51 59
51 64
51 66
51 67
51 68
51 74
51 75
51 77
51 79
51 80
51 81
51 82
51 84
51 86
51 87
51 89
51 90
51 92
51 94
51 95
51 98
52 54
52 57
52 58
52 59
52 60
52 61
52 63
52 64
52 66
52 68
52 69
52 70
52 71
52 73
52 74
52 75
52 76
52 77
52 78
52 81
52 82
52 85
52 86
52 89
52 90
52 93
52 97
52 98
53 55
53 60
53 62
53 63
53 64
53 65
53 66
53 67
53 70
53 71
53 72
53 73
53 75
53 78
53 79
53 81
53 84
53 85
53 87
53 88
53 90
53 91
53 97
53 99
54 55
54 57
54 59
54 60
54 62
54 65
54 67
54 70
54 73
54 74
54 80
54 81
54 82
54 83
54 84
54 85
54 89
54 90
54 91
54 92
54 95
55 57
55 60
55 61
55 63
55 65
55 67
55 68
55 70
55 71
55 73
55 74
55 78
55 81
55 82
55 83
55 84
55 86
55 88
55 89
55 93
55 94
55 96
55 97
55 99
56 57
56 58
56 59
56 63
56 67
56 68
56 72
56 73
56 76
56 78
56 79
56 80
56 84
56 86
56 88
56 89
56 90
56 93
56 94
56 96
56 98
57 60
57 62
57 64
57 65
57 66
57 67
57 68
57 69
57 73
57 74
57 79
57 80
57 82
57 83
57 85
57 86
57 87
57 88
57 90
57 92
57 99
58 60
58 63
58 64
58 65
58 66
58 69
58 74
58 75
58 77
58 78
58 80
58 81
58 83
58 85
58 86
58 88
58 90
58 91
58 92
58 94
58 97
58 98
58 99
59 62
59 65
59 66
59 67
59 69
59 70
59 73
59 75
59 76
59 80
59 83
59 92
59 93
59 95
59 97
59 98
59 99
60 61
60 62
60 67
60 68
60 69
60 70
60 71
60 72
60 73
60 74
60 76
60 77
60 78
60 79
60 83
60 84
60 85
60 89
60 90
60 91
60 92
60 93
60 94
60 98
61 62
61 68
61 76
61 78
61 79
61 82
61 83
61 84
61 85
61 86
61 89
61 90
61 91
61 92
61 93
61 94
61 95
61 96
61 98
61 99
62 65
62 68
62 69
62 70
62 71
62 74
62 76
62 77
62 78
62 80
62 83
62 86
62 87
62 88
62 89
62 91
62 92
62 94
62 96
62 97
62 98
62 99
63 64
63 66
63 67
63 68
63 69
63 70
63 71
63 72
63 73
63 74
63 75
63 76
63 77
63 79
63 80
63 81
63 82
63 83
63 87
63 88
63 92
63 93
63 94
63 95
63 96
63 99
64 66
64 67
64 69
64 70
64 74
64 76
64 77
64 78
64 82
64 85
64 86
64 96
64 98
64 99
65 66
65 69
65 70
65 72
65 73
65 78
65 82
65 83
65 86
65 89
65 90
65 94
65 95
65 96
65 97
66 69
66 71
66 73
66 74
66 75
66 76
66 77
66 78
66 79
66 80
66 81
66 83
66 85
66 89
66 92
66 93
66 94
66 95
66 96
66 97
66 99
67 68
67 69
67 70
67 72
67 74
67 75
67 78
67 83
67 84
67 85
67 86
67 87
67 96
67 97
67 98
68 70
68 72
68 73
68 77
68 78
68 79
68 81
68 82
68 84
68 88
68 89
68 90
68 91
68 92
68 93
68 95
68 96
68 98
69 70
69 71
69 73
69 74
69 75
69 78
69 80
69 81
69 82
69 83
69 85
69 86
69 88
69 89
69 92
69 95
69 96
69 97
70 71
70 76
70 77
70 81
70 84
70 85
70 86
70 87
70 89
70 91
70 92
70 95
70 97
70 98
71 73
71 77
71 78
71 79
71 80
71 81
71 82
71 83
71 85
71 86
71 87
71 88
71 91
71 92
71 95
71 96
71 99
72 82
72 85
72 86
72 88
72 89
72 90
72 96
72 97
72 99
73 74
73 78
73 79
73 82
73 83
73 84
73 85
73 88
73 90
73 94
73 95
74 76
74 79
74 80
74 82
74 84
74 86
74 88
74 89
74 90
74 91
74 93
74 94
74 95
74 96
74 97
74 98
75 77
75 79
75 80
75 82
75 83
75 89
75 90
75 93
75 95
75 96
75 98
75 99
76 78
76 81
76 82
76 83
76 85
76 86
76 87
76 91
76 92
76 93
76 94
76 95
76 96
76 99
77 79
77 80
77 82
77 84
77 89
77 90
77 91
77 94
77 96
77 99
78 79
78 80
78 81
78 82
78 91
78 92
78 93
78 94
78 98
79 82
79 87
79 88
79 90
79 92
79 96
79 98
80 83
80 84
80 86
80 87
80 89
80 90
80 92
80 97
80 99
81 83
81 85
81 86
81 91
81 92
81 95
81 96
81 97
82 87
82 91
82 92
82 95
82 99
83 87
83 89
83 90
83 94
83 97
84 85
84 86
84 88
84 89
84 90
84 95
84 96
84 98
84 99
85 87
85 93
85 98
86 87
86 88
86 90
86 91
86 92
86 93
86 94
86 95
86 96
87 88
87 89
87 90
87 91
87 92
87 93
87 94
87 95
88 89
88 93
88 94
88 95
88 96
89 90
89 92
89 94
89 98
89 99
90 91
90 93
90 94
90 98
90 99
91 94
91 95
91 97
91 99
92 93
92 94
92 98
92 99
93 94
93 97
93 98
93 99
94 95
94 98
95 96
95 98
96 97
97 98
