0 4
0 5
0 8
0 9
0 10
0 14
0 18
0 19
0 22
0 26
0 29
0 30
0 31
0 32
0 33
0 35
0 36
0 38
0 39
0 40
0 42
0 43
0 45
0 46
0 49
0 50
0 52
0 53
0 54
0 55
0 61
0 64
0 66
0 70
0 71
0 72
0 74
0 76
0 77
0 78
0 81
0 82
0 86
0 87
0 88
0 89
0 92
0 98
0 99
1 3
1 4
1 5
1 6
1 10
1 11
1 12
1 13
1 14
1 15
1 16
1 18
1 24
1 27
1 28
1 30
1 31
1 33
1 34
1 36
1 41
1 46
1 49
1 51
1 52
1 53
1 54
1 55
1 56
1 57
1 59
1 60
1 62
1 63
1 65
1 67
1 69
1 70
1 72
1 80
1 81
1 83
1 84
1 90
1 94
1 96
1 99
2 3
2 6
2 9
2 11
2 12
2 14
2 15
2 17
2 18
2 20
2 26
2 27
2 28
2 29
2 30
2 32
2 33
2 37
2 38
2 42
2 43
2 45
2 48
2 49
2 50
2 51
2 55
2 56
2 57
2 62
2 63
2 65
2 68
2 71
2 72
2 73
2 76
2 78
2 81
2 82
2 83
2 87
2 88
2 89
2 90
2 91
2 92
2 95
2 97
2 99
3 4
3 5
3 7
3 9
3 10
3 12
3 13
3 15
3 16
3 17
3 20
3 21
3 22
3 29
3 31
3 37
3 40
3 41
3 42
3 43
3 44
3 47
3 48
3 49
3 50
3 51
3 53
3 55
3 56
3 57
3 58
3 61
3 63
3 64
3 65
3 66
3 67
3 68
3 70
3 71
3 73
3 74
3 78
3 79
3 82
3 84
3 86
3 90
3 92
3 94
3 97
3 98
3 99
4 6
4 8
4 9
4 10
4 11
4 13
4 14
4 22
4 24
4 25
4 31
4 32
4 36
4 37
4 38
4 39
4 40
4 41
4 43
4 45
4 49
4 50
4 53
4 56
4 57
4 59
4 60
4 65
4 68
4 69
4 73
4 75
4 76
4 79
4 80
4 83
4 87
4 89
4 90
4 93
4 94
4 96
5 6
5 7
5 9
5 10
5 13
5 15
5 16
5 17
5 19
5 20
5 21
5 22
5 23
5 25
5 26
5 28
5 31
5 32
5 34
5 36
5 37
5 39
5 40
5 41
5 42
5 44
5 46
5 51
5 52
5 54
5 55
5 57
5 58
5 59
5 60
5 64
5 67
5 68
5 69
5 70
5 71
5 74
5 76
5 77
5 81
5 82
5 85
5 87
5 88
5 90
5 91
5 93
5 94
5 96
5 99
6 7
6 11
6 15
6 16
6 17
6 19
6 21
6 22
6 23
6 24
6 25
6 26
6 28
6 29
6 31
6 32
6 34
6 35
6 36
6 38
6 39
6 42
6 43
6 44
6 46
6 48
6 50
6 55
6 56
6 57
6 58
6 59
6 60
6 61
6 62
6 65
6 66
6 67
6 69
6 72
6 73
6 74
6 76
6 77
6 80
6 85
6 88
6 90
6 94
6 98
7 9
7 10
7 11
7 12
7 14
7 15
7 16
7 20
7 21
7 22
7 27
7 28
7 30
7 33
7 35
7 37
7 38
7 41
7 43
7 45
7 51
7 52
7 53
7 55
7 61
7 64
7 65
7 66
7 67
7 68
7 70
7 71
7 73
7 76
7 80
7 82
7 84
7 87
7 88
7 93
7 94
7 96
7 97
7 98
8 9
8 10
8 14
8 15
8 17
8 20
8 21
8 25
8 39
8 40
8 41
8 43
8 45
8 46
8 48
8 49
8 50
8 51
8 52
8 56
8 57
8 58
8 60
8 61
8 62
8 64
8 66
8 67
8 69
8 70
8 71
8 73
8 76
8 80
8 81
8 82
8 83
8 85
8 87
8 89
8 90
8 91
8 92
8 94
9 16
9 17
9 19
9 22
9 23
9 24
9 25
9 27
9 29
9 31
9 32
9 33
9 34
9 35
9 36
9 42
9 43
9 45
9 46
9 47
9 48
9 49
9 52
9 53
9 54
9 56
9 57
9 58
9 59
9 63
9 64
9 68
9 69
9 70
9 71
9 72
9 73
9 74
9 76
9 77
9 79
9 81
9 84
9 90
9 91
9 93
9 95
9 96
9 98
9 99
10 12
10 15
10 16
10 19
10 25
10 26
10 27
10 28
10 29
10 30
10 33
10 34
10 35
10 37
10 39
10 43
10 47
10 51
10 52
10 53
10 54
10 56
10 57
10 59
10 60
10 61
10 66
10 69
10 71
10 78
10 80
10 85
10 86
10 87
10 89
10 92
10 94
10 95
10 98
11 12
11 13
11 14
11 18
11 19
11 20
11 23
11 25
11 26
11 27
11 30
11 31
11 34
11 38
11 45
11 47
11 50
11 53
11 55
11 60
11 61
11 62
11 63
11 64
11 65
11 66
11 69
11 73
11 75
11 79
11 81
11 82
11 88
11 90
11 91
11 92
11 93
11 95
11 99
12 13
12 14
12 15
12 16
12 18
12 22
12 23
12 27
12 31
12 32
12 35
12 39
12 44
12 45
12 46
12 49
12 52
12 54
12 57
12 60
12 62
12 64
12 67
12 68
12 70
12 71
12 72
12 73
12 74
12 76
12 77
12 79
12 80
12 82
12 83
12 85
12 86
12 90
12 91
12 93
12 98
12 99
13 14
13 15
13 16
13 19
13 21
13 22
13 25
13 27
13 29
13 31
13 32
13 33
13 35
13 36
13 37
13 38
13 40
13 42
13 45
13 46
13 47
13 49
13 53
13 54
13 55
13 56
13 57
13 59
13 60
13 61
13 64
13 66
13 68
13 71
13 72
13 73
13 75
13 78
13 79
13 80
13 82
13 84
13 86
13 87
13 88
13 89
13 90
13 92
13 93
13 95
13 99
14 15
14 18
14 24
14 26
14 28
14 29
14 30
14 31
14 32
14 33
14 34
14 36
14 37
14 38
14 44
14 46
14 52
14 53
14 54
14 55
14 58
14 61
14 62
14 64
14 67
14 69
14 70
14 71
14 72
14 73
14 74
14 75
14 78
14 79
14 85
14 86
14 89
14 91
14 92
14 95
14 97
14 98
14 99
15 17
15 20
15 21
15 24
15 25
15 26
15 28
15 29
15 33
15 36
15 37
15 38
15 39
15 40
15 48
15 52
15 54
15 57
15 58
15 61
15 62
15 63
15 64
15 65
15 67
15 68
15 69
15 73
15 75
15 77
15 79
15 83
15 87
15 88
15 90
15 91
15 93
15 94
15 97
15 98
16 18
16 19
16 20
16 21
16 22
16 24
16 25
16 26
16 36
16 38
16 42
16 43
16 44
16 46
16 48
16 49
16 50
16 53
16 55
16 59
16 60
16 63
16 66
16 68
16 76
16 77
16 78
16 79
16 81
16 82
16 85
16 86
16 90
16 93
16 94
16 96
16 97
16 99
17 19
17 21
17 23
17 25
17 29
17 31
17 33
17 35
17 39
17 40
17 41
17 42
17 43
17 52
17 55
17 56
17 60
17 63
17 66
17 67
17 69
17 70
17 71
17 72
17 74
17 75
17 79
17 83
17 86
17 88
17 89
17 92
17 94
17 95
17 98
18 20
18 23
18 24
18 25
18 26
18 27
18 29
18 30
18 31
18 32
18 34
18 36
18 37
18 39
18 40
18 41
18 44
18 45
18 50
18 52
18 53
18 54
18 57
18 58
18 59
18 62
18 63
18 68
18 71
18 72
18 75
18 76
18 77
18 81
18 82
18 84
18 85
18 86
18 87
18 88
18 90
18 96
18 99
19 20
19 21
19 22
19 24
19 25
19 27
19 30
19 32
19 33
19 37
19 39
19 40
19 41
19 42
19 43
19 51
19 53
19 58
19 59
19 62
19 64
19 65
19 67
19 68
19 69
19 72
19 73
19 75
19 77
19 78
19 79
19 80
19 81
19 83
19 94
19 97
19 99
20 23
20 26
20 29
20 33
20 34
20 35
20 36
20 39
20 45
20 48
20 49
20 50
20 51
20 52
20 58
20 59
20 61
20 62
20 66
20 68
20 69
20 71
20 73
20 74
20 75
20 78
20 79
20 80
20 81
20 83
20 84
20 85
20 86
20 90
20 91
20 93
20 97
21 22
21 24
21 30
21 31
21 33
21 34
21 35
21 36
21 37
21 39
21 40
21 41
21 42
21 43
21 45
21 46
21 47
21 48
21 50
21 51
21 55
21 57
21 59
21 62
21 65
21 66
21 67
21 68
21 70
21 71
21 75
21 77
21 79
21 83
21 84
21 85
21 87
21 88
21 90
21 91
21 92
21 93
21 94
21 95
21 96
21 97
21 98
21 99
22 23
22 28
22 30
22 33
22 38
22 41
22 46
22 47
22 48
22 51
22 52
22 56
22 58
22 59
22 60
22 61
22 64
22 67
22 68
22 70
22 71
22 72
22 73
22 76
22 79
22 80
22 82
22 83
22 84
22 85
22 86
22 88
22 92
22 93
22 94
22 95
22 98
23 29
23 30
23 31
23 33
23 34
23 35
23 36
23 38
23 41
23 44
23 48
23 50
23 58
23 60
23 61
23 64
23 66
23 67
23 68
23 69
23 70
23 72
23 73
23 75
23 77
23 79
23 80
23 86
23 87
23 91
23 92
23 93
23 94
23 95
23 97
23 99
24 29
24 30
24 31
24 34
24 37
24 39
24 41
24 43
24 44
24 50
24 51
24 52
24 53
24 54
24 55
24 57
24 62
24 64
24 65
24 68
24 69
24 70
24 71
24 73
24 74
24 75
24 80
24 81
24 82
24 83
24 87
24 89
24 90
24 92
24 95
24 96
24 97
24 98
25 26
25 29
25 30
25 31
25 33
25 37
25 38
25 40
25 45
25 46
25 47
25 48
25 50
25 51
25 55
25 56
25 57
25 58
25 60
25 61
25 66
25 67
25 68
25 69
25 73
25 77
25 79
25 82
25 83
25 87
25 88
25 90
25 92
26 30
26 32
26 37
26 38
26 41
26 43
26 44
26 46
26 47
26 48
26 49
26 50
26 51
26 53
26 54
26 55
26 57
26 58
26 60
26 61
26 63
26 65
26 67
26 69
26 70
26 72
26 73
26 74
26 80
26 82
26 83
26 86
26 88
26 89
26 90
26 91
26 94
26 95
26 96
26 99
27 30
27 31
27 33
27 34
27 35
27 36
27 41
27 42
27 43
27 45
27 47
27 49
27 50
27 51
27 54
27 55
27 58
27 62
27 63
27 64
27 67
27 68
27 69
27 70
27 71
27 73
27 74
27 75
27 77
27 78
27 82
27 84
27 86
27 87
27 94
27 95
28 29
28 30
28 31
28 33
28 35
28 36
28 40
28 44
28 45
28 47
28 48
28 49
28 51
28 57
28 65
28 66
28 67
28 69
28 73
28 74
28 75
28 76
28 77
28 79
28 83
28 84
28 85
28 86
28 87
28 88
28 89
28 93
28 94
28 96
28 97
28 98
28 99
29 30
29 32
29 33
29 37
29 38
29 39
29 41
29 46
29 47
29 49
29 50
29 51
29 52
29 53
29 55
29 56
29 57
29 60
29 61
29 62
29 63
29 65
29 67
29 69
29 74
29 77
29 78
29 80
29 82
29 83
29 87
29 88
29 90
29 91
29 92
29 95
29 96
29 98
30 35
30 36
30 37
30 38
30 42
30 44
30 45
30 46
30 47
30 54
30 55
30 56
30 57
30 59
30 62
30 63
30 65
30 66
30 69
30 73
30 75
30 76
30 82
30 85
30 86
30 88
30 90
30 94
30 95
30 96
30 97
30 98
30 99
31 32
31 37
31 38
31 39
31 40
31 41
31 44
31 45
31 46
31 51
31 53
31 54
31 55
31 56
31 57
31 58
31 59
31 62
31 64
31 66
31 67
31 68
31 70
31 71
31 73
31 74
31 76
31 81
31 82
31 83
31 84
31 85
31 86
31 87
31 88
31 92
31 93
31 95
31 96
31 97
31 99
32 36
32 38
32 39
32 42
32 43
32 44
32 47
32 51
32 52
32 55
32 56
32 58
32 63
32 65
32 73
32 75
32 76
32 78
32 80
32 81
32 83
32 90
32 91
32 96
32 97
32 99
33 34
33 37
33 38
33 39
33 40
33 41
33 44
33 47
33 48
33 49
33 50
33 53
33 55
33 57
33 58
33 59
33 60
33 61
33 62
33 64
33 65
33 66
33 72
33 74
33 75
33 77
33 81
33 82
33 84
33 85
33 92
33 93
33 95
33 96
34 35
34 38
34 39
34 40
34 41
34 42
34 43
34 47
34 49
34 50
34 51
34 52
34 54
34 57
34 58
34 59
34 62
34 64
34 65
34 66
34 67
34 68
34 69
34 72
34 74
34 75
34 76
34 79
34 81
34 88
34 89
34 90
34 95
34 97
34 98
35 37
35 42
35 47
35 50
35 51
35 55
35 56
35 58
35 65
35 66
35 67
35 70
35 72
35 73
35 75
35 76
35 78
35 80
35 81
35 82
35 85
35 88
35 89
35 91
35 92
35 94
35 95
35 98
36 39
36 40
36 42
36 45
36 46
36 48
36 52
36 56
36 58
36 59
36 61
36 63
36 66
36 69
36 70
36 71
36 72
36 73
36 79
36 80
36 82
36 85
36 86
36 87
36 89
36 90
36 94
37 40
37 41
37 42
37 43
37 44
37 46
37 47
37 48
37 49
37 52
37 53
37 54
37 55
37 56
37 57
37 58
37 59
37 64
37 65
37 66
37 69
37 70
37 72
37 73
37 74
37 76
37 80
37 81
37 84
37 86
37 87
37 88
37 89
37 93
37 94
37 97
37 99
38 41
38 45
38 47
38 48
38 49
38 50
38 51
38 53
38 54
38 56
38 58
38 61
38 67
38 71
38 73
38 74
38 75
38 76
38 78
38 80
38 81
38 82
38 83
38 84
38 86
38 87
38 88
38 92
38 94
38 95
38 96
38 97
38 99
39 41
39 42
39 43
39 45
39 46
39 47
39 49
39 51
39 52
39 53
39 54
39 56
39 58
39 59
39 60
39 61
39 64
39 66
39 69
39 70
39 73
39 76
39 78
39 79
39 82
39 85
39 86
39 87
39 88
39 89
39 90
39 91
39 93
39 98
40 42
40 43
40 44
40 46
40 47
40 48
40 49
40 50
40 51
40 52
40 56
40 57
40 62
40 63
40 65
40 66
40 67
40 70
40 71
40 72
40 76
40 77
40 78
40 79
40 80
40 81
40 83
40 84
40 87
40 88
40 90
40 93
40 95
41 43
41 44
41 47
41 49
41 50
41 54
41 55
41 56
41 57
41 58
41 59
41 60
41 61
41 66
41 67
41 69
41 71
41 72
41 74
41 75
41 77
41 79
41 84
41 86
41 87
41 91
41 92
41 93
41 95
41 98
41 99
42 44
42 45
42 46
42 50
42 51
42 52
42 53
42 56
42 57
42 58
42 60
42 62
42 64
42 68
42 69
42 70
42 74
42 78
42 80
42 81
42 82
42 83
42 87
42 89
42 90
42 93
42 94
42 96
42 97
42 98
42 99
43 44
43 45
43 49
43 51
43 52
43 56
43 57
43 58
43 64
43 67
43 70
43 71
43 72
43 74
43 75
43 81
43 82
43 85
43 89
43 91
43 93
43 97
43 99
44 50
44 51
44 54
44 56
44 58
44 60
44 61
44 63
44 65
44 66
44 70
44 71
44 73
44 75
44 77
44 79
44 80
44 84
44 85
44 86
44 88
44 89
44 90
44 92
44 93
44 94
44 98
44 99
45 48
45 51
45 54
45 55
45 58
45 59
45 60
45 61
45 62
45 63
45 64
45 65
45 67
45 70
45 71
45 72
45 74
45 75
45 82
45 87
45 88
45 91
45 92
45 93
45 94
45 95
45 97
45 98
45 99
46 47
46 48
46 49
46 50
46 51
46 52
46 54
46 55
46 60
46 61
46 63
46 65
46 66
46 67
46 68
46 70
46 71
46 72
46 74
46 75
46 78
46 82
46 83
46 85
46 89
46 90
46 92
46 94
46 98
46 99
47 48
47 49
47 50
47 51
47 54
47 57
47 58
47 59
47 61
47 62
47 65
47 67
47 68
47 69
47 71
47 72
47 73
47 78
47 80
47 83
47 84
47 87
47 88
47 91
47 94
47 96
47 97
47 99
48 50
48 51
48 52
48 54
48 55
48 56
48 57
48 58
48 59
48 63
48 65
48 66
48 67
48 68
48 70
48 72
48 74
48 76
48 77
48 78
48 79
48 83
48 85
48 86
48 89
48 92
48 96
48 97
49 51
49 53
49 56
49 57
49 59
49 60
49 61
49 62
49 64
49 68
49 69
49 74
49 75
49 79
49 81
49 82
49 90
49 93
49 94
49 95
49 97
49 99
50 52
50 55
50 57
50 58
50 59
50 63
50 64
50 67
50 70
50 72
50 77
50 78
50 80
50 81
50 84
50 85
50 88
50 89
50 92
50 93
51 53
51 54
51 56
51 61
51 64
51 67
51 70
51 71
51 72
51 74
51 75
51 79
51 82
51 84
51 90
51 91
51 97
51 98
51 99
52 54
52 69
52 70
52 72
52 81
52 83
52 84
52 85
52 86
52 87
52 88
52 89
52 91
52 94
52 95
52 96
52 99
53 54
53 55
53 56
53 57
53 60
53 61
53 62
53 66
53 67
53 68
53 70
53 71
53 72
53 73
53 76
53 82
53 83
53 84
53 85
53 86
53 87
53 90
53 96
53 97
53 98
53 99
54 55
54 56
54 57
54 58
54 61
54 62
54 64
54 65
54 68
54 69
54 71
54 72
54 75
54 78
54 80
54 81
54 82
54 84
54 85
54 90
54 91
54 96
54 97
54 99
55 56
55 58
55 62
55 64
55 65
55 66
55 67
55 71
55 72
55 73
55 74
55 77
55 78
55 80
55 85
55 87
55 88
55 90
55 92
55 94
55 96
55 98
56 58
56 59
56 61
56 65
56 66
56 68
56 70
56 72
56 74
56 75
56 77
56 78
56 79
56 81
56 83
56 84
56 86
56 87
56 89
56 90
56 93
56 94
56 97
56 98
57 58
57 61
57 65
57 68
57 70
57 73
57 75
57 80
57 81
57 82
57 85
57 86
57 87
57 88
57 91
57 92
57 94
57 95
57 96
57 97
57 99
58 59
58 60
58 61
58 63
58 65
58 66
58 67
58 68
58 69
58 71
58 72
58 76
58 78
58 81
58 82
58 83
58 85
58 87
58 88
58 90
58 91
58 92
58 94
58 95
58 96
58 98
59 60
59 61
59 65
59 66
59 68
59 71
59 72
59 75
59 76
59 77
59 80
59 81
59 83
59 84
59 85
59 86
59 88
59 89
59 90
59 94
59 97
59 99
60 61
60 63
60 65
60 67
60 69
60 71
60 74
60 77
60 78
60 84
60 85
60 87
60 88
60 89
60 90
60 94
60 95
60 96
60 99
61 62
61 63
61 64
61 65
61 68
61 69
61 71
61 77
61 78
61 79
61 81
61 83
61 86
61 87
61 88
61 90
61 91
61 94
61 95
61 99
62 66
62 67
62 68
62 71
62 75
62 77
62 78
62 79
62 80
62 81
62 84
62 86
62 88
62 89
62 91
62 93
62 98
63 68
63 69
63 73
63 74
63 81
63 85
63 91
63 93
63 95
63 96
63 97
64 65
64 72
64 73
64 74
64 75
64 77
64 78
64 79
64 80
64 81
64 82
64 83
64 84
64 86
64 87
64 89
64 90
64 91
64 92
64 93
64 94
64 96
64 97
64 98
64 99
65 66
65 67
65 70
65 73
65 74
65 75
65 77
65 78
65 80
65 81
65 83
65 85
65 86
65 91
65 92
65 94
65 97
65 98
66 67
66 68
66 69
66 70
66 73
66 75
66 76
66 77
66 78
66 79
66 81
66 82
66 87
66 88
66 90
66 93
66 94
66 95
67 68
67 69
67 73
67 74
67 75
67 76
67 79
67 80
67 81
67 82
67 85
67 86
67 89
67 90
67 91
67 92
67 94
68 74
68 81
68 82
68 84
68 85
68 89
68 90
68 92
68 94
68 95
68 99
69 70
69 71
69 72
69 73
69 74
69 77
69 79
69 83
69 85
69 87
69 89
69 92
69 94
69 99
70 72
70 75
70 77
70 79
70 81
70 83
70 84
70 86
70 87
70 89
70 92
70 94
70 96
70 97
70 98
71 72
71 73
71 75
71 78
71 80
71 82
71 85
71 86
71 87
71 89
71 91
71 92
71 93
71 95
71 97
71 99
72 73
72 74
72 75
72 76
72 77
72 80
72 81
72 82
72 84
72 86
72 88
72 89
72 93
72 96
72 98
73 75
73 77
73 79
73 83
73 85
73 86
73 87
73 88
73 90
73 91
73 92
73 93
73 94
73 96
73 97
73 99
74 77
74 80
74 83
74 86
74 87
74 88
74 89
74 90
74 92
74 95
74 96
74 97
75 76
75 79
75 81
75 83
75 86
75 87
75 88
75 92
75 94
75 95
75 96
75 97
75 99
76 80
76 81
76 84
76 85
76 86
76 90
76 91
76 97
76 98
77 80
77 84
77 87
77 89
77 90
77 91
77 93
77 94
77 95
77 96
77 98
78 79
78 80
78 82
78 84
78 85
78 86
78 87
78 88
78 89
78 92
78 94
78 96
78 97
78 98
79 83
79 85
79 86
79 92
79 93
79 97
79 99
80 81
80 85
80 86
80 88
80 89
80 92
80 96
80 97
80 99
81 83
81 85
81 86
81 89
81 90
81 91
81 96
81 98
82 83
82 86
82 87
82 88
82 89
82 90
82 92
82 96
82 98
82 99
83 84
83 87
83 88
83 99
84 89
84 90
84 95
84 96
84 99
85 88
85 89
85 93
85 94
85 96
85 98
86 88
86 89
86 90
86 91
86 93
86 94
87 88
87 89
87 90
87 91
87 92
87 94
87 95
87 97
87 99
88 90
88 93
88 94
88 96
88 98
89 91
89 92
89 93
89 95
89 96
89 98
90 92
90 93
90 94
90 97
90 98
91 92
91 93
91 94
91 96
92 93
92 94
92 95
92 98
93 98
93 99
94 98
95 98
96 98
97 98
97 99
