0 2
0 4
0 5
0 7
0 9
0 10
0 11
0 12
0 15
0 16
0 17
0 18
0 19
0 24
0 27
0 28
0 29
0 30
0 34
0 35
0 36
0 38
0 42
0 43
0 45
0 47
0 51
0 54
0 56
0 57
0 58
0 59
0 60
0 61
0 65
0 67
0 71
0 73
0 74
0 75
0 81
0 82
0 83
0 85
0 90
0 93
0 94
0 97
1 2
1 3
1 5
1 13
1 14
1 15
1 17
1 19
1 22
1 24
1 28
1 29
1 32
1 33
1 36
1 37
1 38
1 39
1 41
1 42
1 44
1 49
1 52
1 53
1 54
1 56
1 58
1 59
1 62
1 63
1 64
1 65
1 68
1 72
1 74
1 75
1 76
1 79
1 82
1 83
1 84
1 88
1 89
1 90
1 92
1 93
1 94
1 96
1 98
2 4
2 6
2 7
2 12
2 14
2 15
2 16
2 17
2 18
2 20
2 21
2 22
2 23
2 24
2 25
2 28
2 29
2 32
2 33
2 37
2 38
2 39
2 42
2 43
2 44
2 47
2 48
2 49
2 54
2 55
2 57
2 64
2 65
2 67
2 68
2 69
2 71
2 76
2 77
2 78
2 79
2 81
2 87
2 89
2 90
2 92
2 93
2 94
2 96
2 98
2 99
3 6
3 8
3 9
3 10
3 11
3 12
3 13
3 14
3 15
3 17
3 18
3 24
3 25
3 26
3 30
3 32
3 34
3 35
3 38
3 39
3 40
3 42
3 43
3 44
3 47
3 50
3 52
3 53
3 54
3 55
3 59
3 66
3 68
3 69
3 71
3 75
3 77
3 78
3 82
3 83
3 87
3 88
3 89
3 90
3 91
3 92
3 95
3 96
3 98
3 99
4 5
4 6
4 8
4 9
4 12
4 13
4 16
4 17
4 20
4 22
4 24
4 26
4 27
4 28
4 31
4 32
4 34
4 36
4 40
4 41
4 44
4 46
4 47
4 48
4 52
4 54
4 56
4 57
4 59
4 61
4 64
4 68
4 69
4 71
4 72
4 73
4 75
4 76
4 78
4 79
4 83
4 84
4 86
4 88
4 92
4 93
4 94
4 98
5 7
5 8
5 10
5 11
5 12
5 13
5 16
5 17
5 18
5 20
5 21
5 22
5 25
5 26
5 28
5 30
5 31
5 32
5 34
5 35
5 36
5 37
5 39
5 43
5 44
5 45
5 46
5 47
5 48
5 51
5 53
5 55
5 56
5 57
5 60
5 63
5 64
5 66
5 69
5 70
5 71
5 72
5 76
5 78
5 79
5 80
5 82
5 83
5 84
5 85
5 94
5 95
5 96
5 97
6 7
6 8
6 9
6 11
6 12
6 13
6 14
6 15
6 16
6 20
6 21
6 24
6 25
6 26
6 29
6 30
6 32
6 34
6 35
6 36
6 38
6 39
6 40
6 42
6 46
6 48
6 50
6 51
6 55
6 57
6 59
6 60
6 61
6 62
6 63
6 64
6 66
6 67
6 69
6 71
6 72
6 73
6 76
6 82
6 83
6 85
6 87
6 89
6 91
6 92
6 94
6 95
7 8
7 10
7 11
7 13
7 14
7 15
7 16
7 21
7 23
7 24
7 26
7 27
7 28
7 29
7 30
7 34
7 36
7 37
7 38
7 39
7 40
7 41
7 42
7 47
7 50
7 51
7 52
7 53
7 54
7 56
7 60
7 61
7 63
7 64
7 65
7 67
7 71
7 73
7 74
7 75
7 76
7 78
7 79
7 80
7 82
7 86
7 87
7 91
7 92
7 97
7 98
7 99
8 9
8 10
8 11
8 14
8 15
8 16
8 17
8 22
8 24
8 26
8 27
8 28
8 29
8 32
8 36
8 39
8 41
8 43
8 45
8 46
8 51
8 53
8 54
8 55
8 56
8 57
8 58
8 63
8 65
8 68
8 70
8 71
8 74
8 76
8 78
8 79
8 80
8 81
8 82
8 83
8 84
8 85
8 86
8 87
8 89
8 91
8 92
8 93
8 98
9 11
9 12
9 13
9 14
9 16
9 17
9 18
9 19
9 20
9 21
9 25
9 27
9 28
9 30
9 32
9 33
9 34
9 36
9 37
9 38
9 39
9 42
9 43
9 44
9 46
9 48
9 53
9 54
9 55
9 73
9 74
9 75
9 76
9 78
9 79
9 81
9 82
9 83
9 84
9 88
9 89
9 91
9 94
9 97
9 98
9 99
10 11
10 13
10 14
10 15
10 16
10 19
10 20
10 21
10 22
10 23
10 26
10 28
10 29
10 30
10 31
10 33
10 34
10 35
10 36
10 41
10 42
10 43
10 44
10 45
10 47
10 48
10 49
10 51
10 52
10 57
10 61
10 70
10 76
10 80
10 82
10 83
10 86
10 88
10 90
10 91
10 92
10 94
10 95
11 13
11 15
11 16
11 18
11 22
11 25
11 29
11 30
11 33
11 37
11 39
11 40
11 46
11 49
11 50
11 51
11 55
11 58
11 61
11 69
11 70
11 71
11 73
11 76
11 78
11 79
11 84
11 86
11 88
11 89
11 90
11 92
11 94
11 95
11 96
11 98
12 13
12 14
12 16
12 17
12 19
12 22
12 24
12 26
12 27
12 29
12 31
12 35
12 38
12 39
12 42
12 43
12 45
12 47
12 48
12 50
12 51
12 52
12 56
12 57
12 61
12 62
12 63
12 66
12 68
12 69
12 72
12 73
12 77
12 78
12 79
12 81
12 84
12 87
12 88
12 90
12 91
12 93
12 94
12 95
12 99
13 14
13 15
13 18
13 19
13 20
13 22
13 23
13 25
13 26
13 31
13 33
13 34
13 35
13 40
13 42
13 43
13 46
13 47
13 49
13 50
13 53
13 54
13 57
13 59
13 60
13 63
13 64
13 65
13 66
13 67
13 69
13 70
13 71
13 72
13 73
13 75
13 76
13 77
13 80
13 82
13 85
13 88
13 89
13 91
13 92
13 93
13 96
13 98
14 20
14 21
14 24
14 25
14 30
14 32
14 33
14 34
14 42
14 43
14 45
14 46
14 47
14 48
14 50
14 51
14 53
14 54
14 56
14 62
14 66
14 67
14 68
14 69
14 70
14 71
14 72
14 74
14 77
14 80
14 82
14 87
14 90
14 91
14 94
14 96
14 97
14 99
15 16
15 17
15 18
15 19
15 20
15 22
15 24
15 26
15 27
15 31
15 34
15 36
15 37
15 40
15 44
15 45
15 49
15 51
15 52
15 56
15 57
15 58
15 59
15 65
15 66
15 69
15 70
15 72
15 73
15 76
15 77
15 79
15 80
15 81
15 83
15 84
15 86
15 87
15 88
15 90
15 93
15 96
16 18
16 19
16 20
16 21
16 22
16 23
16 24
16 26
16 30
16 32
16 33
16 36
16 38
16 40
16 41
16 45
16 46
16 51
16 53
16 55
16 56
16 57
16 58
16 62
16 63
16 67
16 70
16 71
16 75
16 81
16 84
16 85
16 86
16 88
16 91
16 95
16 96
16 97
17 19
17 22
17 23
17 25
17 31
17 33
17 34
17 36
17 37
17 38
17 39
17 40
17 41
17 42
17 43
17 46
17 47
17 49
17 54
17 57
17 61
17 63
17 65
17 66
17 68
17 70
17 71
17 72
17 73
17 75
17 76
17 77
17 78
17 80
17 81
17 82
17 85
17 86
17 87
17 90
17 92
17 94
17 95
17 96
17 99
18 19
18 20
18 21
18 22
18 24
18 25
18 26
18 27
18 28
18 31
18 33
18 34
18 42
18 44
18 46
18 47
18 48
18 49
18 52
18 55
18 57
18 58
18 59
18 60
18 62
18 64
18 68
18 69
18 71
18 79
18 80
18 83
18 86
18 88
18 89
18 91
18 92
18 95
18 96
18 99
19 22
19 25
19 26
19 27
19 28
19 29
19 31
19 32
19 33
19 34
19 36
19 39
19 40
19 44
19 46
19 48
19 49
19 50
19 52
19 55
19 56
19 58
19 59
19 63
19 64
19 69
19 70
19 72
19 74
19 75
19 77
19 79
19 80
19 81
19 82
19 83
19 85
19 87
19 89
19 90
19 94
19 97
20 21
20 23
20 24
20 27
20 28
20 30
20 31
20 32
20 34
20 40
20 44
20 49
20 50
20 51
20 54
20 56
20 58
20 60
20 61
20 63
20 64
20 67
20 69
20 71
20 72
20 73
20 74
20 76
20 78
20 80
20 82
20 83
20 85
20 87
20 92
20 94
20 95
20 99
21 23
21 28
21 36
21 37
21 39
21 40
21 41
21 43
21 46
21 47
21 48
21 49
21 51
21 53
21 54
21 56
21 57
21 58
21 60
21 62
21 63
21 65
21 66
21 71
21 72
21 74
21 76
21 77
21 79
21 80
21 83
21 84
21 85
21 86
21 89
21 90
21 93
21 94
21 95
21 98
21 99
22 23
22 24
22 25
22 28
22 29
22 30
22 31
22 33
22 34
22 43
22 44
22 45
22 46
22 47
22 49
22 52
22 53
22 54
22 55
22 57
22 58
22 63
22 64
22 67
22 70
22 71
22 74
22 75
22 76
22 80
22 81
22 82
22 83
22 85
22 87
22 92
22 93
22 95
22 96
22 99
23 24
23 25
23 27
23 32
23 33
23 34
23 35
23 36
23 37
23 40
23 41
23 44
23 48
23 50
23 51
23 53
23 54
23 56
23 57
23 58
23 59
23 62
23 64
23 65
23 66
23 69
23 70
23 73
23 75
23 76
23 79
23 81
23 82
23 83
23 85
23 88
23 89
23 90
23 92
23 93
23 94
23 95
23 96
23 98
24 25
24 26
24 28
24 29
24 33
24 34
24 35
24 38
24 40
24 43
24 47
24 48
24 49
24 50
24 51
24 52
24 54
24 55
24 56
24 57
24 60
24 61
24 62
24 63
24 64
24 67
24 69
24 72
24 73
24 74
24 76
24 77
24 79
24 80
24 85
24 86
24 88
24 89
24 92
24 93
24 94
24 95
24 96
24 98
24 99
25 27
25 32
25 35
25 36
25 37
25 38
25 40
25 42
25 43
25 44
25 47
25 48
25 50
25 51
25 52
25 53
25 55
25 58
25 59
25 62
25 66
25 67
25 72
25 73
25 74
25 79
25 81
25 83
25 84
25 92
25 94
25 96
25 97
26 29
26 30
26 34
26 36
26 37
26 38
26 39
26 41
26 46
26 52
26 54
26 55
26 57
26 58
26 61
26 64
26 65
26 69
26 72
26 75
26 76
26 77
26 80
26 83
26 84
26 93
26 94
26 95
26 97
26 98
26 99
27 28
27 29
27 35
27 37
27 40
27 41
27 43
27 44
27 45
27 46
27 47
27 49
27 55
27 56
27 58
27 60
27 64
27 66
27 67
27 68
27 69
27 71
27 72
27 76
27 78
27 80
27 81
27 83
27 85
27 87
27 88
27 89
27 90
27 92
27 94
27 97
27 98
28 30
28 31
28 32
28 34
28 35
28 36
28 37
28 39
28 40
28 41
28 45
28 46
28 47
28 49
28 50
28 51
28 53
28 57
28 58
28 59
28 60
28 62
28 64
28 66
28 69
28 71
28 72
28 73
28 74
28 76
28 77
28 81
28 82
28 85
28 87
28 91
28 92
28 95
28 96
28 97
28 98
29 30
29 31
29 33
29 38
29 39
29 41
29 42
29 43
29 44
29 45
29 47
29 48
29 49
29 50
29 56
29 57
29 58
29 60
29 61
29 66
29 70
29 73
29 75
29 80
29 82
29 87
29 88
29 89
29 90
29 91
29 94
29 96
29 98
29 99
30 36
30 37
30 41
30 42
30 43
30 44
30 45
30 47
30 49
30 53
30 54
30 56
30 57
30 59
30 61
30 62
30 63
30 64
30 65
30 68
30 69
30 70
30 71
30 74
30 75
30 76
30 78
30 80
30 83
30 86
30 88
30 89
30 90
30 91
30 92
30 95
30 98
31 35
31 40
31 41
31 46
31 47
31 48
31 53
31 54
31 55
31 60
31 62
31 63
31 64
31 65
31 66
31 67
31 69
31 70
31 72
31 74
31 76
31 77
31 79
31 80
31 82
31 83
31 84
31 86
31 87
31 88
31 89
31 91
31 92
31 96
31 97
31 98
32 33
32 35
32 36
32 37
32 38
32 39
32 40
32 42
32 45
32 47
32 49
32 50
32 53
32 54
32 55
32 57
32 59
32 61
32 64
32 66
32 67
32 69
32 71
32 73
32 74
32 76
32 79
32 81
32 83
32 84
32 85
32 87
32 88
32 90
32 92
32 94
32 99
33 34
33 36
33 37
33 44
33 47
33 50
33 52
33 54
33 55
33 56
33 60
33 61
33 62
33 65
33 67
33 70
33 75
33 76
33 77
33 79
33 82
33 84
33 87
33 88
33 89
33 91
33 94
33 95
33 98
33 99
34 35
34 36
34 37
34 39
34 41
34 45
34 46
34 48
34 49
34 51
34 52
34 53
34 55
34 57
34 59
34 62
34 65
34 67
34 69
34 72
34 74
34 75
34 76
34 78
34 79
34 81
34 83
34 85
34 86
34 87
34 88
34 93
34 94
34 99
35 38
35 39
35 40
35 41
35 42
35 44
35 45
35 46
35 49
35 50
35 51
35 52
35 54
35 56
35 57
35 59
35 61
35 63
35 64
35 67
35 68
35 71
35 74
35 75
35 76
35 79
35 81
35 83
35 88
35 98
36 37
36 38
36 40
36 43
36 47
36 48
36 49
36 55
36 58
36 60
36 61
36 62
36 64
36 65
36 66
36 68
36 72
36 75
36 76
36 77
36 79
36 81
36 82
36 84
36 88
36 89
36 91
36 92
36 94
36 96
36 97
37 38
37 39
37 40
37 42
37 43
37 44
37 46
37 47
37 51
37 52
37 55
37 59
37 60
37 64
37 65
37 68
37 69
37 73
37 74
37 77
37 79
37 80
37 81
37 82
37 84
37 85
37 87
37 89
37 92
37 93
37 96
38 42
38 43
38 44
38 46
38 49
38 50
38 53
38 60
38 61
38 62
38 65
38 69
38 71
38 73
38 74
38 77
38 78
38 79
38 80
38 84
38 87
38 88
38 89
38 91
38 92
38 93
38 95
38 97
38 98
38 99
39 40
39 41
39 43
39 44
39 45
39 46
39 47
39 49
39 50
39 52
39 55
39 57
39 59
39 60
39 61
39 66
39 68
39 69
39 73
39 74
39 79
39 81
39 83
39 84
39 85
39 86
39 89
39 90
39 92
39 93
39 94
39 96
39 97
39 98
39 99
40 41
40 43
40 44
40 46
40 49
40 50
40 51
40 52
40 54
40 55
40 65
40 66
40 67
40 68
40 77
40 80
40 83
40 86
40 88
40 89
40 96
40 97
41 42
41 43
41 45
41 47
41 49
41 50
41 51
41 52
41 53
41 55
41 58
41 60
41 61
41 63
41 65
41 66
41 67
41 69
41 71
41 73
41 74
41 77
41 79
41 80
41 81
41 82
41 83
41 85
41 86
41 88
41 89
41 90
41 91
41 92
41 93
41 94
41 95
41 96
41 97
42 44
42 45
42 49
42 51
42 53
42 54
42 55
42 58
42 60
42 61
42 62
42 63
42 66
42 67
42 70
42 71
42 72
42 73
42 74
42 76
42 78
42 81
42 82
42 83
42 85
42 87
42 89
42 92
42 93
42 98
43 44
43 48
43 50
43 52
43 53
43 56
43 57
43 58
43 59
43 60
43 64
43 67
43 68
43 70
43 71
43 72
43 74
43 75
43 76
43 77
43 80
43 82
43 84
43 88
43 89
43 95
43 96
44 46
44 49
44 50
44 52
44 56
44 58
44 61
44 63
44 66
44 69
44 71
44 79
44 81
44 82
44 84
44 86
44 87
44 89
44 90
44 91
44 92
44 94
44 96
44 97
44 98
44 99
45 46
45 47
45 50
45 51
45 52
45 54
45 55
45 57
45 58
45 59
45 62
45 63
45 64
45 66
45 67
45 69
45 72
45 74
45 75
45 81
45 82
45 84
45 85
45 87
45 88
45 89
45 91
45 92
45 95
45 97
45 98
46 48
46 50
46 53
46 55
46 56
46 57
46 58
46 59
46 60
46 61
46 62
46 63
46 65
46 66
46 68
46 69
46 70
46 71
46 76
46 77
46 78
46 79
46 80
46 81
46 82
46 84
46 85
46 86
46 91
46 93
46 96
46 98
46 99
47 48
47 49
47 51
47 52
47 53
47 54
47 55
47 56
47 58
47 63
47 66
47 67
47 68
47 70
47 71
47 72
47 74
47 75
47 77
47 78
47 79
47 80
47 81
47 83
47 84
47 85
47 86
47 88
47 90
47 91
47 94
47 95
47 97
47 98
47 99
48 49
48 50
48 52
48 53
48 54
48 55
48 56
48 57
48 58
48 60
48 61
48 62
48 68
48 72
48 74
48 78
48 81
48 83
48 86
48 88
48 89
48 90
48 92
48 96
48 97
49 50
49 53
49 55
49 56
49 59
49 60
49 63
49 66
49 67
49 69
49 70
49 71
49 75
49 76
49 78
49 80
49 81
49 82
49 84
49 85
49 90
49 92
49 93
49 96
49 97
50 54
50 56
50 58
50 61
50 68
50 70
50 71
50 74
50 81
50 82
50 84
50 88
50 90
50 93
50 98
50 99
51 52
51 55
51 57
51 60
51 61
51 62
51 63
51 64
51 66
51 67
51 68
51 70
51 74
51 76
51 79
51 80
51 81
51 82
51 83
51 84
51 85
51 88
51 94
51 95
51 96
51 97
52 53
52 54
52 60
52 61
52 62
52 63
52 68
52 72
52 76
52 79
52 81
52 83
52 84
52 88
52 89
52 90
52 92
52 93
52 95
52 97
52 99
53 54
53 58
53 59
53 61
53 65
53 67
53 70
53 71
53 74
53 76
53 78
53 80
53 86
53 88
53 89
53 91
53 92
53 93
53 94
53 96
53 98
54 58
54 59
54 60
54 61
54 64
54 65
54 69
54 73
54 74
54 75
54 77
54 81
54 83
54 85
54 86
54 88
54 95
55 56
55 58
55 59
55 61
55 64
55 65
55 66
55 70
55 73
55 75
55 76
55 77
55 78
55 83
55 84
55 86
55 89
55 90
55 91
55 92
55 94
55 97
55 99
56 57
56 60
56 61
56 64
56 67
56 68
56 70
56 72
56 73
56 74
56 75
56 76
56 79
56 81
56 85
56 86
56 87
56 89
56 90
56 96
56 98
57 58
57 60
57 63
57 64
57 65
57 66
57 68
57 69
57 70
57 71
57 72
57 73
57 76
57 79
57 80
57 81
57 82
57 83
57 84
57 90
57 92
57 93
57 95
57 96
57 97
57 98
58 59
58 62
58 66
58 69
58 70
58 72
58 73
58 74
58 75
58 77
58 78
58 79
58 80
58 81
58 82
58 86
58 87
58 88
58 90
58 91
58 93
58 95
58 96
58 97
59 61
59 64
59 65
59 66
59 67
59 68
59 70
59 72
59 73
59 74
59 77
59 79
59 80
59 81
59 82
59 83
59 85
59 88
59 89
59 90
59 93
59 94
59 96
59 97
59 98
60 62
60 63
60 64
60 68
60 70
60 71
60 72
60 78
60 79
60 80
60 81
60 83
60 84
60 85
60 88
60 90
60 92
60 95
60 97
60 99
61 62
61 64
61 66
61 67
61 69
61 70
61 71
61 72
61 74
61 76
61 77
61 78
61 79
61 80
61 83
61 87
61 88
61 90
61 91
61 94
61 95
61 96
61 98
62 63
62 65
62 69
62 71
62 74
62 76
62 77
62 79
62 81
62 84
62 86
62 91
62 92
62 93
62 94
62 97
62 98
63 66
63 68
63 70
63 72
63 73
63 75
63 76
63 77
63 78
63 79
63 80
63 81
63 83
63 84
63 86
63 87
63 89
63 91
63 92
63 96
63 97
64 66
64 68
64 70
64 75
64 79
64 80
64 82
64 83
64 84
64 85
64 88
64 90
64 92
64 93
64 96
64 98
65 66
65 69
65 70
65 73
65 74
65 75
65 77
65 81
65 82
65 84
65 85
65 86
65 87
65 88
65 90
65 91
65 94
65 95
65 96
65 97
65 98
66 67
66 72
66 75
66 77
66 80
66 81
66 82
66 83
66 87
66 88
66 91
66 96
66 97
67 69
67 73
67 75
67 84
67 85
67 86
67 89
67 90
67 97
67 99
68 74
68 75
68 76
68 81
68 82
68 84
68 87
68 88
68 89
68 90
68 92
68 94
68 95
68 96
68 97
68 99
69 71
69 73
69 74
69 75
69 78
69 80
69 81
69 84
69 85
69 87
69 90
69 93
69 94
69 95
69 98
70 71
70 72
70 74
70 75
70 78
70 81
70 83
70 87
70 89
70 93
70 94
70 96
70 98
71 77
71 78
71 80
71 81
71 84
71 85
71 87
71 89
71 91
71 92
71 99
72 78
72 79
72 82
72 83
72 86
72 88
72 91
72 94
72 95
72 96
72 99
73 76
73 79
73 80
73 81
73 82
73 84
73 85
73 86
73 87
73 88
73 91
73 92
73 94
73 95
73 96
73 97
73 98
74 75
74 76
74 78
74 80
74 85
74 86
74 88
74 91
74 92
74 94
74 95
74 96
74 97
75 79
75 80
75 81
75 82
75 84
75 85
75 86
75 87
75 90
75 93
75 94
75 97
76 80
76 82
76 86
76 90
76 91
76 92
76 93
76 94
76 95
76 98
77 78
77 79
77 84
77 86
77 88
77 90
77 91
77 93
77 95
77 96
77 97
77 99
78 80
78 83
78 86
78 88
78 90
78 91
78 92
78 94
78 96
79 80
79 83
79 84
79 88
79 93
79 94
79 98
79 99
80 82
80 83
80 84
80 86
80 88
80 89
80 90
80 92
80 93
80 95
80 97
80 99
81 87
81 95
82 83
82 84
82 86
82 88
82 89
82 91
82 93
82 95
82 96
82 98
83 84
83 85
83 87
83 89
83 91
83 95
83 97
83 99
84 86
84 87
84 88
84 89
84 91
84 92
84 93
84 95
84 96
84 98
84 99
85 87
85 88
85 89
85 90
85 93
85 94
85 99
86 87
86 90
86 92
86 94
86 95
86 96
86 97
87 90
87 96
87 97
88 90
88 91
88 94
88 97
89 90
89 92
89 96
89 97
89 98
89 99
90 91
90 93
90 94
90 95
90 97
90 98
91 93
91 95
91 97
91 99
92 93
92 94
92 97
92 98
93 96
94 97
94 98
94 99
95 98
95 99
96 99
97 98
97 99
98 99
