0 1
0 2
0 3
0 5
0 7
0 8
0 9
0 10
0 12
0 14
0 15
0 16
0 18
0 20
0 23
0 24
0 26
0 29
0 30
0 31
0 32
0 39
0 45
0 49
0 50
0 53
0 54
0 55
0 65
0 66
0 67
0 68
0 76
0 77
0 79
0 81
0 82
0 84
0 87
0 89
0 91
0 94
0 97
0 98
0 99
1 6
1 7
1 8
1 9
1 12
1 14
1 22
1 23
1 24
1 26
1 27
1 28
1 41
1 43
1 46
1 47
1 48
1 51
1 52
1 55
1 56
1 57
1 58
1 60
1 62
1 63
1 64
1 65
1 66
1 68
1 70
1 73
1 74
1 82
1 84
1 85
1 87
1 90
1 91
1 92
1 94
1 96
1 97
1 99
2 3
2 8
2 10
2 12
2 14
2 15
2 16
2 17
2 18
2 19
2 21
2 22
2 23
2 27
2 28
2 30
2 31
2 32
2 33
2 34
2 36
2 39
2 40
2 41
2 42
2 43
2 44
2 45
2 46
2 50
2 51
2 53
2 55
2 56
2 61
2 63
2 64
2 67
2 69
2 71
2 73
2 76
2 77
2 78
2 82
2 84
2 87
2 89
2 90
2 91
2 92
2 93
2 94
2 95
2 97
2 98
3 7
3 8
3 9
3 10
3 11
3 12
3 14
3 15
3 16
3 20
3 22
3 25
3 26
3 31
3 32
3 33
3 34
3 37
3 38
3 39
3 41
3 43
3 44
3 46
3 47
3 51
3 53
3 56
3 57
3 60
3 61
3 65
3 66
3 67
3 69
3 70
3 77
3 78
3 79
3 81
3 83
3 86
3 89
3 91
3 93
3 95
3 96
3 97
3 98
4 5
4 8
4 9
4 12
4 14
4 15
4 20
4 23
4 27
4 28
4 30
4 32
4 35
4 41
4 42
4 43
4 44
4 45
4 46
4 47
4 48
4 49
4 50
4 51
4 53
4 54
4 56
4 57
4 58
4 65
4 66
4 71
4 72
4 77
4 78
4 79
4 80
4 81
4 83
4 84
4 86
4 90
4 91
4 93
4 96
4 97
4 98
4 99
5 8
5 10
5 14
5 18
5 23
5 28
5 29
5 31
5 32
5 34
5 35
5 36
5 38
5 39
5 40
5 42
5 44
5 46
5 47
5 51
5 53
5 56
5 58
5 60
5 61
5 65
5 66
5 68
5 73
5 74
5 77
5 78
5 80
5 83
5 86
5 87
5 90
5 94
5 95
5 96
5 97
6 7
6 8
6 9
6 10
6 12
6 14
6 15
6 16
6 17
6 19
6 20
6 21
6 22
6 24
6 25
6 26
6 28
6 29
6 32
6 33
6 34
6 36
6 37
6 39
6 41
6 43
6 48
6 52
6 58
6 60
6 64
6 68
6 79
6 80
6 81
6 83
6 84
6 86
6 87
6 89
6 91
6 92
6 93
6 94
6 95
6 97
6 99
7 8
7 9
7 13
7 15
7 16
7 17
7 18
7 19
7 22
7 25
7 29
7 33
7 35
7 36
7 40
7 42
7 43
7 44
7 45
7 46
7 50
7 51
7 52
7 54
7 55
7 56
7 58
7 60
7 61
7 62
7 63
7 65
7 67
7 72
7 73
7 74
7 76
7 77
7 80
7 81
7 82
7 85
7 87
7 88
7 90
7 91
7 93
7 96
7 98
8 10
8 12
8 14
8 17
8 20
8 22
8 28
8 32
8 33
8 34
8 36
8 37
8 38
8 41
8 43
8 44
8 45
8 47
8 48
8 50
8 53
8 54
8 58
8 59
8 60
8 61
8 63
8 65
8 68
8 69
8 74
8 75
8 81
8 82
8 83
8 85
8 87
8 89
8 92
8 94
8 95
8 96
8 98
9 11
9 13
9 14
9 15
9 16
9 19
9 20
9 21
9 23
9 24
9 28
9 34
9 38
9 39
9 40
9 41
9 42
9 44
9 46
9 49
9 54
9 55
9 56
9 57
9 58
9 61
9 63
9 66
9 70
9 77
9 78
9 82
9 84
9 88
9 89
9 92
9 94
9 95
9 98
10 11
10 12
10 14
10 15
10 16
10 20
10 22
10 25
10 27
10 29
10 30
10 31
10 35
10 36
10 37
10 38
10 40
10 43
10 44
10 46
10 47
10 48
10 50
10 51
10 57
10 58
10 59
10 62
10 64
10 65
10 67
10 68
10 69
10 70
10 72
10 73
10 74
10 75
10 76
10 77
10 80
10 81
10 85
10 89
10 90
10 92
10 93
10 96
10 98
11 12
11 13
11 15
11 17
11 20
11 23
11 24
11 25
11 27
11 29
11 32
11 35
11 36
11 37
11 38
11 40
11 41
11 43
11 45
11 46
11 47
11 52
11 57
11 58
11 62
11 64
11 67
11 72
11 75
11 76
11 77
11 78
11 79
11 82
11 83
11 85
11 86
11 88
11 89
11 92
11 99
12 16
12 17
12 21
12 23
12 24
12 25
12 26
12 29
12 31
12 32
12 33
12 34
12 35
12 37
12 42
12 43
12 45
12 46
12 54
12 55
12 57
12 60
12 61
12 65
12 67
12 69
12 71
12 72
12 74
12 76
12 77
12 78
12 80
12 83
12 84
12 86
12 91
12 92
12 94
12 97
12 98
13 15
13 18
13 20
13 23
13 25
13 27
13 28
13 29
13 30
13 33
13 35
13 37
13 38
13 39
13 42
13 45
13 47
13 48
13 49
13 53
13 54
13 55
13 56
13 59
13 60
13 64
13 70
13 71
13 73
13 77
13 80
13 81
13 83
13 84
13 85
13 89
13 90
13 92
13 94
13 95
13 98
14 21
14 22
14 23
14 26
14 28
14 30
14 37
14 38
14 39
14 40
14 44
14 47
14 49
14 50
14 51
14 52
14 53
14 59
14 63
14 64
14 65
14 67
14 68
14 73
14 75
14 78
14 79
14 80
14 82
14 83
14 85
14 87
14 89
14 91
14 93
14 95
14 96
14 98
15 17
15 20
15 22
15 27
15 30
15 33
15 34
15 35
15 37
15 38
15 40
15 46
15 48
15 50
15 51
15 53
15 54
15 56
15 57
15 58
15 61
15 66
15 67
15 69
15 70
15 73
15 75
15 77
15 78
15 80
15 81
15 84
15 85
15 88
15 89
15 90
15 92
15 94
15 99
16 20
16 21
16 25
16 27
16 29
16 32
16 33
16 34
16 35
16 37
16 38
16 40
16 41
16 44
16 49
16 50
16 51
16 52
16 54
16 57
16 61
16 65
16 69
16 73
16 74
16 76
16 78
16 79
16 82
16 83
16 86
16 87
16 91
16 92
16 94
16 96
16 97
17 18
17 19
17 24
17 26
17 28
17 29
17 30
17 31
17 32
17 33
17 34
17 37
17 39
17 40
17 41
17 43
17 44
17 46
17 49
17 50
17 51
17 52
17 56
17 57
17 58
17 61
17 64
17 66
17 68
17 69
17 70
17 71
17 73
17 74
17 77
17 79
17 81
17 82
17 84
17 85
17 86
17 87
17 90
17 91
17 93
17 97
17 99
18 19
18 20
18 22
18 23
18 24
18 27
18 28
18 29
18 31
18 32
18 34
18 35
18 36
18 38
18 39
18 42
18 46
18 47
18 48
18 49
18 50
18 51
18 53
18 54
18 55
18 56
18 58
18 62
18 63
18 66
18 67
18 74
18 76
18 80
18 83
18 85
18 89
18 94
18 95
18 96
18 99
19 20
19 21
19 22
19 23
19 25
19 27
19 28
19 29
19 30
19 35
19 37
19 40
19 42
19 43
19 45
19 48
19 49
19 53
19 54
19 57
19 60
19 62
19 64
19 65
19 67
19 69
19 72
19 73
19 76
19 77
19 79
19 82
19 85
19 88
19 92
19 94
19 97
19 98
20 24
20 30
20 32
20 33
20 34
20 37
20 38
20 42
20 43
20 45
20 50
20 51
20 56
20 57
20 62
20 63
20 67
20 68
20 70
20 73
20 74
20 75
20 76
20 77
20 79
20 82
20 83
20 85
20 89
20 90
20 91
20 95
20 99
21 24
21 25
21 26
21 27
21 31
21 32
21 36
21 37
21 39
21 41
21 43
21 44
21 46
21 47
21 52
21 53
21 56
21 57
21 60
21 61
21 65
21 66
21 68
21 70
21 72
21 73
21 76
21 77
21 78
21 81
21 82
21 83
21 84
21 85
21 87
21 89
21 94
21 95
21 97
21 98
22 23
22 24
22 25
22 27
22 30
22 32
22 33
22 34
22 35
22 41
22 44
22 48
22 49
22 50
22 53
22 54
22 59
22 61
22 62
22 64
22 65
22 66
22 75
22 81
22 82
22 83
22 84
22 91
22 92
22 95
22 98
22 99
23 24
23 28
23 29
23 30
23 32
23 33
23 34
23 35
23 37
23 39
23 41
23 42
23 43
23 44
23 53
23 54
23 55
23 56
23 57
23 58
23 59
23 60
23 61
23 62
23 64
23 65
23 66
23 68
23 69
23 70
23 73
23 75
23 76
23 78
23 79
23 82
23 83
23 84
23 86
23 90
23 94
23 96
23 97
24 25
24 27
24 28
24 32
24 35
24 36
24 37
24 39
24 44
24 45
24 47
24 49
24 50
24 52
24 54
24 59
24 60
24 61
24 63
24 64
24 66
24 67
24 68
24 69
24 70
24 74
24 76
24 77
24 81
24 84
24 86
24 87
24 89
24 90
24 91
24 92
24 93
24 94
24 95
24 99
25 26
25 30
25 32
25 36
25 37
25 39
25 53
25 57
25 59
25 61
25 69
25 71
25 72
25 74
25 76
25 77
25 78
25 81
25 82
25 84
25 86
25 87
25 89
25 90
25 91
25 92
25 93
25 95
25 97
25 98
26 28
26 29
26 30
26 31
26 33
26 34
26 39
26 42
26 43
26 46
26 47
26 49
26 51
26 52
26 54
26 56
26 57
26 59
26 63
26 68
26 70
26 71
26 75
26 77
26 78
26 80
26 81
26 82
26 83
26 87
26 88
26 89
26 90
26 94
26 95
26 98
26 99
27 28
27 29
27 31
27 32
27 37
27 38
27 42
27 44
27 46
27 47
27 50
27 53
27 54
27 55
27 56
27 57
27 58
27 59
27 63
27 64
27 65
27 66
27 67
27 69
27 70
27 74
27 80
27 81
27 82
27 83
27 85
27 87
27 88
27 90
27 91
27 93
27 94
27 95
27 96
27 98
28 29
28 32
28 33
28 34
28 35
28 37
28 38
28 45
28 46
28 49
28 58
28 59
28 60
28 61
28 63
28 64
28 65
28 67
28 68
28 69
28 72
28 75
28 77
28 78
28 79
28 80
28 88
28 98
28 99
29 30
29 31
29 36
29 37
29 38
29 40
29 41
29 42
29 44
29 45
29 46
29 48
29 49
29 51
29 55
29 56
29 57
29 60
29 63
29 64
29 66
29 68
29 69
29 71
29 73
29 76
29 79
29 80
29 83
29 84
29 87
29 89
29 90
29 91
29 93
29 96
29 97
29 99
30 33
30 35
30 36
30 42
30 43
30 50
30 51
30 52
30 53
30 54
30 55
30 56
30 57
30 61
30 62
30 63
30 66
30 67
30 69
30 71
30 72
30 73
30 78
30 83
30 90
30 99
31 32
31 33
31 34
31 35
31 37
31 38
31 40
31 41
31 42
31 43
31 44
31 46
31 47
31 50
31 53
31 54
31 61
31 62
31 63
31 65
31 66
31 68
31 69
31 70
31 71
31 72
31 73
31 74
31 76
31 77
31 80
31 81
31 82
31 85
31 86
31 87
31 88
31 89
31 92
31 95
31 97
32 37
32 38
32 39
32 46
32 47
32 48
32 53
32 58
32 69
32 70
32 71
32 72
32 74
32 75
32 78
32 79
32 80
32 81
32 82
32 84
32 85
32 88
32 89
32 91
32 96
32 97
32 99
33 34
33 36
33 37
33 41
33 43
33 44
33 46
33 47
33 48
33 49
33 50
33 53
33 54
33 57
33 58
33 59
33 60
33 61
33 65
33 67
33 68
33 71
33 73
33 75
33 76
33 77
33 80
33 85
33 86
33 88
33 89
33 93
33 94
33 95
33 98
33 99
34 35
34 36
34 37
34 39
34 41
34 43
34 47
34 49
34 54
34 56
34 59
34 60
34 61
34 62
34 64
34 66
34 67
34 70
34 72
34 73
34 74
34 75
34 80
34 81
34 82
34 83
34 85
34 88
34 92
34 93
34 98
34 99
35 37
35 39
35 41
35 42
35 44
35 46
35 47
35 49
35 52
35 53
35 54
35 55
35 57
35 63
35 67
35 68
35 75
35 76
35 77
35 80
35 82
35 84
35 85
35 88
35 90
35 96
35 97
35 98
35 99
36 37
36 38
36 39
36 40
36 41
36 46
36 47
36 50
36 51
36 52
36 53
36 57
36 58
36 59
36 60
36 61
36 63
36 64
36 66
36 68
36 75
36 77
36 78
36 79
36 80
36 83
36 84
36 85
36 90
36 94
36 95
36 96
36 97
37 39
37 40
37 41
37 43
37 45
37 46
37 47
37 48
37 51
37 52
37 54
37 55
37 56
37 60
37 61
37 64
37 65
37 66
37 73
37 76
37 79
37 80
37 82
37 85
37 87
37 89
37 92
37 93
37 95
37 97
38 41
38 42
38 43
38 48
38 49
38 52
38 54
38 55
38 57
38 58
38 59
38 63
38 65
38 68
38 69
38 71
38 72
38 74
38 76
38 77
38 80
38 83
38 84
38 85
38 89
38 90
38 91
38 93
38 98
39 40
39 41
39 42
39 43
39 47
39 49
39 50
39 51
39 53
39 54
39 56
39 57
39 62
39 64
39 66
39 67
39 68
39 72
39 73
39 74
39 75
39 76
39 80
39 83
39 85
39 86
39 96
39 98
39 99
40 42
40 43
40 44
40 45
40 47
40 48
40 49
40 50
40 52
40 54
40 55
40 56
40 58
40 62
40 63
40 64
40 69
40 70
40 72
40 73
40 74
40 81
40 82
40 83
40 85
40 86
40 87
40 90
40 92
40 95
40 98
41 42
41 44
41 46
41 47
41 49
41 51
41 54
41 55
41 57
41 58
41 59
41 60
41 62
41 66
41 67
41 69
41 71
41 72
41 75
41 78
41 81
41 84
41 85
41 86
41 87
41 88
41 90
41 91
41 93
41 94
41 95
42 45
42 46
42 47
42 48
42 50
42 51
42 52
42 53
42 54
42 55
42 60
42 61
42 62
42 63
42 67
42 68
42 69
42 72
42 74
42 78
42 80
42 81
42 82
42 83
42 89
42 90
42 92
42 93
42 96
43 46
43 48
43 49
43 51
43 53
43 54
43 55
43 56
43 58
43 59
43 61
43 62
43 63
43 66
43 67
43 69
43 72
43 73
43 75
43 76
43 77
43 80
43 84
43 87
43 88
43 89
43 91
43 92
43 93
43 94
43 95
43 97
43 98
44 46
44 47
44 49
44 53
44 54
44 56
44 58
44 59
44 62
44 64
44 65
44 67
44 68
44 69
44 70
44 71
44 72
44 74
44 76
44 77
44 79
44 80
44 81
44 82
44 83
44 85
44 87
44 88
44 90
44 91
44 92
44 95
44 96
44 97
44 98
44 99
45 47
45 49
45 52
45 53
45 55
45 56
45 59
45 63
45 65
45 68
45 69
45 73
45 74
45 76
45 77
45 79
45 81
45 84
45 85
45 88
45 90
45 91
45 96
46 48
46 51
46 52
46 53
46 59
46 62
46 63
46 65
46 66
46 70
46 71
46 73
46 75
46 76
46 77
46 78
46 81
46 82
46 83
46 85
46 87
46 88
46 90
46 91
46 92
46 94
46 95
46 99
47 49
47 50
47 54
47 56
47 62
47 64
47 66
47 69
47 73
47 74
47 75
47 76
47 78
47 79
47 80
47 82
47 86
47 87
47 88
47 89
47 91
47 95
47 96
47 98
48 49
48 50
48 51
48 53
48 54
48 55
48 59
48 62
48 64
48 65
48 72
48 76
48 79
48 82
48 86
48 87
48 88
48 93
48 95
48 97
48 98
49 51
49 52
49 53
49 56
49 59
49 60
49 62
49 63
49 65
49 67
49 69
49 71
49 73
49 74
49 76
49 79
49 80
49 84
49 86
49 87
49 88
49 89
49 90
49 91
49 93
49 96
49 98
50 53
50 54
50 55
50 56
50 58
50 59
50 61
50 63
50 64
50 65
50 69
50 71
50 77
50 78
50 79
50 80
50 82
50 83
50 87
50 88
50 90
50 92
50 98
50 99
51 54
51 56
51 57
51 58
51 67
51 70
51 72
51 74
51 76
51 79
51 80
51 81
51 82
51 83
51 85
51 87
51 88
51 89
51 93
51 94
51 98
51 99
52 53
52 54
52 55
52 57
52 62
52 63
52 65
52 67
52 68
52 70
52 71
52 72
52 73
52 75
52 76
52 77
52 79
52 80
52 83
52 85
52 87
52 89
52 90
53 55
53 57
53 61
53 62
53 63
53 68
53 69
53 71
53 75
53 76
53 78
53 79
53 80
53 81
53 84
53 87
53 88
53 91
53 92
53 94
53 95
53 96
54 55
54 56
54 59
54 60
54 63
54 64
54 65
54 66
54 67
54 68
54 72
54 74
54 76
54 77
54 79
54 80
54 81
54 85
54 86
54 87
54 89
54 93
54 94
54 95
54 96
54 97
54 98
55 59
55 60
55 62
55 63
55 64
55 65
55 67
55 70
55 71
55 72
55 73
55 75
55 76
55 77
55 79
55 80
55 84
55 86
55 87
55 90
55 92
55 96
55 97
56 57
56 62
56 63
56 65
56 66
56 67
56 69
56 70
56 71
56 72
56 73
56 74
56 77
56 78
56 80
56 81
56 85
56 86
56 88
56 89
56 90
56 92
56 93
56 94
56 95
56 99
57 58
57 59
57 60
57 61
57 62
57 63
57 65
57 73
57 74
57 76
57 82
57 84
57 85
57 86
57 88
57 90
57 91
57 92
57 93
57 94
57 98
58 60
58 61
58 62
58 63
58 64
58 65
58 70
58 71
58 76
58 80
58 83
58 85
58 87
58 92
58 93
58 94
58 95
58 98
58 99
59 60
59 61
59 62
59 63
59 64
59 65
59 69
59 75
59 76
59 78
59 79
59 80
59 81
59 86
59 87
59 90
59 96
59 98
60 61
60 68
60 70
60 72
60 73
60 77
60 80
60 82
60 85
60 92
60 94
60 97
60 98
61 66
61 68
61 74
61 77
61 78
61 79
61 81
61 82
61 83
61 84
61 86
61 88
61 89
61 90
61 91
61 94
61 96
62 63
62 65
62 66
62 72
62 73
62 75
62 76
62 78
62 79
62 80
62 82
62 83
62 84
62 85
62 86
62 88
62 89
62 90
62 91
62 92
62 93
62 96
62 97
62 98
63 66
63 67
63 72
63 78
63 81
63 83
63 85
63 87
63 88
63 91
63 92
63 96
63 98
64 65
64 68
64 69
64 73
64 77
64 78
64 81
64 82
64 83
64 84
64 86
64 89
64 90
64 92
64 93
64 96
64 99
65 66
65 68
65 73
65 74
65 75
65 76
65 77
65 80
65 81
65 82
65 84
65 85
65 86
65 87
65 88
65 89
65 90
65 95
65 98
66 68
66 72
66 74
66 75
66 76
66 81
66 82
66 83
66 84
66 88
66 91
66 93
66 94
66 95
67 68
67 69
67 70
67 72
67 76
67 80
67 82
67 85
67 86
67 87
67 90
67 93
67 95
67 96
67 98
67 99
68 72
68 73
68 78
68 79
68 82
68 83
68 84
68 85
68 87
68 88
68 92
68 95
68 96
68 98
69 71
69 73
69 74
69 75
69 76
69 77
69 78
69 80
69 84
69 87
69 88
69 90
69 93
69 94
69 96
69 97
69 99
70 74
70 80
70 83
70 89
70 93
70 94
70 95
70 96
71 72
71 75
71 78
71 79
71 80
71 81
71 82
71 84
71 85
71 87
71 88
71 91
71 93
71 96
72 75
72 77
72 79
72 80
72 81
72 82
72 83
72 84
72 85
72 89
72 91
72 92
72 93
72 95
72 97
72 98
73 75
73 76
73 79
73 82
73 84
73 85
73 86
73 90
73 91
73 93
73 95
73 98
74 76
74 79
74 80
74 81
74 84
74 85
74 87
74 88
74 89
74 91
74 95
74 96
75 77
75 81
75 84
75 86
75 87
75 90
75 92
75 94
75 96
76 78
76 80
76 83
76 84
76 85
76 87
76 90
76 93
76 94
76 98
76 99
77 78
77 79
77 80
77 83
77 84
77 86
77 87
77 88
77 89
77 92
77 93
77 94
78 79
78 81
78 82
78 83
78 84
78 88
78 89
78 91
78 93
78 94
78 96
78 99
79 89
79 91
79 96
79 99
80 82
80 85
80 87
80 90
80 91
80 93
80 94
80 95
80 97
80 98
81 82
81 83
81 88
81 89
81 90
81 92
81 93
81 95
81 97
81 99
82 84
82 86
82 87
82 90
82 91
82 96
82 98
83 84
83 88
83 89
83 90
83 91
83 92
83 93
83 94
83 95
83 96
83 97
83 98
84 87
84 89
84 90
84 92
84 94
84 95
84 96
84 97
84 98
85 86
85 87
85 88
85 89
85 90
85 91
85 96
85 97
85 99
86 88
86 89
86 90
86 91
86 93
86 94
86 95
86 97
86 98
87 91
87 92
87 97
87 99
88 90
88 92
88 93
88 95
88 99
89 91
89 96
89 97
89 98
90 91
90 92
90 94
90 97
90 99
91 92
91 93
91 94
91 95
91 96
92 95
93 94
93 95
93 96
93 98
93 99
94 95
94 97
94 98
94 99
95 97
95 98
95 99
96 99
