0 2
0 5
0 8
0 10
0 12
0 15
0 17
0 23
0 25
0 29
0 31
0 32
0 33
0 34
0 35
0 36
0 39
0 40
0 41
0 42
0 44
0 47
0 48
0 49
0 53
0 57
0 59
0 60
0 61
0 62
0 64
0 69
0 71
0 74
0 77
0 78
0 79
0 80
0 81
0 82
0 83
0 85
0 86
0 87
0 89
0 90
0 91
0 92
0 94
0 95
0 97
0 99
1 3
1 4
1 6
1 7
1 9
1 10
1 12
1 13
1 16
1 17
1 18
1 22
1 23
1 24
1 25
1 27
1 29
1 30
1 32
1 33
1 36
1 37
1 38
1 39
1 40
1 43
1 46
1 49
1 50
1 54
1 56
1 58
1 60
1 61
1 62
1 66
1 74
1 76
1 77
1 85
1 86
1 88
1 91
1 92
1 93
1 94
1 96
1 98
2 5
2 6
2 8
2 11
2 15
2 17
2 18
2 19
2 21
2 22
2 25
2 26
2 28
2 31
2 37
2 38
2 42
2 43
2 44
2 45
2 48
2 50
2 51
2 52
2 56
2 59
2 60
2 61
2 62
2 64
2 65
2 66
2 67
2 69
2 70
2 72
2 73
2 75
2 77
2 79
2 80
2 81
2 84
2 85
2 87
2 88
2 89
2 92
2 93
2 94
2 95
2 99
3 9
3 12
3 14
3 16
3 17
3 19
3 22
3 25
3 27
3 29
3 30
3 32
3 33
3 44
3 46
3 57
3 59
3 60
3 61
3 64
3 65
3 66
3 68
3 70
3 73
3 74
3 77
3 78
3 80
3 84
3 85
3 87
3 88
3 89
3 90
3 92
3 93
3 94
3 98
4 5
4 7
4 10
4 14
4 15
4 16
4 17
4 19
4 21
4 23
4 25
4 26
4 27
4 28
4 29
4 30
4 31
4 33
4 36
4 37
4 38
4 42
4 43
4 44
4 47
4 49
4 50
4 51
4 52
4 54
4 60
4 65
4 67
4 68
4 71
4 72
4 74
4 75
4 79
4 82
4 83
4 84
4 85
4 86
4 87
4 88
4 89
4 90
4 91
4 92
4 95
4 96
4 97
4 98
5 7
5 8
5 9
5 11
5 12
5 13
5 18
5 19
5 24
5 26
5 28
5 29
5 30
5 32
5 33
5 34
5 36
5 37
5 38
5 45
5 46
5 48
5 50
5 56
5 58
5 60
5 61
5 63
5 64
5 67
5 70
5 72
5 74
5 78
5 79
5 87
5 88
5 90
5 93
5 94
5 95
6 8
6 9
6 11
6 14
6 15
6 17
6 20
6 23
6 24
6 26
6 28
6 30
6 33
6 34
6 37
6 44
6 45
6 46
6 48
6 49
6 54
6 55
6 56
6 57
6 58
6 59
6 64
6 65
6 67
6 70
6 71
6 72
6 75
6 77
6 79
6 80
6 82
6 86
6 87
6 91
6 94
6 95
7 8
7 10
7 11
7 14
7 15
7 16
7 17
7 18
7 19
7 20
7 22
7 27
7 29
7 31
7 32
7 38
7 41
7 43
7 45
7 46
7 47
7 48
7 49
7 51
7 53
7 54
7 55
7 56
7 59
7 60
7 62
7 63
7 66
7 68
7 69
7 78
7 81
7 82
7 84
7 86
7 88
7 89
7 94
7 95
8 11
8 12
8 17
8 18
8 19
8 20
8 21
8 27
8 28
8 31
8 32
8 33
8 35
8 36
8 38
8 40
8 41
8 42
8 43
8 46
8 48
8 52
8 55
8 56
8 59
8 62
8 63
8 64
8 65
8 67
8 68
8 71
8 74
8 76
8 83
8 84
8 86
8 87
8 90
8 93
8 95
8 97
9 12
9 13
9 15
9 17
9 18
9 24
9 25
9 26
9 28
9 30
9 32
9 34
9 36
9 37
9 42
9 43
9 44
9 45
9 51
9 55
9 59
9 60
9 61
9 62
9 64
9 71
9 73
9 75
9 77
9 79
9 81
9 82
9 83
9 86
9 88
9 89
9 95
10 12
10 13
10 14
10 18
10 19
10 20
10 23
10 25
10 28
10 29
10 30
10 31
10 33
10 34
10 37
10 40
10 44
10 49
10 50
10 54
10 55
10 56
10 58
10 59
10 60
10 61
10 64
10 66
10 69
10 72
10 74
10 78
10 79
10 82
10 84
10 89
10 91
10 94
10 96
10 97
11 13
11 14
11 15
11 16
11 18
11 19
11 21
11 26
11 28
11 31
11 34
11 35
11 36
11 39
11 40
11 42
11 44
11 46
11 48
11 50
11 54
11 55
11 56
11 57
11 58
11 59
11 60
11 62
11 68
11 74
11 76
11 77
11 81
11 82
11 84
11 87
11 88
11 89
11 90
11 91
11 95
11 96
11 97
11 98
11 99
12 18
12 19
12 23
12 24
12 27
12 29
12 34
12 35
12 36
12 37
12 39
12 44
12 45
12 47
12 48
12 49
12 50
12 52
12 55
12 57
12 60
12 61
12 62
12 69
12 72
12 73
12 79
12 80
12 85
12 86
12 87
12 88
12 90
12 91
12 94
12 97
12 98
12 99
13 14
13 16
13 19
13 26
13 27
13 28
13 29
13 30
13 31
13 35
13 36
13 38
13 41
13 42
13 44
13 46
13 47
13 51
13 52
13 54
13 55
13 57
13 59
13 60
13 62
13 64
13 70
13 72
13 74
13 75
13 76
13 77
13 78
13 79
13 80
13 81
13 84
13 87
13 88
13 89
13 92
13 93
13 95
13 97
14 17
14 18
14 21
14 22
14 23
14 25
14 29
14 30
14 34
14 35
14 37
14 38
14 39
14 41
14 43
14 45
14 46
14 48
14 51
14 52
14 53
14 55
14 56
14 57
14 58
14 62
14 64
14 68
14 69
14 70
14 71
14 72
14 74
14 75
14 77
14 81
14 82
14 83
14 86
14 88
14 89
14 91
14 92
14 93
14 94
14 96
14 97
14 99
15 19
15 22
15 23
15 24
15 26
15 28
15 31
15 32
15 36
15 38
15 39
15 40
15 41
15 42
15 46
15 49
15 51
15 53
15 58
15 59
15 60
15 62
15 63
15 65
15 67
15 70
15 71
15 74
15 75
15 76
15 78
15 80
15 83
15 85
15 88
15 89
15 91
15 93
15 95
15 96
16 17
16 18
16 21
16 22
16 23
16 24
16 29
16 32
16 36
16 37
16 38
16 39
16 40
16 42
16 43
16 46
16 50
16 52
16 53
16 56
16 59
16 61
16 64
16 66
16 68
16 69
16 70
16 73
16 74
16 77
16 80
16 81
16 83
16 84
16 85
16 86
16 87
16 88
16 94
16 96
16 97
16 98
16 99
17 19
17 21
17 23
17 25
17 26
17 27
17 29
17 30
17 34
17 35
17 36
17 40
17 41
17 42
17 43
17 46
17 48
17 49
17 50
17 51
17 52
17 54
17 55
17 57
17 58
17 59
17 61
17 62
17 65
17 66
17 67
17 69
17 73
17 74
17 76
17 78
17 79
17 81
17 82
17 85
17 86
17 90
17 92
17 96
17 97
17 98
17 99
18 21
18 23
18 24
18 25
18 26
18 28
18 29
18 30
18 31
18 32
18 33
18 36
18 39
18 40
18 41
18 43
18 44
18 46
18 48
18 49
18 50
18 51
18 52
18 53
18 54
18 55
18 56
18 59
18 60
18 64
18 65
18 66
18 67
18 68
18 69
18 70
18 75
18 76
18 77
18 78
18 79
18 80
18 81
18 83
18 84
18 86
18 87
18 88
18 89
18 91
18 92
18 93
18 94
18 95
18 98
19 20
19 21
19 22
19 23
19 24
19 26
19 31
19 32
19 33
19 35
19 36
19 40
19 44
19 49
19 50
19 52
19 53
19 54
19 57
19 59
19 61
19 67
19 68
19 69
19 70
19 71
19 72
19 77
19 78
19 79
19 80
19 81
19 82
19 83
19 84
19 85
19 89
19 92
19 95
19 96
19 97
19 99
20 22
20 23
20 24
20 26
20 29
20 31
20 32
20 35
20 37
20 38
20 40
20 41
20 45
20 49
20 50
20 51
20 53
20 57
20 58
20 64
20 67
20 68
20 69
20 71
20 72
20 73
20 75
20 77
20 78
20 80
20 82
20 83
20 85
20 86
20 88
20 92
20 95
20 96
20 97
20 98
21 22
21 23
21 25
21 26
21 27
21 29
21 30
21 31
21 34
21 35
21 41
21 43
21 46
21 48
21 49
21 50
21 54
21 57
21 58
21 61
21 63
21 64
21 68
21 72
21 75
21 76
21 79
21 80
21 93
21 96
21 98
21 99
22 24
22 25
22 28
22 29
22 30
22 32
22 33
22 35
22 36
22 38
22 39
22 46
22 47
22 49
22 50
22 51
22 54
22 58
22 59
22 60
22 61
22 63
22 64
22 65
22 66
22 68
22 72
22 74
22 78
22 79
22 80
22 85
22 86
22 88
22 92
22 95
22 98
22 99
23 26
23 29
23 33
23 34
23 35
23 36
23 48
23 50
23 51
23 52
23 55
23 56
23 58
23 59
23 60
23 61
23 62
23 63
23 65
23 68
23 72
23 73
23 75
23 76
23 77
23 80
23 83
23 84
23 85
23 89
23 90
23 91
23 92
23 93
23 94
23 96
23 97
23 99
24 27
24 29
24 32
24 33
24 35
24 36
24 37
24 38
24 41
24 42
24 45
24 46
24 49
24 51
24 52
24 53
24 54
24 56
24 60
24 63
24 64
24 65
24 66
24 67
24 71
24 73
24 74
24 76
24 78
24 79
24 80
24 82
24 85
24 88
24 90
24 91
24 92
24 93
24 95
24 96
24 97
24 99
25 26
25 27
25 28
25 29
25 30
25 31
25 33
25 34
25 35
25 36
25 40
25 42
25 43
25 44
25 45
25 47
25 48
25 53
25 60
25 61
25 62
25 70
25 74
25 76
25 77
25 78
25 79
25 82
25 85
25 86
25 88
25 89
25 90
25 91
25 93
25 97
25 98
26 27
26 28
26 29
26 34
26 35
26 36
26 37
26 38
26 39
26 45
26 47
26 49
26 52
26 54
26 55
26 57
26 61
26 63
26 70
26 72
26 73
26 74
26 75
26 77
26 80
26 81
26 83
26 85
26 87
26 88
26 89
26 90
26 91
26 93
26 96
26 99
27 29
27 32
27 33
27 34
27 35
27 36
27 37
27 44
27 47
27 48
27 52
27 53
27 54
27 57
27 58
27 59
27 60
27 61
27 68
27 69
27 71
27 74
27 75
27 81
27 83
27 86
27 87
27 90
27 91
27 96
27 99
28 29
28 30
28 33
28 34
28 35
28 37
28 46
28 47
28 49
28 52
28 53
28 54
28 56
28 58
28 59
28 60
28 63
28 64
28 65
28 69
28 70
28 71
28 72
28 73
28 75
28 76
28 81
28 85
28 88
28 94
28 95
28 96
29 32
29 34
29 36
29 37
29 40
29 41
29 46
29 50
29 51
29 53
29 56
29 59
29 61
29 63
29 64
29 65
29 66
29 68
29 69
29 70
29 72
29 74
29 77
29 78
29 79
29 80
29 81
29 83
29 85
29 86
29 88
29 89
29 90
29 91
29 95
30 31
30 33
30 34
30 35
30 36
30 38
30 39
30 41
30 42
30 43
30 45
30 47
30 48
30 50
30 51
30 58
30 59
30 60
30 64
30 67
30 68
30 69
30 70
30 72
30 73
30 76
30 77
30 81
30 84
30 89
30 92
30 93
30 94
30 95
30 96
30 99
31 32
31 37
31 40
31 41
31 43
31 48
31 49
31 50
31 51
31 60
31 61
31 64
31 65
31 66
31 68
31 69
31 70
31 73
31 74
31 75
31 77
31 79
31 80
31 83
31 84
31 86
31 88
31 89
31 93
31 95
32 33
32 35
32 36
32 39
32 40
32 41
32 43
32 44
32 45
32 47
32 54
32 55
32 56
32 60
32 62
32 63
32 65
32 66
32 70
32 71
32 77
32 78
32 79
32 80
32 81
32 82
32 86
32 90
32 92
32 93
32 95
32 96
32 97
32 98
32 99
33 34
33 35
33 37
33 40
33 43
33 49
33 51
33 54
33 56
33 57
33 58
33 59
33 62
33 64
33 65
33 67
33 68
33 72
33 75
33 77
33 80
33 81
33 82
33 83
33 85
33 86
33 88
33 89
33 90
33 91
33 94
33 95
33 96
33 99
34 35
34 38
34 39
34 43
34 45
34 48
34 50
34 51
34 52
34 54
34 55
34 56
34 58
34 59
34 60
34 64
34 65
34 66
34 69
34 72
34 75
34 78
34 87
34 92
34 93
34 95
34 99
35 36
35 44
35 45
35 46
35 48
35 51
35 53
35 55
35 56
35 59
35 61
35 65
35 66
35 67
35 69
35 70
35 75
35 76
35 78
35 79
35 80
35 81
35 83
35 84
35 86
35 88
35 90
35 91
35 92
35 93
35 95
35 96
35 97
35 99
36 39
36 40
36 42
36 43
36 44
36 46
36 48
36 49
36 50
36 57
36 58
36 61
36 63
36 65
36 68
36 70
36 76
36 79
36 80
36 86
36 89
36 91
36 93
36 94
36 95
36 96
36 97
36 98
36 99
37 40
37 43
37 44
37 45
37 46
37 49
37 50
37 53
37 57
37 58
37 59
37 60
37 62
37 63
37 68
37 69
37 70
37 72
37 74
37 75
37 77
37 80
37 81
37 82
37 84
37 85
37 86
37 88
37 90
37 98
38 39
38 40
38 41
38 43
38 45
38 47
38 49
38 50
38 51
38 54
38 55
38 56
38 59
38 61
38 62
38 63
38 67
38 69
38 70
38 71
38 72
38 73
38 74
38 75
38 79
38 80
38 81
38 82
38 83
38 86
38 91
38 94
38 95
38 97
39 40
39 41
39 43
39 46
39 47
39 48
39 50
39 52
39 55
39 56
39 58
39 59
39 60
39 61
39 63
39 64
39 67
39 68
39 69
39 71
39 73
39 76
39 77
39 78
39 79
39 81
39 82
39 84
39 85
39 86
39 88
39 91
39 92
39 94
39 96
39 97
40 41
40 43
40 46
40 47
40 48
40 52
40 53
40 54
40 55
40 58
40 61
40 63
40 64
40 67
40 68
40 72
40 74
40 80
40 85
40 86
40 87
40 90
40 91
40 92
40 97
41 45
41 49
41 52
41 53
41 55
41 62
41 65
41 67
41 69
41 71
41 72
41 73
41 75
41 76
41 77
41 79
41 80
41 83
41 85
41 87
41 90
41 92
41 93
41 96
41 99
42 45
42 47
42 48
42 49
42 53
42 54
42 55
42 56
42 57
42 58
42 59
42 62
42 63
42 66
42 67
42 68
42 69
42 77
42 78
42 79
42 81
42 83
42 84
42 88
42 91
42 92
42 93
42 94
42 96
42 97
43 44
43 45
43 46
43 48
43 49
43 50
43 52
43 53
43 54
43 56
43 62
43 64
43 66
43 69
43 70
43 71
43 72
43 75
43 76
43 81
43 82
43 85
43 86
43 87
43 92
43 93
43 94
43 99
44 45
44 46
44 48
44 49
44 53
44 55
44 56
44 57
44 60
44 63
44 64
44 65
44 67
44 68
44 69
44 71
44 73
44 74
44 80
44 82
44 83
44 84
44 85
44 93
44 95
44 99
45 46
45 47
45 48
45 49
45 55
45 56
45 57
45 59
45 61
45 62
45 66
45 67
45 69
45 70
45 72
45 74
45 78
45 81
45 83
45 84
45 89
45 90
45 91
45 92
45 93
45 97
45 99
46 47
46 48
46 49
46 53
46 54
46 55
46 56
46 57
46 59
46 60
46 61
46 62
46 63
46 64
46 65
46 66
46 69
46 71
46 72
46 75
46 77
46 84
46 85
46 87
46 88
46 89
46 90
46 93
46 94
46 96
46 98
46 99
47 52
47 56
47 57
47 58
47 62
47 65
47 66
47 67
47 70
47 71
47 73
47 74
47 76
47 77
47 78
47 81
47 82
47 83
47 85
47 86
47 88
47 90
47 91
47 94
47 95
47 96
47 97
47 98
47 99
48 51
48 53
48 55
48 56
48 69
48 70
48 71
48 76
48 80
48 81
48 82
48 84
48 85
48 86
48 88
48 89
48 91
48 93
48 95
48 96
48 98
48 99
49 50
49 52
49 54
49 55
49 60
49 61
49 63
49 67
49 69
49 72
49 75
49 76
49 77
49 78
49 80
49 81
49 82
49 85
49 90
49 93
49 95
49 96
49 97
49 98
49 99
50 52
50 53
50 56
50 60
50 61
50 66
50 68
50 69
50 71
50 72
50 75
50 77
50 83
50 85
50 88
50 89
50 93
50 95
50 97
50 98
50 99
51 54
51 55
51 56
51 57
51 58
51 59
51 61
51 63
51 64
51 65
51 68
51 70
51 74
51 75
51 79
51 82
51 85
51 87
51 89
51 90
51 93
51 94
51 95
51 97
51 98
52 53
52 56
52 57
52 60
52 61
52 62
52 64
52 65
52 75
52 78
52 79
52 80
52 83
52 84
52 87
52 88
52 92
52 93
52 95
52 97
52 98
52 99
53 56
53 57
53 58
53 59
53 61
53 64
53 65
53 66
53 68
53 71
53 73
53 75
53 77
53 80
53 83
53 88
53 89
53 90
53 92
53 96
53 99
54 56
54 57
54 58
54 61
54 62
54 63
54 65
54 69
54 71
54 74
54 75
54 79
54 80
54 84
54 87
54 89
54 91
54 92
54 93
54 96
54 97
54 98
54 99
55 56
55 58
55 59
55 60
55 67
55 68
55 69
55 73
55 74
55 78
55 81
55 84
55 86
55 89
55 91
55 92
55 94
55 96
56 57
56 61
56 66
56 67
56 68
56 69
56 72
56 73
56 75
56 76
56 77
56 80
56 81
56 83
56 86
56 87
56 88
56 89
56 94
56 95
56 97
56 99
57 58
57 60
57 61
57 62
57 63
57 65
57 66
57 67
57 69
57 73
57 74
57 77
57 79
57 80
57 82
57 83
57 86
57 88
57 89
57 90
57 91
57 92
57 95
57 98
57 99
58 62
58 65
58 66
58 68
58 69
58 74
58 75
58 77
58 78
58 79
58 83
58 86
58 89
58 90
58 91
58 92
58 94
58 95
58 96
58 97
58 98
58 99
59 60
59 61
59 63
59 64
59 67
59 70
59 73
59 77
59 78
59 79
59 83
59 85
59 87
59 88
59 90
59 94
59 95
59 96
59 98
60 61
60 62
60 66
60 69
60 72
60 77
60 79
60 80
60 81
60 84
60 85
60 86
60 87
60 91
60 92
60 94
60 95
60 97
60 98
61 63
61 64
61 65
61 67
61 70
61 71
61 73
61 74
61 75
61 76
61 77
61 78
61 79
61 81
61 84
61 85
61 86
61 87
61 89
61 90
61 97
61 98
62 65
62 66
62 67
62 69
62 70
62 75
62 76
62 79
62 83
62 84
62 85
62 86
62 89
62 90
62 92
62 95
62 98
63 64
63 65
63 68
63 69
63 73
63 74
63 75
63 77
63 78
63 79
63 83
63 84
63 86
63 87
63 88
63 96
63 97
63 98
63 99
64 65
64 67
64 68
64 69
64 71
64 74
64 75
64 77
64 79
64 80
64 81
64 84
64 85
64 89
64 93
64 94
64 95
64 96
64 97
64 98
64 99
65 66
65 67
65 69
65 70
65 72
65 73
65 74
65 75
65 76
65 77
65 80
65 87
65 92
65 93
65 95
65 98
65 99
66 67
66 68
66 72
66 74
66 75
66 76
66 78
66 80
66 82
66 86
66 90
66 92
66 96
66 98
67 70
67 71
67 72
67 74
67 75
67 76
67 77
67 80
67 82
67 83
67 87
67 89
67 90
67 93
67 94
67 95
67 96
67 97
67 99
68 70
68 71
68 74
68 75
68 76
68 83
68 84
68 86
68 88
68 89
68 90
68 91
68 94
68 95
68 96
68 98
69 70
69 71
69 72
69 73
69 74
69 77
69 78
69 79
69 85
69 87
69 89
69 91
69 92
69 93
69 96
69 98
69 99
70 74
70 77
70 79
70 80
70 81
70 82
70 83
70 85
70 86
70 87
70 90
70 91
70 93
70 94
70 97
70 98
70 99
71 72
71 74
71 75
71 78
71 79
71 82
71 84
71 86
71 87
71 88
71 89
71 91
71 92
71 97
72 78
72 80
72 87
72 88
72 90
72 92
72 93
72 94
72 98
73 77
73 78
73 80
73 82
73 85
73 86
73 89
73 90
73 91
73 92
73 93
73 94
73 95
73 98
73 99
74 75
74 76
74 77
74 80
74 84
74 85
74 86
74 89
74 92
74 95
74 97
74 98
75 76
75 77
75 78
75 79
75 80
75 81
75 82
75 84
75 86
75 90
75 91
75 92
75 93
75 94
75 96
75 99
76 77
76 79
76 80
76 82
76 83
76 84
76 85
76 86
76 90
76 91
76 92
76 94
76 95
76 96
76 97
77 78
77 79
77 80
77 83
77 84
77 85
77 86
77 88
77 91
77 92
77 93
77 94
77 97
78 79
78 82
78 84
78 86
78 87
78 89
78 91
78 92
78 93
78 95
78 96
78 98
79 80
79 82
79 83
79 88
79 89
79 90
79 92
79 93
79 94
79 95
79 98
79 99
80 83
80 87
80 89
80 93
80 95
80 96
80 98
81 82
81 84
81 85
81 86
81 87
81 88
81 89
81 91
81 93
81 95
81 96
81 97
81 99
82 85
82 89
82 90
82 92
82 94
82 97
82 98
82 99
83 84
83 86
83 87
83 94
83 95
83 96
83 99
84 87
84 89
84 92
84 94
84 95
84 96
84 99
85 87
85 88
85 89
85 91
85 97
85 99
86 88
86 89
86 90
86 94
86 96
86 97
86 98
86 99
87 93
87 94
87 96
87 97
88 91
88 92
88 93
88 94
88 95
88 98
88 99
89 93
90 92
90 95
90 96
91 92
91 93
91 96
92 96
92 98
92 99
93 96
93 99
94 95
94 97
94 98
95 96
95 97
95 98
95 99
96 97
96 98
96 99
98 99
