0 4
0 7
0 8
0 9
0 10
0 11
0 15
0 18
0 19
0 25
0 29
0 31
0 33
0 34
0 37
0 38
0 39
0 40
0 41
0 42
0 43
0 44
0 46
0 48
0 51
0 52
0 56
0 57
0 58
0 59
0 61
0 63
0 64
0 65
0 67
0 70
0 72
0 74
0 77
0 78
0 79
0 81
0 82
0 84
0 85
0 86
0 87
0 88
0 92
0 93
0 94
0 97
0 98
0 99
1 2
1 3
1 4
1 7
1 9
1 10
1 15
1 17
1 19
1 22
1 25
1 27
1 29
1 30
1 31
1 33
1 34
1 41
1 45
1 47
1 48
1 50
1 51
1 53
1 54
1 55
1 56
1 57
1 59
1 62
1 63
1 64
1 65
1 67
1 68
1 69
1 70
1 71
1 72
1 75
1 76
1 78
1 79
1 81
1 83
1 84
1 85
1 87
1 89
1 91
1 92
1 94
1 95
1 96
1 97
1 99
2 3
2 5
2 7
2 9
2 11
2 14
2 15
2 16
2 17
2 18
2 22
2 26
2 29
2 30
2 32
2 33
2 35
2 36
2 41
2 45
2 48
2 56
2 57
2 60
2 63
2 64
2 65
2 66
2 67
2 68
2 72
2 75
2 77
2 80
2 82
2 84
2 85
2 86
2 91
2 92
2 93
2 94
2 95
2 98
2 99
3 4
3 5
3 6
3 9
3 10
3 11
3 13
3 14
3 17
3 18
3 19
3 21
3 22
3 23
3 24
3 26
3 27
3 28
3 30
3 31
3 33
3 35
3 36
3 37
3 38
3 40
3 41
3 44
3 46
3 47
3 50
3 51
3 52
3 55
3 57
3 58
3 60
3 61
3 62
3 63
3 65
3 67
3 69
3 74
3 79
3 80
3 81
3 84
3 85
3 88
3 89
3 90
3 92
3 93
3 94
3 97
4 6
4 7
4 10
4 12
4 14
4 15
4 16
4 20
4 24
4 25
4 26
4 27
4 30
4 33
4 35
4 36
4 37
4 39
4 41
4 43
4 45
4 46
4 47
4 48
4 50
4 56
4 58
4 59
4 60
4 67
4 69
4 70
4 72
4 73
4 74
4 75
4 76
4 77
4 78
4 79
4 82
4 84
4 85
4 89
4 90
4 93
4 94
4 98
4 99
5 6
5 7
5 8
5 9
5 10
5 11
5 14
5 16
5 17
5 19
5 21
5 23
5 25
5 27
5 30
5 36
5 38
5 47
5 48
5 50
5 51
5 52
5 54
5 55
5 56
5 57
5 59
5 60
5 61
5 62
5 63
5 65
5 66
5 67
5 68
5 70
5 76
5 80
5 85
5 87
5 89
5 90
5 92
5 94
5 96
5 98
5 99
6 10
6 11
6 12
6 13
6 15
6 16
6 17
6 18
6 21
6 24
6 25
6 26
6 27
6 30
6 31
6 36
6 37
6 38
6 40
6 45
6 47
6 49
6 52
6 53
6 54
6 55
6 57
6 58
6 59
6 64
6 65
6 67
6 68
6 69
6 71
6 73
6 74
6 76
6 78
6 79
6 80
6 82
6 86
6 87
6 89
6 90
6 92
6 95
6 96
6 97
6 98
7 9
7 11
7 16
7 19
7 20
7 22
7 25
7 26
7 27
7 30
7 31
7 36
7 37
7 39
7 40
7 41
7 46
7 47
7 49
7 56
7 57
7 58
7 64
7 65
7 69
7 71
7 72
7 73
7 74
7 75
7 76
7 80
7 82
7 88
7 91
7 94
7 95
7 96
7 98
8 9
8 11
8 16
8 17
8 19
8 20
8 21
8 23
8 26
8 29
8 33
8 34
8 37
8 40
8 43
8 44
8 45
8 46
8 48
8 50
8 51
8 53
8 61
8 63
8 64
8 65
8 75
8 76
8 78
8 79
8 84
8 85
8 86
8 88
8 89
8 91
8 93
8 97
8 98
9 13
9 14
9 16
9 17
9 19
9 20
9 21
9 22
9 24
9 25
9 26
9 30
9 31
9 32
9 35
9 36
9 38
9 44
9 47
9 48
9 49
9 50
9 52
9 55
9 59
9 60
9 61
9 62
9 63
9 66
9 67
9 68
9 69
9 74
9 75
9 76
9 78
9 79
9 82
9 84
9 85
9 92
9 94
9 96
9 99
10 14
10 15
10 17
10 18
10 20
10 21
10 25
10 26
10 29
10 31
10 32
10 33
10 35
10 36
10 39
10 40
10 41
10 44
10 47
10 49
10 50
10 51
10 54
10 55
10 57
10 58
10 60
10 62
10 63
10 64
10 67
10 69
10 70
10 72
10 79
10 83
10 90
10 91
10 92
10 95
10 96
10 98
10 99
11 13
11 14
11 16
11 17
11 19
11 21
11 24
11 27
11 29
11 32
11 38
11 39
11 41
11 47
11 48
11 51
11 52
11 53
11 56
11 57
11 58
11 59
11 60
11 61
11 62
11 63
11 65
11 70
11 72
11 74
11 80
11 85
11 86
11 87
11 90
11 96
11 97
11 98
11 99
12 13
12 15
12 17
12 18
12 19
12 21
12 22
12 24
12 25
12 26
12 27
12 32
12 36
12 37
12 41
12 42
12 45
12 48
12 50
12 53
12 54
12 55
12 60
12 61
12 64
12 65
12 66
12 67
12 71
12 76
12 77
12 79
12 80
12 81
12 83
12 84
12 85
12 87
12 88
12 89
12 92
12 93
12 95
12 97
12 98
13 14
13 15
13 17
13 20
13 22
13 25
13 31
13 35
13 45
13 46
13 47
13 48
13 49
13 52
13 53
13 55
13 58
13 61
13 64
13 65
13 67
13 68
13 70
13 71
13 73
13 74
13 75
13 76
13 77
13 81
13 82
13 84
13 89
13 96
13 98
14 15
14 16
14 17
14 18
14 19
14 20
14 21
14 22
14 23
14 24
14 25
14 27
14 28
14 30
14 31
14 32
14 35
14 38
14 39
14 40
14 41
14 44
14 48
14 49
14 51
14 55
14 56
14 58
14 59
14 60
14 61
14 63
14 64
14 65
14 67
14 68
14 69
14 70
14 72
14 76
14 77
14 78
14 79
14 82
14 83
14 84
14 89
14 90
14 91
14 96
15 17
15 18
15 20
15 22
15 23
15 26
15 29
15 32
15 33
15 34
15 36
15 38
15 39
15 40
15 42
15 44
15 45
15 47
15 49
15 51
15 53
15 56
15 60
15 61
15 63
15 64
15 66
15 67
15 69
15 70
15 71
15 74
15 75
15 76
15 77
15 80
15 81
15 83
15 86
15 88
15 93
15 96
15 99
16 17
16 18
16 19
16 22
16 25
16 32
16 33
16 36
16 43
16 45
16 46
16 47
16 48
16 50
16 54
16 58
16 59
16 61
16 62
16 63
16 66
16 67
16 69
16 70
16 75
16 76
16 78
16 80
16 82
16 83
16 90
16 91
16 92
16 93
16 94
16 99
17 18
17 20
17 21
17 22
17 23
17 24
17 28
17 29
17 31
17 33
17 37
17 42
17 45
17 46
17 50
17 52
17 53
17 54
17 55
17 56
17 58
17 59
17 66
17 67
17 68
17 69
17 70
17 72
17 75
17 77
17 79
17 84
17 85
17 89
17 90
17 92
17 96
17 97
17 99
18 21
18 24
18 26
18 30
18 35
18 36
18 37
18 43
18 44
18 45
18 46
18 47
18 48
18 53
18 55
18 56
18 58
18 59
18 60
18 64
18 66
18 67
18 68
18 70
18 71
18 72
18 73
18 75
18 76
18 77
18 81
18 83
18 87
18 88
18 92
18 94
18 95
18 97
18 98
19 21
19 22
19 26
19 27
19 31
19 34
19 35
19 36
19 38
19 39
19 40
19 42
19 44
19 46
19 48
19 49
19 55
19 56
19 57
19 59
19 60
19 62
19 63
19 64
19 65
19 66
19 69
19 71
19 72
19 73
19 78
19 80
19 81
19 82
19 84
19 86
19 89
19 90
19 92
19 94
19 95
19 97
19 98
20 21
20 22
20 23
20 26
20 27
20 30
20 31
20 32
20 33
20 34
20 35
20 36
20 38
20 39
20 41
20 42
20 43
20 44
20 53
20 54
20 55
20 59
20 61
20 62
20 64
20 66
20 67
20 68
20 69
20 70
20 77
20 78
20 81
20 82
20 83
20 85
20 88
20 89
20 91
20 92
20 93
20 95
20 99
21 23
21 25
21 27
21 28
21 29
21 31
21 32
21 34
21 35
21 39
21 40
21 41
21 44
21 45
21 46
21 47
21 50
21 51
21 52
21 55
21 56
21 57
21 61
21 62
21 63
21 65
21 67
21 68
21 70
21 74
21 76
21 78
21 80
21 84
21 85
21 87
21 92
21 95
21 98
21 99
22 24
22 26
22 27
22 28
22 29
22 30
22 31
22 32
22 33
22 34
22 35
22 36
22 37
22 38
22 40
22 42
22 46
22 47
22 50
22 54
22 55
22 57
22 60
22 62
22 63
22 66
22 67
22 71
22 73
22 76
22 77
22 80
22 81
22 82
22 88
22 91
22 97
22 98
23 24
23 27
23 29
23 31
23 32
23 34
23 37
23 38
23 39
23 40
23 41
23 47
23 48
23 49
23 50
23 51
23 59
23 62
23 64
23 65
23 66
23 71
23 72
23 74
23 76
23 77
23 78
23 80
23 83
23 84
23 87
23 88
23 89
23 90
23 94
24 25
24 27
24 28
24 29
24 31
24 34
24 35
24 38
24 40
24 50
24 56
24 57
24 58
24 60
24 61
24 69
24 72
24 75
24 78
24 79
24 82
24 83
24 84
24 85
24 86
24 87
24 88
24 89
24 90
24 91
24 92
24 93
24 97
24 99
25 29
25 32
25 33
25 34
25 35
25 36
25 37
25 38
25 40
25 42
25 43
25 44
25 46
25 49
25 50
25 52
25 53
25 56
25 58
25 60
25 62
25 63
25 66
25 68
25 73
25 74
25 75
25 76
25 78
25 83
25 84
25 91
25 92
25 93
25 94
25 96
25 99
26 27
26 30
26 32
26 35
26 38
26 39
26 42
26 44
26 45
26 46
26 47
26 53
26 54
26 55
26 56
26 57
26 58
26 60
26 61
26 62
26 64
26 67
26 68
26 73
26 78
26 79
26 82
26 83
26 90
26 91
26 93
26 94
26 98
27 31
27 32
27 40
27 41
27 42
27 47
27 48
27 50
27 52
27 53
27 54
27 55
27 57
27 58
27 59
27 60
27 64
27 66
27 67
27 68
27 70
27 74
27 76
27 78
27 81
27 83
27 84
27 86
27 87
27 90
27 92
27 93
27 95
27 96
27 99
28 30
28 32
28 33
28 34
28 35
28 37
28 38
28 42
28 45
28 46
28 48
28 51
28 53
28 55
28 56
28 57
28 58
28 59
28 64
28 65
28 66
28 67
28 69
28 70
28 71
28 74
28 76
28 77
28 79
28 81
28 82
28 85
28 86
28 92
28 93
28 96
28 97
29 31
29 32
29 33
29 34
29 35
29 36
29 37
29 39
29 42
29 45
29 47
29 49
29 51
29 52
29 53
29 54
29 56
29 58
29 59
29 63
29 66
29 71
29 72
29 73
29 74
29 76
29 77
29 78
29 81
29 82
29 83
29 86
29 87
29 88
29 90
29 92
29 93
29 97
29 98
30 33
30 34
30 38
30 39
30 40
30 41
30 42
30 43
30 49
30 53
30 55
30 58
30 61
30 63
30 64
30 70
30 71
30 75
30 76
30 78
30 79
30 88
30 90
30 95
30 96
30 97
30 98
30 99
31 32
31 34
31 39
31 44
31 47
31 50
31 54
31 56
31 57
31 58
31 59
31 61
31 65
31 69
31 71
31 74
31 75
31 76
31 77
31 82
31 83
31 86
31 88
31 89
31 90
31 94
31 96
31 97
31 98
32 33
32 35
32 37
32 38
32 39
32 40
32 41
32 44
32 45
32 48
32 50
32 51
32 53
32 55
32 57
32 58
32 60
32 61
32 62
32 63
32 64
32 65
32 66
32 70
32 71
32 73
32 76
32 77
32 78
32 84
32 85
32 86
32 90
32 94
32 96
32 98
33 34
33 35
33 37
33 39
33 41
33 42
33 49
33 50
33 52
33 53
33 54
33 56
33 57
33 60
33 62
33 64
33 66
33 70
33 72
33 73
33 76
33 77
33 80
33 81
33 82
33 84
33 86
33 89
33 91
33 92
33 94
33 95
34 36
34 37
34 38
34 40
34 42
34 43
34 44
34 45
34 46
34 47
34 50
34 52
34 53
34 54
34 55
34 56
34 58
34 60
34 61
34 62
34 63
34 64
34 65
34 66
34 68
34 71
34 72
34 73
34 74
34 75
34 77
34 78
34 80
34 83
34 84
34 87
34 91
34 93
34 97
35 36
35 37
35 39
35 40
35 41
35 44
35 45
35 46
35 47
35 49
35 50
35 52
35 53
35 58
35 59
35 61
35 64
35 66
35 67
35 68
35 69
35 71
35 72
35 76
35 78
35 80
35 81
35 82
35 85
35 86
35 88
35 91
35 92
35 96
35 97
36 37
36 38
36 41
36 43
36 45
36 48
36 50
36 51
36 52
36 55
36 57
36 62
36 63
36 65
36 67
36 68
36 70
36 73
36 76
36 78
36 81
36 82
36 84
36 85
36 86
36 87
36 88
36 90
36 92
36 93
36 94
36 95
36 97
36 98
37 39
37 40
37 45
37 46
37 48
37 50
37 52
37 55
37 57
37 58
37 59
37 60
37 62
37 63
37 64
37 65
37 67
37 72
37 74
37 75
37 76
37 77
37 80
37 82
37 84
37 85
37 89
37 90
37 91
37 92
37 97
37 98
37 99
38 40
38 41
38 42
38 43
38 44
38 48
38 49
38 50
38 52
38 54
38 56
38 60
38 61
38 62
38 63
38 67
38 68
38 69
38 70
38 71
38 72
38 73
38 77
38 78
38 80
38 83
38 84
38 85
38 88
38 91
38 92
38 95
38 97
38 98
39 45
39 46
39 49
39 51
39 52
39 56
39 57
39 59
39 60
39 61
39 63
39 64
39 65
39 68
39 73
39 74
39 76
39 79
39 80
39 81
39 82
39 83
39 86
39 87
39 88
39 90
39 91
39 95
39 98
40 41
40 43
40 44
40 45
40 46
40 48
40 53
40 54
40 56
40 59
40 61
40 64
40 66
40 67
40 70
40 71
40 72
40 73
40 74
40 76
40 81
40 82
40 83
40 86
40 92
40 93
40 96
40 97
40 98
41 42
41 52
41 53
41 59
41 61
41 66
41 68
41 69
41 70
41 71
41 72
41 75
41 76
41 77
41 78
41 79
41 80
41 81
41 82
41 83
41 84
41 88
41 89
41 91
41 93
41 94
41 96
41 97
41 99
42 44
42 46
42 49
42 50
42 51
42 53
42 55
42 61
42 62
42 64
42 65
42 67
42 68
42 69
42 73
42 75
42 77
42 80
42 82
42 86
42 87
42 88
42 89
42 90
42 94
42 96
42 97
42 99
43 44
43 45
43 48
43 49
43 52
43 53
43 54
43 55
43 57
43 63
43 64
43 65
43 68
43 70
43 76
43 77
43 79
43 80
43 81
43 82
43 84
43 85
43 87
43 88
43 89
43 91
43 94
43 97
43 98
44 45
44 47
44 48
44 50
44 51
44 53
44 54
44 55
44 57
44 59
44 60
44 61
44 64
44 65
44 68
44 70
44 71
44 72
44 73
44 76
44 80
44 84
44 85
44 86
44 87
44 88
44 92
44 93
44 95
44 96
45 52
45 53
45 54
45 55
45 61
45 62
45 63
45 64
45 65
45 71
45 74
45 75
45 78
45 79
45 80
45 81
45 83
45 84
45 85
45 87
45 88
45 89
45 90
45 91
45 92
45 94
45 97
46 47
46 48
46 49
46 50
46 51
46 52
46 53
46 55
46 57
46 58
46 62
46 63
46 64
46 65
46 66
46 71
46 73
46 75
46 76
46 78
46 79
46 80
46 85
46 86
46 90
46 98
47 48
47 51
47 53
47 54
47 55
47 58
47 59
47 61
47 62
47 64
47 69
47 70
47 72
47 73
47 78
47 79
47 81
47 84
47 85
47 87
47 91
47 92
47 96
47 98
47 99
48 50
48 51
48 53
48 54
48 56
48 57
48 58
48 59
48 60
48 65
48 66
48 68
48 69
48 70
48 72
48 73
48 74
48 78
48 80
48 81
48 84
48 85
48 87
48 88
48 90
48 91
48 94
48 96
48 97
49 50
49 55
49 56
49 59
49 61
49 65
49 66
49 69
49 70
49 72
49 75
49 76
49 78
49 81
49 82
49 84
49 85
49 86
49 88
49 89
49 92
49 93
49 94
49 98
49 99
50 51
50 55
50 60
50 61
50 66
50 67
50 69
50 73
50 74
50 76
50 77
50 79
50 80
50 83
50 84
50 86
50 87
50 89
50 90
50 91
50 93
50 97
50 99
51 52
51 53
51 54
51 56
51 57
51 59
51 60
51 67
51 69
51 70
51 71
51 73
51 77
51 83
51 84
51 87
51 90
51 91
51 92
51 93
51 95
52 55
52 58
52 62
52 65
52 68
52 69
52 72
52 73
52 74
52 76
52 78
52 81
52 84
52 85
52 88
52 89
52 93
52 94
52 96
52 98
52 99
53 54
53 55
53 58
53 61
53 62
53 64
53 65
53 66
53 68
53 70
53 71
53 72
53 73
53 74
53 75
53 79
53 83
53 87
53 89
53 90
53 93
53 94
53 95
53 96
53 97
53 99
54 56
54 57
54 59
54 60
54 62
54 63
54 64
54 66
54 67
54 70
54 73
54 74
54 75
54 76
54 77
54 78
54 79
54 80
54 83
54 84
54 85
54 86
54 88
54 91
54 95
54 96
54 99
55 57
55 58
55 62
55 63
55 64
55 65
55 67
55 68
55 70
55 71
55 72
55 73
55 74
55 75
55 77
55 79
55 83
55 84
55 85
55 86
55 87
55 90
55 91
55 94
55 95
55 97
56 61
56 65
56 66
56 68
56 70
56 71
56 73
56 75
56 77
56 78
56 81
56 83
56 84
56 86
56 87
56 88
56 89
56 92
56 95
56 96
56 98
57 58
57 59
57 60
57 63
57 64
57 65
57 66
57 67
57 68
57 69
57 71
57 72
57 73
57 74
57 76
57 78
57 80
57 84
57 86
57 88
57 89
57 91
57 93
57 95
57 99
58 60
58 61
58 62
58 65
58 74
58 75
58 79
58 80
58 81
58 82
58 83
58 85
58 87
58 90
58 91
58 95
58 96
59 60
59 62
59 65
59 66
59 67
59 69
59 70
59 72
59 75
59 76
59 77
59 79
59 81
59 83
59 86
59 89
59 90
59 92
59 93
59 94
59 96
59 97
59 98
59 99
60 65
60 66
60 67
60 70
60 73
60 76
60 77
60 81
60 82
60 83
60 85
60 87
60 89
60 90
60 92
60 93
60 94
60 95
60 96
60 97
60 99
61 62
61 65
61 66
61 69
61 71
61 78
61 79
61 80
61 83
61 88
61 90
61 93
61 94
61 98
62 65
62 69
62 70
62 71
62 72
62 75
62 79
62 80
62 81
62 84
62 86
62 87
62 90
62 91
62 92
62 93
62 94
62 95
62 96
62 98
63 65
63 66
63 67
63 70
63 71
63 76
63 79
63 80
63 82
63 83
63 87
63 90
63 91
63 93
63 95
63 96
64 65
64 66
64 67
64 71
64 73
64 74
64 75
64 76
64 77
64 78
64 80
64 82
64 88
64 89
64 90
64 92
64 96
64 97
64 98
64 99
65 66
65 67
65 68
65 71
65 72
65 74
65 75
65 76
65 78
65 79
65 80
65 81
65 82
65 83
65 84
65 88
65 89
65 91
65 92
65 94
65 95
65 97
65 98
65 99
66 67
66 69
66 74
66 76
66 78
66 81
66 85
66 87
66 88
66 93
66 95
66 97
66 99
67 68
67 69
67 70
67 71
67 72
67 74
67 76
67 79
67 80
67 82
67 83
67 85
67 86
67 89
67 91
67 92
67 93
67 94
67 95
67 97
67 98
68 70
68 71
68 72
68 73
68 74
68 75
68 76
68 78
68 82
68 83
68 85
68 90
68 91
68 93
68 94
68 95
68 97
68 98
69 70
69 71
69 72
69 73
69 74
69 75
69 77
69 78
69 85
69 86
69 87
69 88
69 92
69 93
69 95
69 97
69 98
69 99
70 71
70 73
70 74
70 76
70 79
70 80
70 81
70 83
70 84
70 85
70 86
70 87
70 90
70 92
70 93
70 95
70 97
71 73
71 75
71 78
71 80
71 81
71 82
71 84
71 85
71 87
71 88
71 90
71 92
71 93
71 94
71 95
71 96
72 77
72 78
72 80
72 82
72 83
72 85
72 87
72 88
72 90
72 91
72 92
72 94
72 97
72 98
73 75
73 76
73 78
73 79
73 83
73 84
73 85
73 86
73 89
73 90
73 91
73 92
73 93
73 96
73 97
73 98
74 78
74 79
74 80
74 81
74 84
74 85
74 86
74 87
74 88
74 89
74 91
74 92
74 93
74 96
74 97
74 98
74 99
75 76
75 79
75 80
75 85
75 86
75 87
75 89
75 91
75 92
75 94
75 96
75 97
75 99
76 77
76 78
76 80
76 81
76 83
76 84
76 87
76 90
76 94
76 99
77 78
77 79
77 85
77 86
77 87
77 89
77 90
77 91
77 97
78 79
78 84
78 86
78 95
78 96
79 80
79 81
79 82
79 83
79 84
79 85
79 86
79 88
79 91
79 93
79 94
79 95
79 97
79 98
79 99
80 81
80 82
80 83
80 85
80 87
80 90
80 93
80 94
80 95
80 96
80 97
80 99
81 83
81 84
81 85
81 86
81 90
81 92
81 93
81 97
81 98
82 87
82 88
82 89
82 90
82 92
82 93
82 94
82 95
82 97
82 98
82 99
83 84
83 85
83 86
83 88
83 90
83 92
83 93
83 95
83 96
83 98
84 86
84 87
84 90
84 92
84 96
84 97
84 98
85 87
85 89
85 93
85 95
85 98
86 87
86 89
86 91
86 92
86 95
86 96
86 98
87 89
87 90
87 91
87 94
87 96
87 98
87 99
88 91
88 93
88 97
89 90
89 93
89 94
89 96
89 98
89 99
90 91
90 92
90 96
90 97
90 98
91 96
91 98
92 95
92 96
93 95
93 97
93 99
94 95
94 96
94 97
94 99
95 96
95 97
96 97
96 99
97 98
