0 5
0 7
0 11
0 12
0 13
0 16
0 18
0 21
0 26
0 27
0 28
0 29
0 30
0 33
0 35
0 36
0 39
0 40
0 41
0 43
0 44
0 47
0 49
0 50
0 51
0 52
0 53
0 56
0 58
0 59
0 62
0 64
0 65
0 68
0 72
0 74
0 75
0 76
0 77
0 82
0 84
0 89
0 90
0 91
0 93
0 95
0 98
1 2
1 4
1 7
1 9
1 10
1 12
1 13
1 14
1 15
1 16
1 18
1 20
1 21
1 23
1 25
1 26
1 27
1 29
1 32
1 33
1 34
1 35
1 37
1 38
1 39
1 40
1 42
1 44
1 45
1 47
1 49
1 52
1 54
1 60
1 62
1 63
1 64
1 66
1 67
1 71
1 72
1 74
1 75
1 76
1 77
1 81
1 83
1 87
1 90
1 91
1 92
1 94
1 98
1 99
2 3
2 4
2 5
2 7
2 8
2 9
2 10
2 12
2 16
2 17
2 18
2 20
2 21
2 22
2 23
2 30
2 32
2 39
2 41
2 42
2 44
2 46
2 47
2 48
2 51
2 52
2 54
2 55
2 59
2 60
2 61
2 62
2 64
2 65
2 66
2 68
2 70
2 72
2 73
2 75
2 76
2 77
2 78
2 79
2 80
2 85
2 88
2 89
2 93
2 94
2 95
2 97
2 98
3 4
3 5
3 10
3 11
3 12
3 16
3 18
3 19
3 20
3 22
3 30
3 34
3 36
3 44
3 47
3 49
3 50
3 53
3 54
3 58
3 60
3 63
3 65
3 67
3 68
3 76
3 77
3 80
3 82
3 83
3 87
3 88
3 89
3 90
3 93
3 95
3 97
3 99
4 5
4 6
4 10
4 11
4 13
4 15
4 17
4 18
4 19
4 20
4 21
4 22
4 24
4 25
4 27
4 29
4 32
4 34
4 36
4 37
4 38
4 40
4 45
4 46
4 47
4 48
4 50
4 52
4 54
4 58
4 61
4 63
4 66
4 68
4 69
4 70
4 71
4 72
4 73
4 74
4 75
4 76
4 77
4 79
4 80
4 82
4 83
4 85
4 90
4 91
4 92
4 95
4 96
4 97
4 99
5 7
5 9
5 11
5 12
5 14
5 15
5 16
5 17
5 18
5 19
5 21
5 22
5 23
5 24
5 31
5 33
5 35
5 37
5 40
5 41
5 43
5 45
5 47
5 48
5 49
5 50
5 51
5 54
5 55
5 56
5 57
5 59
5 63
5 64
5 68
5 70
5 74
5 76
5 77
5 78
5 81
5 82
5 83
5 84
5 86
5 89
5 90
5 92
5 93
5 94
5 97
5 99
6 10
6 11
6 13
6 14
6 15
6 17
6 18
6 20
6 21
6 23
6 25
6 26
6 27
6 28
6 29
6 31
6 32
6 33
6 36
6 39
6 40
6 41
6 47
6 50
6 54
6 58
6 61
6 62
6 63
6 65
6 67
6 68
6 69
6 72
6 73
6 74
6 76
6 80
6 81
6 86
6 88
6 91
6 95
6 96
6 97
6 99
7 8
7 10
7 12
7 16
7 17
7 19
7 22
7 23
7 24
7 25
7 27
7 29
7 33
7 34
7 35
7 36
7 38
7 40
7 41
7 43
7 45
7 49
7 50
7 51
7 53
7 55
7 56
7 57
7 58
7 60
7 61
7 62
7 63
7 64
7 65
7 68
7 69
7 70
7 75
7 77
7 78
7 79
7 80
7 81
7 82
7 84
7 86
7 87
7 88
7 89
7 91
7 92
7 94
7 95
7 98
8 9
8 10
8 12
8 13
8 19
8 22
8 24
8 26
8 32
8 36
8 37
8 41
8 42
8 44
8 45
8 46
8 53
8 56
8 59
8 60
8 63
8 65
8 67
8 68
8 70
8 71
8 72
8 73
8 75
8 78
8 80
8 82
8 88
8 89
8 91
8 93
8 94
8 95
8 96
8 97
8 98
9 10
9 12
9 14
9 17
9 19
9 21
9 23
9 24
9 27
9 28
9 30
9 33
9 34
9 35
9 36
9 37
9 38
9 39
9 45
9 47
9 48
9 49
9 51
9 56
9 57
9 59
9 61
9 64
9 65
9 66
9 68
9 69
9 71
9 72
9 74
9 76
9 77
9 78
9 79
9 81
9 82
9 83
9 84
9 89
9 90
9 91
9 93
9 96
9 97
9 98
10 11
10 17
10 19
10 20
10 22
10 24
10 28
10 30
10 31
10 34
10 35
10 36
10 37
10 41
10 43
10 45
10 47
10 52
10 53
10 54
10 55
10 56
10 58
10 60
10 64
10 65
10 66
10 69
10 70
10 71
10 73
10 75
10 76
10 78
10 79
10 80
10 81
10 83
10 84
10 85
10 86
10 87
10 89
10 92
10 93
10 98
10 99
11 12
11 13
11 14
11 15
11 16
11 18
11 23
11 24
11 26
11 27
11 28
11 32
11 33
11 36
11 39
11 40
11 41
11 42
11 44
11 46
11 47
11 53
11 55
11 57
11 58
11 59
11 60
11 63
11 66
11 67
11 68
11 69
11 71
11 73
11 74
11 77
11 79
11 80
11 82
11 87
11 88
11 90
11 92
11 93
11 94
11 95
11 97
11 99
12 15
12 16
12 18
12 23
12 24
12 25
12 26
12 28
12 29
12 30
12 31
12 32
12 33
12 37
12 38
12 40
12 41
12 43
12 45
12 46
12 47
12 50
12 54
12 55
12 59
12 60
12 63
12 64
12 65
12 67
12 68
12 69
12 72
12 73
12 78
12 79
12 81
12 82
12 86
12 87
12 90
12 91
12 92
12 93
12 95
12 96
12 97
12 99
13 14
13 15
13 16
13 19
13 20
13 24
13 26
13 28
13 29
13 30
13 32
13 33
13 34
13 36
13 37
13 38
13 39
13 40
13 42
13 47
13 48
13 50
13 54
13 56
13 57
13 58
13 61
13 63
13 64
13 66
13 68
13 69
13 70
13 71
13 72
13 74
13 77
13 78
13 81
13 82
13 83
13 87
13 88
13 90
13 91
13 92
13 94
13 98
13 99
14 18
14 21
14 25
14 31
14 34
14 35
14 37
14 38
14 41
14 42
14 43
14 44
14 46
14 47
14 48
14 49
14 51
14 53
14 54
14 58
14 59
14 60
14 62
14 63
14 64
14 65
14 66
14 78
14 80
14 81
14 82
14 87
14 91
14 94
14 96
14 97
14 99
15 18
15 20
15 21
15 24
15 27
15 29
15 34
15 35
15 37
15 39
15 40
15 41
15 43
15 47
15 48
15 50
15 52
15 58
15 61
15 63
15 64
15 69
15 70
15 71
15 74
15 78
15 84
15 85
15 86
15 89
15 90
15 91
15 96
16 17
16 19
16 20
16 24
16 25
16 27
16 30
16 31
16 33
16 34
16 35
16 38
16 40
16 41
16 42
16 43
16 44
16 45
16 47
16 52
16 54
16 56
16 58
16 59
16 60
16 62
16 63
16 67
16 70
16 71
16 73
16 74
16 75
16 78
16 79
16 80
16 81
16 83
16 84
16 86
16 87
16 88
16 89
16 92
16 93
16 94
16 97
16 98
17 19
17 20
17 23
17 25
17 26
17 28
17 29
17 33
17 34
17 35
17 44
17 45
17 53
17 54
17 56
17 58
17 59
17 62
17 64
17 65
17 70
17 71
17 72
17 73
17 74
17 82
17 83
17 84
17 85
17 86
17 89
17 91
17 93
17 94
17 96
17 99
18 20
18 21
18 23
18 26
18 30
18 32
18 34
18 35
18 36
18 37
18 44
18 45
18 46
18 48
18 50
18 53
18 54
18 55
18 56
18 57
18 62
18 64
18 69
18 72
18 76
18 77
18 78
18 79
18 80
18 82
18 84
18 86
18 88
18 89
18 90
18 92
18 93
18 94
18 95
18 96
19 20
19 21
19 25
19 31
19 33
19 34
19 35
19 36
19 47
19 48
19 49
19 52
19 53
19 55
19 56
19 58
19 59
19 61
19 65
19 69
19 71
19 74
19 78
19 79
19 81
19 82
19 84
19 85
19 86
19 89
19 91
19 92
19 93
19 95
19 96
19 97
19 98
19 99
20 22
20 23
20 24
20 25
20 26
20 27
20 28
20 29
20 31
20 34
20 36
20 38
20 43
20 47
20 49
20 50
20 51
20 52
20 58
20 59
20 62
20 63
20 64
20 66
20 68
20 70
20 71
20 72
20 73
20 74
20 76
20 80
20 81
20 82
20 84
20 89
20 90
20 91
20 93
20 94
20 95
20 98
21 22
21 28
21 30
21 35
21 36
21 37
21 39
21 40
21 41
21 45
21 46
21 49
21 50
21 51
21 52
21 54
21 56
21 58
21 59
21 61
21 62
21 69
21 70
21 76
21 78
21 79
21 83
21 84
21 86
21 87
21 88
21 89
21 90
21 93
21 94
21 97
21 99
22 24
22 25
22 29
22 33
22 35
22 37
22 38
22 42
22 44
22 45
22 49
22 50
22 51
22 53
22 55
22 56
22 58
22 61
22 62
22 63
22 64
22 66
22 68
22 69
22 70
22 71
22 72
22 75
22 76
22 77
22 78
22 79
22 85
22 89
22 90
22 91
22 96
22 97
22 98
22 99
23 24
23 25
23 28
23 30
23 33
23 37
23 41
23 43
23 46
23 47
23 48
23 50
23 52
23 54
23 55
23 56
23 58
23 59
23 61
23 63
23 65
23 67
23 68
23 70
23 71
23 73
23 77
23 78
23 79
23 80
23 84
23 86
23 88
23 92
23 93
23 94
23 95
23 96
23 97
23 98
23 99
24 25
24 27
24 29
24 30
24 31
24 35
24 36
24 37
24 38
24 41
24 46
24 47
24 49
24 52
24 54
24 55
24 56
24 57
24 61
24 63
24 65
24 66
24 69
24 70
24 71
24 72
24 74
24 76
24 79
24 84
24 85
24 87
24 89
24 90
24 91
24 92
24 95
24 96
25 27
25 28
25 30
25 33
25 34
25 37
25 38
25 39
25 40
25 41
25 43
25 49
25 51
25 52
25 54
25 56
25 59
25 60
25 67
25 68
25 69
25 70
25 71
25 72
25 73
25 78
25 79
25 80
25 83
25 84
25 85
25 86
25 87
25 92
25 93
25 94
25 97
26 30
26 32
26 33
26 34
26 36
26 37
26 41
26 42
26 46
26 48
26 49
26 50
26 54
26 55
26 58
26 61
26 62
26 66
26 69
26 70
26 71
26 75
26 77
26 78
26 79
26 80
26 85
26 91
26 92
26 93
26 95
26 97
27 29
27 31
27 32
27 33
27 34
27 35
27 36
27 39
27 42
27 43
27 46
27 47
27 48
27 50
27 52
27 53
27 54
27 57
27 58
27 59
27 61
27 62
27 63
27 64
27 67
27 68
27 69
27 74
27 75
27 77
27 78
27 79
27 80
27 81
27 83
27 84
27 85
27 86
27 91
27 92
27 94
27 95
27 96
27 99
28 29
28 35
28 36
28 40
28 43
28 44
28 45
28 46
28 47
28 48
28 49
28 50
28 51
28 53
28 55
28 56
28 58
28 60
28 64
28 66
28 68
28 72
28 76
28 83
28 84
28 85
28 86
28 88
28 90
28 91
28 92
28 96
29 34
29 36
29 40
29 41
29 42
29 43
29 45
29 48
29 49
29 50
29 51
29 52
29 56
29 57
29 58
29 60
29 61
29 62
29 64
29 65
29 66
29 67
29 68
29 73
29 74
29 78
29 79
29 80
29 83
29 84
29 86
29 87
29 92
29 94
29 95
30 32
30 33
30 34
30 35
30 37
30 38
30 39
30 46
30 48
30 51
30 52
30 53
30 54
30 55
30 56
30 58
30 59
30 61
30 62
30 65
30 66
30 67
30 68
30 69
30 70
30 72
30 73
30 74
30 78
30 80
30 81
30 84
30 85
30 86
30 89
30 94
30 95
30 98
30 99
31 32
31 34
31 36
31 37
31 39
31 41
31 45
31 47
31 49
31 51
31 52
31 54
31 55
31 56
31 58
31 60
31 61
31 64
31 65
31 66
31 67
31 71
31 73
31 75
31 76
31 81
31 83
31 84
31 87
31 89
31 90
31 91
31 92
31 94
31 99
32 33
32 34
32 36
32 40
32 47
32 50
32 52
32 53
32 58
32 63
32 64
32 65
32 66
32 67
32 70
32 72
32 73
32 80
32 81
32 83
32 84
32 85
32 87
32 90
32 91
32 93
32 99
33 34
33 35
33 36
33 37
33 38
33 39
33 44
33 45
33 46
33 49
33 50
33 51
33 52
33 53
33 58
33 62
33 64
33 65
33 66
33 67
33 69
33 72
33 73
33 74
33 75
33 76
33 77
33 79
33 82
33 83
33 87
33 90
33 91
33 94
33 95
33 98
33 99
34 35
34 36
34 37
34 40
34 41
34 42
34 45
34 46
34 47
34 48
34 49
34 50
34 51
34 53
34 55
34 56
34 58
34 60
34 65
34 67
34 68
34 70
34 71
34 72
34 74
34 76
34 78
34 80
34 81
34 82
34 83
34 84
34 85
34 87
34 89
34 90
34 97
34 99
35 38
35 39
35 41
35 44
35 46
35 48
35 50
35 51
35 52
35 56
35 58
35 59
35 60
35 64
35 65
35 69
35 70
35 73
35 74
35 76
35 81
35 84
35 86
35 88
35 90
35 91
35 92
35 94
35 96
35 98
36 37
36 38
36 40
36 41
36 42
36 44
36 45
36 46
36 49
36 50
36 51
36 52
36 53
36 54
36 55
36 56
36 59
36 61
36 62
36 65
36 70
36 71
36 73
36 74
36 76
36 77
36 78
36 79
36 80
36 81
36 82
36 85
36 90
36 91
36 92
36 97
37 39
37 40
37 41
37 43
37 44
37 47
37 48
37 49
37 50
37 51
37 52
37 54
37 55
37 57
37 58
37 59
37 60
37 61
37 65
37 67
37 69
37 73
37 75
37 77
37 78
37 79
37 83
37 84
37 85
37 86
37 87
37 91
37 92
37 93
37 94
37 95
37 96
37 98
37 99
38 39
38 42
38 43
38 44
38 45
38 46
38 50
38 51
38 56
38 58
38 59
38 61
38 62
38 63
38 64
38 67
38 69
38 72
38 73
38 74
38 75
38 76
38 81
38 83
38 84
38 85
38 87
38 88
38 91
38 92
38 93
38 96
38 98
39 41
39 45
39 48
39 50
39 51
39 55
39 57
39 58
39 64
39 65
39 68
39 70
39 71
39 72
39 73
39 76
39 78
39 79
39 83
39 84
39 86
39 89
39 90
39 91
39 92
39 94
39 95
39 96
39 97
40 41
40 42
40 44
40 46
40 47
40 48
40 50
40 52
40 53
40 55
40 57
40 61
40 64
40 66
40 68
40 70
40 71
40 73
40 77
40 78
40 79
40 80
40 81
40 84
40 85
40 86
40 87
40 88
40 91
40 95
40 98
40 99
41 51
41 52
41 53
41 56
41 60
41 61
41 62
41 63
41 65
41 68
41 69
41 70
41 71
41 72
41 74
41 78
41 79
41 81
41 82
41 83
41 85
41 86
41 87
41 92
41 96
41 98
41 99
42 45
42 46
42 52
42 53
42 54
42 55
42 58
42 60
42 61
42 63
42 66
42 67
42 68
42 69
42 71
42 72
42 74
42 76
42 78
42 79
42 84
42 85
42 86
42 90
42 93
42 95
42 98
42 99
43 44
43 48
43 50
43 56
43 59
43 63
43 64
43 65
43 70
43 71
43 76
43 78
43 82
43 84
43 86
43 89
43 91
43 92
43 93
43 95
43 96
43 98
43 99
44 45
44 46
44 50
44 56
44 57
44 59
44 60
44 63
44 65
44 67
44 71
44 75
44 77
44 79
44 80
44 82
44 83
44 84
44 85
44 87
44 89
44 92
44 94
44 95
44 96
44 97
45 46
45 47
45 51
45 55
45 60
45 61
45 62
45 64
45 65
45 66
45 74
45 79
45 81
45 83
45 88
45 91
45 92
45 96
45 98
45 99
46 52
46 53
46 54
46 56
46 57
46 58
46 60
46 66
46 67
46 68
46 71
46 72
46 76
46 77
46 79
46 85
46 86
46 89
46 92
46 94
46 95
46 96
46 97
46 98
46 99
47 48
47 51
47 52
47 56
47 58
47 62
47 64
47 72
47 77
47 79
47 80
47 81
47 82
47 83
47 85
47 86
47 88
47 90
47 92
47 93
47 94
47 95
47 96
47 97
47 98
48 50
48 51
48 52
48 53
48 56
48 59
48 61
48 62
48 64
48 66
48 69
48 71
48 72
48 73
48 74
48 75
48 79
48 80
48 81
48 83
48 84
48 87
48 91
48 92
48 95
48 96
48 99
49 50
49 51
49 52
49 53
49 54
49 55
49 56
49 60
49 61
49 63
49 66
49 69
49 72
49 73
49 74
49 75
49 77
49 79
49 80
49 81
49 82
49 83
49 84
49 85
49 90
49 91
49 92
49 94
49 95
49 96
50 56
50 58
50 60
50 63
50 64
50 65
50 66
50 69
50 70
50 73
50 76
50 77
50 86
50 87
50 88
50 91
50 93
50 96
50 97
51 52
51 54
51 55
51 56
51 59
51 66
51 67
51 68
51 70
51 71
51 78
51 79
51 82
51 83
51 84
51 85
51 88
51 90
51 93
51 94
51 95
51 96
51 97
51 98
52 53
52 54
52 56
52 61
52 64
52 65
52 73
52 75
52 76
52 78
52 84
52 85
52 87
52 90
52 92
52 93
52 95
52 98
53 55
53 56
53 58
53 59
53 62
53 63
53 64
53 66
53 68
53 69
53 71
53 74
53 75
53 76
53 79
53 80
53 83
53 85
53 89
53 90
53 93
53 95
53 96
53 97
53 98
53 99
54 56
54 58
54 59
54 60
54 61
54 63
54 67
54 68
54 69
54 70
54 71
54 74
54 77
54 79
54 80
54 81
54 84
54 85
54 88
54 89
54 92
54 94
54 98
55 56
55 58
55 60
55 61
55 62
55 63
55 65
55 66
55 67
55 71
55 72
55 75
55 78
55 79
55 80
55 84
55 85
55 88
55 91
55 92
55 93
55 95
55 96
55 98
56 57
56 58
56 61
56 64
56 67
56 68
56 69
56 70
56 71
56 73
56 74
56 76
56 77
56 78
56 79
56 85
56 86
56 90
56 92
56 94
56 95
56 98
57 61
57 63
57 66
57 68
57 74
57 75
57 77
57 79
57 82
57 83
57 84
57 87
57 88
57 90
57 91
57 93
57 94
57 96
57 99
58 60
58 65
58 66
58 71
58 72
58 73
58 78
58 79
58 82
58 86
58 89
58 90
58 93
58 94
58 96
58 98
59 60
59 63
59 65
59 67
59 69
59 72
59 75
59 77
59 79
59 81
59 85
59 86
59 92
59 93
59 94
59 97
60 68
60 72
60 73
60 77
60 79
60 83
60 86
60 88
60 89
60 92
60 96
60 98
61 62
61 67
61 69
61 70
61 71
61 73
61 76
61 78
61 80
61 81
61 82
61 84
61 86
61 89
61 90
61 94
61 95
61 96
61 97
61 98
61 99
62 63
62 64
62 65
62 68
62 70
62 72
62 78
62 81
62 89
62 90
62 92
62 93
62 96
63 66
63 67
63 68
63 69
63 70
63 71
63 72
63 74
63 81
63 83
63 90
63 91
63 92
63 93
63 95
63 96
63 97
63 98
64 65
64 71
64 73
64 74
64 75
64 77
64 79
64 81
64 85
64 86
64 90
64 91
64 92
64 94
64 95
64 96
64 98
64 99
65 66
65 69
65 70
65 71
65 72
65 73
65 74
65 75
65 76
65 78
65 79
65 83
65 84
65 85
65 91
65 92
65 93
65 95
65 96
65 97
65 99
66 67
66 69
66 71
66 72
66 74
66 77
66 83
66 86
66 87
66 89
66 93
66 94
66 98
67 69
67 71
67 72
67 73
67 74
67 77
67 79
67 81
67 82
67 83
67 84
67 86
67 89
67 91
67 93
67 94
67 95
67 96
67 97
67 99
68 69
68 70
68 71
68 72
68 80
68 83
68 84
68 88
68 89
68 90
68 93
68 95
68 97
68 99
69 71
69 73
69 74
69 75
69 77
69 78
69 81
69 82
69 83
69 84
69 85
69 86
69 87
69 88
69 89
69 93
69 95
69 96
69 98
69 99
70 72
70 74
70 77
70 80
70 83
70 86
70 87
70 89
70 91
70 97
70 98
70 99
71 72
71 78
71 79
71 81
71 82
71 83
71 84
71 85
71 87
71 88
71 92
71 93
71 95
71 96
71 97
71 98
71 99
72 76
72 77
72 78
72 79
72 81
72 83
72 84
72 86
72 88
72 89
72 90
72 91
72 93
72 94
72 95
72 97
72 99
73 74
73 75
73 78
73 79
73 81
73 85
73 87
73 89
73 91
73 92
73 93
73 95
73 97
73 98
74 75
74 76
74 79
74 80
74 83
74 87
74 90
74 91
74 93
74 95
74 97
75 76
75 86
75 87
75 89
75 90
75 92
75 94
75 95
75 97
76 77
76 79
76 80
76 89
76 90
76 91
76 93
76 95
76 98
76 99
77 78
77 80
77 81
77 82
77 83
77 84
77 89
77 92
77 97
77 98
77 99
78 79
78 81
78 82
78 84
78 85
78 86
78 87
78 90
78 91
78 92
78 95
78 99
79 80
79 81
79 82
79 85
79 88
79 89
79 90
79 91
79 92
79 94
79 96
79 97
79 98
80 82
80 83
80 84
80 85
80 86
80 87
80 95
80 96
81 85
81 87
81 90
81 91
81 92
81 94
81 95
81 97
81 98
81 99
82 86
82 87
82 93
82 96
82 98
82 99
83 85
83 88
83 89
83 90
83 91
83 93
83 95
83 96
83 98
84 85
84 86
84 87
84 88
84 89
84 90
84 92
84 93
84 95
84 99
85 86
85 89
85 91
85 93
85 94
85 96
86 87
86 90
86 95
86 96
86 97
87 91
87 92
87 93
87 95
87 96
87 98
87 99
88 93
88 98
88 99
89 92
89 97
89 98
89 99
90 91
90 92
90 93
90 94
90 95
90 97
91 92
91 94
91 95
91 96
91 98
92 93
92 97
93 95
93 97
94 96
94 98
94 99
95 96
95 98
