0 4
0 7
0 8
0 10
0 11
0 12
0 16
0 18
0 20
0 23
0 25
0 28
0 31
0 33
0 38
0 39
0 42
0 46
0 48
0 53
0 54
0 55
0 56
0 60
0 61
0 64
0 66
0 68
0 69
0 70
0 73
0 74
0 75
0 77
0 78
0 80
0 81
0 83
0 85
0 86
0 87
0 94
0 95
0 97
0 99
1 2
1 4
1 5
1 7
1 8
1 16
1 17
1 18
1 21
1 22
1 23
1 24
1 25
1 26
1 31
1 32
1 33
1 35
1 36
1 37
1 39
1 40
1 42
1 45
1 47
1 48
1 50
1 52
1 53
1 54
1 56
1 57
1 58
1 59
1 62
1 65
1 66
1 67
1 69
1 73
1 74
1 76
1 78
1 81
1 82
1 84
1 86
1 90
1 93
1 95
1 97
2 5
2 6
2 7
2 9
2 11
2 12
2 13
2 14
2 15
2 19
2 20
2 23
2 24
2 25
2 26
2 27
2 30
2 31
2 32
2 34
2 39
2 40
2 41
2 48
2 49
2 52
2 53
2 54
2 55
2 61
2 63
2 64
2 66
2 69
2 70
2 71
2 72
2 73
2 74
2 76
2 81
2 83
2 85
2 87
2 88
2 89
2 90
2 92
2 96
2 97
3 4
3 5
3 7
3 10
3 11
3 13
3 15
3 20
3 21
3 24
3 25
3 26
3 27
3 28
3 31
3 34
3 35
3 36
3 39
3 41
3 43
3 47
3 49
3 51
3 53
3 59
3 60
3 61
3 62
3 63
3 64
3 65
3 66
3 68
3 69
3 72
3 75
3 78
3 81
3 83
3 88
3 89
3 90
3 91
3 93
3 97
3 98
3 99
4 5
4 7
4 8
4 10
4 15
4 16
4 17
4 19
4 20
4 22
4 30
4 31
4 33
4 34
4 35
4 36
4 38
4 39
4 41
4 42
4 43
4 44
4 45
4 46
4 48
4 49
4 50
4 51
4 53
4 55
4 56
4 59
4 61
4 62
4 65
4 66
4 67
4 68
4 69
4 72
4 73
4 74
4 78
4 79
4 80
4 81
4 82
4 83
4 84
4 85
4 86
4 90
4 91
4 94
4 96
4 98
5 7
5 8
5 15
5 16
5 19
5 21
5 22
5 23
5 25
5 26
5 29
5 30
5 32
5 35
5 39
5 40
5 42
5 43
5 44
5 47
5 48
5 49
5 57
5 60
5 62
5 64
5 65
5 66
5 67
5 68
5 69
5 70
5 71
5 72
5 77
5 78
5 80
5 81
5 84
5 86
5 88
5 89
5 94
5 95
5 98
5 99
6 7
6 13
6 16
6 18
6 19
6 22
6 24
6 25
6 26
6 27
6 28
6 30
6 32
6 33
6 34
6 36
6 38
6 40
6 41
6 44
6 45
6 46
6 47
6 48
6 53
6 56
6 57
6 61
6 66
6 70
6 72
6 73
6 77
6 78
6 80
6 81
6 84
6 85
6 87
6 89
6 90
6 91
6 94
6 97
6 99
7 8
7 9
7 10
7 12
7 13
7 14
7 15
7 23
7 24
7 25
7 27
7 36
7 38
7 39
7 42
7 43
7 48
7 49
7 50
7 52
7 53
7 55
7 57
7 58
7 60
7 62
7 63
7 65
7 66
7 67
7 68
7 70
7 72
7 74
7 76
7 77
7 79
7 80
7 81
7 85
7 86
7 88
7 90
7 91
7 92
7 93
7 96
7 99
8 9
8 11
8 12
8 14
8 16
8 18
8 19
8 20
8 22
8 24
8 27
8 28
8 31
8 34
8 35
8 38
8 39
8 44
8 47
8 48
8 49
8 53
8 56
8 65
8 66
8 67
8 68
8 69
8 70
8 71
8 72
8 73
8 75
8 76
8 77
8 78
8 83
8 84
8 88
8 89
8 93
8 96
8 97
8 98
8 99
9 12
9 13
9 20
9 21
9 22
9 25
9 26
9 27
9 29
9 35
9 36
9 37
9 40
9 42
9 43
9 45
9 50
9 51
9 52
9 53
9 55
9 57
9 58
9 59
9 60
9 62
9 63
9 64
9 65
9 66
9 69
9 71
9 72
9 75
9 76
9 78
9 79
9 80
9 81
9 84
9 86
9 88
9 92
9 93
9 95
9 98
10 11
10 13
10 14
10 15
10 17
10 18
10 19
10 21
10 23
10 24
10 25
10 28
10 29
10 30
10 32
10 33
10 34
10 35
10 36
10 37
10 39
10 40
10 41
10 42
10 43
10 45
10 48
10 50
10 51
10 52
10 53
10 55
10 56
10 57
10 59
10 60
10 61
10 64
10 70
10 71
10 72
10 75
10 77
10 80
10 81
10 85
10 86
10 89
10 90
10 93
10 94
10 97
10 99
11 14
11 15
11 16
11 17
11 19
11 20
11 21
11 25
11 28
11 29
11 30
11 33
11 36
11 39
11 40
11 41
11 44
11 46
11 47
11 50
11 51
11 56
11 58
11 59
11 60
11 61
11 62
11 64
11 65
11 67
11 69
11 72
11 74
11 75
11 76
11 80
11 82
11 83
11 85
11 87
11 88
11 90
11 91
11 92
11 93
11 97
11 98
12 13
12 14
12 18
12 20
12 22
12 24
12 25
12 27
12 30
12 33
12 34
12 35
12 40
12 44
12 45
12 49
12 52
12 55
12 58
12 59
12 61
12 63
12 65
12 67
12 69
12 70
12 71
12 73
12 78
12 80
12 82
12 83
12 84
12 85
12 86
12 88
12 89
12 90
12 93
12 97
13 18
13 19
13 22
13 25
13 28
13 29
13 30
13 34
13 36
13 37
13 38
13 39
13 41
13 43
13 45
13 50
13 54
13 59
13 60
13 61
13 63
13 64
13 65
13 67
13 68
13 69
13 73
13 74
13 75
13 76
13 80
13 84
13 85
13 86
13 90
13 93
13 94
13 95
13 98
14 15
14 16
14 17
14 18
14 19
14 29
14 36
14 37
14 39
14 41
14 43
14 48
14 50
14 53
14 54
14 56
14 59
14 60
14 62
14 63
14 67
14 68
14 72
14 73
14 78
14 81
14 82
14 87
14 88
14 89
14 93
14 95
14 96
14 99
15 17
15 20
15 21
15 24
15 27
15 28
15 29
15 30
15 31
15 32
15 34
15 36
15 37
15 39
15 42
15 46
15 49
15 50
15 52
15 54
15 55
15 58
15 61
15 64
15 72
15 73
15 74
15 75
15 77
15 80
15 85
15 88
15 90
15 92
15 93
15 94
15 96
15 97
15 98
16 17
16 18
16 19
16 20
16 21
16 28
16 31
16 32
16 34
16 37
16 39
16 40
16 42
16 43
16 45
16 49
16 52
16 53
16 54
16 56
16 58
16 59
16 60
16 64
16 65
16 66
16 67
16 68
16 69
16 70
16 71
16 74
16 75
16 76
16 77
16 78
16 79
16 80
16 81
16 93
16 94
16 95
16 96
17 18
17 21
17 23
17 24
17 28
17 29
17 31
17 32
17 33
17 34
17 36
17 38
17 40
17 42
17 45
17 46
17 47
17 48
17 51
17 52
17 53
17 54
17 55
17 57
17 59
17 60
17 61
17 68
17 69
17 70
17 71
17 72
17 74
17 75
17 77
17 79
17 85
17 89
17 94
17 95
17 98
18 22
18 23
18 24
18 26
18 30
18 31
18 32
18 33
18 34
18 38
18 39
18 41
18 43
18 46
18 49
18 50
18 52
18 54
18 56
18 57
18 60
18 66
18 67
18 68
18 73
18 76
18 77
18 78
18 79
18 80
18 82
18 84
18 85
18 86
18 87
18 89
18 90
18 91
18 94
18 95
18 97
18 99
19 21
19 22
19 23
19 24
19 27
19 28
19 29
19 30
19 31
19 34
19 37
19 39
19 40
19 41
19 43
19 44
19 45
19 46
19 48
19 50
19 55
19 57
19 58
19 59
19 60
19 61
19 62
19 64
19 66
19 71
19 75
19 76
19 78
19 82
19 83
19 85
19 86
19 87
19 89
19 90
19 91
19 92
19 95
19 97
19 98
19 99
20 21
20 23
20 25
20 26
20 27
20 28
20 30
20 31
20 32
20 35
20 36
20 38
20 39
20 40
20 42
20 43
20 44
20 47
20 48
20 50
20 53
20 54
20 55
20 56
20 57
20 60
20 65
20 68
20 69
20 70
20 72
20 73
20 76
20 77
20 78
20 79
20 80
20 81
20 84
20 85
20 86
20 87
20 89
20 90
20 91
20 92
20 93
20 94
20 97
20 99
21 22
21 23
21 24
21 25
21 26
21 27
21 28
21 29
21 30
21 34
21 35
21 36
21 38
21 41
21 47
21 48
21 49
21 52
21 53
21 58
21 60
21 62
21 63
21 71
21 72
21 76
21 78
21 82
21 85
21 86
21 87
21 89
21 90
21 91
21 92
21 94
21 95
21 96
22 23
22 24
22 26
22 28
22 29
22 30
22 32
22 33
22 36
22 39
22 41
22 46
22 48
22 51
22 52
22 53
22 58
22 60
22 61
22 62
22 64
22 66
22 67
22 70
22 71
22 73
22 74
22 75
22 76
22 78
22 80
22 81
22 84
22 85
22 87
22 88
22 89
22 91
22 92
22 96
22 98
23 25
23 28
23 29
23 33
23 34
23 35
23 36
23 38
23 41
23 46
23 48
23 52
23 53
23 61
23 63
23 64
23 68
23 70
23 71
23 72
23 73
23 75
23 77
23 78
23 81
23 83
23 84
23 85
23 88
23 89
23 91
23 93
23 95
23 99
24 25
24 26
24 29
24 30
24 35
24 37
24 40
24 41
24 42
24 46
24 47
24 49
24 50
24 53
24 55
24 56
24 58
24 60
24 61
24 64
24 67
24 68
24 69
24 75
24 77
24 78
24 79
24 81
24 82
24 84
24 85
24 86
24 90
24 91
24 92
24 93
24 94
24 95
25 28
25 29
25 30
25 31
25 34
25 35
25 36
25 37
25 38
25 39
25 40
25 41
25 43
25 47
25 49
25 51
25 53
25 57
25 58
25 59
25 62
25 64
25 65
25 66
25 68
25 69
25 70
25 71
25 72
25 73
25 74
25 75
25 76
25 77
25 80
25 82
25 83
25 84
25 85
25 88
25 89
25 90
25 91
25 92
25 93
25 94
25 95
25 96
25 98
25 99
26 29
26 30
26 32
26 33
26 35
26 41
26 44
26 46
26 49
26 50
26 52
26 54
26 62
26 69
26 71
26 73
26 74
26 76
26 79
26 85
26 88
26 89
26 90
26 91
26 92
26 94
26 95
26 97
26 98
26 99
27 28
27 32
27 34
27 36
27 37
27 41
27 44
27 45
27 47
27 51
27 54
27 55
27 56
27 61
27 63
27 64
27 65
27 67
27 69
27 71
27 77
27 78
27 79
27 80
27 82
27 84
27 85
27 87
27 89
27 92
27 93
27 96
27 97
27 98
28 29
28 30
28 32
28 37
28 39
28 40
28 41
28 42
28 44
28 45
28 48
28 49
28 51
28 52
28 53
28 55
28 58
28 62
28 63
28 64
28 70
28 71
28 72
28 76
28 78
28 79
28 84
28 85
28 89
28 90
28 93
28 94
28 97
28 98
28 99
29 30
29 31
29 34
29 36
29 39
29 41
29 44
29 45
29 48
29 49
29 53
29 54
29 55
29 56
29 60
29 64
29 65
29 69
29 72
29 73
29 75
29 79
29 80
29 81
29 83
29 87
29 89
29 90
29 92
29 94
29 95
29 97
30 31
30 35
30 36
30 40
30 41
30 43
30 44
30 45
30 48
30 49
30 50
30 59
30 63
30 64
30 66
30 69
30 72
30 74
30 75
30 76
30 77
30 80
30 81
30 86
30 89
30 91
30 92
30 97
31 32
31 33
31 37
31 40
31 41
31 46
31 47
31 49
31 51
31 52
31 53
31 55
31 58
31 60
31 61
31 62
31 64
31 67
31 68
31 69
31 71
31 73
31 74
31 77
31 78
31 82
31 83
31 86
31 87
31 89
31 93
31 94
31 95
31 97
32 34
32 35
32 38
32 39
32 43
32 46
32 49
32 51
32 52
32 53
32 55
32 56
32 59
32 61
32 64
32 65
32 67
32 70
32 72
32 76
32 80
32 81
32 85
32 89
32 93
32 96
32 99
33 34
33 35
33 37
33 38
33 41
33 43
33 44
33 45
33 46
33 47
33 48
33 49
33 50
33 51
33 53
33 56
33 57
33 59
33 61
33 62
33 63
33 65
33 70
33 74
33 76
33 78
33 81
33 82
33 83
33 85
33 89
33 90
33 91
33 93
33 96
33 97
33 98
33 99
34 36
34 37
34 38
34 41
34 42
34 45
34 46
34 48
34 50
34 51
34 52
34 54
34 56
34 57
34 59
34 60
34 61
34 62
34 64
34 65
34 67
34 69
34 70
34 71
34 72
34 75
34 76
34 79
34 81
34 83
34 86
34 89
34 90
34 91
34 92
34 98
34 99
35 38
35 40
35 44
35 45
35 46
35 47
35 49
35 50
35 51
35 57
35 60
35 62
35 63
35 64
35 67
35 69
35 70
35 71
35 73
35 76
35 78
35 80
35 82
35 84
35 86
35 87
35 88
35 91
35 92
35 93
35 94
35 96
35 98
36 39
36 42
36 44
36 45
36 46
36 47
36 48
36 49
36 50
36 52
36 53
36 55
36 57
36 59
36 60
36 61
36 62
36 64
36 65
36 66
36 67
36 70
36 72
36 73
36 75
36 79
36 81
36 84
36 86
36 91
36 92
36 93
36 94
36 95
37 43
37 44
37 46
37 47
37 48
37 49
37 50
37 51
37 57
37 58
37 59
37 60
37 61
37 62
37 63
37 66
37 67
37 68
37 69
37 77
37 78
37 79
37 80
37 82
37 83
37 86
37 87
37 88
37 90
37 92
37 94
37 96
37 97
38 39
38 40
38 43
38 46
38 47
38 50
38 51
38 52
38 55
38 56
38 57
38 65
38 66
38 69
38 73
38 74
38 76
38 79
38 82
38 84
38 85
38 86
38 87
38 89
38 95
38 97
38 98
39 40
39 41
39 43
39 45
39 46
39 49
39 51
39 52
39 54
39 56
39 57
39 58
39 61
39 63
39 72
39 75
39 78
39 82
39 86
39 88
39 93
39 94
39 98
40 47
40 48
40 51
40 52
40 54
40 57
40 60
40 61
40 62
40 65
40 67
40 68
40 70
40 73
40 76
40 80
40 81
40 82
40 83
40 84
40 87
40 88
40 92
40 94
40 99
41 43
41 44
41 46
41 49
41 52
41 53
41 55
41 57
41 59
41 61
41 69
41 70
41 71
41 72
41 75
41 79
41 82
41 83
41 84
41 85
41 89
41 92
41 93
41 94
41 96
41 97
42 44
42 47
42 48
42 50
42 51
42 52
42 54
42 57
42 62
42 63
42 64
42 65
42 71
42 72
42 75
42 76
42 80
42 85
42 89
42 91
42 94
42 96
42 97
42 98
43 44
43 46
43 50
43 51
43 52
43 53
43 55
43 56
43 57
43 59
43 60
43 63
43 65
43 67
43 68
43 71
43 72
43 73
43 77
43 78
43 79
43 80
43 81
43 82
43 83
43 85
43 87
43 88
43 92
43 93
43 95
43 97
43 99
44 45
44 48
44 49
44 50
44 52
44 53
44 55
44 59
44 60
44 61
44 62
44 63
44 64
44 66
44 67
44 68
44 69
44 70
44 78
44 82
44 83
44 84
44 87
44 88
44 90
44 92
44 93
44 94
44 96
44 97
44 98
45 47
45 49
45 52
45 55
45 56
45 58
45 59
45 61
45 62
45 63
45 64
45 65
45 69
45 71
45 73
45 75
45 77
45 78
45 79
45 80
45 82
45 83
45 85
45 88
45 89
45 90
45 91
45 93
45 94
45 96
45 98
46 47
46 48
46 49
46 54
46 55
46 58
46 60
46 61
46 62
46 68
46 69
46 70
46 72
46 73
46 75
46 78
46 79
46 82
46 83
46 84
46 85
46 86
46 88
46 98
46 99
47 50
47 51
47 52
47 55
47 58
47 59
47 61
47 62
47 63
47 66
47 67
47 68
47 72
47 73
47 75
47 77
47 78
47 79
47 80
47 82
47 84
47 88
47 89
47 90
47 93
47 96
47 97
48 50
48 52
48 53
48 54
48 57
48 59
48 60
48 64
48 66
48 67
48 70
48 75
48 78
48 79
48 80
48 81
48 83
48 85
48 86
48 87
48 90
48 92
48 94
48 95
48 97
48 98
48 99
49 50
49 51
49 52
49 55
49 56
49 57
49 58
49 59
49 66
49 68
49 69
49 71
49 72
49 73
49 74
49 75
49 77
49 78
49 82
49 83
49 85
49 89
49 91
49 92
50 52
50 53
50 55
50 59
50 63
50 65
50 68
50 70
50 72
50 74
50 75
50 77
50 79
50 80
50 82
50 87
50 88
50 91
50 92
50 96
51 53
51 59
51 60
51 61
51 63
51 64
51 65
51 68
51 69
51 70
51 72
51 76
51 77
51 78
51 79
51 82
51 84
51 87
51 89
51 90
51 92
51 93
51 97
52 53
52 57
52 59
52 62
52 63
52 64
52 69
52 72
52 73
52 76
52 79
52 81
52 83
52 84
52 87
52 88
52 89
52 90
52 95
52 96
52 97
52 98
53 54
53 56
53 57
53 58
53 60
53 63
53 67
53 68
53 69
53 70
53 71
53 72
53 74
53 75
53 80
53 82
53 84
53 85
53 86
53 87
53 90
53 91
53 92
53 94
53 98
53 99
54 55
54 56
54 58
54 61
54 63
54 64
54 65
54 68
54 71
54 73
54 76
54 77
54 78
54 79
54 80
54 81
54 83
54 88
54 89
54 92
54 97
54 98
54 99
55 58
55 59
55 61
55 62
55 63
55 64
55 65
55 68
55 70
55 73
55 78
55 79
55 80
55 81
55 82
55 84
55 86
55 91
55 93
55 94
55 95
55 97
55 99
56 57
56 59
56 63
56 64
56 67
56 68
56 69
56 72
56 73
56 75
56 76
56 77
56 78
56 82
56 83
56 84
56 87
56 90
56 91
56 93
56 94
56 95
56 96
57 58
57 59
57 63
57 64
57 66
57 67
57 69
57 70
57 71
57 75
57 76
57 82
57 91
57 94
57 98
57 99
58 61
58 62
58 63
58 64
58 65
58 67
58 71
58 73
58 74
58 76
58 77
58 78
58 80
58 83
58 89
58 92
58 94
58 95
58 96
58 97
59 60
59 64
59 65
59 67
59 71
59 72
59 76
59 77
59 85
59 86
59 89
59 91
59 92
59 94
60 61
60 62
60 65
60 66
60 68
60 69
60 70
60 71
60 74
60 76
60 77
60 79
60 83
60 84
60 86
60 89
60 90
60 91
60 92
60 93
60 97
60 99
61 62
61 63
61 64
61 65
61 66
61 67
61 68
61 69
61 72
61 73
61 74
61 75
61 77
61 79
61 80
61 81
61 83
61 84
61 85
61 86
61 87
61 88
61 89
61 91
61 94
61 96
62 66
62 67
62 70
62 71
62 72
62 75
62 78
62 81
62 83
62 86
62 87
62 88
62 90
62 93
62 95
62 97
62 99
63 64
63 65
63 66
63 67
63 69
63 73
63 74
63 75
63 76
63 80
63 82
63 86
63 88
63 89
63 91
63 92
63 94
63 96
63 98
63 99
64 66
64 69
64 70
64 71
64 73
64 74
64 76
64 79
64 80
64 82
64 84
64 88
64 91
64 94
64 96
64 97
64 98
64 99
65 66
65 67
65 68
65 69
65 70
65 71
65 74
65 76
65 77
65 80
65 83
65 86
65 88
65 89
65 90
65 94
65 98
65 99
66 69
66 70
66 71
66 80
66 82
66 84
66 85
66 91
66 93
66 94
66 95
66 98
66 99
67 68
67 69
67 71
67 72
67 73
67 74
67 76
67 77
67 79
67 81
67 82
67 83
67 86
67 87
67 89
67 90
67 92
67 94
67 95
67 97
68 69
68 72
68 75
68 76
68 79
68 80
68 82
68 83
68 84
68 86
68 87
68 96
68 99
69 71
69 72
69 73
69 75
69 76
69 79
69 81
69 83
69 84
69 86
69 88
69 89
69 90
69 91
69 94
69 95
69 99
70 72
70 74
70 76
70 78
70 80
70 81
70 82
70 83
70 84
70 85
70 86
70 88
70 90
70 92
70 93
70 94
70 97
70 99
71 74
71 76
71 80
71 81
71 82
71 83
71 86
71 89
71 91
71 92
71 95
71 96
71 99
72 73
72 74
72 79
72 82
72 83
72 86
72 87
72 88
72 89
72 94
72 96
72 97
72 98
73 75
73 76
73 77
73 80
73 84
73 86
73 87
73 88
73 89
73 92
73 95
73 96
73 97
73 98
74 77
74 80
74 81
74 85
74 86
74 88
74 90
74 93
74 94
74 95
74 97
74 99
75 76
75 77
75 78
75 80
75 83
75 84
75 87
75 90
75 92
75 94
75 98
75 99
76 78
76 80
76 82
76 86
76 88
76 91
76 92
76 93
76 97
76 98
76 99
77 78
77 79
77 80
77 83
77 84
77 85
77 86
77 87
77 89
77 90
77 94
77 96
77 97
78 81
78 82
78 87
78 88
78 91
78 92
78 94
78 96
79 80
79 82
79 86
79 94
80 81
80 84
80 86
80 87
80 89
80 92
80 94
80 95
81 82
81 83
81 84
81 88
81 90
81 91
81 93
81 94
81 96
81 97
81 98
81 99
82 83
82 87
82 89
82 92
82 94
82 97
83 84
83 86
83 88
83 89
83 90
83 91
83 92
83 93
83 96
83 98
84 86
84 87
84 88
84 89
84 90
84 91
84 94
84 96
84 97
85 90
85 91
85 94
85 96
85 97
86 88
86 92
86 93
86 95
86 96
87 88
87 91
87 92
87 93
87 94
87 96
87 97
87 99
88 89
88 90
88 91
88 92
88 96
88 97
88 99
89 91
89 92
89 94
89 95
89 96
89 98
89 99
90 92
90 93
90 95
91 95
91 97
91 99
92 93
92 94
92 96
92 97
92 98
92 99
93 95
93 97
93 98
93 99
94 96
94 97
94 98
95 97
95 99
96 97
96 99
97 99
98 99
