0 2
0 5
0 12
0 14
0 15
0 17
0 18
0 19
0 20
0 21
0 22
0 23
0 24
0 30
0 33
0 34
0 37
0 38
0 41
0 42
0 44
0 46
0 47
0 51
0 53
0 56
0 59
0 64
0 67
0 68
0 69
0 71
0 74
0 79
0 80
0 82
0 86
0 88
0 89
0 91
0 93
0 94
0 95
0 97
0 98
0 99
1 4
1 5
1 6
1 8
1 9
1 10
1 11
1 12
1 16
1 18
1 19
1 21
1 22
1 23
1 24
1 25
1 26
1 27
1 28
1 29
1 30
1 31
1 32
1 34
1 35
1 36
1 39
1 41
1 43
1 46
1 47
1 48
1 49
1 52
1 53
1 55
1 61
1 62
1 64
1 66
1 72
1 74
1 77
1 79
1 83
1 84
1 86
1 89
1 93
1 95
1 96
2 4
2 5
2 6
2 8
2 11
2 15
2 16
2 17
2 18
2 23
2 26
2 27
2 29
2 30
2 31
2 34
2 35
2 37
2 39
2 41
2 44
2 47
2 49
2 50
2 51
2 52
2 57
2 58
2 60
2 61
2 62
2 63
2 65
2 66
2 67
2 68
2 69
2 70
2 71
2 74
2 77
2 78
2 82
2 83
2 86
2 88
2 89
2 91
2 94
2 95
2 96
2 97
3 7
3 12
3 13
3 14
3 16
3 17
3 18
3 21
3 27
3 28
3 30
3 32
3 34
3 35
3 36
3 37
3 38
3 39
3 40
3 41
3 42
3 44
3 46
3 50
3 52
3 53
3 56
3 57
3 58
3 61
3 65
3 66
3 67
3 68
3 71
3 73
3 74
3 75
3 76
3 77
3 79
3 80
3 84
3 86
3 88
3 89
3 90
3 94
3 95
3 96
4 5
4 11
4 12
4 17
4 18
4 21
4 23
4 27
4 29
4 30
4 32
4 34
4 35
4 36
4 39
4 43
4 44
4 45
4 47
4 50
4 51
4 52
4 53
4 54
4 56
4 57
4 60
4 61
4 62
4 65
4 66
4 67
4 69
4 70
4 71
4 73
4 74
4 77
4 81
4 82
4 93
4 96
4 97
4 99
5 8
5 9
5 12
5 13
5 14
5 27
5 29
5 30
5 33
5 38
5 39
5 41
5 42
5 43
5 45
5 47
5 49
5 51
5 54
5 55
5 56
5 57
5 59
5 61
5 63
5 68
5 69
5 70
5 73
5 75
5 76
5 77
5 81
5 83
5 85
5 86
5 89
5 90
5 92
5 93
5 97
5 99
6 8
6 9
6 10
6 11
6 16
6 17
6 19
6 20
6 21
6 26
6 27
6 29
6 30
6 31
6 33
6 35
6 37
6 38
6 39
6 40
6 42
6 44
6 45
6 47
6 49
6 50
6 52
6 53
6 54
6 55
6 56
6 57
6 58
6 62
6 65
6 69
6 70
6 71
6 72
6 74
6 76
6 79
6 80
6 81
6 83
6 86
6 87
6 90
6 91
6 93
6 98
6 99
7 8
7 9
7 11
7 12
7 14
7 15
7 18
7 20
7 21
7 23
7 27
7 30
7 33
7 37
7 38
7 40
7 41
7 45
7 46
7 49
7 51
7 54
7 59
7 60
7 62
7 64
7 68
7 71
7 73
7 74
7 75
7 79
7 80
7 81
7 82
7 83
7 85
7 89
7 90
7 91
7 92
7 98
8 14
8 15
8 18
8 21
8 24
8 26
8 28
8 31
8 33
8 36
8 37
8 38
8 40
8 42
8 44
8 46
8 47
8 50
8 53
8 54
8 60
8 67
8 68
8 71
8 73
8 74
8 80
8 81
8 83
8 85
8 88
8 92
8 94
8 96
8 98
8 99
9 11
9 12
9 13
9 14
9 18
9 21
9 22
9 23
9 24
9 26
9 28
9 29
9 30
9 31
9 32
9 35
9 36
9 40
9 41
9 44
9 45
9 46
9 47
9 52
9 55
9 57
9 59
9 63
9 65
9 68
9 70
9 71
9 76
9 78
9 84
9 90
9 93
9 94
9 95
9 96
9 99
10 11
10 13
10 14
10 15
10 16
10 17
10 18
10 19
10 20
10 22
10 24
10 25
10 27
10 28
10 32
10 35
10 38
10 39
10 40
10 42
10 43
10 45
10 47
10 49
10 50
10 51
10 55
10 56
10 59
10 60
10 64
10 66
10 67
10 68
10 69
10 72
10 73
10 75
10 76
10 79
10 81
10 83
10 84
10 85
10 88
10 90
10 91
10 93
10 94
10 96
10 97
11 12
11 14
11 15
11 16
11 18
11 19
11 20
11 21
11 24
11 25
11 26
11 27
11 28
11 30
11 32
11 36
11 38
11 45
11 47
11 52
11 54
11 55
11 57
11 59
11 60
11 62
11 63
11 64
11 66
11 67
11 70
11 71
11 75
11 76
11 77
11 78
11 79
11 81
11 82
11 87
11 92
11 94
11 98
11 99
12 13
12 14
12 15
12 18
12 19
12 20
12 21
12 22
12 24
12 27
12 30
12 32
12 33
12 34
12 35
12 36
12 41
12 45
12 46
12 49
12 53
12 54
12 55
12 56
12 57
12 58
12 59
12 60
12 62
12 65
12 66
12 67
12 69
12 70
12 71
12 74
12 75
12 76
12 77
12 78
12 79
12 81
12 83
12 86
12 91
12 92
12 94
12 95
12 96
12 99
13 14
13 16
13 20
13 22
13 23
13 25
13 28
13 29
13 31
13 32
13 35
13 36
13 37
13 38
13 41
13 42
13 44
13 47
13 48
13 50
13 55
13 56
13 57
13 58
13 59
13 60
13 62
13 63
13 71
13 72
13 74
13 78
13 79
13 82
13 83
13 84
13 86
13 87
13 89
13 90
13 92
13 95
13 96
14 16
14 21
14 23
14 24
14 25
14 26
14 27
14 28
14 29
14 30
14 31
14 32
14 35
14 41
14 43
14 44
14 45
14 46
14 47
14 53
14 58
14 59
14 60
14 61
14 62
14 63
14 64
14 65
14 67
14 70
14 71
14 72
14 73
14 75
14 77
14 78
14 79
14 80
14 85
14 88
14 94
14 96
14 99
15 18
15 19
15 20
15 21
15 23
15 25
15 27
15 29
15 31
15 32
15 33
15 34
15 35
15 37
15 39
15 40
15 41
15 42
15 43
15 44
15 47
15 48
15 53
15 54
15 57
15 67
15 68
15 69
15 70
15 72
15 76
15 77
15 78
15 81
15 83
15 86
15 88
15 89
15 90
15 91
15 92
15 93
15 95
15 96
15 97
15 99
16 17
16 18
16 21
16 22
16 30
16 33
16 37
16 43
16 44
16 46
16 48
16 49
16 51
16 52
16 57
16 58
16 59
16 60
16 61
16 64
16 69
16 72
16 73
16 75
16 76
16 78
16 79
16 80
16 83
16 86
16 88
16 89
16 91
16 93
16 94
16 95
16 96
16 97
16 99
17 18
17 19
17 21
17 22
17 25
17 26
17 30
17 31
17 35
17 36
17 37
17 38
17 39
17 43
17 44
17 46
17 47
17 49
17 52
17 53
17 54
17 56
17 58
17 62
17 64
17 65
17 69
17 70
17 71
17 72
17 73
17 74
17 75
17 81
17 83
17 88
17 89
17 93
17 95
17 96
17 97
18 20
18 22
18 23
18 27
18 30
18 32
18 33
18 34
18 37
18 38
18 39
18 40
18 41
18 42
18 43
18 47
18 50
18 51
18 54
18 57
18 63
18 64
18 66
18 70
18 71
18 74
18 75
18 78
18 84
18 85
18 87
18 88
18 91
18 97
19 22
19 25
19 26
19 27
19 28
19 29
19 30
19 31
19 33
19 34
19 36
19 40
19 41
19 44
19 45
19 46
19 47
19 48
19 49
19 53
19 55
19 56
19 58
19 59
19 60
19 62
19 64
19 65
19 68
19 69
19 71
19 72
19 75
19 78
19 81
19 82
19 83
19 85
19 86
19 88
19 91
19 92
19 93
19 94
19 95
19 96
19 97
20 23
20 24
20 28
20 29
20 32
20 33
20 34
20 36
20 41
20 42
20 43
20 45
20 46
20 48
20 49
20 52
20 54
20 55
20 58
20 60
20 62
20 63
20 65
20 66
20 68
20 69
20 73
20 74
20 77
20 78
20 79
20 80
20 81
20 84
20 85
20 86
20 87
20 90
20 92
20 95
20 97
20 98
20 99
21 23
21 24
21 26
21 27
21 28
21 29
21 32
21 33
21 38
21 42
21 43
21 44
21 45
21 46
21 47
21 48
21 49
21 52
21 54
21 55
21 56
21 57
21 60
21 63
21 64
21 66
21 67
21 70
21 72
21 76
21 77
21 78
21 80
21 82
21 86
21 87
21 88
21 89
21 91
21 92
21 93
21 95
21 98
21 99
22 24
22 25
22 27
22 28
22 30
22 37
22 39
22 43
22 45
22 48
22 50
22 51
22 53
22 54
22 57
22 58
22 59
22 60
22 61
22 63
22 64
22 67
22 68
22 69
22 71
22 74
22 75
22 81
22 83
22 84
22 85
22 86
22 87
22 88
22 90
22 91
22 92
22 96
22 97
22 99
23 26
23 31
23 32
23 33
23 34
23 35
23 36
23 39
23 41
23 43
23 47
23 50
23 58
23 60
23 62
23 63
23 67
23 71
23 77
23 78
23 79
23 83
23 84
23 85
23 87
23 91
23 92
23 93
23 94
23 96
23 98
23 99
24 26
24 28
24 29
24 33
24 34
24 37
24 38
24 39
24 40
24 43
24 45
24 46
24 47
24 48
24 49
24 50
24 53
24 54
24 59
24 60
24 64
24 68
24 69
24 74
24 75
24 78
24 82
24 84
24 87
24 89
24 90
24 91
24 93
24 94
25 27
25 33
25 35
25 38
25 39
25 43
25 44
25 47
25 48
25 51
25 53
25 55
25 57
25 59
25 60
25 61
25 66
25 69
25 71
25 74
25 75
25 77
25 79
25 80
25 82
25 84
25 85
25 86
25 91
25 93
25 98
26 27
26 29
26 30
26 32
26 33
26 37
26 39
26 44
26 45
26 48
26 49
26 51
26 52
26 53
26 55
26 58
26 63
26 64
26 65
26 69
26 72
26 73
26 77
26 84
26 85
26 86
26 87
26 89
26 91
26 93
26 94
26 95
26 96
26 98
26 99
27 28
27 29
27 33
27 34
27 35
27 37
27 38
27 40
27 42
27 43
27 47
27 51
27 52
27 53
27 54
27 56
27 57
27 58
27 61
27 62
27 63
27 72
27 78
27 79
27 81
27 83
27 84
27 85
27 86
27 87
27 92
27 93
27 94
27 95
27 97
27 98
27 99
28 29
28 31
28 33
28 34
28 35
28 38
28 39
28 41
28 44
28 45
28 47
28 48
28 50
28 54
28 55
28 56
28 59
28 60
28 61
28 62
28 65
28 66
28 67
28 72
28 75
28 76
28 77
28 78
28 79
28 80
28 81
28 82
28 83
28 85
28 88
28 91
28 93
28 94
28 97
28 98
28 99
29 30
29 32
29 34
29 35
29 36
29 39
29 45
29 47
29 52
29 53
29 56
29 59
29 60
29 61
29 62
29 63
29 64
29 65
29 68
29 72
29 76
29 77
29 81
29 83
29 84
29 85
29 86
29 87
29 88
29 89
29 92
29 93
29 96
29 99
30 31
30 33
30 34
30 36
30 42
30 46
30 47
30 48
30 49
30 50
30 51
30 52
30 56
30 57
30 59
30 60
30 61
30 63
30 64
30 65
30 66
30 68
30 69
30 70
30 71
30 72
30 73
30 74
30 75
30 76
30 79
30 80
30 81
30 82
30 83
30 84
30 85
30 86
30 88
30 90
30 91
30 92
30 93
30 95
30 97
30 98
31 33
31 34
31 35
31 37
31 38
31 39
31 47
31 48
31 52
31 53
31 56
31 57
31 58
31 59
31 60
31 61
31 62
31 63
31 64
31 66
31 68
31 70
31 71
31 72
31 73
31 74
31 77
31 81
31 82
31 87
31 88
31 89
31 92
31 94
31 95
31 97
31 99
32 34
32 36
32 38
32 39
32 41
32 43
32 44
32 45
32 47
32 48
32 49
32 51
32 52
32 54
32 55
32 56
32 57
32 63
32 64
32 66
32 67
32 68
32 74
32 75
32 76
32 79
32 80
32 81
32 84
32 85
32 86
32 87
32 88
32 90
32 92
32 93
32 94
32 95
32 98
32 99
33 34
33 37
33 38
33 39
33 40
33 41
33 42
33 43
33 44
33 45
33 49
33 50
33 52
33 55
33 57
33 59
33 60
33 61
33 63
33 64
33 67
33 69
33 75
33 76
33 83
33 85
33 86
33 88
33 91
33 92
33 94
33 96
34 35
34 36
34 37
34 39
34 41
34 42
34 44
34 45
34 47
34 49
34 53
34 54
34 55
34 58
34 59
34 68
34 69
34 70
34 72
34 73
34 77
34 79
34 80
34 81
34 85
34 90
34 94
34 97
35 36
35 38
35 39
35 40
35 42
35 43
35 45
35 46
35 47
35 49
35 50
35 51
35 53
35 54
35 55
35 56
35 60
35 61
35 64
35 65
35 67
35 68
35 70
35 71
35 72
35 73
35 76
35 78
35 79
35 82
35 84
35 85
35 89
35 90
35 93
35 96
36 38
36 43
36 44
36 46
36 52
36 54
36 55
36 60
36 63
36 65
36 67
36 68
36 69
36 70
36 76
36 80
36 83
36 85
36 86
36 90
36 92
36 95
37 38
37 39
37 42
37 43
37 46
37 47
37 49
37 55
37 57
37 60
37 61
37 64
37 65
37 69
37 71
37 72
37 73
37 76
37 77
37 78
37 80
37 82
37 85
37 86
37 90
37 93
37 95
37 96
37 97
37 98
37 99
38 42
38 43
38 45
38 47
38 49
38 52
38 55
38 57
38 58
38 61
38 62
38 63
38 64
38 68
38 71
38 76
38 79
38 81
38 84
38 86
38 87
38 91
38 93
38 96
38 97
39 40
39 41
39 42
39 43
39 44
39 45
39 46
39 47
39 49
39 51
39 53
39 55
39 56
39 57
39 58
39 59
39 60
39 62
39 63
39 64
39 65
39 67
39 73
39 77
39 79
39 81
39 87
39 93
39 94
39 97
40 41
40 42
40 45
40 46
40 51
40 54
40 56
40 57
40 61
40 62
40 65
40 70
40 74
40 76
40 78
40 83
40 84
40 85
40 86
40 87
40 88
40 89
41 42
41 45
41 46
41 47
41 48
41 49
41 50
41 51
41 52
41 55
41 58
41 59
41 62
41 63
41 65
41 66
41 68
41 69
41 71
41 73
41 76
41 77
41 78
41 79
41 80
41 81
41 84
41 85
41 86
41 88
41 90
41 91
41 92
41 94
41 96
41 97
41 99
42 45
42 47
42 53
42 54
42 55
42 56
42 59
42 60
42 61
42 62
42 64
42 68
42 69
42 72
42 74
42 76
42 78
42 79
42 83
42 84
42 85
42 86
42 88
42 89
42 91
42 92
42 93
42 94
42 97
42 99
43 44
43 45
43 48
43 50
43 52
43 53
43 56
43 59
43 60
43 68
43 71
43 72
43 73
43 74
43 77
43 79
43 81
43 82
43 84
43 85
43 86
43 87
43 88
43 90
43 94
43 97
43 99
44 46
44 48
44 49
44 53
44 55
44 56
44 57
44 58
44 60
44 62
44 63
44 64
44 65
44 67
44 70
44 74
44 75
44 76
44 79
44 80
44 81
44 83
44 87
44 88
44 89
44 91
44 94
44 95
44 96
45 48
45 49
45 50
45 52
45 55
45 57
45 58
45 59
45 60
45 62
45 63
45 70
45 73
45 76
45 78
45 81
45 83
45 84
45 85
45 86
45 89
45 91
45 92
45 93
45 96
46 47
46 51
46 53
46 54
46 55
46 56
46 58
46 61
46 64
46 66
46 67
46 69
46 71
46 72
46 74
46 75
46 79
46 80
46 81
46 83
46 84
46 85
46 87
46 88
46 89
46 90
46 91
46 92
46 93
46 94
46 95
46 99
47 48
47 50
47 53
47 55
47 56
47 57
47 58
47 59
47 63
47 65
47 66
47 67
47 70
47 73
47 74
47 77
47 79
47 80
47 86
47 91
47 93
47 95
47 96
47 98
48 49
48 50
48 52
48 53
48 55
48 57
48 61
48 65
48 66
48 69
48 70
48 71
48 74
48 75
48 78
48 80
48 81
48 85
48 86
48 87
48 88
48 90
48 94
48 95
48 97
48 98
48 99
49 51
49 52
49 54
49 56
49 58
49 59
49 61
49 62
49 64
49 65
49 66
49 67
49 69
49 70
49 71
49 74
49 77
49 78
49 79
49 80
49 82
49 83
49 84
49 85
49 86
49 87
49 91
49 94
49 95
49 96
49 99
50 53
50 54
50 55
50 58
50 62
50 65
50 66
50 67
50 70
50 71
50 72
50 74
50 76
50 78
50 81
50 83
50 86
50 88
50 90
51 56
51 61
51 63
51 66
51 68
51 69
51 70
51 72
51 74
51 76
51 78
51 79
51 82
51 83
51 86
51 87
51 90
51 91
51 94
51 95
51 97
51 99
52 53
52 55
52 60
52 61
52 63
52 64
52 65
52 67
52 68
52 70
52 71
52 72
52 73
52 75
52 78
52 81
52 82
52 84
52 87
52 88
52 89
52 92
52 94
52 95
52 99
53 55
53 58
53 59
53 60
53 62
53 63
53 64
53 65
53 66
53 69
53 71
53 72
53 74
53 76
53 77
53 80
53 81
53 84
53 85
53 87
53 92
53 93
53 94
53 95
53 96
53 98
54 56
54 57
54 58
54 59
54 62
54 64
54 66
54 67
54 68
54 70
54 72
54 73
54 75
54 80
54 83
54 86
54 89
54 90
54 91
54 92
54 93
54 98
55 56
55 57
55 60
55 63
55 66
55 74
55 75
55 76
55 80
55 83
55 86
55 87
55 88
55 89
55 90
55 92
55 93
55 94
55 96
55 99
56 57
56 58
56 61
56 62
56 66
56 68
56 70
56 71
56 72
56 73
56 76
56 79
56 82
56 84
56 85
56 88
56 89
56 92
56 93
56 96
57 58
57 59
57 62
57 63
57 64
57 65
57 70
57 71
57 78
57 79
57 80
57 81
57 85
57 87
57 89
57 90
57 92
57 93
57 94
57 96
57 97
57 98
57 99
58 59
58 61
58 62
58 63
58 64
58 68
58 69
58 70
58 74
58 77
58 78
58 80
58 81
58 82
58 83
58 87
58 89
58 92
58 93
58 94
58 95
58 97
58 98
58 99
59 60
59 63
59 64
59 66
59 68
59 71
59 75
59 76
59 78
59 84
59 85
59 86
59 88
59 90
59 91
59 93
59 94
59 96
59 98
60 61
60 63
60 64
60 69
60 70
60 74
60 75
60 77
60 81
60 82
60 83
60 84
60 85
60 86
60 91
60 93
60 94
60 95
60 96
60 97
61 62
61 64
61 65
61 68
61 70
61 71
61 73
61 75
61 77
61 78
61 79
61 80
61 83
61 84
61 91
61 92
61 93
61 97
61 99
62 63
62 66
62 67
62 68
62 70
62 72
62 73
62 74
62 76
62 77
62 82
62 83
62 84
62 85
62 86
62 88
62 89
62 90
62 92
62 94
62 95
62 98
63 66
63 67
63 70
63 73
63 76
63 83
63 84
63 86
63 87
63 89
63 90
63 92
63 95
63 96
63 98
64 65
64 66
64 67
64 69
64 70
64 73
64 74
64 75
64 76
64 81
64 83
64 84
64 85
64 87
64 89
64 90
64 91
64 93
64 94
64 96
64 97
65 68
65 70
65 71
65 72
65 74
65 75
65 76
65 77
65 78
65 83
65 84
65 87
65 88
65 93
65 94
65 95
65 96
65 98
65 99
66 69
66 72
66 73
66 75
66 76
66 77
66 78
66 81
66 83
66 84
66 85
66 86
66 88
66 89
66 91
67 71
67 78
67 83
67 86
67 87
67 88
67 89
67 94
67 95
67 96
68 72
68 74
68 78
68 80
68 82
68 85
68 86
68 87
68 90
68 92
68 93
68 95
69 72
69 73
69 74
69 75
69 77
69 80
69 81
69 82
69 83
69 86
69 87
69 88
69 89
69 90
69 91
69 92
69 94
69 95
69 98
70 71
70 72
70 79
70 83
70 84
70 85
70 86
70 88
70 89
70 90
70 93
70 95
70 96
70 97
70 98
70 99
71 72
71 73
71 76
71 80
71 81
71 85
71 90
71 91
71 93
71 95
71 98
72 79
72 80
72 81
72 89
72 90
72 93
72 95
72 96
72 98
73 76
73 77
73 79
73 81
73 83
73 84
73 85
73 88
73 90
73 95
73 96
73 97
73 98
73 99
74 75
74 76
74 77
74 80
74 82
74 84
74 85
74 86
74 87
74 89
74 90
74 92
74 93
74 94
74 95
74 96
74 98
75 76
75 78
75 79
75 80
75 81
75 83
75 84
75 85
75 87
75 88
75 90
75 92
75 94
76 77
76 78
76 79
76 80
76 82
76 85
76 88
76 89
76 90
76 92
76 93
76 97
76 98
76 99
77 79
77 81
77 85
77 86
77 87
77 89
77 92
77 93
77 96
77 97
77 99
78 80
78 81
78 84
78 86
78 87
78 89
78 90
78 91
78 92
78 93
78 97
78 98
79 81
79 83
79 85
79 86
79 87
79 89
79 90
79 91
79 92
79 94
79 95
79 96
79 97
79 99
80 83
80 85
80 87
80 88
80 90
80 91
80 95
80 97
80 98
80 99
81 82
81 84
81 91
81 94
81 98
81 99
82 86
82 87
82 88
82 89
82 90
82 91
82 93
82 96
82 97
83 84
83 86
83 87
83 88
83 91
83 96
84 89
84 90
84 93
84 94
84 95
84 96
84 98
85 89
85 90
85 91
85 92
85 94
85 95
86 87
86 88
86 90
86 94
86 95
86 97
87 88
87 94
87 96
88 89
88 90
88 91
88 92
88 93
88 95
89 92
89 94
89 97
89 98
89 99
90 91
90 92
90 95
90 97
90 99
91 92
91 96
91 97
91 99
92 95
92 96
92 97
92 99
93 96
93 98
94 95
96 98
96 99
97 98
