0 1
0 2
0 3
0 4
0 7
0 8
0 9
0 10
0 12
0 15
0 16
0 17
0 18
0 19
0 21
0 22
0 23
0 24
0 26
0 33
0 34
0 35
0 38
0 40
0 42
0 44
0 45
0 47
0 48
0 49
0 50
0 52
0 53
0 55
0 58
0 59
0 60
0 61
0 65
0 79
0 80
0 81
0 82
0 83
0 86
0 89
0 91
0 92
0 96
0 97
0 99
1 2
1 6
1 9
1 10
1 11
1 12
1 14
1 16
1 20
1 21
1 24
1 25
1 27
1 32
1 34
1 35
1 36
1 37
1 40
1 41
1 42
1 44
1 47
1 49
1 52
1 53
1 54
1 55
1 56
1 59
1 60
1 61
1 63
1 66
1 69
1 73
1 78
1 79
1 80
1 81
1 83
1 86
1 91
1 92
1 93
1 94
1 96
1 97
2 7
2 8
2 9
2 11
2 12
2 14
2 22
2 23
2 24
2 25
2 26
2 27
2 28
2 29
2 31
2 32
2 33
2 37
2 41
2 43
2 45
2 46
2 50
2 51
2 53
2 57
2 61
2 62
2 63
2 65
2 72
2 73
2 76
2 78
2 80
2 81
2 83
2 84
2 85
2 87
2 88
2 94
2 95
2 98
3 6
3 7
3 8
3 9
3 10
3 12
3 14
3 15
3 16
3 18
3 19
3 20
3 22
3 23
3 26
3 27
3 29
3 33
3 34
3 41
3 42
3 43
3 46
3 54
3 55
3 56
3 57
3 59
3 60
3 61
3 62
3 63
3 64
3 65
3 66
3 67
3 68
3 69
3 70
3 71
3 72
3 73
3 74
3 77
3 82
3 85
3 86
3 88
3 89
3 93
3 94
3 95
4 6
4 8
4 9
4 16
4 18
4 20
4 21
4 22
4 23
4 27
4 28
4 31
4 32
4 37
4 38
4 39
4 41
4 43
4 44
4 48
4 51
4 52
4 55
4 58
4 60
4 61
4 64
4 65
4 68
4 69
4 71
4 72
4 74
4 75
4 76
4 79
4 87
4 90
4 91
4 93
4 94
4 96
4 99
5 6
5 8
5 10
5 11
5 12
5 17
5 20
5 23
5 25
5 27
5 29
5 31
5 32
5 35
5 36
5 37
5 38
5 40
5 42
5 44
5 46
5 48
5 52
5 53
5 57
5 62
5 69
5 70
5 72
5 74
5 77
5 78
5 83
5 84
5 85
5 86
5 88
5 89
5 90
5 91
5 93
5 94
5 95
5 96
6 8
6 9
6 11
6 12
6 14
6 15
6 18
6 21
6 23
6 25
6 29
6 30
6 33
6 36
6 37
6 40
6 42
6 44
6 46
6 48
6 49
6 51
6 54
6 55
6 60
6 62
6 64
6 65
6 70
6 71
6 74
6 76
6 77
6 78
6 81
6 82
6 84
6 86
6 88
6 89
6 90
6 92
6 93
6 94
6 95
6 99
7 9
7 12
7 13
7 16
7 18
7 19
7 22
7 24
7 27
7 29
7 30
7 31
7 34
7 35
7 38
7 39
7 41
7 42
7 43
7 44
7 45
7 46
7 49
7 51
7 54
7 55
7 57
7 58
7 59
7 62
7 64
7 67
7 68
7 73
7 74
7 76
7 79
7 80
7 81
7 82
7 87
7 89
7 90
7 91
7 92
7 93
7 94
7 95
7 97
7 98
8 9
8 15
8 21
8 26
8 27
8 29
8 30
8 36
8 38
8 40
8 42
8 47
8 48
8 51
8 53
8 55
8 56
8 57
8 60
8 61
8 65
8 71
8 72
8 75
8 78
8 79
8 80
8 87
8 89
8 90
8 94
8 95
8 97
8 98
8 99
9 11
9 14
9 16
9 17
9 18
9 19
9 20
9 22
9 23
9 27
9 29
9 31
9 32
9 33
9 34
9 35
9 38
9 39
9 40
9 43
9 47
9 48
9 50
9 51
9 52
9 53
9 55
9 57
9 58
9 59
9 60
9 62
9 63
9 65
9 69
9 70
9 71
9 73
9 77
9 78
9 79
9 80
9 82
9 83
9 84
9 88
9 89
9 90
9 91
9 93
9 95
9 96
9 97
9 99
10 15
10 21
10 22
10 24
10 28
10 31
10 32
10 33
10 35
10 38
10 39
10 40
10 41
10 42
10 44
10 45
10 46
10 47
10 48
10 49
10 53
10 58
10 64
10 65
10 69
10 70
10 71
10 74
10 78
10 84
10 86
10 88
10 91
10 93
10 94
10 95
10 96
10 97
10 98
11 12
11 16
11 17
11 18
11 19
11 21
11 23
11 24
11 25
11 26
11 27
11 30
11 31
11 32
11 33
11 34
11 35
11 37
11 38
11 39
11 45
11 46
11 47
11 49
11 51
11 52
11 57
11 59
11 61
11 64
11 68
11 69
11 70
11 75
11 77
11 79
11 80
11 82
11 83
11 84
11 85
11 90
11 91
11 92
11 96
11 98
11 99
12 13
12 14
12 19
12 21
12 22
12 24
12 25
12 26
12 28
12 30
12 31
12 35
12 38
12 43
12 46
12 47
12 51
12 53
12 54
12 59
12 61
12 63
12 65
12 66
12 67
12 68
12 69
12 70
12 71
12 73
12 75
12 78
12 80
12 82
12 84
12 85
12 88
12 90
12 92
12 93
12 94
12 97
12 99
13 15
13 16
13 20
13 21
13 22
13 25
13 30
13 31
13 33
13 34
13 35
13 36
13 38
13 45
13 47
13 49
13 50
13 51
13 53
13 54
13 55
13 56
13 57
13 58
13 60
13 61
13 63
13 65
13 67
13 70
13 71
13 74
13 80
13 83
13 84
13 85
13 86
13 92
13 94
13 96
13 98
14 15
14 17
14 18
14 19
14 23
14 24
14 25
14 27
14 28
14 29
14 30
14 31
14 32
14 33
14 34
14 37
14 41
14 42
14 44
14 45
14 48
14 50
14 51
14 52
14 53
14 54
14 56
14 57
14 58
14 61
14 62
14 64
14 65
14 68
14 69
14 70
14 71
14 72
14 75
14 76
14 78
14 79
14 81
14 83
14 85
14 87
14 91
14 92
14 94
14 95
14 97
15 22
15 24
15 25
15 26
15 27
15 31
15 32
15 34
15 35
15 36
15 38
15 42
15 43
15 48
15 51
15 52
15 53
15 55
15 56
15 57
15 61
15 63
15 66
15 67
15 69
15 71
15 73
15 78
15 79
15 82
15 83
15 84
15 87
15 89
15 90
15 91
15 94
15 95
15 97
15 99
16 17
16 18
16 21
16 22
16 23
16 24
16 25
16 26
16 29
16 32
16 34
16 35
16 39
16 40
16 45
16 46
16 48
16 52
16 54
16 58
16 61
16 62
16 63
16 64
16 65
16 66
16 68
16 70
16 71
16 72
16 75
16 78
16 81
16 89
16 90
16 92
16 93
16 94
16 95
16 96
16 98
17 19
17 21
17 23
17 24
17 25
17 26
17 28
17 33
17 36
17 40
17 46
17 50
17 51
17 52
17 53
17 55
17 56
17 57
17 58
17 60
17 62
17 64
17 66
17 67
17 70
17 72
17 73
17 74
17 75
17 78
17 80
17 84
17 85
17 89
17 91
17 93
17 99
18 19
18 20
18 25
18 27
18 28
18 29
18 30
18 31
18 32
18 33
18 35
18 39
18 41
18 42
18 48
18 50
18 52
18 54
18 58
18 65
18 66
18 67
18 70
18 72
18 73
18 74
18 75
18 76
18 78
18 79
18 81
18 83
18 86
18 87
18 88
18 89
18 91
18 92
18 94
18 96
18 98
19 20
19 23
19 24
19 26
19 27
19 28
19 29
19 30
19 31
19 34
19 35
19 40
19 42
19 43
19 45
19 46
19 47
19 48
19 50
19 58
19 61
19 63
19 66
19 67
19 68
19 72
19 73
19 76
19 77
19 79
19 81
19 85
19 86
19 91
19 92
19 94
19 95
19 96
19 98
19 99
20 23
20 25
20 27
20 32
20 33
20 34
20 36
20 38
20 39
20 41
20 42
20 43
20 46
20 48
20 51
20 54
20 55
20 58
20 59
20 62
20 63
20 64
20 65
20 67
20 69
20 75
20 77
20 78
20 81
20 83
20 84
20 89
20 90
20 92
20 94
20 97
20 98
20 99
21 23
21 24
21 27
21 28
21 29
21 30
21 34
21 35
21 37
21 40
21 41
21 42
21 46
21 48
21 50
21 52
21 53
21 56
21 59
21 60
21 63
21 64
21 65
21 66
21 67
21 69
21 71
21 72
21 73
21 75
21 76
21 79
21 81
21 82
21 83
21 89
21 91
21 92
21 93
21 94
21 95
21 97
21 98
22 23
22 24
22 25
22 36
22 37
22 39
22 40
22 48
22 50
22 51
22 52
22 53
22 56
22 57
22 58
22 61
22 63
22 67
22 68
22 71
22 75
22 78
22 79
22 81
22 83
22 86
22 87
22 91
22 95
22 96
22 97
22 98
22 99
23 25
23 28
23 30
23 31
23 33
23 34
23 35
23 37
23 39
23 40
23 44
23 49
23 50
23 51
23 52
23 58
23 59
23 60
23 61
23 62
23 63
23 64
23 66
23 67
23 68
23 71
23 72
23 75
23 80
23 82
23 83
23 88
23 92
23 93
23 94
23 98
24 25
24 27
24 29
24 30
24 34
24 35
24 36
24 37
24 40
24 43
24 44
24 52
24 53
24 54
24 55
24 56
24 57
24 58
24 65
24 66
24 68
24 69
24 71
24 72
24 73
24 74
24 75
24 76
24 80
24 81
24 84
24 86
24 87
24 88
24 90
24 91
24 92
24 93
24 94
24 95
24 96
24 97
24 98
24 99
25 29
25 30
25 35
25 36
25 39
25 43
25 47
25 48
25 49
25 50
25 51
25 52
25 53
25 55
25 57
25 58
25 59
25 60
25 63
25 65
25 66
25 67
25 68
25 69
25 71
25 75
25 78
25 79
25 80
25 82
25 83
25 87
25 88
25 89
25 90
25 92
25 95
25 98
25 99
26 27
26 28
26 33
26 37
26 38
26 39
26 40
26 41
26 42
26 45
26 46
26 50
26 52
26 53
26 56
26 57
26 58
26 60
26 61
26 62
26 63
26 64
26 66
26 67
26 68
26 71
26 72
26 75
26 76
26 78
26 79
26 80
26 83
26 84
26 86
26 92
26 93
26 95
26 96
27 28
27 29
27 30
27 31
27 35
27 36
27 41
27 45
27 49
27 50
27 53
27 54
27 55
27 60
27 62
27 63
27 64
27 66
27 69
27 71
27 73
27 74
27 76
27 82
27 83
27 84
27 85
27 90
27 93
27 95
27 96
28 33
28 34
28 35
28 37
28 38
28 39
28 40
28 41
28 42
28 45
28 51
28 52
28 53
28 55
28 59
28 62
28 64
28 65
28 66
28 69
28 71
28 73
28 75
28 77
28 79
28 80
28 81
28 83
28 86
28 87
28 88
28 89
28 92
28 95
28 96
28 97
28 98
28 99
29 30
29 34
29 35
29 37
29 38
29 39
29 40
29 42
29 45
29 46
29 48
29 51
29 52
29 54
29 55
29 56
29 62
29 69
29 71
29 76
29 79
29 80
29 83
29 85
29 86
29 89
29 91
29 92
29 93
29 95
29 98
29 99
30 32
30 33
30 34
30 35
30 38
30 39
30 40
30 42
30 43
30 44
30 46
30 48
30 49
30 50
30 51
30 55
30 57
30 58
30 59
30 61
30 62
30 65
30 66
30 68
30 69
30 70
30 71
30 74
30 75
30 77
30 78
30 79
30 83
30 88
30 91
30 92
30 94
30 95
30 98
30 99
31 33
31 34
31 36
31 38
31 40
31 41
31 42
31 46
31 51
31 53
31 54
31 55
31 57
31 58
31 59
31 60
31 61
31 63
31 65
31 68
31 69
31 74
31 75
31 76
31 77
31 78
31 80
31 82
31 83
31 86
31 90
31 92
31 97
31 98
32 34
32 35
32 36
32 38
32 40
32 41
32 42
32 43
32 45
32 46
32 49
32 51
32 55
32 56
32 60
32 63
32 69
32 72
32 73
32 74
32 75
32 77
32 78
32 80
32 82
32 83
32 86
32 88
32 89
32 91
32 94
32 96
32 97
32 98
33 34
33 36
33 37
33 39
33 40
33 43
33 46
33 51
33 52
33 55
33 56
33 57
33 59
33 61
33 67
33 68
33 74
33 75
33 78
33 79
33 81
33 82
33 85
33 86
33 88
33 93
33 96
33 98
33 99
34 35
34 36
34 37
34 38
34 39
34 41
34 43
34 44
34 47
34 48
34 49
34 51
34 52
34 53
34 55
34 57
34 58
34 60
34 62
34 63
34 68
34 69
34 71
34 72
34 75
34 76
34 78
34 79
34 81
34 82
34 86
34 87
34 92
34 93
34 94
34 95
34 99
35 38
35 41
35 43
35 46
35 48
35 49
35 51
35 55
35 57
35 58
35 59
35 60
35 62
35 63
35 67
35 68
35 70
35 71
35 72
35 74
35 78
35 79
35 83
35 84
35 85
35 86
35 88
35 90
35 91
35 93
35 95
35 98
35 99
36 37
36 40
36 44
36 45
36 46
36 47
36 48
36 49
36 54
36 55
36 57
36 58
36 60
36 70
36 71
36 75
36 78
36 79
36 82
36 87
36 92
36 96
36 97
36 99
37 38
37 41
37 44
37 48
37 49
37 51
37 54
37 55
37 56
37 57
37 59
37 60
37 61
37 62
37 64
37 65
37 68
37 69
37 70
37 74
37 84
37 85
37 92
37 93
37 96
37 97
37 99
38 39
38 40
38 42
38 43
38 46
38 47
38 49
38 51
38 52
38 57
38 65
38 67
38 68
38 69
38 71
38 72
38 73
38 75
38 76
38 79
38 81
38 82
38 83
38 85
38 87
38 89
38 91
38 92
38 94
38 95
38 96
38 97
38 98
38 99
39 43
39 46
39 47
39 48
39 49
39 50
39 51
39 54
39 55
39 57
39 59
39 61
39 63
39 64
39 65
39 66
39 67
39 68
39 70
39 71
39 80
39 81
39 83
39 84
39 85
39 87
39 88
39 89
39 92
39 93
39 94
39 97
39 98
40 42
40 43
40 47
40 48
40 50
40 51
40 53
40 57
40 58
40 63
40 64
40 65
40 66
40 68
40 69
40 72
40 76
40 78
40 81
40 82
40 83
40 84
40 87
40 88
40 92
40 96
40 99
41 43
41 44
41 45
41 46
41 48
41 52
41 53
41 55
41 57
41 58
41 59
41 61
41 63
41 64
41 65
41 66
41 69
41 71
41 72
41 73
41 74
41 76
41 77
41 78
41 79
41 81
41 82
41 84
41 85
41 88
41 90
41 92
41 99
42 43
42 46
42 47
42 49
42 50
42 51
42 52
42 53
42 54
42 55
42 57
42 61
42 62
42 63
42 64
42 65
42 66
42 67
42 69
42 70
42 71
42 72
42 74
42 75
42 81
42 82
42 83
42 86
42 87
42 88
42 89
42 91
42 94
42 98
43 44
43 51
43 55
43 58
43 59
43 61
43 62
43 64
43 66
43 68
43 69
43 72
43 75
43 77
43 79
43 81
43 82
43 84
43 87
43 89
43 90
43 91
43 92
43 93
43 95
43 97
43 99
44 45
44 48
44 50
44 51
44 57
44 59
44 60
44 63
44 64
44 67
44 68
44 69
44 70
44 71
44 72
44 73
44 74
44 76
44 77
44 79
44 80
44 83
44 86
44 89
44 90
44 92
44 94
44 98
44 99
45 47
45 49
45 50
45 52
45 54
45 56
45 59
45 61
45 63
45 66
45 67
45 68
45 69
45 70
45 72
45 74
45 75
45 80
45 81
45 82
45 85
45 87
45 89
45 95
45 98
46 52
46 53
46 54
46 55
46 57
46 58
46 59
46 60
46 61
46 64
46 65
46 66
46 67
46 69
46 71
46 76
46 80
46 81
46 85
46 88
46 91
46 92
46 95
46 96
46 97
46 98
46 99
47 48
47 49
47 51
47 52
47 54
47 55
47 56
47 58
47 60
47 64
47 66
47 67
47 69
47 72
47 74
47 75
47 76
47 77
47 78
47 79
47 81
47 83
47 88
47 90
47 91
47 92
47 95
47 96
47 98
47 99
48 49
48 52
48 57
48 58
48 59
48 61
48 62
48 65
48 68
48 70
48 71
48 73
48 75
48 77
48 80
48 81
48 82
48 83
48 86
48 88
48 91
48 92
48 94
48 96
48 97
48 98
49 50
49 51
49 52
49 53
49 54
49 55
49 56
49 58
49 60
49 65
49 67
49 68
49 70
49 72
49 78
49 81
49 82
49 86
49 90
49 92
49 94
49 95
49 96
49 99
50 52
50 54
50 61
50 62
50 64
50 65
50 66
50 67
50 68
50 69
50 73
50 75
50 76
50 77
50 79
50 81
50 82
50 83
50 84
50 86
50 87
50 88
50 89
50 92
50 97
50 98
50 99
51 53
51 54
51 59
51 60
51 63
51 66
51 67
51 71
51 73
51 79
51 80
51 81
51 82
51 83
51 85
51 86
51 87
51 89
51 91
51 92
51 93
51 94
52 53
52 55
52 56
52 57
52 58
52 63
52 66
52 67
52 70
52 75
52 78
52 80
52 83
52 84
52 85
52 86
52 89
52 92
52 93
52 94
52 95
52 97
52 99
53 55
53 56
53 62
53 66
53 68
53 70
53 72
53 73
53 74
53 75
53 77
53 79
53 82
53 83
53 84
53 85
53 88
53 89
53 90
53 93
53 95
53 99
54 55
54 56
54 57
54 60
54 61
54 63
54 64
54 65
54 66
54 67
54 68
54 69
54 71
54 72
54 73
54 74
54 76
54 81
54 82
54 83
54 84
54 85
54 86
54 87
54 88
54 89
54 90
54 92
54 93
54 94
54 97
55 57
55 59
55 60
55 67
55 68
55 72
55 75
55 78
55 82
55 83
55 84
55 85
55 89
55 90
55 91
55 92
55 93
55 94
55 95
55 97
56 57
56 58
56 59
56 60
56 61
56 64
56 65
56 66
56 70
56 71
56 75
56 76
56 80
56 81
56 83
56 85
56 86
56 87
56 88
56 91
56 92
56 93
56 94
56 98
57 64
57 68
57 71
57 72
57 73
57 75
57 76
57 77
57 81
57 82
57 83
57 86
57 87
57 89
57 91
57 92
57 93
57 94
57 95
57 99
58 61
58 63
58 65
58 66
58 67
58 68
58 71
58 75
58 77
58 78
58 79
58 80
58 83
58 85
58 87
58 89
58 90
58 91
58 92
58 94
58 98
58 99
59 60
59 64
59 65
59 66
59 67
59 68
59 69
59 70
59 73
59 75
59 79
59 80
59 83
59 84
59 89
59 92
59 95
59 98
60 64
60 66
60 67
60 75
60 76
60 77
60 78
60 79
60 85
60 86
60 87
60 88
60 89
60 91
60 92
60 93
60 94
60 96
60 98
61 64
61 65
61 68
61 70
61 71
61 76
61 77
61 78
61 81
61 83
61 84
61 85
61 86
61 88
61 89
61 92
61 93
61 94
61 97
61 98
62 65
62 68
62 69
62 74
62 75
62 78
62 83
62 87
62 88
62 89
62 91
62 97
62 98
62 99
63 64
63 68
63 69
63 78
63 79
63 81
63 82
63 84
63 86
63 87
63 88
63 92
63 94
63 95
63 96
63 97
63 98
63 99
64 72
64 73
64 75
64 76
64 78
64 80
64 81
64 82
64 84
64 85
64 87
64 90
64 94
64 95
64 96
64 97
64 98
64 99
65 67
65 70
65 72
65 74
65 77
65 79
65 82
65 84
65 85
65 86
65 87
65 88
65 90
65 91
65 92
65 93
65 94
65 95
65 97
65 99
66 68
66 70
66 71
66 72
66 73
66 74
66 75
66 76
66 77
66 79
66 80
66 84
66 86
66 87
66 88
66 92
66 95
66 96
66 97
67 68
67 69
67 70
67 71
67 75
67 77
67 78
67 79
67 82
67 83
67 84
67 85
67 87
67 88
67 89
67 90
67 91
67 94
67 97
67 99
68 70
68 71
68 72
68 73
68 74
68 77
68 78
68 82
68 88
68 90
68 93
68 94
68 95
68 97
68 98
68 99
69 71
69 73
69 74
69 75
69 77
69 78
69 79
69 81
69 84
69 86
69 92
69 94
69 95
69 97
69 98
70 71
70 72
70 73
70 75
70 76
70 78
70 80
70 81
70 82
70 83
70 85
70 87
70 89
70 95
70 96
70 97
70 98
70 99
71 73
71 74
71 75
71 76
71 79
71 80
71 81
71 82
71 83
71 84
71 85
71 87
71 88
71 91
71 93
71 94
71 97
72 73
72 74
72 76
72 77
72 78
72 82
72 85
72 89
72 91
72 94
72 95
72 97
72 98
72 99
73 74
73 78
73 79
73 81
73 83
73 84
73 85
73 91
73 92
73 93
73 95
73 96
73 97
74 76
74 78
74 80
74 82
74 83
74 85
74 86
74 90
74 93
74 95
74 98
74 99
75 79
75 80
75 81
75 83
75 85
75 86
75 89
75 92
75 97
76 77
76 80
76 85
76 90
76 91
76 92
76 98
76 99
77 78
77 79
77 86
77 92
77 95
77 96
77 97
77 99
78 82
78 87
78 88
78 90
78 92
78 93
78 98
78 99
79 80
79 82
79 84
79 89
79 90
79 93
79 94
79 95
79 97
79 98
79 99
80 81
80 83
80 84
80 88
80 90
80 91
80 92
80 94
81 82
81 83
81 84
81 86
81 88
81 89
81 91
81 92
81 95
81 96
81 98
81 99
82 83
82 84
82 86
82 87
82 90
82 92
82 93
82 94
82 95
82 96
83 84
83 89
83 93
83 94
83 95
83 97
83 98
83 99
84 86
84 87
84 88
84 89
84 90
84 96
84 97
84 99
85 86
85 89
85 91
85 93
85 95
85 96
85 97
85 99
86 87
86 91
86 92
86 94
86 96
86 97
86 98
86 99
87 89
87 90
87 91
87 92
87 93
87 96
87 97
87 98
88 91
88 92
88 93
88 95
89 95
89 97
89 98
90 92
90 94
90 95
90 97
91 94
91 95
91 96
91 98
91 99
92 93
92 95
92 96
92 97
92 98
93 95
93 96
93 98
93 99
94 96
94 99
95 97
96 97
96 98
97 98
97 99
