0 1
0 3
0 4
0 7
0 8
0 12
0 14
0 17
0 19
0 20
0 22
0 23
0 24
0 26
0 29
0 31
0 34
0 35
0 39
0 43
0 44
0 46
0 47
0 48
0 50
0 51
0 52
0 55
0 57
0 59
0 62
0 63
0 65
0 66
0 67
0 70
0 71
0 72
0 74
0 75
0 76
0 77
0 78
0 79
0 80
0 84
0 86
0 89
0 91
0 93
1 2
1 5
1 6
1 11
1 14
1 16
1 17
1 19
1 21
1 23
1 25
1 26
1 28
1 29
1 30
1 31
1 34
1 37
1 38
1 40
1 45
1 47
1 50
1 51
1 53
1 54
1 55
1 56
1 57
1 59
1 60
1 61
1 62
1 64
1 65
1 69
1 71
1 79
1 80
1 83
1 84
1 85
1 87
1 89
1 92
1 96
1 97
1 99
2 5
2 9
2 10
2 11
2 12
2 13
2 14
2 20
2 21
2 22
2 23
2 24
2 25
2 26
2 28
2 31
2 34
2 35
2 37
2 38
2 40
2 43
2 47
2 52
2 54
2 55
2 56
2 60
2 61
2 63
2 65
2 66
2 67
2 70
2 72
2 73
2 75
2 78
2 81
2 82
2 83
2 89
2 91
2 94
2 96
2 97
2 98
3 6
3 8
3 13
3 15
3 16
3 24
3 28
3 29
3 31
3 33
3 34
3 37
3 38
3 40
3 44
3 47
3 48
3 49
3 51
3 52
3 54
3 55
3 58
3 59
3 61
3 62
3 67
3 68
3 69
3 72
3 73
3 74
3 75
3 76
3 79
3 80
3 81
3 82
3 83
3 89
3 91
3 92
3 93
3 94
3 97
4 8
4 11
4 12
4 13
4 14
4 15
4 18
4 20
4 22
4 23
4 27
4 28
4 30
4 31
4 34
4 38
4 39
4 44
4 45
4 46
4 48
4 49
4 51
4 52
4 53
4 57
4 59
4 69
4 70
4 71
4 72
4 78
4 82
4 83
4 88
4 90
4 93
4 94
4 95
4 98
4 99
5 6
5 8
5 9
5 10
5 15
5 16
5 18
5 22
5 23
5 25
5 28
5 33
5 36
5 37
5 39
5 41
5 43
5 44
5 45
5 50
5 52
5 53
5 55
5 56
5 57
5 58
5 59
5 61
5 62
5 65
5 67
5 68
5 70
5 72
5 74
5 78
5 81
5 82
5 85
5 87
5 88
5 90
5 92
5 93
5 94
5 95
5 96
5 98
6 9
6 11
6 12
6 14
6 15
6 16
6 22
6 25
6 28
6 29
6 30
6 34
6 35
6 36
6 37
6 39
6 40
6 41
6 42
6 45
6 47
6 50
6 51
6 54
6 57
6 61
6 64
6 66
6 69
6 71
6 72
6 73
6 74
6 75
6 77
6 81
6 82
6 83
6 84
6 85
6 86
6 87
6 91
6 94
6 95
6 96
6 97
7 10
7 11
7 13
7 14
7 19
7 20
7 21
7 24
7 25
7 28
7 31
7 32
7 34
7 35
7 38
7 39
7 43
7 45
7 47
7 49
7 50
7 51
7 54
7 58
7 59
7 61
7 62
7 64
7 66
7 67
7 68
7 70
7 72
7 73
7 74
7 75
7 76
7 78
7 79
7 80
7 81
7 88
7 89
7 90
7 93
7 97
7 99
8 9
8 10
8 18
8 19
8 20
8 27
8 28
8 30
8 31
8 32
8 33
8 41
8 43
8 44
8 46
8 48
8 50
8 51
8 53
8 54
8 55
8 56
8 60
8 62
8 63
8 64
8 66
8 67
8 70
8 71
8 73
8 74
8 75
8 76
8 79
8 80
8 81
8 82
8 84
8 85
8 86
8 89
8 90
8 93
8 95
8 96
8 97
9 10
9 16
9 17
9 18
9 20
9 21
9 26
9 28
9 31
9 32
9 34
9 35
9 36
9 37
9 38
9 39
9 40
9 41
9 42
9 43
9 45
9 47
9 48
9 51
9 52
9 53
9 54
9 56
9 58
9 61
9 63
9 64
9 65
9 67
9 68
9 70
9 74
9 76
9 77
9 79
9 80
9 81
9 88
9 91
9 92
9 94
9 96
9 97
9 98
10 11
10 13
10 14
10 17
10 20
10 22
10 23
10 24
10 27
10 34
10 35
10 36
10 38
10 41
10 45
10 46
10 48
10 49
10 51
10 52
10 55
10 57
10 60
10 61
10 63
10 64
10 68
10 70
10 72
10 75
10 76
10 77
10 78
10 80
10 81
10 82
10 84
10 85
10 86
10 87
10 88
10 89
10 91
10 95
11 13
11 16
11 19
11 23
11 25
11 26
11 28
11 30
11 32
11 37
11 39
11 40
11 41
11 42
11 43
11 45
11 46
11 50
11 52
11 53
11 54
11 55
11 57
11 60
11 61
11 62
11 64
11 66
11 72
11 75
11 79
11 80
11 81
11 82
11 83
11 84
11 87
11 88
11 90
11 92
11 93
11 98
11 99
12 13
12 14
12 15
12 16
12 17
12 18
12 19
12 20
12 23
12 24
12 27
12 28
12 30
12 33
12 34
12 37
12 38
12 39
12 44
12 46
12 48
12 49
12 50
12 53
12 54
12 57
12 59
12 61
12 66
12 69
12 70
12 75
12 77
12 78
12 80
12 81
12 82
12 83
12 85
12 87
12 90
12 92
12 93
12 95
12 97
12 99
13 16
13 18
13 22
13 23
13 24
13 25
13 26
13 28
13 29
13 31
13 34
13 35
13 36
13 39
13 40
13 41
13 45
13 46
13 47
13 54
13 55
13 56
13 58
13 59
13 60
13 61
13 63
13 64
13 65
13 68
13 69
13 73
13 76
13 78
13 79
13 81
13 85
13 87
13 90
13 92
13 96
13 98
13 99
14 15
14 16
14 21
14 22
14 25
14 27
14 29
14 31
14 32
14 33
14 35
14 37
14 38
14 40
14 41
14 43
14 44
14 45
14 46
14 49
14 50
14 51
14 54
14 61
14 62
14 63
14 65
14 66
14 67
14 71
14 72
14 75
14 76
14 78
14 80
14 82
14 84
14 87
14 89
14 94
14 96
14 98
14 99
15 16
15 17
15 18
15 20
15 21
15 22
15 24
15 26
15 31
15 32
15 33
15 34
15 36
15 37
15 38
15 41
15 43
15 44
15 45
15 48
15 49
15 50
15 51
15 60
15 63
15 67
15 68
15 70
15 71
15 73
15 75
15 79
15 81
15 82
15 83
15 84
15 85
15 88
15 89
15 90
15 91
15 92
15 93
15 96
16 17
16 18
16 21
16 23
16 24
16 28
16 32
16 33
16 34
16 35
16 39
16 42
16 43
16 45
16 47
16 49
16 52
16 57
16 59
16 61
16 64
16 67
16 69
16 70
16 71
16 73
16 75
16 79
16 81
16 83
16 84
16 86
16 88
16 89
16 92
16 93
16 97
17 18
17 19
17 20
17 23
17 25
17 26
17 28
17 29
17 31
17 32
17 41
17 42
17 44
17 45
17 47
17 48
17 53
17 55
17 56
17 57
17 60
17 62
17 64
17 65
17 68
17 70
17 72
17 74
17 75
17 83
17 85
17 88
17 90
17 92
17 95
17 97
17 98
17 99
18 20
18 21
18 26
18 27
18 28
18 29
18 30
18 31
18 32
18 37
18 40
18 41
18 42
18 44
18 45
18 46
18 48
18 51
18 56
18 59
18 62
18 63
18 65
18 69
18 70
18 71
18 73
18 74
18 75
18 76
18 78
18 79
18 80
18 81
18 83
18 87
18 88
18 90
18 91
18 92
18 93
18 96
18 99
19 20
19 23
19 28
19 29
19 30
19 35
19 37
19 40
19 41
19 44
19 47
19 48
19 51
19 54
19 56
19 58
19 59
19 62
19 64
19 68
19 69
19 72
19 73
19 74
19 75
19 79
19 80
19 81
19 83
19 84
19 85
19 87
19 91
19 93
19 94
19 95
19 96
19 99
20 21
20 22
20 24
20 26
20 28
20 30
20 32
20 34
20 35
20 36
20 37
20 42
20 45
20 49
20 50
20 51
20 52
20 53
20 54
20 55
20 56
20 60
20 61
20 64
20 65
20 73
20 74
20 75
20 78
20 79
20 81
20 82
20 84
20 85
20 86
20 91
20 93
20 95
20 98
21 22
21 23
21 24
21 27
21 30
21 32
21 33
21 34
21 35
21 36
21 39
21 42
21 43
21 44
21 45
21 46
21 47
21 50
21 51
21 53
21 54
21 55
21 56
21 57
21 58
21 61
21 65
21 67
21 68
21 70
21 72
21 74
21 75
21 77
21 78
21 82
21 83
21 84
21 86
21 88
21 89
21 91
21 93
21 94
21 95
21 97
21 98
21 99
22 23
22 24
22 29
22 32
22 33
22 34
22 35
22 36
22 37
22 42
22 43
22 46
22 47
22 48
22 49
22 51
22 53
22 56
22 57
22 59
22 60
22 62
22 67
22 68
22 70
22 71
22 73
22 74
22 76
22 83
22 84
22 85
22 86
22 88
22 95
22 97
22 98
22 99
23 24
23 26
23 27
23 28
23 30
23 31
23 34
23 37
23 41
23 44
23 45
23 48
23 53
23 55
23 58
23 62
23 64
23 73
23 74
23 76
23 77
23 78
23 79
23 81
23 84
23 86
23 87
23 88
23 90
23 91
23 92
23 95
23 98
23 99
24 25
24 29
24 36
24 39
24 42
24 47
24 48
24 50
24 52
24 53
24 55
24 56
24 66
24 70
24 71
24 73
24 74
24 77
24 79
24 80
24 81
24 84
24 86
24 87
24 91
24 93
24 94
24 99
25 27
25 30
25 32
25 33
25 37
25 39
25 40
25 41
25 45
25 48
25 51
25 52
25 53
25 54
25 55
25 57
25 58
25 59
25 63
25 65
25 68
25 72
25 75
25 76
25 77
25 81
25 82
25 83
25 84
25 87
25 88
25 89
25 90
25 91
25 95
25 96
25 98
26 27
26 28
26 29
26 31
26 32
26 33
26 34
26 35
26 36
26 38
26 40
26 44
26 45
26 46
26 49
26 50
26 53
26 54
26 55
26 57
26 58
26 62
26 65
26 67
26 68
26 69
26 73
26 74
26 77
26 79
26 80
26 84
26 86
26 87
26 89
26 95
26 96
27 28
27 29
27 31
27 33
27 35
27 41
27 42
27 43
27 44
27 48
27 49
27 52
27 57
27 60
27 61
27 64
27 68
27 70
27 71
27 72
27 74
27 76
27 78
27 79
27 81
27 82
27 85
27 86
27 87
27 90
27 92
27 93
27 94
27 96
27 97
27 98
27 99
28 29
28 31
28 33
28 35
28 37
28 38
28 42
28 44
28 45
28 48
28 49
28 51
28 52
28 54
28 57
28 59
28 67
28 68
28 69
28 71
28 72
28 73
28 77
28 78
28 83
28 87
28 89
28 91
28 92
28 93
28 94
28 96
28 99
29 31
29 33
29 34
29 36
29 37
29 38
29 41
29 43
29 44
29 45
29 46
29 49
29 53
29 55
29 59
29 60
29 62
29 64
29 65
29 66
29 73
29 74
29 76
29 81
29 82
29 85
29 87
29 88
29 90
29 91
29 93
29 95
30 32
30 35
30 36
30 38
30 43
30 44
30 45
30 51
30 52
30 53
30 54
30 55
30 56
30 57
30 58
30 59
30 60
30 62
30 64
30 67
30 68
30 69
30 73
30 75
30 77
30 79
30 81
30 83
30 85
30 93
30 94
30 97
31 33
31 35
31 36
31 37
31 40
31 41
31 43
31 45
31 47
31 48
31 52
31 53
31 55
31 56
31 58
31 59
31 66
31 68
31 69
31 70
31 71
31 73
31 74
31 75
31 76
31 79
31 81
31 82
31 83
31 85
31 89
31 90
31 91
31 93
31 94
31 95
31 97
31 98
32 35
32 37
32 40
32 46
32 48
32 49
32 50
32 52
32 57
32 58
32 63
32 64
32 67
32 71
32 72
32 74
32 75
32 77
32 78
32 82
32 83
32 84
32 87
32 88
32 89
32 90
32 92
32 93
32 97
32 98
32 99
33 34
33 35
33 39
33 41
33 45
33 46
33 47
33 48
33 49
33 52
33 54
33 55
33 59
33 60
33 66
33 68
33 69
33 72
33 73
33 75
33 77
33 78
33 85
33 90
33 92
33 93
33 95
33 99
34 38
34 39
34 40
34 41
34 42
34 43
34 46
34 48
34 49
34 50
34 51
34 54
34 56
34 58
34 60
34 61
34 63
34 64
34 65
34 66
34 67
34 68
34 70
34 72
34 73
34 74
34 78
34 80
34 81
34 88
34 90
34 93
34 97
34 98
35 38
35 42
35 43
35 45
35 46
35 47
35 53
35 56
35 58
35 59
35 60
35 61
35 62
35 64
35 66
35 67
35 68
35 69
35 70
35 71
35 72
35 74
35 77
35 78
35 79
35 81
35 83
35 84
35 85
35 86
35 88
35 90
35 94
35 95
35 96
35 97
35 98
36 37
36 38
36 40
36 41
36 44
36 46
36 47
36 48
36 50
36 52
36 55
36 56
36 60
36 61
36 65
36 66
36 68
36 71
36 80
36 81
36 83
36 85
36 87
36 90
36 91
36 94
36 96
36 97
36 98
37 38
37 40
37 42
37 43
37 44
37 45
37 47
37 48
37 50
37 51
37 55
37 56
37 58
37 59
37 61
37 62
37 64
37 65
37 69
37 73
37 74
37 77
37 78
37 83
37 84
37 86
37 92
37 94
37 95
37 96
37 97
37 98
38 39
38 40
38 43
38 44
38 45
38 52
38 55
38 57
38 63
38 65
38 66
38 68
38 70
38 71
38 72
38 75
38 77
38 78
38 79
38 82
38 85
38 86
38 90
38 91
38 92
38 93
38 94
38 96
38 97
39 40
39 42
39 43
39 44
39 47
39 50
39 51
39 53
39 62
39 63
39 65
39 66
39 68
39 69
39 72
39 73
39 80
39 83
39 84
39 87
39 88
39 89
39 90
39 95
39 97
39 99
40 44
40 45
40 47
40 49
40 52
40 53
40 55
40 56
40 59
40 61
40 68
40 70
40 71
40 72
40 73
40 74
40 77
40 78
40 79
40 80
40 82
40 85
40 86
40 89
40 92
40 98
41 42
41 43
41 44
41 45
41 46
41 48
41 49
41 50
41 53
41 55
41 56
41 57
41 58
41 59
41 65
41 67
41 69
41 70
41 71
41 74
41 77
41 78
41 80
41 81
41 82
41 85
41 91
41 92
41 93
41 95
41 96
41 97
42 45
42 47
42 48
42 50
42 51
42 53
42 54
42 56
42 58
42 60
42 61
42 63
42 65
42 66
42 69
42 70
42 71
42 74
42 80
42 85
42 86
42 89
42 91
42 93
42 95
42 99
43 44
43 45
43 46
43 49
43 50
43 52
43 53
43 55
43 57
43 64
43 66
43 68
43 70
43 76
43 77
43 79
43 80
43 88
43 90
43 91
43 93
43 95
43 97
43 99
44 45
44 46
44 48
44 49
44 50
44 52
44 54
44 56
44 58
44 59
44 61
44 62
44 63
44 64
44 65
44 66
44 71
44 72
44 73
44 74
44 75
44 76
44 77
44 81
44 82
44 83
44 86
44 88
44 89
44 94
44 97
44 98
44 99
45 46
45 48
45 50
45 52
45 53
45 54
45 57
45 58
45 59
45 61
45 62
45 64
45 65
45 66
45 70
45 73
45 74
45 75
45 80
45 87
45 89
45 92
45 94
45 96
46 47
46 48
46 49
46 50
46 52
46 55
46 57
46 60
46 61
46 62
46 64
46 68
46 69
46 72
46 77
46 82
46 83
46 84
46 85
46 87
46 89
46 90
46 91
46 92
46 93
46 94
46 96
46 98
46 99
47 49
47 53
47 54
47 55
47 57
47 60
47 62
47 65
47 66
47 67
47 70
47 74
47 75
47 78
47 82
47 84
47 86
47 87
47 90
47 94
47 95
48 50
48 51
48 52
48 54
48 55
48 60
48 62
48 63
48 64
48 67
48 70
48 72
48 74
48 76
48 77
48 79
48 81
48 86
48 88
48 89
48 93
48 96
48 97
48 98
49 53
49 54
49 55
49 56
49 59
49 62
49 63
49 66
49 68
49 69
49 70
49 71
49 75
49 76
49 78
49 80
49 81
49 84
49 86
49 87
49 91
49 92
49 95
49 97
49 98
49 99
50 51
50 52
50 53
50 54
50 55
50 57
50 60
50 61
50 65
50 68
50 70
50 77
50 80
50 81
50 87
50 92
50 96
50 97
50 99
51 52
51 53
51 55
51 56
51 57
51 58
51 59
51 60
51 61
51 64
51 66
51 69
51 72
51 74
51 77
51 80
51 82
51 83
51 84
51 85
51 86
51 87
51 88
51 89
51 90
51 91
51 94
51 95
51 97
51 99
52 53
52 54
52 56
52 58
52 59
52 62
52 63
52 67
52 69
52 70
52 73
52 74
52 75
52 80
52 81
52 83
52 84
52 85
52 88
52 90
52 91
52 92
52 93
52 96
52 97
53 54
53 59
53 61
53 63
53 66
53 69
53 77
53 78
53 79
53 80
53 81
53 82
53 84
53 86
53 87
53 88
53 89
53 90
53 93
53 96
53 97
53 98
53 99
54 55
54 56
54 57
54 59
54 63
54 64
54 65
54 66
54 70
54 71
54 72
54 75
54 76
54 77
54 79
54 80
54 84
54 87
54 95
54 98
54 99
55 59
55 64
55 66
55 68
55 70
55 73
55 77
55 78
55 79
55 83
55 86
55 87
55 88
55 91
55 94
55 96
56 58
56 59
56 63
56 64
56 68
56 70
56 72
56 74
56 75
56 78
56 81
56 83
56 84
56 86
56 91
56 94
56 95
56 97
57 59
57 60
57 61
57 62
57 64
57 65
57 66
57 67
57 68
57 70
57 72
57 74
57 78
57 80
57 81
57 82
57 84
57 86
57 87
57 89
57 91
57 94
57 95
57 96
57 98
58 60
58 61
58 64
58 65
58 66
58 67
58 71
58 72
58 74
58 76
58 80
58 83
58 85
58 86
58 88
58 89
58 91
58 92
58 93
58 94
58 96
58 98
59 60
59 61
59 62
59 63
59 64
59 67
59 69
59 71
59 72
59 74
59 75
59 82
59 83
59 85
59 86
59 87
59 89
59 90
59 91
59 92
59 93
59 94
59 98
59 99
60 62
60 64
60 65
60 66
60 69
60 72
60 76
60 79
60 81
60 83
60 86
60 87
60 89
60 90
60 91
60 94
60 96
60 97
61 63
61 64
61 65
61 67
61 70
61 72
61 73
61 74
61 75
61 76
61 77
61 79
61 80
61 81
61 83
61 86
61 88
61 89
61 92
61 93
61 94
61 96
61 98
61 99
62 67
62 68
62 69
62 70
62 71
62 72
62 75
62 76
62 79
62 80
62 81
62 82
62 84
62 88
62 89
62 90
62 91
62 92
62 96
62 97
63 64
63 69
63 70
63 72
63 73
63 78
63 81
63 82
63 83
63 84
63 85
63 86
63 89
63 92
63 94
63 95
63 97
63 98
63 99
64 70
64 71
64 80
64 82
64 83
64 92
64 97
64 99
65 71
65 72
65 73
65 75
65 78
65 80
65 81
65 82
65 84
65 85
65 86
65 87
65 88
65 89
65 91
65 92
65 96
65 97
66 68
66 69
66 70
66 71
66 73
66 75
66 77
66 78
66 83
66 86
66 87
66 91
66 92
66 93
66 95
66 97
66 98
67 69
67 70
67 72
67 75
67 76
67 79
67 81
67 82
67 84
67 85
67 91
67 92
67 94
67 97
67 99
68 69
68 73
68 74
68 75
68 76
68 78
68 82
68 87
68 88
68 91
68 95
68 98
69 72
69 73
69 75
69 80
69 81
69 83
69 85
69 88
69 90
69 91
69 94
69 96
69 97
70 72
70 79
70 83
70 84
70 85
70 86
70 87
70 91
70 93
70 96
70 97
70 99
71 73
71 74
71 75
71 76
71 79
71 81
71 82
71 83
71 85
71 86
71 87
71 88
71 89
71 92
71 95
71 96
72 74
72 75
72 77
72 78
72 79
72 81
72 83
72 84
72 86
72 93
72 95
72 99
73 76
73 78
73 79
73 82
73 83
73 84
73 89
73 94
73 97
73 98
74 79
74 80
74 81
74 82
74 85
74 89
74 90
74 91
74 94
74 97
74 99
75 77
75 79
75 80
75 82
75 86
75 87
75 89
75 92
75 93
75 95
75 96
75 97
75 98
75 99
76 77
76 78
76 79
76 80
76 81
76 83
76 85
76 87
76 88
76 90
76 93
76 94
76 98
76 99
77 78
77 80
77 81
77 82
77 84
77 85
77 86
77 89
77 90
77 93
77 95
77 96
77 97
77 99
78 80
78 81
78 82
78 85
78 86
78 88
78 90
78 91
78 94
78 95
78 96
78 98
79 81
79 82
79 83
79 84
79 86
79 87
79 89
79 91
79 94
79 96
79 99
80 85
80 86
80 89
80 91
80 93
80 95
80 96
80 99
81 82
81 86
81 87
81 89
81 90
81 91
81 92
81 94
82 83
82 85
82 86
82 87
82 88
82 89
82 90
82 95
82 96
82 98
83 86
83 89
83 90
83 92
83 94
83 96
83 98
83 99
84 85
84 87
84 89
84 90
84 92
84 93
84 95
84 96
84 98
85 86
85 87
85 88
85 89
85 91
85 95
85 96
85 98
85 99
86 87
86 88
86 90
86 91
86 93
86 96
86 97
86 98
86 99
87 89
87 90
88 89
88 92
88 93
88 95
88 97
89 90
89 96
89 99
90 92
90 93
90 95
90 96
90 98
90 99
91 92
91 93
91 94
91 95
91 96
91 98
92 93
92 98
93 94
93 96
94 95
94 96
94 97
94 99
95 97
95 98
95 99
96 99
97 99
