0 3
0 11
0 14
0 15
0 20
0 21
0 22
0 24
0 25
0 28
0 29
0 30
0 32
0 33
0 38
0 42
0 43
0 44
0 47
0 49
0 50
0 53
0 55
0 56
0 59
0 61
0 64
0 66
0 67
0 71
0 72
0 75
0 76
0 77
0 78
0 79
0 80
0 81
0 82
0 86
0 87
0 88
0 92
0 98
0 99
1 2
1 3
1 4
1 6
1 8
1 11
1 12
1 13
1 16
1 18
1 19
1 22
1 24
1 25
1 26
1 29
1 31
1 33
1 38
1 39
1 41
1 42
1 45
1 47
1 48
1 53
1 54
1 55
1 59
1 60
1 63
1 65
1 66
1 67
1 70
1 71
1 73
1 75
1 82
1 89
1 90
1 92
1 94
1 96
1 97
1 98
1 99
2 5
2 7
2 9
2 11
2 13
2 17
2 19
2 23
2 24
2 26
2 27
2 28
2 29
2 31
2 32
2 35
2 36
2 37
2 41
2 43
2 46
2 47
2 49
2 52
2 53
2 55
2 57
2 59
2 60
2 61
2 64
2 68
2 69
2 72
2 73
2 74
2 76
2 77
2 78
2 81
2 84
2 85
2 86
2 92
2 93
2 94
2 96
2 97
3 4
3 5
3 6
3 8
3 9
3 10
3 13
3 15
3 16
3 17
3 18
3 19
3 20
3 21
3 22
3 23
3 26
3 28
3 31
3 34
3 41
3 48
3 49
3 51
3 55
3 60
3 63
3 64
3 65
3 67
3 69
3 70
3 71
3 72
3 74
3 75
3 76
3 82
3 83
3 88
3 90
3 94
3 99
4 6
4 7
4 8
4 12
4 13
4 16
4 18
4 23
4 24
4 25
4 27
4 30
4 32
4 34
4 35
4 37
4 38
4 39
4 41
4 42
4 44
4 46
4 49
4 50
4 51
4 54
4 58
4 60
4 64
4 67
4 68
4 70
4 74
4 79
4 80
4 88
4 90
4 91
4 93
4 94
4 95
4 97
4 99
5 8
5 10
5 11
5 13
5 14
5 18
5 20
5 22
5 24
5 27
5 28
5 29
5 30
5 33
5 40
5 42
5 43
5 44
5 46
5 47
5 48
5 51
5 54
5 56
5 57
5 58
5 64
5 65
5 67
5 69
5 75
5 76
5 78
5 79
5 80
5 81
5 82
5 83
5 85
5 89
5 92
5 93
5 95
5 98
6 7
6 8
6 13
6 16
6 22
6 24
6 28
6 33
6 34
6 38
6 40
6 43
6 44
6 45
6 46
6 48
6 52
6 53
6 54
6 57
6 58
6 60
6 61
6 63
6 64
6 70
6 73
6 76
6 79
6 80
6 81
6 84
6 85
6 86
6 88
6 89
6 90
6 97
7 9
7 11
7 14
7 16
7 19
7 21
7 22
7 23
7 25
7 31
7 36
7 38
7 39
7 44
7 46
7 47
7 50
7 54
7 55
7 56
7 58
7 59
7 60
7 62
7 63
7 65
7 67
7 68
7 69
7 71
7 73
7 74
7 75
7 76
7 78
7 79
7 87
7 91
7 92
7 94
7 95
7 96
7 97
7 98
7 99
8 9
8 11
8 12
8 13
8 15
8 19
8 20
8 23
8 25
8 26
8 30
8 34
8 47
8 48
8 52
8 54
8 61
8 63
8 65
8 69
8 73
8 79
8 80
8 81
8 84
8 86
8 87
8 88
8 91
8 93
8 94
8 95
8 97
9 10
9 15
9 16
9 18
9 19
9 20
9 21
9 22
9 24
9 27
9 31
9 33
9 34
9 40
9 42
9 47
9 50
9 54
9 57
9 60
9 61
9 64
9 65
9 69
9 71
9 72
9 74
9 75
9 76
9 77
9 78
9 80
9 81
9 82
9 86
9 88
9 89
9 90
9 92
9 93
9 94
9 96
9 98
9 99
10 13
10 16
10 17
10 18
10 19
10 20
10 21
10 24
10 27
10 28
10 29
10 33
10 34
10 36
10 40
10 41
10 43
10 44
10 45
10 48
10 50
10 51
10 52
10 53
10 54
10 55
10 56
10 57
10 60
10 61
10 62
10 63
10 65
10 66
10 69
10 70
10 71
10 76
10 78
10 79
10 81
10 83
10 87
10 88
10 92
10 93
11 13
11 14
11 15
11 16
11 17
11 18
11 19
11 21
11 22
11 23
11 25
11 27
11 28
11 31
11 32
11 37
11 38
11 39
11 40
11 47
11 48
11 49
11 52
11 57
11 60
11 65
11 67
11 68
11 69
11 71
11 76
11 77
11 79
11 82
11 84
11 86
11 87
11 88
11 90
11 96
11 97
11 98
12 14
12 15
12 21
12 22
12 25
12 27
12 31
12 33
12 34
12 36
12 37
12 38
12 40
12 42
12 46
12 49
12 52
12 54
12 55
12 57
12 58
12 59
12 63
12 67
12 68
12 69
12 74
12 75
12 76
12 77
12 78
12 79
12 80
12 81
12 82
12 84
12 85
12 86
12 88
12 89
12 93
12 94
12 99
13 15
13 16
13 17
13 18
13 21
13 27
13 32
13 44
13 47
13 50
13 53
13 56
13 58
13 60
13 61
13 63
13 64
13 65
13 67
13 69
13 73
13 75
13 78
13 79
13 80
13 82
13 83
13 86
13 88
13 90
13 91
13 92
13 93
13 94
13 96
13 98
13 99
14 17
14 18
14 20
14 21
14 22
14 23
14 24
14 26
14 28
14 29
14 32
14 34
14 35
14 38
14 40
14 45
14 48
14 49
14 51
14 52
14 55
14 57
14 58
14 59
14 62
14 63
14 68
14 69
14 70
14 71
14 72
14 76
14 77
14 78
14 79
14 83
14 84
14 85
14 88
14 90
14 93
14 94
14 95
14 98
15 16
15 17
15 20
15 23
15 24
15 25
15 29
15 30
15 31
15 32
15 33
15 34
15 36
15 37
15 39
15 41
15 42
15 43
15 44
15 46
15 47
15 48
15 51
15 52
15 54
15 55
15 56
15 61
15 62
15 63
15 68
15 69
15 72
15 76
15 78
15 80
15 83
15 84
15 86
15 92
15 94
15 95
15 96
16 17
16 18
16 19
16 23
16 25
16 26
16 27
16 29
16 32
16 38
16 45
16 47
16 48
16 52
16 60
16 63
16 64
16 65
16 66
16 67
16 68
16 69
16 72
16 75
16 76
16 81
16 85
16 86
16 87
16 89
16 92
17 18
17 19
17 20
17 24
17 25
17 26
17 27
17 28
17 29
17 32
17 35
17 36
17 38
17 45
17 46
17 48
17 49
17 51
17 53
17 54
17 55
17 57
17 58
17 59
17 61
17 63
17 64
17 65
17 67
17 71
17 72
17 79
17 80
17 82
17 86
17 88
17 90
17 92
17 94
17 95
17 99
18 19
18 21
18 23
18 25
18 26
18 27
18 31
18 32
18 37
18 39
18 43
18 44
18 47
18 48
18 51
18 53
18 54
18 56
18 57
18 58
18 60
18 66
18 67
18 71
18 72
18 74
18 78
18 80
18 81
18 88
18 89
18 90
18 92
18 93
18 94
18 95
18 98
19 21
19 22
19 23
19 26
19 27
19 28
19 29
19 30
19 32
19 34
19 35
19 38
19 39
19 44
19 45
19 48
19 49
19 52
19 55
19 61
19 62
19 64
19 65
19 66
19 75
19 82
19 86
19 88
19 90
19 91
19 92
19 95
19 96
19 97
19 98
20 23
20 27
20 28
20 29
20 30
20 31
20 35
20 37
20 39
20 43
20 45
20 47
20 51
20 52
20 53
20 54
20 55
20 56
20 57
20 58
20 59
20 62
20 63
20 64
20 69
20 70
20 71
20 72
20 74
20 75
20 76
20 77
20 78
20 79
20 83
20 85
20 88
20 89
20 91
20 92
20 93
20 94
20 98
20 99
21 24
21 25
21 26
21 29
21 32
21 34
21 35
21 36
21 37
21 40
21 42
21 43
21 46
21 48
21 49
21 50
21 51
21 55
21 56
21 57
21 58
21 61
21 63
21 65
21 66
21 68
21 69
21 70
21 73
21 74
21 75
21 77
21 78
21 81
21 86
21 87
21 89
21 90
21 93
21 94
21 96
21 97
21 99
22 25
22 27
22 28
22 29
22 30
22 33
22 34
22 35
22 37
22 38
22 41
22 44
22 46
22 47
22 50
22 51
22 53
22 54
22 56
22 57
22 59
22 61
22 64
22 65
22 68
22 72
22 74
22 78
22 86
22 87
22 89
22 91
22 92
22 96
22 97
22 98
23 25
23 28
23 29
23 30
23 31
23 33
23 34
23 35
23 36
23 39
23 42
23 44
23 46
23 47
23 49
23 50
23 56
23 60
23 62
23 63
23 64
23 66
23 69
23 70
23 71
23 73
23 75
23 76
23 77
23 80
23 81
23 83
23 84
23 85
23 86
23 87
23 89
23 90
23 92
23 95
23 98
23 99
24 27
24 30
24 31
24 33
24 38
24 39
24 43
24 45
24 47
24 48
24 49
24 52
24 57
24 58
24 59
24 60
24 62
24 63
24 65
24 66
24 67
24 71
24 73
24 77
24 78
24 79
24 85
24 90
24 91
24 94
24 96
24 98
24 99
25 27
25 28
25 29
25 30
25 31
25 32
25 33
25 34
25 35
25 37
25 42
25 45
25 46
25 49
25 50
25 51
25 52
25 53
25 55
25 56
25 58
25 59
25 61
25 63
25 64
25 68
25 72
25 73
25 76
25 77
25 80
25 81
25 82
25 83
25 84
25 85
25 86
25 87
25 88
25 89
25 91
25 93
25 96
25 99
26 27
26 30
26 31
26 32
26 35
26 36
26 37
26 38
26 41
26 42
26 43
26 44
26 46
26 47
26 49
26 53
26 58
26 60
26 61
26 62
26 64
26 66
26 68
26 70
26 72
26 76
26 78
26 81
26 82
26 85
26 88
26 90
26 92
26 93
26 94
27 30
27 31
27 33
27 34
27 35
27 36
27 38
27 39
27 40
27 42
27 45
27 50
27 51
27 54
27 55
27 57
27 59
27 60
27 61
27 62
27 64
27 65
27 68
27 69
27 71
27 73
27 80
27 81
27 82
27 83
27 84
27 86
27 87
27 88
27 89
27 91
27 95
27 96
27 98
27 99
28 29
28 35
28 39
28 42
28 45
28 46
28 50
28 51
28 52
28 54
28 58
28 59
28 62
28 63
28 64
28 65
28 68
28 69
28 71
28 72
28 75
28 76
28 78
28 79
28 81
28 82
28 83
28 85
28 87
28 90
28 94
28 97
28 99
29 31
29 32
29 33
29 34
29 35
29 43
29 45
29 48
29 50
29 51
29 52
29 54
29 58
29 62
29 64
29 65
29 66
29 67
29 69
29 70
29 72
29 73
29 74
29 76
29 77
29 78
29 79
29 80
29 81
29 82
29 83
29 86
29 89
29 90
29 91
29 93
29 95
29 97
29 98
30 31
30 32
30 36
30 38
30 40
30 41
30 43
30 45
30 46
30 47
30 51
30 54
30 57
30 62
30 64
30 68
30 70
30 73
30 76
30 77
30 78
30 79
30 80
30 82
30 84
30 85
30 86
30 88
30 89
30 91
30 94
30 95
30 96
30 97
30 98
31 34
31 35
31 39
31 40
31 41
31 42
31 43
31 44
31 46
31 48
31 49
31 54
31 55
31 56
31 57
31 59
31 62
31 63
31 64
31 65
31 67
31 68
31 69
31 71
31 76
31 77
31 78
31 79
31 81
31 82
31 83
31 84
31 85
31 86
31 89
31 90
31 97
32 33
32 34
32 37
32 39
32 40
32 48
32 52
32 54
32 56
32 57
32 60
32 61
32 64
32 65
32 66
32 67
32 68
32 71
32 72
32 74
32 76
32 78
32 79
32 82
32 85
32 86
32 87
32 89
32 91
32 92
32 93
32 94
32 95
32 98
32 99
33 34
33 35
33 37
33 38
33 39
33 43
33 46
33 51
33 54
33 55
33 56
33 57
33 61
33 64
33 73
33 74
33 75
33 76
33 77
33 78
33 80
33 82
33 83
33 84
33 85
33 87
33 88
33 89
33 90
33 91
34 35
34 36
34 37
34 40
34 42
34 44
34 45
34 46
34 52
34 53
34 54
34 56
34 57
34 58
34 60
34 62
34 65
34 66
34 68
34 69
34 70
34 71
34 72
34 74
34 77
34 78
34 79
34 81
34 83
34 84
34 86
34 88
34 89
34 90
34 93
34 96
34 97
34 98
35 38
35 41
35 43
35 44
35 46
35 47
35 49
35 51
35 52
35 56
35 57
35 58
35 59
35 60
35 61
35 65
35 66
35 67
35 71
35 72
35 74
35 75
35 77
35 80
35 83
35 84
35 86
35 87
35 88
35 92
35 93
35 94
35 97
35 98
36 37
36 38
36 39
36 40
36 42
36 45
36 46
36 47
36 51
36 52
36 57
36 59
36 60
36 61
36 62
36 64
36 66
36 67
36 68
36 69
36 72
36 73
36 76
36 79
36 81
36 84
36 88
36 90
36 91
36 93
36 94
36 95
36 96
36 97
36 99
37 38
37 41
37 42
37 43
37 44
37 48
37 49
37 50
37 55
37 56
37 58
37 60
37 62
37 63
37 66
37 67
37 68
37 70
37 71
37 73
37 74
37 75
37 76
37 79
37 80
37 81
37 83
37 84
37 85
37 86
37 87
37 90
37 94
37 95
37 96
37 97
37 98
37 99
38 39
38 40
38 41
38 44
38 45
38 46
38 47
38 48
38 49
38 51
38 52
38 53
38 54
38 57
38 63
38 64
38 65
38 66
38 67
38 72
38 74
38 78
38 79
38 80
38 81
38 84
38 87
38 90
38 95
38 97
38 98
38 99
39 40
39 44
39 45
39 46
39 48
39 49
39 51
39 52
39 55
39 59
39 61
39 63
39 64
39 67
39 69
39 72
39 74
39 75
39 76
39 79
39 80
39 81
39 83
39 86
39 87
39 88
39 89
39 92
39 94
39 95
39 96
39 98
40 42
40 43
40 45
40 48
40 49
40 50
40 51
40 53
40 54
40 57
40 58
40 60
40 63
40 64
40 66
40 67
40 69
40 72
40 74
40 76
40 79
40 82
40 84
40 94
40 96
40 98
40 99
41 42
41 44
41 48
41 49
41 51
41 53
41 54
41 55
41 57
41 59
41 61
41 63
41 64
41 65
41 66
41 70
41 74
41 75
41 76
41 78
41 79
41 80
41 84
41 87
41 88
41 90
41 91
41 92
41 93
41 97
41 98
41 99
42 43
42 44
42 46
42 47
42 50
42 52
42 53
42 54
42 56
42 59
42 60
42 61
42 62
42 66
42 68
42 69
42 76
42 78
42 79
42 83
42 84
42 87
42 89
42 91
42 93
42 97
43 44
43 46
43 47
43 49
43 51
43 52
43 53
43 54
43 56
43 57
43 58
43 60
43 62
43 63
43 64
43 66
43 68
43 71
43 73
43 75
43 76
43 78
43 79
43 81
43 83
43 84
43 86
43 89
43 90
43 91
43 93
43 94
43 95
43 98
43 99
44 46
44 47
44 49
44 50
44 52
44 55
44 60
44 63
44 64
44 66
44 68
44 73
44 74
44 78
44 79
44 80
44 87
44 88
44 91
44 92
44 93
44 94
44 95
44 98
45 47
45 50
45 54
45 56
45 60
45 64
45 65
45 66
45 68
45 69
45 71
45 72
45 77
45 79
45 83
45 84
45 85
45 86
45 88
45 89
45 90
45 92
45 96
45 97
45 98
45 99
46 47
46 50
46 51
46 52
46 55
46 59
46 62
46 64
46 66
46 70
46 71
46 78
46 79
46 80
46 81
46 83
46 85
46 86
46 87
46 88
46 91
46 92
46 93
46 99
47 49
47 54
47 55
47 64
47 65
47 66
47 72
47 74
47 75
47 77
47 79
47 80
47 81
47 84
47 86
47 88
47 89
47 90
47 91
47 92
47 93
47 95
48 51
48 53
48 54
48 56
48 57
48 58
48 64
48 65
48 67
48 70
48 72
48 74
48 79
48 80
48 81
48 85
48 86
48 87
48 90
48 91
48 99
49 51
49 52
49 54
49 56
49 57
49 59
49 60
49 61
49 62
49 63
49 65
49 67
49 69
49 70
49 71
49 72
49 73
49 74
49 75
49 77
49 78
49 79
49 80
49 81
49 82
49 83
49 84
49 85
49 89
49 98
50 55
50 57
50 61
50 62
50 65
50 67
50 70
50 73
50 74
50 75
50 76
50 77
50 80
50 81
50 82
50 83
50 86
50 92
50 94
50 97
51 53
51 54
51 55
51 56
51 57
51 62
51 65
51 66
51 67
51 69
51 70
51 75
51 76
51 77
51 80
51 81
51 83
51 84
51 86
51 89
51 90
51 91
51 92
51 94
51 96
52 53
52 55
52 62
52 63
52 65
52 66
52 74
52 75
52 76
52 78
52 81
52 87
52 90
52 92
52 93
52 97
53 54
53 56
53 59
53 61
53 63
53 64
53 69
53 70
53 71
53 73
53 79
53 83
53 84
53 85
53 86
53 87
53 89
53 90
53 91
53 93
53 94
53 97
53 99
54 55
54 59
54 63
54 64
54 65
54 66
54 68
54 70
54 71
54 74
54 76
54 77
54 81
54 83
54 87
54 91
54 92
54 93
54 94
54 95
54 96
54 97
55 57
55 58
55 59
55 60
55 61
55 62
55 63
55 65
55 66
55 67
55 69
55 71
55 73
55 74
55 77
55 78
55 79
55 81
55 82
55 84
55 85
55 87
55 88
55 89
55 92
55 94
55 95
55 96
55 97
55 99
56 60
56 62
56 63
56 65
56 66
56 67
56 72
56 73
56 74
56 77
56 78
56 79
56 80
56 82
56 85
56 86
56 88
56 90
56 92
56 94
56 96
56 98
57 59
57 61
57 62
57 63
57 64
57 65
57 66
57 67
57 68
57 69
57 74
57 76
57 77
57 81
57 82
57 83
57 86
57 87
57 89
57 94
57 96
57 98
57 99
58 59
58 60
58 61
58 62
58 63
58 65
58 71
58 72
58 73
58 75
58 77
58 80
58 85
58 86
58 89
58 91
58 93
58 95
58 96
58 97
58 99
59 60
59 62
59 64
59 68
59 71
59 73
59 75
59 76
59 78
59 80
59 81
59 82
59 84
59 85
59 87
59 88
59 89
59 91
59 92
59 96
59 97
59 98
60 63
60 64
60 66
60 67
60 68
60 69
60 71
60 74
60 75
60 76
60 79
60 81
60 85
60 87
60 89
60 90
60 93
60 96
61 63
61 65
61 67
61 70
61 73
61 76
61 78
61 81
61 82
61 83
61 88
61 90
61 92
61 95
62 63
62 64
62 65
62 75
62 76
62 77
62 79
62 84
62 85
62 92
62 94
62 95
62 96
62 98
63 64
63 65
63 66
63 67
63 70
63 74
63 78
63 81
63 84
63 87
63 88
63 89
63 90
63 94
63 97
64 65
64 66
64 67
64 69
64 73
64 76
64 77
64 78
64 81
64 83
64 84
64 85
64 86
64 89
64 90
64 92
64 94
64 95
64 96
64 97
64 99
65 66
65 69
65 70
65 72
65 77
65 78
65 81
65 83
65 84
65 85
65 86
65 89
65 94
65 95
65 97
65 99
66 68
66 69
66 70
66 72
66 74
66 76
66 77
66 78
66 80
66 83
66 85
66 86
66 88
66 91
66 93
66 94
66 96
67 68
67 70
67 71
67 74
67 76
67 79
67 82
67 86
67 87
67 90
67 91
67 93
67 96
68 72
68 73
68 74
68 75
68 76
68 81
68 82
68 83
68 84
68 88
68 89
68 90
68 91
68 92
68 93
68 94
68 95
68 97
69 70
69 71
69 72
69 73
69 74
69 75
69 76
69 77
69 78
69 79
69 81
69 84
69 85
69 86
69 87
69 89
69 91
69 96
69 98
69 99
70 73
70 80
70 81
70 83
70 84
70 87
70 90
70 93
70 96
70 99
71 72
71 78
71 80
71 82
71 84
71 89
71 92
71 93
71 95
72 75
72 77
72 78
72 79
72 80
72 81
72 82
72 83
72 90
72 91
72 92
72 94
72 95
72 97
72 98
72 99
73 75
73 78
73 81
73 84
73 86
73 88
73 90
73 93
73 95
73 96
74 75
74 82
74 85
74 87
74 88
74 89
74 90
74 91
74 92
74 95
74 97
74 98
74 99
75 76
75 78
75 79
75 81
75 82
75 88
75 90
75 92
75 95
75 96
75 99
76 77
76 78
76 79
76 84
76 85
76 87
76 90
76 91
76 98
77 78
77 80
77 81
77 84
77 85
77 87
77 88
77 91
77 92
77 93
77 99
78 80
78 81
78 82
78 84
78 85
78 86
78 87
78 89
78 90
78 91
78 92
78 93
78 94
78 96
78 97
78 99
79 81
79 82
79 86
79 89
79 90
79 92
79 93
79 96
79 97
79 98
79 99
80 82
80 85
80 86
80 87
80 89
80 92
80 95
80 99
81 82
81 85
81 87
81 91
81 92
81 95
81 96
82 83
82 87
82 88
82 89
82 90
82 91
82 93
82 94
82 96
82 98
82 99
83 84
83 89
83 90
83 92
83 96
83 99
84 86
84 87
84 89
84 91
84 93
84 94
84 97
84 98
84 99
85 87
85 89
85 93
85 95
85 96
86 89
86 90
86 92
86 94
86 95
86 98
86 99
87 88
87 91
87 92
87 95
87 96
87 97
87 98
88 89
88 90
88 92
88 94
88 95
89 90
89 94
89 96
89 98
89 99
90 91
90 94
90 96
90 99
91 92
91 93
91 94
91 96
92 94
92 95
92 96
92 97
93 94
93 96
93 98
94 97
96 98
96 99
97 99
98 99
