0 3
0 4
0 5
0 7
0 8
0 10
0 11
0 12
0 13
0 14
0 15
0 17
0 19
0 20
0 22
0 23
0 24
0 25
0 26
0 28
0 30
0 32
0 33
0 34
0 35
0 36
0 38
0 39
0 41
0 42
0 44
0 46
0 48
0 50
0 52
0 54
0 56
0 58
0 59
0 60
0 62
0 63
0 64
0 65
0 67
0 70
0 73
0 74
0 77
0 78
0 79
0 80
0 82
0 83
0 85
0 87
0 88
0 89
0 91
0 92
0 93
0 94
0 95
0 97
1 2
1 3
1 5
1 7
1 10
1 11
1 12
1 16
1 18
1 19
1 21
1 24
1 27
1 29
1 30
1 31
1 32
1 33
1 34
1 35
1 36
1 37
1 38
1 40
1 44
1 45
1 49
1 50
1 52
1 53
1 54
1 57
1 60
1 61
1 63
1 66
1 67
1 68
1 70
1 71
1 73
1 74
1 75
1 76
1 77
1 81
1 85
1 87
1 88
1 93
1 94
1 96
1 98
1 99
2 3
2 5
2 7
2 8
2 9
2 12
2 13
2 14
2 15
2 24
2 26
2 27
2 35
2 41
2 42
2 43
2 50
2 53
2 57
2 58
2 59
2 60
2 61
2 62
2 65
2 72
2 73
2 74
2 75
2 76
2 78
2 80
2 81
2 85
2 87
2 90
2 91
2 94
2 95
2 96
2 97
3 7
3 8
3 10
3 12
3 13
3 14
3 19
3 22
3 23
3 24
3 25
3 26
3 28
3 30
3 33
3 34
3 35
3 36
3 37
3 39
3 43
3 45
3 48
3 49
3 50
3 52
3 54
3 55
3 57
3 62
3 65
3 70
3 72
3 74
3 79
3 82
3 88
3 90
3 93
3 96
3 97
4 8
4 11
4 12
4 14
4 15
4 18
4 21
4 22
4 26
4 28
4 29
4 30
4 31
4 32
4 34
4 37
4 45
4 49
4 50
4 53
4 55
4 56
4 57
4 59
4 60
4 62
4 63
4 68
4 70
4 71
4 72
4 75
4 78
4 80
4 81
4 82
4 83
4 85
4 90
4 93
4 94
4 95
4 97
5 6
5 9
5 11
5 16
5 17
5 18
5 19
5 20
5 22
5 23
5 25
5 26
5 30
5 31
5 32
5 36
5 37
5 38
5 39
5 40
5 41
5 48
5 49
5 50
5 53
5 54
5 55
5 59
5 64
5 70
5 71
5 72
5 74
5 77
5 78
5 83
5 84
5 87
5 88
5 94
6 8
6 9
6 12
6 15
6 16
6 18
6 19
6 20
6 21
6 23
6 27
6 29
6 30
6 32
6 34
6 35
6 38
6 41
6 43
6 50
6 53
6 56
6 57
6 60
6 61
6 62
6 63
6 66
6 67
6 69
6 74
6 77
6 79
6 84
6 88
6 89
6 90
6 91
6 92
6 95
6 97
7 8
7 9
7 10
7 12
7 13
7 14
7 15
7 17
7 18
7 19
7 21
7 26
7 28
7 29
7 33
7 40
7 41
7 42
7 46
7 47
7 50
7 51
7 53
7 54
7 57
7 58
7 60
7 61
7 70
7 71
7 74
7 75
7 76
7 77
7 78
7 79
7 81
7 82
7 83
7 86
7 88
7 91
7 92
7 93
7 94
7 95
7 96
7 97
7 98
8 9
8 11
8 14
8 15
8 17
8 18
8 19
8 26
8 27
8 28
8 29
8 32
8 33
8 36
8 39
8 41
8 43
8 46
8 48
8 53
8 54
8 55
8 56
8 58
8 59
8 61
8 64
8 65
8 68
8 70
8 71
8 74
8 75
8 76
8 77
8 78
8 79
8 80
8 81
8 82
8 86
8 88
8 94
8 95
8 99
9 12
9 13
9 16
9 17
9 19
9 20
9 22
9 23
9 25
9 28
9 30
9 31
9 33
9 36
9 39
9 41
9 45
9 46
9 47
9 50
9 51
9 55
9 58
9 61
9 63
9 66
9 67
9 68
9 69
9 70
9 75
9 77
9 78
9 80
9 82
9 86
9 87
9 91
9 92
9 94
9 95
9 96
9 97
9 99
10 11
10 13
10 15
10 16
10 17
10 18
10 20
10 23
10 25
10 26
10 27
10 28
10 30
10 32
10 33
10 34
10 35
10 37
10 38
10 40
10 41
10 42
10 43
10 45
10 46
10 48
10 50
10 51
10 52
10 54
10 56
10 58
10 59
10 62
10 64
10 66
10 67
10 68
10 69
10 73
10 75
10 79
10 80
10 83
10 84
10 88
10 90
10 92
11 12
11 14
11 16
11 17
11 18
11 19
11 20
11 23
11 24
11 25
11 26
11 34
11 36
11 37
11 38
11 40
11 41
11 42
11 44
11 47
11 50
11 52
11 55
11 57
11 59
11 63
11 66
11 69
11 70
11 72
11 73
11 74
11 75
11 77
11 79
11 80
11 82
11 83
11 84
11 85
11 88
11 89
11 90
11 91
11 92
11 96
12 13
12 14
12 15
12 16
12 17
12 19
12 21
12 27
12 28
12 34
12 39
12 40
12 41
12 42
12 44
12 47
12 48
12 49
12 55
12 57
12 58
12 59
12 62
12 64
12 67
12 69
12 70
12 71
12 72
12 75
12 76
12 77
12 84
12 86
12 88
12 89
12 90
12 91
12 93
12 98
12 99
13 14
13 15
13 17
13 18
13 21
13 24
13 25
13 28
13 29
13 31
13 32
13 33
13 35
13 36
13 37
13 38
13 39
13 40
13 45
13 47
13 48
13 49
13 51
13 55
13 57
13 58
13 59
13 62
13 64
13 68
13 69
13 70
13 73
13 78
13 79
13 81
13 83
13 85
13 87
13 88
13 95
13 96
14 16
14 18
14 20
14 21
14 25
14 27
14 29
14 32
14 33
14 34
14 36
14 41
14 43
14 45
14 47
14 49
14 50
14 51
14 53
14 59
14 60
14 61
14 62
14 63
14 64
14 65
14 66
14 70
14 71
14 72
14 76
14 77
14 78
14 79
14 81
14 82
14 84
14 86
14 88
14 89
14 90
14 91
14 92
14 95
14 97
14 99
15 17
15 21
15 23
15 26
15 28
15 29
15 30
15 31
15 32
15 33
15 34
15 35
15 36
15 38
15 39
15 40
15 41
15 42
15 43
15 44
15 48
15 51
15 52
15 53
15 54
15 55
15 58
15 59
15 63
15 66
15 67
15 68
15 72
15 74
15 75
15 77
15 79
15 80
15 84
15 87
15 88
15 89
15 90
15 92
15 93
15 97
15 98
15 99
16 22
16 23
16 24
16 25
16 27
16 28
16 29
16 30
16 31
16 32
16 36
16 42
16 46
16 48
16 49
16 50
16 54
16 55
16 57
16 59
16 61
16 62
16 63
16 65
16 70
16 72
16 75
16 79
16 81
16 82
16 85
16 86
16 89
16 95
17 19
17 21
17 22
17 24
17 25
17 26
17 30
17 31
17 34
17 36
17 39
17 40
17 41
17 44
17 45
17 46
17 48
17 50
17 51
17 55
17 57
17 59
17 60
17 61
17 62
17 63
17 66
17 70
17 72
17 74
17 77
17 78
17 80
17 81
17 85
17 90
17 91
17 92
17 94
17 95
17 97
18 21
18 22
18 25
18 27
18 28
18 30
18 34
18 36
18 37
18 38
18 39
18 40
18 42
18 46
18 51
18 57
18 58
18 61
18 63
18 66
18 68
18 70
18 71
18 75
18 76
18 80
18 81
18 84
18 85
18 89
18 90
18 92
18 96
19 20
19 22
19 25
19 27
19 31
19 32
19 35
19 37
19 38
19 39
19 40
19 42
19 45
19 48
19 53
19 59
19 60
19 61
19 65
19 66
19 67
19 68
19 70
19 71
19 72
19 73
19 75
19 77
19 79
19 81
19 82
19 84
19 85
19 86
19 87
19 88
19 89
19 90
19 92
19 93
19 95
19 96
19 98
19 99
20 24
20 29
20 31
20 32
20 33
20 35
20 36
20 37
20 41
20 43
20 45
20 48
20 49
20 51
20 52
20 55
20 57
20 62
20 64
20 66
20 67
20 71
20 72
20 73
20 74
20 77
20 79
20 80
20 82
20 83
20 87
20 89
20 90
20 92
20 93
20 94
20 95
20 98
21 25
21 26
21 27
21 31
21 32
21 33
21 36
21 37
21 39
21 40
21 48
21 51
21 55
21 56
21 59
21 61
21 62
21 63
21 64
21 65
21 68
21 69
21 71
21 73
21 74
21 76
21 77
21 80
21 83
21 84
21 86
21 87
21 89
21 90
21 94
21 97
21 99
22 23
22 26
22 32
22 34
22 36
22 37
22 38
22 40
22 44
22 46
22 49
22 52
22 53
22 55
22 56
22 58
22 59
22 61
22 62
22 64
22 66
22 67
22 68
22 70
22 74
22 76
22 78
22 79
22 82
22 84
22 85
22 87
22 88
22 89
22 94
22 96
22 98
23 27
23 28
23 29
23 31
23 32
23 34
23 35
23 37
23 38
23 39
23 42
23 43
23 46
23 48
23 49
23 50
23 51
23 53
23 54
23 55
23 57
23 58
23 59
23 63
23 66
23 67
23 69
23 74
23 75
23 76
23 79
23 81
23 83
23 85
23 90
23 95
23 98
24 25
24 26
24 27
24 28
24 30
24 32
24 33
24 34
24 36
24 38
24 44
24 45
24 48
24 50
24 59
24 62
24 63
24 64
24 65
24 66
24 69
24 70
24 73
24 74
24 76
24 77
24 79
24 80
24 84
24 86
24 87
24 89
24 90
24 91
24 93
24 94
24 96
25 26
25 27
25 28
25 29
25 30
25 31
25 32
25 34
25 38
25 39
25 40
25 43
25 45
25 46
25 49
25 50
25 51
25 52
25 53
25 55
25 56
25 57
25 58
25 62
25 63
25 67
25 68
25 69
25 71
25 72
25 76
25 78
25 84
25 85
25 86
25 87
25 88
25 93
25 94
25 95
25 97
25 98
26 31
26 32
26 33
26 34
26 40
26 41
26 46
26 47
26 48
26 49
26 50
26 53
26 56
26 61
26 62
26 63
26 64
26 67
26 71
26 73
26 80
26 81
26 82
26 84
26 85
26 87
26 88
26 90
26 92
26 93
26 97
26 99
27 29
27 30
27 33
27 35
27 42
27 44
27 45
27 46
27 50
27 52
27 53
27 54
27 57
27 58
27 59
27 61
27 62
27 63
27 66
27 68
27 69
27 70
27 73
27 75
27 76
27 79
27 80
27 82
27 85
27 86
27 88
27 89
27 90
27 91
27 92
27 94
27 97
27 99
28 30
28 35
28 37
28 38
28 42
28 44
28 46
28 47
28 48
28 51
28 52
28 54
28 56
28 57
28 61
28 65
28 69
28 70
28 72
28 73
28 75
28 77
28 78
28 79
28 80
28 81
28 83
28 84
28 91
28 93
28 94
28 95
28 96
28 99
29 32
29 35
29 36
29 38
29 39
29 40
29 41
29 42
29 43
29 44
29 46
29 47
29 48
29 52
29 54
29 56
29 61
29 63
29 66
29 74
29 76
29 77
29 78
29 79
29 84
29 85
29 87
29 88
29 89
29 95
29 98
29 99
30 36
30 40
30 41
30 44
30 46
30 48
30 50
30 51
30 52
30 53
30 54
30 55
30 57
30 58
30 60
30 62
30 64
30 65
30 68
30 69
30 71
30 72
30 73
30 74
30 75
30 76
30 81
30 83
30 85
30 86
30 88
30 95
30 96
30 97
31 32
31 33
31 35
31 36
31 37
31 38
31 40
31 42
31 45
31 46
31 47
31 48
31 49
31 50
31 51
31 55
31 56
31 57
31 59
31 60
31 61
31 65
31 67
31 70
31 71
31 75
31 76
31 78
31 79
31 81
31 84
31 85
31 87
31 89
31 90
31 94
31 95
31 96
31 97
32 33
32 34
32 35
32 36
32 37
32 38
32 43
32 47
32 49
32 52
32 54
32 57
32 58
32 59
32 63
32 64
32 66
32 67
32 68
32 72
32 73
32 75
32 76
32 81
32 83
32 86
32 87
32 88
32 89
32 90
32 91
32 92
32 93
32 95
32 97
33 37
33 39
33 40
33 41
33 44
33 46
33 49
33 50
33 51
33 53
33 54
33 56
33 57
33 60
33 64
33 68
33 71
33 73
33 74
33 75
33 76
33 78
33 81
33 83
33 84
33 85
33 86
33 89
33 91
33 93
34 35
34 36
34 37
34 43
34 44
34 47
34 51
34 53
34 54
34 55
34 56
34 60
34 69
34 70
34 71
34 73
34 76
34 77
34 78
34 81
34 84
34 85
34 87
34 88
34 89
34 90
34 92
34 93
34 96
34 97
35 36
35 37
35 39
35 43
35 45
35 46
35 47
35 48
35 49
35 52
35 53
35 54
35 55
35 56
35 60
35 62
35 65
35 68
35 69
35 72
35 74
35 75
35 76
35 77
35 79
35 80
35 82
35 84
35 86
35 88
35 92
35 93
35 94
35 96
35 97
35 99
36 37
36 39
36 44
36 46
36 47
36 48
36 51
36 53
36 54
36 58
36 60
36 61
36 62
36 63
36 64
36 65
36 66
36 67
36 68
36 69
36 70
36 75
36 76
36 79
36 81
36 82
36 83
36 84
36 85
36 86
36 88
36 91
36 92
36 94
36 95
36 98
36 99
37 38
37 39
37 40
37 42
37 45
37 46
37 48
37 49
37 50
37 51
37 53
37 54
37 55
37 57
37 58
37 60
37 62
37 64
37 65
37 69
37 70
37 71
37 73
37 77
37 78
37 83
37 84
37 85
37 92
37 94
37 96
37 98
38 43
38 44
38 46
38 48
38 50
38 51
38 52
38 53
38 54
38 56
38 59
38 60
38 65
38 70
38 71
38 75
38 77
38 80
38 82
38 84
38 85
38 86
38 92
38 93
38 94
38 95
38 96
38 99
39 40
39 41
39 43
39 44
39 47
39 50
39 51
39 54
39 55
39 57
39 58
39 61
39 65
39 66
39 68
39 72
39 74
39 75
39 78
39 85
39 91
39 97
40 43
40 47
40 50
40 52
40 54
40 56
40 57
40 59
40 63
40 64
40 65
40 71
40 72
40 75
40 77
40 78
40 81
40 82
40 83
40 88
40 89
40 92
41 43
41 45
41 46
41 49
41 52
41 54
41 55
41 56
41 58
41 60
41 61
41 62
41 65
41 68
41 69
41 70
41 71
41 74
41 75
41 76
41 77
41 79
41 80
41 82
41 84
41 86
41 88
41 89
41 93
41 95
41 96
41 97
42 47
42 49
42 52
42 54
42 55
42 56
42 57
42 58
42 60
42 61
42 64
42 66
42 67
42 68
42 70
42 71
42 73
42 75
42 76
42 77
42 79
42 80
42 81
42 82
42 85
42 87
42 88
42 89
42 93
42 95
42 97
42 98
42 99
43 45
43 47
43 50
43 54
43 57
43 60
43 63
43 65
43 66
43 67
43 68
43 69
43 71
43 75
43 76
43 79
43 80
43 83
43 85
43 86
43 89
43 90
43 92
43 95
43 96
43 97
43 99
44 45
44 46
44 47
44 48
44 49
44 50
44 52
44 55
44 58
44 60
44 61
44 63
44 65
44 66
44 67
44 68
44 69
44 71
44 72
44 73
44 74
44 75
44 76
44 79
44 86
44 87
44 91
44 92
44 98
45 47
45 50
45 53
45 54
45 56
45 61
45 63
45 66
45 68
45 69
45 70
45 72
45 73
45 74
45 76
45 77
45 79
45 83
45 84
45 85
45 86
45 87
45 89
45 90
45 93
45 94
45 96
45 98
46 47
46 49
46 50
46 51
46 52
46 55
46 59
46 62
46 63
46 64
46 66
46 67
46 68
46 69
46 70
46 72
46 73
46 75
46 78
46 79
46 81
46 83
46 84
46 85
46 86
46 88
46 90
46 93
46 94
46 96
46 99
47 48
47 51
47 54
47 55
47 56
47 58
47 59
47 60
47 61
47 64
47 65
47 66
47 67
47 69
47 74
47 77
47 80
47 81
47 83
47 85
47 87
47 88
47 89
47 90
47 91
47 92
47 94
47 95
47 96
47 97
47 99
48 50
48 52
48 56
48 57
48 58
48 62
48 64
48 65
48 66
48 69
48 70
48 72
48 73
48 74
48 75
48 77
48 78
48 79
48 83
48 84
48 85
48 87
48 89
48 90
48 94
48 96
48 97
49 50
49 51
49 52
49 58
49 59
49 60
49 62
49 63
49 65
49 68
49 69
49 74
49 75
49 78
49 81
49 82
49 83
49 85
49 89
49 91
49 92
49 94
49 95
49 97
49 98
50 51
50 52
50 57
50 58
50 60
50 61
50 63
50 64
50 65
50 67
50 68
50 72
50 73
50 77
50 78
50 79
50 80
50 82
50 85
50 89
50 90
50 91
50 93
50 95
50 96
50 98
50 99
51 53
51 55
51 57
51 59
51 60
51 64
51 65
51 67
51 68
51 69
51 70
51 72
51 73
51 74
51 75
51 76
51 79
51 80
51 81
51 82
51 87
51 88
51 89
51 91
51 92
51 93
51 97
51 98
52 56
52 58
52 65
52 66
52 68
52 69
52 71
52 72
52 76
52 79
52 82
52 83
52 90
52 91
52 93
52 94
52 95
52 97
52 98
52 99
53 56
53 57
53 58
53 59
53 60
53 61
53 63
53 64
53 66
53 67
53 71
53 72
53 73
53 74
53 75
53 76
53 78
53 79
53 81
53 83
53 84
53 85
53 86
53 87
53 89
53 90
53 96
53 99
54 55
54 57
54 59
54 61
54 62
54 63
54 66
54 69
54 71
54 74
54 75
54 76
54 77
54 80
54 83
54 86
54 87
54 88
54 91
54 92
54 96
54 97
54 99
55 56
55 57
55 58
55 59
55 62
55 63
55 64
55 67
55 71
55 75
55 76
55 77
55 78
55 83
55 84
55 85
55 90
55 93
55 95
55 99
56 61
56 62
56 69
56 71
56 74
56 76
56 79
56 80
56 82
56 84
56 93
56 98
57 58
57 59
57 61
57 63
57 64
57 67
57 69
57 70
57 72
57 76
57 77
57 79
57 85
57 87
57 88
57 89
57 90
57 91
57 93
57 97
57 99
58 59
58 60
58 61
58 62
58 63
58 68
58 70
58 72
58 74
58 75
58 80
58 81
58 82
58 83
58 84
58 87
58 92
58 94
58 98
59 61
59 64
59 67
59 69
59 70
59 71
59 72
59 74
59 75
59 76
59 79
59 80
59 81
59 82
59 83
59 85
59 87
59 90
59 91
59 93
59 94
59 99
60 61
60 62
60 64
60 66
60 67
60 68
60 69
60 74
60 82
60 86
60 87
60 91
60 92
60 93
60 95
60 97
60 98
60 99
61 63
61 66
61 67
61 69
61 71
61 73
61 74
61 77
61 78
61 79
61 81
61 82
61 83
61 86
61 89
61 90
61 95
61 98
61 99
62 63
62 64
62 67
62 68
62 69
62 70
62 71
62 73
62 74
62 76
62 78
62 81
62 83
62 84
62 86
62 90
62 93
62 95
62 96
62 97
62 99
63 64
63 69
63 71
63 72
63 76
63 81
63 83
63 86
63 88
63 89
63 90
63 91
63 92
63 95
63 98
64 65
64 70
64 74
64 77
64 78
64 80
64 81
64 82
64 83
64 85
64 89
64 91
64 94
64 95
64 96
64 97
64 99
65 69
65 70
65 73
65 75
65 76
65 77
65 78
65 80
65 82
65 83
65 85
65 86
65 87
65 90
65 91
65 93
65 94
65 96
65 98
66 70
66 71
66 72
66 73
66 75
66 77
66 78
66 81
66 82
66 84
66 87
66 90
66 91
66 94
66 95
66 97
66 99
67 71
67 72
67 73
67 78
67 79
67 80
67 83
67 84
67 87
67 88
67 98
67 99
68 69
68 70
68 71
68 73
68 75
68 79
68 80
68 82
68 83
68 85
68 86
68 87
68 90
68 93
68 95
68 96
69 70
69 71
69 72
69 74
69 75
69 79
69 80
69 83
69 85
69 87
69 88
69 89
69 93
69 95
69 97
69 99
70 72
70 74
70 75
70 77
70 79
70 82
70 83
70 84
70 86
70 88
70 92
70 94
70 95
70 97
70 99
71 72
71 76
71 78
71 79
71 81
71 84
71 86
71 87
71 89
71 92
71 93
71 94
71 95
71 97
71 98
71 99
72 74
72 76
72 78
72 81
72 82
72 84
72 87
72 88
72 89
72 90
72 91
72 94
72 96
72 97
72 99
73 74
73 75
73 81
73 85
73 86
73 88
73 89
73 91
73 92
73 94
73 98
73 99
74 76
74 77
74 83
74 84
74 87
74 89
74 90
74 97
75 76
75 77
75 78
75 79
75 84
75 85
75 86
75 91
75 92
75 95
76 79
76 81
76 83
76 84
76 88
76 96
77 78
77 81
77 82
77 85
77 86
77 96
77 97
78 85
78 88
78 89
78 91
78 93
78 95
78 96
79 81
79 82
79 85
79 87
79 88
79 89
79 91
79 97
80 81
80 85
80 86
80 88
80 93
80 94
80 95
80 97
80 98
81 82
81 87
81 89
81 92
81 94
81 96
81 99
82 83
82 87
82 88
82 89
82 90
82 91
82 93
82 94
82 95
82 96
82 98
82 99
83 84
83 85
83 86
83 88
83 90
83 91
83 94
83 95
83 96
83 99
84 86
84 89
84 93
84 95
84 97
84 98
85 86
85 89
85 91
85 93
85 96
85 99
86 88
86 92
86 95
86 96
86 97
86 98
86 99
87 90
87 92
87 93
87 96
87 97
87 98
88 89
88 90
88 91
88 92
88 93
88 96
89 90
89 91
89 92
89 95
89 97
89 98
90 91
90 93
90 94
90 96
91 92
91 95
92 94
92 96
92 99
93 96
93 98
94 95
95 99
97 98
