0 6
0 8
0 11
0 12
0 15
0 17
0 18
0 20
0 21
0 22
0 23
0 24
0 27
0 28
0 29
0 31
0 32
0 36
0 37
0 40
0 41
0 42
0 43
0 47
0 48
0 50
0 51
0 53
0 54
0 57
0 58
0 60
0 62
0 63
0 64
0 76
0 81
0 82
0 83
0 90
0 94
0 95
0 99
1 3
1 4
1 7
1 9
1 10
1 15
1 17
1 20
1 21
1 23
1 27
1 31
1 33
1 34
1 37
1 38
1 39
1 40
1 42
1 43
1 47
1 48
1 50
1 52
1 53
1 54
1 55
1 58
1 61
1 62
1 64
1 65
1 66
1 68
1 70
1 71
1 72
1 76
1 84
1 86
1 87
1 92
1 98
1 99
2 4
2 8
2 10
2 14
2 15
2 16
2 17
2 19
2 20
2 21
2 23
2 24
2 26
2 27
2 28
2 29
2 33
2 35
2 36
2 41
2 43
2 49
2 50
2 52
2 53
2 54
2 55
2 56
2 57
2 61
2 65
2 66
2 69
2 70
2 71
2 72
2 73
2 74
2 77
2 80
2 81
2 82
2 86
2 87
2 89
2 91
2 92
2 94
2 95
2 96
2 97
2 98
3 4
3 5
3 6
3 7
3 10
3 11
3 12
3 13
3 14
3 15
3 16
3 17
3 18
3 19
3 21
3 23
3 24
3 26
3 27
3 28
3 32
3 34
3 36
3 37
3 38
3 39
3 41
3 42
3 46
3 47
3 48
3 50
3 51
3 55
3 56
3 58
3 59
3 60
3 61
3 63
3 66
3 67
3 70
3 72
3 75
3 76
3 79
3 80
3 84
3 86
3 94
3 95
3 98
3 99
4 5
4 9
4 11
4 12
4 20
4 21
4 22
4 31
4 32
4 34
4 37
4 38
4 40
4 41
4 42
4 44
4 45
4 46
4 55
4 61
4 62
4 63
4 67
4 68
4 75
4 76
4 79
4 81
4 83
4 87
4 88
4 92
4 95
4 98
4 99
5 8
5 14
5 17
5 21
5 22
5 27
5 28
5 29
5 31
5 32
5 35
5 36
5 41
5 47
5 48
5 53
5 55
5 56
5 58
5 61
5 62
5 63
5 66
5 67
5 68
5 69
5 70
5 72
5 73
5 78
5 80
5 81
5 82
5 85
5 87
5 89
5 90
5 91
5 93
5 95
5 97
5 98
5 99
6 7
6 8
6 9
6 10
6 12
6 17
6 20
6 25
6 27
6 35
6 37
6 38
6 39
6 45
6 46
6 48
6 51
6 52
6 53
6 56
6 57
6 58
6 61
6 63
6 65
6 66
6 68
6 69
6 70
6 71
6 72
6 73
6 74
6 76
6 77
6 79
6 82
6 83
6 84
6 85
6 86
6 87
6 90
6 92
6 96
6 97
7 9
7 10
7 16
7 19
7 20
7 24
7 28
7 30
7 32
7 33
7 34
7 35
7 38
7 39
7 40
7 41
7 43
7 44
7 48
7 50
7 53
7 56
7 59
7 60
7 63
7 64
7 66
7 67
7 69
7 70
7 71
7 74
7 76
7 85
7 87
7 90
7 92
7 93
7 97
7 98
7 99
8 10
8 12
8 13
8 14
8 16
8 21
8 24
8 25
8 26
8 27
8 28
8 31
8 32
8 33
8 34
8 36
8 38
8 41
8 44
8 46
8 47
8 48
8 53
8 55
8 57
8 62
8 64
8 65
8 66
8 67
8 70
8 71
8 72
8 73
8 75
8 76
8 79
8 81
8 84
8 85
8 86
8 88
8 89
8 94
8 96
8 97
9 11
9 13
9 15
9 18
9 19
9 22
9 23
9 24
9 25
9 26
9 28
9 31
9 34
9 35
9 36
9 40
9 41
9 42
9 45
9 47
9 49
9 61
9 62
9 63
9 64
9 65
9 66
9 68
9 69
9 70
9 72
9 73
9 75
9 78
9 79
9 80
9 81
9 83
9 86
9 88
9 91
9 92
9 93
9 95
9 96
10 12
10 13
10 14
10 15
10 17
10 19
10 22
10 23
10 25
10 30
10 31
10 32
10 34
10 35
10 36
10 38
10 39
10 40
10 41
10 42
10 43
10 46
10 48
10 50
10 55
10 59
10 62
10 63
10 65
10 66
10 68
10 69
10 70
10 71
10 72
10 74
10 75
10 77
10 79
10 81
10 82
10 83
10 85
10 86
10 87
10 88
10 90
10 96
10 97
10 98
11 12
11 14
11 15
11 16
11 18
11 24
11 25
11 26
11 27
11 31
11 32
11 33
11 35
11 36
11 37
11 40
11 41
11 42
11 44
11 46
11 47
11 49
11 50
11 53
11 60
11 61
11 62
11 66
11 69
11 70
11 71
11 72
11 74
11 75
11 76
11 77
11 78
11 80
11 81
11 82
11 84
11 86
11 88
11 94
11 96
11 98
12 13
12 14
12 15
12 16
12 20
12 22
12 23
12 26
12 27
12 28
12 29
12 32
12 35
12 36
12 38
12 39
12 41
12 43
12 44
12 46
12 47
12 48
12 50
12 51
12 52
12 56
12 57
12 60
12 61
12 62
12 63
12 64
12 69
12 72
12 78
12 79
12 80
12 81
12 83
12 87
12 89
12 92
12 94
12 95
12 96
12 97
12 98
12 99
13 19
13 21
13 25
13 30
13 31
13 32
13 34
13 36
13 37
13 39
13 40
13 42
13 43
13 44
13 45
13 47
13 49
13 50
13 52
13 56
13 58
13 60
13 61
13 62
13 63
13 66
13 68
13 70
13 73
13 74
13 75
13 76
13 77
13 78
13 80
13 81
13 82
13 83
13 84
13 86
13 88
13 89
13 90
13 94
13 96
13 98
13 99
14 17
14 18
14 19
14 20
14 21
14 23
14 24
14 27
14 28
14 31
14 32
14 33
14 34
14 37
14 40
14 41
14 42
14 43
14 45
14 47
14 48
14 51
14 52
14 53
14 56
14 57
14 58
14 64
14 67
14 70
14 72
14 74
14 75
14 76
14 78
14 83
14 90
14 93
14 96
14 97
14 98
15 17
15 18
15 19
15 23
15 24
15 26
15 27
15 28
15 29
15 30
15 31
15 33
15 34
15 35
15 38
15 41
15 44
15 45
15 46
15 50
15 52
15 55
15 56
15 59
15 60
15 62
15 63
15 67
15 69
15 71
15 72
15 73
15 76
15 79
15 85
15 87
15 88
15 91
15 94
15 95
15 99
16 17
16 18
16 19
16 20
16 22
16 27
16 28
16 30
16 31
16 35
16 37
16 41
16 42
16 44
16 49
16 52
16 53
16 56
16 58
16 59
16 62
16 64
16 70
16 71
16 73
16 76
16 77
16 78
16 79
16 80
16 81
16 82
16 84
16 85
16 86
16 88
16 94
16 98
16 99
17 18
17 21
17 22
17 23
17 24
17 25
17 26
17 27
17 32
17 34
17 35
17 36
17 38
17 39
17 40
17 47
17 50
17 51
17 52
17 54
17 57
17 59
17 60
17 61
17 62
17 64
17 65
17 69
17 71
17 73
17 74
17 75
17 76
17 79
17 80
17 81
17 83
17 84
17 85
17 88
17 91
17 93
17 94
17 96
17 97
17 98
18 19
18 21
18 25
18 26
18 27
18 28
18 30
18 31
18 36
18 40
18 42
18 45
18 46
18 47
18 48
18 49
18 50
18 52
18 53
18 55
18 56
18 59
18 62
18 63
18 70
18 71
18 72
18 73
18 76
18 79
18 80
18 81
18 82
18 83
18 84
18 87
18 88
18 89
18 90
18 94
18 97
18 99
19 20
19 22
19 29
19 31
19 32
19 35
19 38
19 39
19 44
19 45
19 46
19 47
19 48
19 52
19 54
19 56
19 57
19 59
19 61
19 62
19 65
19 66
19 67
19 69
19 70
19 77
19 78
19 79
19 81
19 83
19 89
19 91
19 92
19 95
19 96
19 97
19 99
20 21
20 22
20 23
20 26
20 27
20 28
20 32
20 35
20 36
20 38
20 40
20 41
20 47
20 48
20 51
20 52
20 53
20 54
20 55
20 57
20 58
20 60
20 61
20 64
20 66
20 67
20 68
20 70
20 72
20 75
20 76
20 77
20 78
20 79
20 80
20 82
20 84
20 85
20 88
20 89
20 92
20 95
20 97
21 25
21 26
21 31
21 32
21 33
21 35
21 36
21 37
21 39
21 41
21 45
21 49
21 50
21 51
21 52
21 53
21 56
21 58
21 59
21 71
21 73
21 78
21 79
21 82
21 85
21 86
21 91
21 92
21 94
21 98
22 24
22 25
22 26
22 27
22 28
22 29
22 32
22 35
22 37
22 41
22 42
22 44
22 45
22 47
22 48
22 56
22 57
22 58
22 59
22 60
22 62
22 65
22 67
22 69
22 73
22 78
22 80
22 82
22 88
22 89
22 90
22 91
22 93
22 96
22 98
22 99
23 25
23 26
23 28
23 30
23 31
23 34
23 35
23 39
23 41
23 42
23 43
23 48
23 49
23 50
23 51
23 53
23 54
23 55
23 57
23 58
23 60
23 62
23 63
23 65
23 66
23 67
23 68
23 70
23 74
23 77
23 79
23 80
23 83
23 84
23 85
23 93
23 96
23 97
24 25
24 26
24 27
24 29
24 30
24 31
24 32
24 36
24 38
24 41
24 45
24 47
24 51
24 52
24 55
24 56
24 58
24 60
24 62
24 68
24 70
24 71
24 72
24 73
24 74
24 76
24 85
24 89
24 90
24 91
24 97
24 99
25 27
25 29
25 30
25 36
25 37
25 40
25 41
25 45
25 46
25 50
25 51
25 54
25 56
25 58
25 59
25 60
25 63
25 64
25 66
25 73
25 76
25 80
25 81
25 82
25 83
25 84
25 85
25 87
25 88
25 92
25 93
25 95
25 97
25 98
25 99
26 31
26 36
26 37
26 39
26 43
26 45
26 47
26 49
26 54
26 56
26 57
26 58
26 61
26 62
26 63
26 65
26 66
26 67
26 70
26 71
26 72
26 73
26 79
26 80
26 81
26 82
26 84
26 86
26 87
26 88
26 89
26 90
26 91
26 92
26 97
26 99
27 29
27 30
27 32
27 34
27 35
27 41
27 44
27 46
27 48
27 49
27 50
27 51
27 53
27 55
27 56
27 57
27 58
27 59
27 60
27 62
27 67
27 68
27 69
27 72
27 74
27 75
27 76
27 77
27 81
27 82
27 83
27 85
27 86
27 89
27 92
27 93
27 94
27 98
27 99
28 30
28 33
28 34
28 35
28 36
28 37
28 39
28 40
28 42
28 44
28 45
28 47
28 48
28 49
28 53
28 55
28 57
28 58
28 60
28 61
28 62
28 63
28 64
28 65
28 66
28 69
28 73
28 74
28 75
28 78
28 81
28 82
28 83
28 84
28 87
28 88
28 89
28 90
28 91
28 99
29 30
29 32
29 34
29 38
29 39
29 48
29 49
29 51
29 52
29 53
29 54
29 56
29 57
29 59
29 61
29 62
29 64
29 69
29 73
29 76
29 77
29 79
29 80
29 82
29 83
29 85
29 86
29 87
29 88
29 89
29 90
29 91
29 92
29 93
29 96
29 97
30 31
30 34
30 35
30 38
30 40
30 41
30 42
30 43
30 45
30 48
30 50
30 51
30 52
30 53
30 54
30 57
30 58
30 59
30 61
30 62
30 63
30 64
30 66
30 67
30 69
30 70
30 73
30 76
30 78
30 80
30 82
30 85
30 87
30 90
30 94
30 95
31 32
31 34
31 38
31 39
31 40
31 41
31 43
31 45
31 46
31 48
31 50
31 51
31 52
31 53
31 54
31 55
31 57
31 58
31 59
31 66
31 67
31 69
31 70
31 72
31 73
31 75
31 76
31 78
31 79
31 81
31 85
31 86
31 87
31 88
31 92
31 94
31 97
31 98
31 99
32 36
32 40
32 41
32 45
32 46
32 47
32 48
32 50
32 51
32 54
32 57
32 58
32 62
32 68
32 69
32 71
32 72
32 74
32 75
32 78
32 81
32 82
32 84
32 85
32 86
32 87
32 88
32 89
32 90
32 95
32 97
32 98
33 34
33 37
33 38
33 40
33 42
33 44
33 46
33 52
33 55
33 56
33 57
33 58
33 59
33 61
33 62
33 64
33 67
33 70
33 75
33 76
33 77
33 79
33 81
33 83
33 85
33 86
33 87
33 88
33 89
33 90
33 94
33 95
33 96
33 97
33 98
33 99
34 35
34 36
34 37
34 39
34 41
34 44
34 45
34 46
34 47
34 48
34 50
34 51
34 52
34 53
34 54
34 55
34 56
34 57
34 58
34 60
34 61
34 62
34 63
34 64
34 65
34 67
34 69
34 73
34 76
34 78
34 79
34 80
34 82
34 84
34 85
34 92
34 93
34 94
34 96
34 98
34 99
35 36
35 39
35 42
35 44
35 46
35 48
35 49
35 54
35 55
35 56
35 60
35 62
35 63
35 66
35 67
35 69
35 70
35 71
35 72
35 73
35 74
35 76
35 79
35 80
35 82
35 85
35 86
35 88
35 89
35 90
35 93
35 97
35 98
35 99
36 38
36 39
36 40
36 41
36 42
36 43
36 45
36 46
36 47
36 49
36 50
36 53
36 55
36 56
36 59
36 61
36 65
36 66
36 71
36 75
36 79
36 80
36 82
36 84
36 85
36 89
36 94
36 95
36 97
36 98
36 99
37 38
37 39
37 41
37 42
37 44
37 47
37 48
37 49
37 52
37 55
37 62
37 63
37 64
37 65
37 66
37 69
37 73
37 74
37 78
37 79
37 82
37 84
37 86
37 88
37 89
37 90
37 91
37 92
37 94
37 96
37 97
37 99
38 46
38 47
38 52
38 53
38 57
38 59
38 60
38 65
38 66
38 70
38 71
38 72
38 73
38 76
38 78
38 81
38 83
38 86
38 88
38 93
38 96
38 97
38 99
39 41
39 45
39 47
39 49
39 50
39 53
39 58
39 59
39 61
39 62
39 63
39 66
39 68
39 71
39 76
39 78
39 81
39 82
39 83
39 84
39 86
39 87
39 93
39 96
39 97
40 41
40 43
40 44
40 45
40 49
40 52
40 54
40 55
40 57
40 63
40 64
40 67
40 69
40 72
40 76
40 78
40 79
40 81
40 83
40 84
40 85
40 88
40 89
40 91
40 92
40 93
40 94
40 95
40 97
40 99
41 44
41 45
41 49
41 52
41 53
41 54
41 55
41 59
41 60
41 61
41 65
41 67
41 68
41 70
41 72
41 74
41 75
41 76
41 77
41 78
41 79
41 83
41 88
41 91
41 92
41 93
41 94
41 96
41 97
41 98
41 99
42 43
42 46
42 48
42 49
42 50
42 51
42 52
42 53
42 55
42 56
42 57
42 60
42 61
42 64
42 65
42 66
42 71
42 73
42 74
42 76
42 78
42 79
42 82
42 83
42 87
42 88
42 89
42 90
42 93
42 94
42 97
42 98
43 44
43 45
43 47
43 48
43 50
43 52
43 53
43 55
43 56
43 58
43 61
43 64
43 65
43 71
43 72
43 74
43 76
43 77
43 78
43 82
43 85
43 87
43 88
43 89
43 92
43 93
43 95
43 99
44 45
44 48
44 50
44 51
44 52
44 54
44 56
44 58
44 60
44 64
44 65
44 67
44 68
44 69
44 72
44 74
44 75
44 79
44 80
44 81
44 82
44 83
44 84
44 86
44 87
44 89
44 90
44 92
44 93
44 94
44 96
45 46
45 49
45 50
45 55
45 61
45 62
45 63
45 67
45 69
45 70
45 72
45 74
45 75
45 76
45 80
45 81
45 83
45 85
45 88
45 89
45 90
45 91
45 93
45 95
45 97
45 98
46 47
46 48
46 50
46 52
46 53
46 54
46 56
46 57
46 58
46 59
46 61
46 63
46 64
46 67
46 68
46 70
46 73
46 74
46 75
46 77
46 79
46 81
46 85
46 87
46 88
46 91
46 93
46 97
47 49
47 52
47 54
47 57
47 58
47 60
47 63
47 64
47 69
47 70
47 71
47 73
47 74
47 75
47 77
47 79
47 81
47 82
47 83
47 89
47 90
47 92
47 93
47 94
47 99
48 49
48 50
48 51
48 52
48 53
48 54
48 56
48 57
48 59
48 62
48 64
48 65
48 66
48 70
48 73
48 74
48 76
48 79
48 82
48 85
48 86
48 88
48 89
48 90
48 92
49 53
49 54
49 57
49 59
49 61
49 62
49 70
49 71
49 72
49 79
49 80
49 81
49 82
49 84
49 85
49 89
49 90
49 91
49 92
49 93
49 94
49 96
50 51
50 55
50 59
50 60
50 63
50 66
50 67
50 71
50 72
50 73
50 74
50 76
50 78
50 80
50 81
50 88
50 89
50 91
50 92
50 93
50 94
50 96
50 97
51 54
51 55
51 56
51 57
51 59
51 61
51 62
51 63
51 66
51 67
51 72
51 75
51 76
51 78
51 79
51 80
51 81
51 82
51 83
51 85
51 86
51 87
51 89
51 91
51 92
51 93
51 94
51 96
52 55
52 58
52 59
52 62
52 65
52 67
52 72
52 74
52 75
52 76
52 77
52 79
52 80
52 84
52 89
52 90
52 91
52 92
52 93
52 94
52 95
52 96
52 97
53 58
53 59
53 61
53 63
53 64
53 68
53 69
53 75
53 76
53 77
53 78
53 80
53 81
53 82
53 83
53 84
53 87
53 88
53 92
53 96
53 97
53 98
53 99
54 56
54 59
54 60
54 61
54 62
54 64
54 65
54 66
54 67
54 69
54 71
54 78
54 81
54 82
54 86
54 87
54 88
54 94
54 95
54 96
54 97
54 99
55 60
55 61
55 65
55 66
55 67
55 68
55 70
55 71
55 72
55 75
55 77
55 78
55 79
55 82
55 83
55 85
55 86
55 87
55 88
55 89
55 90
55 94
55 95
56 59
56 60
56 61
56 62
56 64
56 66
56 69
56 70
56 71
56 72
56 76
56 77
56 78
56 79
56 80
56 81
56 82
56 83
56 84
56 85
56 86
56 87
56 88
56 91
56 92
56 94
56 95
56 96
57 58
57 59
57 60
57 62
57 63
57 65
57 66
57 67
57 68
57 71
57 72
57 75
57 81
57 82
57 84
57 85
57 86
57 87
57 88
57 90
57 92
57 93
57 95
57 97
57 98
57 99
58 61
58 62
58 63
58 65
58 69
58 70
58 74
58 76
58 77
58 83
58 86
58 89
58 90
58 96
59 62
59 64
59 65
59 66
59 67
59 68
59 70
59 72
59 73
59 74
59 75
59 76
59 78
59 80
59 84
59 86
59 89
59 91
59 92
59 93
59 94
59 99
60 63
60 64
60 67
60 70
60 71
60 72
60 76
60 77
60 79
60 80
60 82
60 85
60 86
60 89
60 90
60 91
60 92
60 93
60 95
60 96
60 97
60 99
61 63
61 65
61 67
61 70
61 71
61 72
61 73
61 77
61 78
61 81
61 82
61 83
61 84
61 86
61 90
61 92
61 93
61 94
61 96
61 97
61 98
61 99
62 63
62 66
62 71
62 72
62 74
62 75
62 76
62 77
62 78
62 81
62 82
62 86
62 88
62 89
62 90
62 92
62 96
62 97
62 99
63 64
63 68
63 69
63 71
63 73
63 74
63 77
63 78
63 79
63 84
63 85
63 86
63 88
63 89
63 92
63 93
63 94
63 95
63 98
64 66
64 68
64 71
64 73
64 76
64 78
64 79
64 80
64 81
64 82
64 83
64 84
64 87
64 91
64 93
64 96
64 98
65 67
65 71
65 72
65 74
65 75
65 78
65 80
65 82
65 87
65 90
65 91
65 92
65 95
65 96
66 68
66 69
66 70
66 71
66 76
66 78
66 80
66 82
66 83
66 84
66 86
66 91
66 92
66 93
66 95
66 96
66 98
66 99
67 69
67 70
67 71
67 72
67 77
67 80
67 83
67 84
67 86
67 88
67 92
67 95
67 96
67 97
68 69
68 73
68 74
68 76
68 79
68 80
68 82
68 84
68 86
68 87
68 88
68 93
68 95
68 96
68 98
68 99
69 72
69 74
69 76
69 78
69 79
69 80
69 84
69 87
69 88
69 89
69 92
69 93
69 94
69 95
69 96
69 99
70 74
70 75
70 78
70 79
70 81
70 84
70 88
70 90
70 91
70 93
70 94
70 95
70 97
70 99
71 74
71 76
71 78
71 79
71 80
71 81
71 83
71 86
71 87
71 90
71 92
71 93
71 94
71 96
71 97
71 98
71 99
72 74
72 76
72 80
72 81
72 82
72 83
72 84
72 86
72 87
72 89
72 91
72 92
72 93
72 94
72 96
72 97
72 99
73 76
73 77
73 78
73 84
73 86
73 88
73 92
73 97
73 99
74 75
74 76
74 77
74 78
74 79
74 80
74 81
74 82
74 83
74 86
74 87
74 88
74 90
74 91
74 92
74 94
74 95
74 96
74 97
75 78
75 80
75 82
75 83
75 84
75 85
75 86
75 87
75 88
75 89
75 90
75 93
75 98
75 99
76 77
76 80
76 82
76 90
76 91
76 92
76 95
76 97
77 78
77 82
77 85
77 86
77 87
77 88
77 89
77 90
77 91
77 92
77 93
77 95
78 80
78 81
78 82
78 83
78 84
78 85
78 86
78 90
78 91
78 92
78 93
78 94
78 95
78 97
78 98
79 81
79 83
79 84
79 85
79 86
79 89
79 91
79 92
79 94
79 95
79 96
79 98
80 83
80 87
80 89
80 90
80 92
80 95
80 97
80 98
81 85
81 86
81 89
81 92
81 93
81 95
81 96
81 98
82 85
82 86
82 90
82 91
82 92
82 93
82 94
82 95
82 96
83 84
83 88
83 93
83 94
83 95
83 96
83 97
83 98
83 99
84 86
84 87
84 89
84 91
84 94
84 96
85 86
85 91
85 95
85 97
86 89
86 91
86 92
86 93
86 94
86 95
86 96
86 98
86 99
87 90
87 91
87 93
87 97
87 99
88 90
88 91
88 92
88 93
88 94
88 95
88 96
88 97
88 98
89 90
89 92
89 94
89 96
89 97
89 99
90 91
90 92
90 94
90 95
90 96
90 98
90 99
91 93
91 94
91 99
92 93
92 94
92 96
92 97
92 98
92 99
93 95
94 95
94 97
94 98
94 99
95 96
95 97
95 99
97 99
