0 2
0 7
0 8
0 9
0 10
0 14
0 15
0 16
0 17
0 18
0 26
0 32
0 35
0 36
0 37
0 38
0 39
0 44
0 45
0 48
0 49
0 51
0 52
0 54
0 55
0 60
0 64
0 67
0 68
0 69
0 72
0 73
0 74
0 75
0 76
0 77
0 78
0 79
0 82
0 84
0 87
0 91
0 92
0 96
0 97
0 98
0 99
1 3
1 4
1 5
1 6
1 8
1 9
1 12
1 16
1 17
1 18
1 21
1 22
1 23
1 26
1 27
1 28
1 32
1 37
1 39
1 41
1 46
1 48
1 49
1 50
1 56
1 57
1 59
1 60
1 63
1 64
1 66
1 68
1 71
1 72
1 76
1 77
1 79
1 83
1 84
1 85
1 86
1 87
1 92
1 93
1 95
1 96
1 98
2 3
2 4
2 5
2 6
2 7
2 14
2 16
2 18
2 19
2 23
2 25
2 29
2 30
2 31
2 32
2 35
2 39
2 40
2 41
2 43
2 49
2 50
2 53
2 54
2 57
2 59
2 60
2 61
2 63
2 64
2 65
2 68
2 69
2 70
2 71
2 73
2 74
2 75
2 83
2 88
2 90
2 91
2 95
2 97
3 6
3 7
3 9
3 11
3 14
3 16
3 17
3 22
3 25
3 28
3 29
3 30
3 31
3 34
3 37
3 38
3 39
3 40
3 43
3 44
3 45
3 46
3 50
3 55
3 56
3 57
3 60
3 61
3 62
3 63
3 68
3 72
3 73
3 74
3 78
3 79
3 80
3 84
3 86
3 88
3 89
3 92
3 94
3 96
3 97
3 99
4 7
4 9
4 10
4 12
4 15
4 16
4 17
4 18
4 22
4 23
4 24
4 26
4 27
4 30
4 33
4 34
4 35
4 38
4 39
4 41
4 44
4 45
4 47
4 49
4 50
4 51
4 56
4 59
4 60
4 62
4 65
4 68
4 76
4 78
4 80
4 81
4 82
4 83
4 85
4 89
4 90
4 94
4 95
4 98
5 8
5 10
5 11
5 13
5 14
5 15
5 16
5 17
5 20
5 24
5 26
5 27
5 28
5 30
5 33
5 35
5 36
5 38
5 45
5 49
5 51
5 52
5 54
5 56
5 58
5 60
5 61
5 66
5 69
5 72
5 74
5 75
5 77
5 80
5 87
5 88
5 89
5 94
5 95
5 96
5 97
6 7
6 11
6 12
6 16
6 17
6 18
6 19
6 25
6 26
6 27
6 31
6 34
6 35
6 36
6 37
6 39
6 40
6 41
6 44
6 45
6 46
6 47
6 49
6 51
6 54
6 55
6 56
6 59
6 62
6 65
6 70
6 71
6 72
6 73
6 76
6 77
6 78
6 79
6 81
6 83
6 86
6 87
6 89
6 90
6 91
6 92
6 97
7 8
7 10
7 12
7 13
7 14
7 17
7 20
7 21
7 23
7 24
7 25
7 35
7 41
7 42
7 44
7 46
7 49
7 53
7 54
7 55
7 56
7 57
7 58
7 59
7 60
7 62
7 64
7 66
7 67
7 69
7 71
7 72
7 73
7 74
7 76
7 77
7 78
7 79
7 80
7 81
7 82
7 85
7 86
7 87
7 89
7 92
7 94
7 95
8 11
8 12
8 13
8 16
8 17
8 18
8 19
8 22
8 23
8 24
8 25
8 27
8 28
8 29
8 30
8 33
8 34
8 35
8 42
8 43
8 44
8 45
8 46
8 47
8 48
8 51
8 52
8 54
8 55
8 56
8 59
8 61
8 63
8 64
8 65
8 69
8 70
8 71
8 72
8 73
8 75
8 76
8 77
8 78
8 79
8 80
8 81
8 83
8 87
8 89
8 90
8 91
8 92
8 93
8 94
8 95
8 99
9 11
9 13
9 18
9 20
9 22
9 26
9 32
9 34
9 35
9 36
9 38
9 39
9 42
9 43
9 44
9 45
9 46
9 49
9 51
9 52
9 55
9 57
9 58
9 59
9 61
9 62
9 64
9 65
9 66
9 68
9 70
9 73
9 76
9 77
9 78
9 79
9 80
9 88
9 89
9 92
9 93
9 94
9 97
10 11
10 13
10 17
10 18
10 22
10 25
10 26
10 27
10 29
10 31
10 33
10 34
10 38
10 39
10 44
10 45
10 48
10 50
10 53
10 54
10 55
10 57
10 59
10 62
10 63
10 65
10 67
10 69
10 71
10 72
10 75
10 79
10 80
10 82
10 83
10 86
10 88
10 90
10 94
10 96
10 97
10 99
11 12
11 13
11 14
11 16
11 18
11 20
11 21
11 23
11 24
11 26
11 27
11 29
11 30
11 31
11 32
11 44
11 45
11 47
11 49
11 52
11 54
11 56
11 57
11 58
11 59
11 61
11 62
11 65
11 66
11 67
11 69
11 71
11 72
11 73
11 77
11 78
11 80
11 81
11 89
11 90
11 95
12 17
12 18
12 21
12 22
12 23
12 25
12 26
12 27
12 29
12 32
12 33
12 34
12 35
12 36
12 38
12 39
12 40
12 43
12 48
12 50
12 52
12 54
12 56
12 61
12 62
12 63
12 64
12 65
12 66
12 67
12 69
12 71
12 75
12 76
12 77
12 78
12 80
12 83
12 87
12 88
12 90
12 91
12 94
12 95
12 96
12 99
13 15
13 17
13 19
13 20
13 21
13 23
13 25
13 27
13 29
13 30
13 32
13 34
13 35
13 38
13 40
13 42
13 43
13 44
13 47
13 49
13 50
13 52
13 53
13 56
13 58
13 59
13 63
13 65
13 66
13 70
13 71
13 72
13 77
13 78
13 80
13 86
13 87
13 89
13 90
13 92
13 96
13 97
13 98
13 99
14 15
14 19
14 22
14 26
14 30
14 31
14 33
14 34
14 35
14 39
14 40
14 43
14 47
14 50
14 51
14 52
14 54
14 56
14 58
14 59
14 64
14 65
14 68
14 69
14 71
14 73
14 74
14 75
14 76
14 79
14 82
14 84
14 85
14 94
14 95
14 97
14 98
15 18
15 21
15 22
15 23
15 25
15 26
15 27
15 28
15 29
15 30
15 31
15 37
15 40
15 42
15 43
15 44
15 45
15 46
15 49
15 53
15 56
15 57
15 58
15 61
15 62
15 63
15 64
15 66
15 69
15 74
15 76
15 78
15 79
15 80
15 81
15 82
15 84
15 88
15 89
15 91
15 93
15 97
15 99
16 17
16 19
16 21
16 24
16 26
16 29
16 30
16 31
16 32
16 34
16 35
16 36
16 37
16 38
16 40
16 41
16 42
16 43
16 44
16 45
16 46
16 50
16 51
16 58
16 63
16 64
16 65
16 66
16 74
16 75
16 76
16 77
16 79
16 80
16 82
16 85
16 87
16 88
16 89
16 90
16 92
16 93
17 20
17 22
17 25
17 26
17 28
17 33
17 34
17 36
17 37
17 38
17 40
17 43
17 46
17 47
17 49
17 58
17 61
17 65
17 67
17 71
17 78
17 80
17 81
17 83
17 84
17 85
17 86
17 91
17 92
17 95
17 96
17 97
17 98
18 19
18 20
18 23
18 25
18 26
18 33
18 34
18 36
18 37
18 38
18 42
18 43
18 46
18 48
18 50
18 51
18 52
18 53
18 56
18 57
18 58
18 60
18 65
18 68
18 69
18 70
18 72
18 74
18 81
18 82
18 83
18 84
18 85
18 86
18 87
18 88
18 93
18 97
18 99
19 24
19 25
19 26
19 27
19 28
19 29
19 31
19 36
19 37
19 41
19 45
19 46
19 49
19 51
19 53
19 59
19 61
19 62
19 63
19 64
19 67
19 68
19 69
19 76
19 77
19 78
19 79
19 81
19 83
19 85
19 90
19 92
19 96
19 99
20 21
20 22
20 23
20 25
20 29
20 31
20 33
20 34
20 35
20 40
20 41
20 42
20 43
20 46
20 50
20 51
20 52
20 54
20 62
20 63
20 64
20 65
20 68
20 70
20 73
20 75
20 77
20 79
20 80
20 82
20 83
20 86
20 88
20 89
20 90
20 91
20 93
20 99
21 23
21 24
21 26
21 31
21 32
21 33
21 38
21 39
21 40
21 42
21 43
21 44
21 45
21 46
21 47
21 48
21 49
21 50
21 54
21 56
21 57
21 58
21 65
21 66
21 69
21 71
21 72
21 73
21 77
21 78
21 79
21 80
21 81
21 84
21 86
21 87
21 88
21 90
21 93
21 96
22 26
22 27
22 29
22 31
22 33
22 34
22 35
22 36
22 37
22 39
22 41
22 42
22 43
22 46
22 47
22 48
22 53
22 54
22 55
22 58
22 59
22 63
22 65
22 66
22 67
22 70
22 71
22 72
22 73
22 75
22 76
22 77
22 80
22 81
22 84
22 86
22 88
22 90
22 91
22 93
22 95
22 97
23 27
23 28
23 31
23 32
23 34
23 35
23 36
23 37
23 38
23 39
23 40
23 43
23 44
23 45
23 48
23 49
23 53
23 58
23 59
23 60
23 62
23 63
23 64
23 66
23 67
23 72
23 73
23 76
23 77
23 78
23 79
23 80
23 85
23 90
23 91
23 92
23 94
23 96
23 97
23 98
23 99
24 28
24 29
24 31
24 32
24 34
24 36
24 37
24 39
24 40
24 41
24 43
24 44
24 45
24 46
24 49
24 50
24 52
24 53
24 55
24 56
24 57
24 59
24 63
24 64
24 70
24 72
24 74
24 78
24 80
24 81
24 82
24 84
24 88
24 93
24 95
24 99
25 26
25 28
25 29
25 30
25 34
25 35
25 37
25 38
25 41
25 42
25 45
25 46
25 47
25 50
25 52
25 56
25 57
25 60
25 62
25 63
25 64
25 68
25 70
25 71
25 72
25 75
25 76
25 77
25 78
25 79
25 80
25 83
25 84
25 87
25 89
25 92
25 95
25 96
25 97
25 98
25 99
26 28
26 30
26 34
26 35
26 36
26 39
26 41
26 45
26 47
26 48
26 52
26 53
26 54
26 55
26 56
26 57
26 60
26 61
26 64
26 65
26 67
26 68
26 69
26 70
26 71
26 72
26 73
26 74
26 78
26 79
26 80
26 81
26 82
26 87
26 88
26 89
26 90
26 92
26 93
26 94
26 98
26 99
27 28
27 30
27 32
27 33
27 34
27 35
27 36
27 39
27 44
27 45
27 46
27 47
27 48
27 49
27 51
27 52
27 53
27 55
27 57
27 59
27 60
27 61
27 62
27 64
27 66
27 68
27 69
27 71
27 72
27 73
27 74
27 77
27 78
27 81
27 82
27 84
27 87
27 90
27 91
27 93
27 95
27 96
27 97
27 99
28 29
28 32
28 34
28 37
28 40
28 41
28 43
28 45
28 46
28 47
28 50
28 52
28 53
28 54
28 58
28 59
28 61
28 63
28 65
28 66
28 67
28 69
28 73
28 74
28 78
28 79
28 80
28 81
28 84
28 87
28 89
28 91
28 93
28 94
28 95
28 96
28 97
28 98
29 31
29 32
29 34
29 36
29 37
29 38
29 39
29 42
29 43
29 45
29 46
29 47
29 48
29 54
29 56
29 61
29 66
29 67
29 69
29 71
29 72
29 74
29 76
29 79
29 85
29 86
29 88
29 92
29 93
29 94
29 95
29 96
29 99
30 32
30 34
30 35
30 38
30 40
30 43
30 45
30 51
30 56
30 58
30 59
30 60
30 63
30 64
30 69
30 70
30 73
30 75
30 76
30 77
30 78
30 79
30 81
30 83
30 84
30 85
30 86
30 88
30 92
30 93
30 95
31 32
31 34
31 37
31 42
31 43
31 44
31 45
31 46
31 48
31 50
31 51
31 52
31 57
31 58
31 60
31 62
31 64
31 65
31 67
31 70
31 74
31 75
31 76
31 77
31 78
31 79
31 80
31 84
31 87
31 91
31 95
31 96
31 97
31 99
32 35
32 37
32 39
32 42
32 44
32 49
32 50
32 51
32 54
32 59
32 60
32 61
32 62
32 64
32 65
32 66
32 67
32 68
32 70
32 72
32 73
32 77
32 79
32 82
32 85
32 88
32 90
32 91
32 94
32 99
33 34
33 36
33 40
33 41
33 42
33 43
33 44
33 45
33 48
33 53
33 56
33 57
33 59
33 60
33 61
33 62
33 63
33 67
33 71
33 72
33 74
33 75
33 77
33 78
33 80
33 81
33 83
33 84
33 88
33 91
33 92
33 94
33 95
33 96
33 98
34 35
34 36
34 37
34 38
34 39
34 41
34 42
34 44
34 47
34 48
34 49
34 50
34 51
34 52
34 53
34 54
34 56
34 57
34 59
34 60
34 62
34 71
34 72
34 77
34 78
34 79
34 80
34 82
34 84
34 86
34 87
34 88
34 90
34 94
34 99
35 36
35 37
35 38
35 41
35 43
35 44
35 48
35 53
35 54
35 57
35 58
35 59
35 63
35 64
35 65
35 68
35 70
35 71
35 74
35 75
35 78
35 79
35 80
35 82
35 84
35 86
35 87
35 90
35 91
35 93
35 96
35 97
35 99
36 37
36 39
36 40
36 41
36 42
36 43
36 44
36 46
36 51
36 54
36 56
36 63
36 70
36 71
36 77
36 79
36 80
36 83
36 85
36 86
36 87
36 88
36 89
36 90
36 91
36 92
36 93
36 94
36 96
36 97
36 98
37 38
37 39
37 40
37 43
37 46
37 55
37 56
37 57
37 58
37 59
37 60
37 64
37 66
37 68
37 69
37 72
37 77
37 78
37 80
37 81
37 82
37 84
37 85
37 86
37 87
37 89
37 91
37 93
37 97
37 98
38 39
38 40
38 41
38 42
38 43
38 44
38 48
38 49
38 52
38 53
38 54
38 56
38 57
38 60
38 61
38 62
38 63
38 64
38 65
38 66
38 68
38 69
38 70
38 71
38 72
38 75
38 80
38 81
38 83
38 84
38 86
38 89
38 90
38 91
38 93
38 94
38 97
38 99
39 41
39 42
39 43
39 44
39 48
39 52
39 53
39 54
39 55
39 56
39 57
39 59
39 61
39 62
39 65
39 71
39 74
39 76
39 77
39 80
39 81
39 83
39 86
39 88
39 89
39 91
39 92
39 93
39 94
39 95
39 96
40 43
40 45
40 47
40 50
40 51
40 52
40 53
40 56
40 57
40 58
40 61
40 63
40 65
40 66
40 67
40 68
40 69
40 70
40 75
40 77
40 79
40 81
40 82
40 84
40 87
40 88
40 89
40 93
40 94
40 95
40 96
40 98
40 99
41 42
41 43
41 44
41 47
41 48
41 50
41 51
41 53
41 54
41 55
41 56
41 57
41 58
41 61
41 65
41 66
41 70
41 71
41 72
41 74
41 76
41 82
41 83
41 84
41 85
41 86
41 89
41 92
41 93
41 95
41 96
41 97
42 46
42 47
42 48
42 49
42 51
42 52
42 53
42 54
42 56
42 58
42 59
42 61
42 63
42 65
42 67
42 68
42 70
42 73
42 74
42 75
42 77
42 78
42 82
42 83
42 85
42 89
42 90
42 92
42 94
42 96
42 97
43 45
43 51
43 55
43 56
43 58
43 59
43 60
43 65
43 67
43 68
43 72
43 75
43 76
43 79
43 81
43 83
43 85
43 93
43 94
43 96
43 99
44 45
44 46
44 47
44 49
44 53
44 54
44 55
44 56
44 61
44 63
44 64
44 65
44 66
44 67
44 68
44 69
44 70
44 71
44 75
44 76
44 77
44 78
44 80
44 81
44 82
44 85
44 87
44 88
44 91
44 94
44 95
44 99
45 47
45 48
45 53
45 55
45 56
45 57
45 61
45 62
45 63
45 64
45 65
45 66
45 67
45 70
45 72
45 73
45 75
45 76
45 77
45 79
45 81
45 82
45 83
45 84
45 92
45 95
45 97
45 98
46 51
46 52
46 54
46 57
46 58
46 60
46 64
46 65
46 68
46 69
46 72
46 75
46 76
46 78
46 80
46 81
46 82
46 83
46 89
46 91
46 93
46 95
46 96
47 49
47 52
47 53
47 54
47 56
47 57
47 59
47 60
47 61
47 62
47 65
47 66
47 69
47 70
47 72
47 73
47 75
47 77
47 78
47 79
47 81
47 83
47 84
47 87
47 88
47 91
47 97
47 98
47 99
48 49
48 50
48 57
48 58
48 59
48 60
48 62
48 63
48 64
48 69
48 71
48 74
48 75
48 77
48 80
48 82
48 84
48 85
48 86
48 87
48 88
48 90
48 92
48 95
49 50
49 53
49 55
49 58
49 60
49 66
49 67
49 68
49 73
49 75
49 83
49 84
49 86
49 87
49 89
49 90
49 91
49 95
49 96
49 97
49 98
49 99
50 53
50 57
50 59
50 60
50 61
50 63
50 65
50 67
50 69
50 71
50 73
50 75
50 77
50 78
50 79
50 80
50 82
50 86
50 87
50 88
50 93
50 94
50 95
50 97
51 53
51 57
51 59
51 61
51 62
51 63
51 66
51 67
51 68
51 69
51 72
51 73
51 76
51 78
51 81
51 82
51 84
51 87
51 88
51 89
51 91
51 95
51 96
51 98
52 53
52 54
52 58
52 60
52 61
52 63
52 66
52 67
52 69
52 70
52 71
52 74
52 76
52 77
52 81
52 82
52 85
52 86
52 87
52 88
52 90
52 92
52 93
52 95
52 96
52 97
53 56
53 57
53 61
53 62
53 63
53 65
53 66
53 68
53 70
53 71
53 74
53 76
53 80
53 82
53 83
53 84
53 85
53 88
53 89
53 90
53 94
53 97
53 98
54 58
54 59
54 60
54 61
54 62
54 63
54 65
54 66
54 67
54 71
54 75
54 76
54 77
54 78
54 80
54 81
54 82
54 85
54 89
54 90
54 91
54 92
54 93
54 94
54 95
54 96
54 97
55 58
55 59
55 60
55 61
55 62
55 65
55 67
55 68
55 69
55 70
55 72
55 75
55 78
55 80
55 83
55 84
55 85
55 90
55 91
55 92
55 95
55 96
55 97
55 99
56 57
56 58
56 61
56 65
56 69
56 70
56 74
56 76
56 78
56 80
56 83
56 84
56 89
56 90
56 91
56 92
56 93
56 94
56 95
56 96
56 98
57 58
57 60
57 61
57 65
57 66
57 68
57 69
57 71
57 72
57 74
57 77
57 81
57 82
57 85
57 88
57 89
57 91
57 92
57 97
58 59
58 60
58 62
58 63
58 64
58 65
58 66
58 67
58 69
58 70
58 73
58 75
58 78
58 80
58 81
58 82
58 83
58 84
58 85
58 86
58 88
58 89
58 90
58 91
58 93
58 98
59 60
59 61
59 65
59 67
59 68
59 71
59 72
59 73
59 74
59 77
59 78
59 80
59 83
59 84
59 87
59 89
59 90
59 95
59 99
60 61
60 62
60 65
60 67
60 70
60 71
60 73
60 77
60 78
60 80
60 88
60 89
60 90
60 92
60 95
60 96
61 62
61 63
61 64
61 66
61 67
61 68
61 69
61 71
61 72
61 73
61 76
61 77
61 80
61 83
61 89
61 90
61 92
61 93
61 95
61 98
62 63
62 66
62 67
62 68
62 69
62 70
62 71
62 72
62 73
62 74
62 75
62 77
62 78
62 80
62 82
62 83
62 88
62 90
62 94
62 98
63 65
63 66
63 69
63 72
63 73
63 75
63 77
63 78
63 81
63 84
63 86
63 87
63 88
63 90
63 91
63 92
63 94
63 95
63 99
64 65
64 66
64 67
64 68
64 69
64 71
64 78
64 79
64 80
64 84
64 85
64 86
64 87
64 88
64 93
64 94
64 95
64 96
65 66
65 67
65 68
65 69
65 70
65 71
65 73
65 74
65 76
65 77
65 78
65 79
65 80
65 81
65 83
65 84
65 88
65 91
65 92
65 95
65 96
65 98
65 99
66 67
66 74
66 77
66 78
66 79
66 80
66 81
66 83
66 85
66 89
66 92
66 94
66 96
66 98
67 69
67 70
67 71
67 73
67 80
67 81
67 82
67 83
67 85
67 86
67 87
67 89
67 91
67 94
67 97
67 99
68 70
68 71
68 72
68 74
68 76
68 81
68 82
68 83
68 85
68 87
68 91
68 92
68 94
68 95
68 96
68 97
69 73
69 74
69 75
69 76
69 77
69 78
69 81
69 82
69 85
69 86
69 89
69 90
69 92
69 93
69 94
69 97
69 99
70 72
70 73
70 74
70 75
70 76
70 78
70 79
70 80
70 82
70 83
70 85
70 86
70 90
70 93
70 94
70 99
71 73
71 74
71 75
71 76
71 79
71 82
71 84
71 86
71 89
71 92
71 96
71 98
71 99
72 75
72 77
72 78
72 79
72 80
72 83
72 84
72 85
72 86
72 88
72 89
72 92
72 93
72 95
72 96
72 97
72 98
73 75
73 76
73 77
73 78
73 84
73 87
73 89
73 91
73 93
73 94
73 95
73 97
73 98
74 75
74 76
74 77
74 82
74 84
74 88
74 91
74 92
74 93
74 94
74 99
75 77
75 82
75 83
75 89
75 90
75 91
75 98
76 77
76 78
76 80
76 82
76 84
76 86
76 91
76 96
76 97
76 98
77 78
77 80
77 82
77 83
77 85
77 88
77 90
77 91
77 92
77 94
77 96
77 98
78 79
78 80
78 81
78 82
78 83
78 87
78 88
78 93
78 94
78 95
78 96
78 97
78 98
78 99
79 80
79 81
79 84
79 86
79 89
79 90
79 94
79 95
80 82
80 83
80 84
80 86
80 88
80 89
80 93
80 94
80 96
80 97
80 98
81 82
81 83
81 84
81 85
81 92
81 95
81 97
81 99
82 83
82 84
82 87
82 90
82 91
82 92
82 95
82 96
82 97
82 99
83 85
83 88
83 90
83 92
83 93
83 94
83 98
83 99
84 85
84 87
84 88
84 89
84 93
84 95
84 96
85 87
85 88
85 90
85 92
85 94
85 95
85 96
85 97
85 99
86 87
86 90
86 91
86 93
86 95
86 98
87 90
87 93
87 94
87 96
88 89
88 90
88 91
88 93
88 94
88 95
88 96
88 99
89 93
89 95
89 98
89 99
90 91
90 95
90 98
90 99
91 92
91 93
91 97
92 93
92 95
92 96
93 95
93 96
93 97
93 98
93 99
94 98
95 98
96 97
96 99
