0 4
0 5
0 6
0 7
0 12
0 15
0 16
0 17
0 19
0 20
0 22
0 26
0 27
0 28
0 29
0 31
0 32
0 33
0 34
0 37
0 40
0 45
0 48
0 56
0 61
0 64
0 69
0 71
0 72
0 73
0 76
0 77
0 78
0 81
0 84
0 86
0 91
0 92
0 93
0 97
0 99
1 3
1 5
1 6
1 8
1 11
1 12
1 13
1 14
1 15
1 16
1 17
1 21
1 22
1 25
1 26
1 27
1 32
1 33
1 35
1 37
1 38
1 39
1 40
1 43
1 44
1 46
1 47
1 49
1 57
1 58
1 59
1 62
1 63
1 65
1 67
1 68
1 69
1 71
1 72
1 76
1 77
1 79
1 81
1 85
1 86
1 92
1 93
1 94
1 95
1 98
2 4
2 5
2 8
2 10
2 11
2 13
2 14
2 15
2 16
2 17
2 20
2 21
2 22
2 24
2 25
2 27
2 34
2 39
2 40
2 42
2 45
2 50
2 51
2 55
2 57
2 60
2 62
2 63
2 64
2 65
2 66
2 67
2 69
2 70
2 72
2 74
2 77
2 78
2 79
2 80
2 81
2 85
2 92
2 93
2 95
3 4
3 6
3 7
3 13
3 17
3 24
3 25
3 27
3 29
3 30
3 31
3 32
3 33
3 34
3 35
3 36
3 37
3 41
3 42
3 48
3 49
3 51
3 52
3 54
3 58
3 62
3 63
3 64
3 65
3 66
3 67
3 69
3 70
3 71
3 73
3 74
3 75
3 78
3 80
3 82
3 83
3 86
3 87
3 89
3 91
3 94
3 95
3 96
3 97
3 99
4 6
4 8
4 9
4 16
4 18
4 20
4 21
4 24
4 26
4 27
4 28
4 29
4 32
4 34
4 36
4 37
4 39
4 40
4 43
4 44
4 45
4 47
4 48
4 55
4 57
4 60
4 62
4 63
4 64
4 65
4 70
4 71
4 73
4 77
4 83
4 84
4 85
4 88
4 89
4 91
4 94
4 95
4 96
4 99
5 6
5 8
5 9
5 13
5 18
5 20
5 22
5 24
5 26
5 29
5 32
5 35
5 36
5 37
5 40
5 43
5 44
5 45
5 46
5 48
5 49
5 50
5 55
5 56
5 57
5 58
5 60
5 61
5 62
5 64
5 65
5 68
5 69
5 70
5 72
5 75
5 83
5 86
5 88
5 89
5 90
5 91
5 95
5 96
5 99
6 7
6 8
6 9
6 11
6 12
6 14
6 15
6 16
6 18
6 19
6 23
6 25
6 26
6 27
6 28
6 31
6 36
6 38
6 40
6 41
6 42
6 46
6 47
6 52
6 54
6 55
6 58
6 59
6 61
6 71
6 72
6 73
6 75
6 78
6 82
6 88
6 89
6 91
6 92
6 97
6 99
7 8
7 10
7 12
7 14
7 15
7 18
7 19
7 20
7 21
7 24
7 25
7 26
7 27
7 29
7 30
7 36
7 37
7 38
7 41
7 42
7 45
7 47
7 48
7 49
7 50
7 52
7 54
7 55
7 59
7 60
7 62
7 63
7 66
7 69
7 71
7 74
7 75
7 77
7 82
7 84
7 85
7 93
7 94
7 95
7 96
8 12
8 14
8 15
8 16
8 18
8 19
8 20
8 22
8 24
8 25
8 26
8 27
8 28
8 30
8 31
8 32
8 33
8 36
8 40
8 42
8 44
8 45
8 50
8 52
8 53
8 55
8 58
8 62
8 67
8 68
8 69
8 73
8 74
8 76
8 79
8 81
8 84
8 88
8 89
8 92
8 93
8 95
8 97
8 98
9 12
9 13
9 14
9 16
9 17
9 18
9 19
9 20
9 21
9 22
9 24
9 25
9 28
9 30
9 37
9 38
9 39
9 42
9 43
9 45
9 46
9 47
9 50
9 51
9 53
9 55
9 57
9 60
9 61
9 62
9 69
9 70
9 74
9 75
9 76
9 78
9 79
9 80
9 81
9 86
9 96
9 97
9 98
9 99
10 12
10 14
10 15
10 18
10 22
10 23
10 24
10 26
10 27
10 28
10 29
10 31
10 32
10 33
10 35
10 36
10 38
10 39
10 40
10 43
10 44
10 45
10 46
10 47
10 50
10 51
10 52
10 54
10 55
10 58
10 59
10 61
10 62
10 63
10 67
10 70
10 71
10 72
10 73
10 75
10 76
10 81
10 82
10 84
10 86
10 87
10 88
10 89
10 90
10 92
10 93
10 94
10 95
10 98
10 99
11 12
11 14
11 16
11 17
11 18
11 20
11 21
11 24
11 27
11 31
11 32
11 34
11 36
11 38
11 41
11 42
11 44
11 46
11 47
11 48
11 49
11 51
11 52
11 54
11 55
11 56
11 57
11 58
11 59
11 60
11 62
11 65
11 66
11 72
11 73
11 74
11 75
11 79
11 82
11 84
11 85
11 88
11 91
11 92
11 93
11 94
11 97
11 99
12 13
12 15
12 17
12 18
12 20
12 26
12 29
12 31
12 34
12 36
12 39
12 40
12 47
12 48
12 50
12 51
12 56
12 58
12 60
12 63
12 64
12 65
12 68
12 69
12 71
12 73
12 77
12 78
12 81
12 82
12 83
12 84
12 85
12 88
12 89
12 91
12 93
12 94
12 96
12 98
12 99
13 14
13 16
13 18
13 20
13 22
13 23
13 24
13 26
13 27
13 31
13 33
13 36
13 40
13 47
13 51
13 53
13 57
13 58
13 59
13 61
13 65
13 68
13 71
13 72
13 79
13 82
13 83
13 85
13 86
13 87
13 88
13 90
13 95
13 96
13 98
13 99
14 16
14 19
14 20
14 22
14 24
14 25
14 28
14 29
14 30
14 31
14 32
14 33
14 35
14 36
14 37
14 42
14 47
14 49
14 50
14 51
14 53
14 55
14 60
14 61
14 63
14 66
14 67
14 72
14 79
14 80
14 82
14 83
14 85
14 86
14 87
14 88
14 91
14 94
14 97
14 98
15 16
15 18
15 19
15 20
15 22
15 30
15 37
15 38
15 40
15 42
15 43
15 44
15 46
15 49
15 55
15 56
15 58
15 60
15 62
15 64
15 65
15 66
15 67
15 68
15 69
15 71
15 73
15 77
15 79
15 80
15 83
15 85
15 86
15 87
15 88
15 89
15 90
15 91
15 93
15 95
15 96
16 17
16 21
16 22
16 23
16 26
16 27
16 28
16 31
16 32
16 33
16 34
16 35
16 37
16 38
16 39
16 42
16 43
16 46
16 49
16 50
16 51
16 54
16 55
16 63
16 64
16 66
16 69
16 71
16 73
16 75
16 77
16 78
16 79
16 80
16 81
16 85
16 91
16 97
16 99
17 19
17 21
17 23
17 25
17 26
17 27
17 28
17 29
17 30
17 31
17 33
17 35
17 36
17 38
17 40
17 41
17 42
17 43
17 45
17 46
17 49
17 50
17 52
17 53
17 54
17 59
17 61
17 70
17 71
17 72
17 74
17 75
17 76
17 77
17 79
17 81
17 82
17 83
17 84
17 85
17 88
17 90
17 91
17 93
17 94
17 96
17 98
17 99
18 20
18 22
18 23
18 24
18 25
18 26
18 28
18 31
18 34
18 37
18 39
18 40
18 41
18 43
18 44
18 46
18 47
18 48
18 51
18 52
18 54
18 55
18 57
18 58
18 60
18 64
18 66
18 67
18 70
18 72
18 78
18 81
18 84
18 85
18 86
18 87
18 91
18 93
18 94
18 98
18 99
19 20
19 21
19 22
19 24
19 25
19 27
19 28
19 31
19 32
19 36
19 39
19 41
19 44
19 45
19 51
19 52
19 54
19 55
19 57
19 58
19 63
19 70
19 71
19 72
19 73
19 74
19 75
19 76
19 77
19 78
19 81
19 82
19 83
19 84
19 85
19 88
19 90
19 92
19 94
19 97
20 22
20 23
20 26
20 27
20 31
20 32
20 36
20 40
20 42
20 43
20 46
20 48
20 49
20 51
20 52
20 54
20 56
20 60
20 64
20 68
20 72
20 73
20 75
20 76
20 77
20 78
20 80
20 81
20 82
20 83
20 85
20 88
20 89
20 91
20 93
20 94
20 98
21 22
21 24
21 25
21 26
21 28
21 29
21 30
21 33
21 35
21 36
21 37
21 38
21 45
21 47
21 49
21 53
21 54
21 60
21 61
21 63
21 65
21 66
21 67
21 68
21 69
21 70
21 71
21 75
21 77
21 80
21 83
21 84
21 86
21 87
21 88
21 91
21 94
21 95
21 96
22 23
22 24
22 26
22 28
22 32
22 35
22 37
22 43
22 44
22 45
22 46
22 47
22 49
22 50
22 51
22 52
22 56
22 57
22 58
22 61
22 67
22 69
22 70
22 73
22 74
22 78
22 81
22 82
22 84
22 85
22 86
22 87
22 88
22 92
22 94
22 95
22 97
22 99
23 25
23 26
23 28
23 30
23 31
23 32
23 34
23 36
23 38
23 39
23 41
23 43
23 46
23 48
23 51
23 52
23 53
23 56
23 61
23 63
23 67
23 69
23 70
23 72
23 75
23 76
23 78
23 79
23 81
23 82
23 83
23 87
23 90
23 91
23 94
24 27
24 28
24 29
24 30
24 33
24 39
24 40
24 42
24 43
24 44
24 47
24 48
24 51
24 52
24 54
24 55
24 57
24 58
24 60
24 61
24 63
24 64
24 65
24 67
24 71
24 73
24 77
24 79
24 86
24 89
24 91
24 94
24 95
24 98
25 26
25 30
25 33
25 34
25 37
25 39
25 41
25 42
25 43
25 44
25 50
25 52
25 56
25 60
25 61
25 62
25 65
25 71
25 72
25 73
25 74
25 75
25 79
25 83
25 85
25 89
25 91
25 94
25 97
25 99
26 27
26 28
26 29
26 30
26 31
26 33
26 34
26 35
26 37
26 38
26 40
26 41
26 44
26 47
26 48
26 50
26 51
26 53
26 54
26 55
26 57
26 59
26 61
26 62
26 64
26 66
26 67
26 69
26 71
26 72
26 73
26 75
26 76
26 79
26 80
26 81
26 87
26 88
26 90
26 92
26 93
26 94
26 95
26 96
27 29
27 31
27 33
27 35
27 36
27 37
27 40
27 44
27 45
27 46
27 47
27 50
27 54
27 55
27 56
27 57
27 59
27 60
27 63
27 64
27 65
27 66
27 68
27 71
27 72
27 73
27 74
27 76
27 77
27 79
27 81
27 82
27 83
27 84
27 87
27 89
27 90
27 91
27 93
27 94
27 95
27 96
27 98
28 31
28 32
28 33
28 34
28 35
28 37
28 38
28 39
28 42
28 43
28 44
28 45
28 46
28 47
28 50
28 51
28 52
28 53
28 54
28 55
28 56
28 57
28 58
28 60
28 62
28 64
28 65
28 68
28 69
28 72
28 73
28 75
28 78
28 79
28 83
28 84
28 85
28 86
28 87
28 88
28 91
28 92
28 93
28 95
28 98
29 30
29 31
29 32
29 33
29 35
29 36
29 38
29 40
29 41
29 43
29 44
29 45
29 46
29 50
29 51
29 52
29 55
29 56
29 58
29 60
29 61
29 63
29 67
29 68
29 70
29 73
29 74
29 75
29 78
29 80
29 82
29 83
29 84
29 85
29 90
29 91
29 92
29 93
29 99
30 32
30 33
30 41
30 42
30 45
30 48
30 49
30 50
30 51
30 52
30 54
30 55
30 57
30 61
30 66
30 67
30 68
30 72
30 73
30 74
30 75
30 77
30 84
30 85
30 88
30 91
30 92
30 93
30 95
30 97
30 98
30 99
31 32
31 34
31 35
31 36
31 37
31 38
31 39
31 43
31 47
31 48
31 50
31 56
31 59
31 60
31 61
31 72
31 74
31 77
31 79
31 80
31 83
31 84
31 85
31 86
31 87
31 88
31 90
31 91
31 92
31 93
31 95
31 96
31 98
31 99
32 36
32 37
32 39
32 40
32 41
32 44
32 46
32 48
32 49
32 50
32 52
32 56
32 58
32 59
32 60
32 62
32 64
32 66
32 67
32 69
32 70
32 71
32 72
32 74
32 75
32 76
32 77
32 78
32 79
32 83
32 84
32 85
32 86
32 87
32 89
32 91
32 94
32 95
32 96
32 99
33 34
33 40
33 41
33 42
33 43
33 45
33 46
33 47
33 48
33 50
33 51
33 53
33 54
33 55
33 58
33 59
33 60
33 61
33 62
33 65
33 67
33 68
33 72
33 73
33 74
33 78
33 79
33 80
33 86
33 87
33 89
33 91
33 95
33 96
33 98
34 36
34 43
34 45
34 46
34 48
34 49
34 52
34 54
34 56
34 57
34 58
34 59
34 62
34 63
34 69
34 72
34 73
34 76
34 77
34 79
34 82
34 83
34 86
34 88
34 89
34 93
34 94
34 96
34 98
34 99
35 40
35 41
35 42
35 43
35 44
35 46
35 47
35 48
35 51
35 52
35 56
35 58
35 61
35 65
35 66
35 68
35 71
35 75
35 79
35 80
35 84
35 86
35 93
35 94
35 96
35 97
35 98
35 99
36 40
36 42
36 45
36 46
36 47
36 48
36 50
36 55
36 56
36 57
36 58
36 60
36 65
36 66
36 67
36 71
36 77
36 79
36 83
36 89
36 94
36 98
37 38
37 42
37 43
37 44
37 49
37 50
37 51
37 52
37 54
37 55
37 57
37 63
37 64
37 65
37 66
37 67
37 68
37 69
37 70
37 71
37 72
37 74
37 78
37 82
37 83
37 84
37 86
37 88
37 90
37 91
37 94
37 95
37 97
37 98
37 99
38 39
38 42
38 43
38 46
38 47
38 56
38 57
38 59
38 61
38 63
38 64
38 66
38 67
38 68
38 76
38 79
38 81
38 84
38 86
38 88
38 98
38 99
39 41
39 46
39 49
39 50
39 52
39 53
39 54
39 55
39 56
39 59
39 60
39 61
39 62
39 63
39 64
39 65
39 66
39 71
39 72
39 74
39 75
39 77
39 78
39 85
39 87
39 93
39 94
39 96
39 98
40 41
40 44
40 45
40 48
40 49
40 51
40 53
40 57
40 58
40 59
40 61
40 63
40 64
40 65
40 66
40 69
40 70
40 75
40 77
40 78
40 79
40 80
40 82
40 83
40 86
40 87
40 88
40 91
40 92
40 93
40 95
40 96
40 97
40 99
41 43
41 46
41 49
41 51
41 53
41 54
41 55
41 56
41 58
41 60
41 65
41 67
41 70
41 71
41 74
41 78
41 83
41 84
41 85
41 87
41 91
41 97
42 46
42 47
42 49
42 52
42 53
42 58
42 60
42 62
42 63
42 64
42 66
42 68
42 69
42 70
42 73
42 74
42 75
42 77
42 80
42 85
42 86
42 87
42 90
42 93
42 97
42 98
43 44
43 50
43 51
43 53
43 55
43 58
43 59
43 60
43 63
43 64
43 67
43 72
43 78
43 79
43 83
43 84
43 86
43 88
43 92
43 93
43 94
43 97
44 45
44 47
44 48
44 50
44 51
44 53
44 59
44 61
44 63
44 64
44 66
44 67
44 68
44 69
44 70
44 73
44 74
44 75
44 76
44 77
44 79
44 81
44 82
44 84
44 86
44 87
44 89
44 90
44 91
44 93
44 95
44 99
45 46
45 47
45 49
45 50
45 52
45 57
45 58
45 59
45 61
45 63
45 64
45 65
45 67
45 69
45 70
45 71
45 72
45 74
45 76
45 77
45 79
45 80
45 84
45 85
45 86
45 87
45 88
45 89
45 90
45 91
45 94
45 97
45 99
46 47
46 48
46 49
46 50
46 51
46 52
46 57
46 58
46 59
46 60
46 65
46 66
46 69
46 70
46 71
46 72
46 73
46 74
46 76
46 77
46 81
46 83
46 84
46 85
46 88
46 89
46 90
46 92
46 94
46 95
46 97
46 98
46 99
47 48
47 50
47 52
47 53
47 54
47 55
47 56
47 57
47 58
47 60
47 61
47 65
47 67
47 68
47 69
47 70
47 72
47 73
47 74
47 75
47 76
47 78
47 79
47 80
47 84
47 86
47 88
47 89
47 90
47 94
47 96
47 99
48 50
48 51
48 53
48 54
48 57
48 58
48 60
48 61
48 62
48 65
48 67
48 68
48 71
48 72
48 75
48 78
48 79
48 80
48 83
48 86
48 88
48 91
48 92
48 94
48 95
48 96
48 98
48 99
49 51
49 52
49 53
49 56
49 58
49 59
49 60
49 61
49 63
49 64
49 66
49 69
49 71
49 73
49 74
49 75
49 76
49 78
49 79
49 80
49 81
49 83
49 84
49 85
49 86
49 88
49 89
49 90
49 91
49 93
49 94
49 97
49 99
50 51
50 53
50 57
50 59
50 60
50 61
50 62
50 64
50 65
50 69
50 72
50 73
50 75
50 77
50 78
50 80
50 84
50 85
50 88
50 89
50 90
50 92
50 93
50 95
50 97
50 98
51 53
51 57
51 59
51 60
51 62
51 65
51 66
51 67
51 68
51 69
51 71
51 73
51 74
51 79
51 86
51 88
51 89
51 90
51 91
51 93
51 95
51 96
51 99
52 53
52 54
52 58
52 59
52 61
52 63
52 66
52 68
52 69
52 73
52 79
52 80
52 85
52 87
52 88
52 90
52 91
52 93
52 94
52 95
52 96
52 99
53 57
53 61
53 62
53 63
53 66
53 68
53 71
53 72
53 76
53 78
53 80
53 81
53 88
53 89
53 90
53 91
53 92
53 93
53 96
53 98
53 99
54 56
54 57
54 58
54 59
54 61
54 63
54 66
54 67
54 68
54 69
54 70
54 72
54 73
54 76
54 77
54 81
54 84
54 88
54 89
54 91
54 93
54 94
54 96
54 99
55 57
55 58
55 59
55 62
55 69
55 71
55 75
55 76
55 78
55 80
55 82
55 83
55 85
55 89
55 90
55 95
56 58
56 62
56 63
56 65
56 66
56 67
56 70
56 72
56 73
56 78
56 81
56 86
56 87
56 89
56 96
56 98
56 99
57 58
57 59
57 60
57 63
57 64
57 65
57 66
57 67
57 70
57 71
57 72
57 74
57 76
57 79
57 80
57 81
57 82
57 85
57 88
57 89
57 94
57 96
57 98
58 59
58 60
58 61
58 64
58 65
58 71
58 72
58 73
58 74
58 76
58 81
58 83
58 85
58 86
58 89
58 90
58 91
58 96
58 97
58 98
59 62
59 63
59 65
59 67
59 68
59 70
59 71
59 73
59 74
59 77
59 78
59 79
59 80
59 81
59 83
59 84
59 85
59 86
59 87
59 91
59 93
59 94
59 95
59 98
60 62
60 63
60 64
60 65
60 66
60 70
60 75
60 78
60 80
60 81
60 88
60 89
60 92
60 94
60 95
60 96
60 97
60 98
61 62
61 66
61 68
61 70
61 72
61 75
61 76
61 77
61 78
61 79
61 86
61 89
61 93
61 95
61 96
61 97
61 99
62 63
62 65
62 66
62 67
62 72
62 73
62 74
62 77
62 79
62 80
62 81
62 82
62 83
62 85
62 87
62 90
62 92
62 93
62 96
62 97
63 64
63 66
63 71
63 72
63 73
63 74
63 75
63 77
63 78
63 79
63 80
63 81
63 82
63 88
63 90
63 92
63 97
63 99
64 65
64 67
64 71
64 73
64 75
64 77
64 79
64 80
64 81
64 82
64 84
64 85
64 86
64 91
64 92
64 94
64 95
64 98
64 99
65 66
65 70
65 71
65 72
65 78
65 81
65 84
65 85
65 86
65 88
65 89
65 91
65 92
65 95
65 98
66 67
66 68
66 69
66 71
66 73
66 77
66 78
66 79
66 84
66 86
66 88
66 90
66 93
66 96
66 99
67 68
67 69
67 70
67 73
67 76
67 78
67 79
67 80
67 82
67 83
67 84
67 85
67 86
67 87
67 88
67 89
67 93
67 94
67 95
67 96
67 97
67 98
68 69
68 72
68 73
68 75
68 76
68 78
68 84
68 91
68 93
68 94
68 95
68 97
68 98
69 70
69 75
69 76
69 77
69 79
69 80
69 83
69 87
69 88
69 90
69 91
69 92
69 94
69 95
69 96
69 97
69 98
69 99
70 71
70 72
70 73
70 78
70 79
70 84
70 86
70 87
70 91
70 92
70 94
70 97
70 99
71 77
71 78
71 81
71 84
71 85
71 88
71 89
71 91
71 93
71 95
71 97
71 99
72 73
72 75
72 77
72 78
72 80
72 81
72 89
72 90
72 97
72 98
73 77
73 78
73 83
73 85
73 86
73 87
73 88
73 89
73 90
73 93
73 94
73 95
73 97
73 98
73 99
74 79
74 80
74 81
74 82
74 83
74 85
74 88
74 90
74 91
74 93
74 94
74 95
74 97
74 98
75 76
75 78
75 79
75 81
75 82
75 83
75 84
75 85
75 86
75 87
75 89
75 90
75 94
75 99
76 77
76 78
76 79
76 80
76 81
76 83
76 84
76 85
76 90
76 92
76 94
76 96
76 98
76 99
77 82
77 83
77 85
77 88
77 90
77 91
77 94
77 95
77 96
77 97
77 98
77 99
78 79
78 80
78 85
78 86
78 88
78 91
78 93
78 95
78 96
78 97
78 98
78 99
79 80
79 82
79 83
79 85
79 87
79 88
79 89
79 91
79 92
79 93
79 94
79 97
79 98
80 81
80 83
80 87
80 88
80 89
80 90
80 91
80 92
80 95
80 96
80 99
81 82
81 83
81 86
81 89
81 90
81 91
81 92
81 94
81 96
81 97
81 99
82 84
82 86
82 87
82 88
82 89
82 92
82 94
82 98
82 99
83 84
83 85
83 86
83 87
83 89
83 90
83 91
83 96
83 98
83 99
84 86
84 90
84 92
84 93
84 95
84 97
84 99
85 88
85 89
85 90
85 91
85 92
85 94
85 96
85 97
85 98
85 99
86 88
86 89
86 92
86 93
86 95
86 96
86 99
87 88
87 89
87 90
87 91
87 95
87 97
87 99
88 89
88 90
88 91
88 93
88 96
88 98
89 90
89 92
89 93
89 95
89 96
89 98
89 99
90 98
90 99
91 93
91 95
91 96
91 97
91 98
91 99
92 93
92 94
92 95
92 96
92 98
93 96
93 98
93 99
94 95
94 96
94 98
94 99
95 96
95 98
95 99
96 98
97 99
