0 1
0 2
0 3
0 4
0 8
0 10
0 11
0 12
0 13
0 15
0 17
0 18
0 20
0 21
0 23
0 24
0 26
0 28
0 30
0 31
0 34
0 35
0 37
0 40
0 43
0 44
0 45
0 47
0 48
0 50
0 51
0 52
0 54
0 56
0 58
0 59
0 65
0 67
0 69
0 71
0 72
0 77
0 78
0 79
0 80
0 82
0 84
0 87
0 89
0 91
0 92
0 93
0 94
0 95
0 96
0 98
1 3
1 5
1 7
1 10
1 11
1 13
1 14
1 16
1 17
1 19
1 20
1 23
1 24
1 25
1 26
1 27
1 31
1 35
1 36
1 43
1 44
1 45
1 48
1 50
1 53
1 54
1 55
1 57
1 60
1 64
1 65
1 66
1 71
1 74
1 75
1 76
1 80
1 82
1 85
1 86
1 88
1 89
1 93
1 98
2 5
2 7
2 8
2 9
2 12
2 13
2 14
2 20
2 24
2 26
2 28
2 30
2 31
2 32
2 33
2 35
2 36
2 37
2 38
2 40
2 43
2 47
2 48
2 50
2 53
2 54
2 55
2 57
2 60
2 61
2 62
2 63
2 64
2 65
2 67
2 69
2 70
2 73
2 74
2 76
2 78
2 80
2 82
2 84
2 85
2 87
2 91
2 92
2 93
2 98
3 6
3 9
3 11
3 15
3 16
3 18
3 20
3 21
3 23
3 25
3 26
3 27
3 28
3 30
3 32
3 33
3 35
3 37
3 38
3 42
3 48
3 50
3 51
3 52
3 54
3 55
3 57
3 62
3 63
3 64
3 65
3 67
3 68
3 70
3 71
3 72
3 74
3 78
3 79
3 84
3 87
3 89
3 92
3 96
3 99
4 5
4 7
4 9
4 11
4 14
4 16
4 17
4 18
4 19
4 21
4 22
4 23
4 24
4 27
4 28
4 29
4 34
4 36
4 38
4 39
4 46
4 48
4 50
4 52
4 54
4 55
4 58
4 59
4 60
4 61
4 64
4 69
4 71
4 72
4 74
4 76
4 79
4 81
4 87
4 89
4 94
4 96
4 97
4 99
5 6
5 12
5 13
5 14
5 15
5 17
5 20
5 21
5 25
5 28
5 32
5 36
5 40
5 44
5 45
5 46
5 49
5 51
5 54
5 56
5 57
5 58
5 61
5 65
5 66
5 69
5 70
5 75
5 78
5 85
5 88
5 91
5 92
5 95
6 11
6 15
6 17
6 19
6 20
6 27
6 28
6 32
6 33
6 34
6 40
6 41
6 44
6 47
6 51
6 53
6 56
6 57
6 58
6 59
6 60
6 61
6 63
6 64
6 65
6 69
6 72
6 80
6 81
6 82
6 84
6 85
6 86
6 88
6 90
6 91
6 92
6 95
6 97
7 8
7 9
7 12
7 13
7 14
7 15
7 16
7 17
7 19
7 21
7 22
7 23
7 26
7 28
7 30
7 31
7 33
7 34
7 37
7 40
7 41
7 45
7 48
7 53
7 55
7 57
7 58
7 59
7 60
7 61
7 63
7 64
7 68
7 69
7 70
7 73
7 74
7 75
7 76
7 77
7 78
7 80
7 81
7 82
7 85
7 86
7 87
7 88
7 91
7 94
7 95
7 97
8 11
8 12
8 14
8 15
8 17
8 18
8 21
8 22
8 24
8 27
8 28
8 29
8 34
8 35
8 37
8 39
8 40
8 43
8 44
8 45
8 48
8 49
8 51
8 52
8 53
8 55
8 56
8 57
8 58
8 59
8 61
8 62
8 64
8 65
8 67
8 68
8 72
8 73
8 74
8 76
8 78
8 79
8 81
8 82
8 83
8 84
8 86
8 88
8 89
8 91
8 92
8 93
8 94
8 95
8 98
8 99
9 12
9 13
9 14
9 15
9 17
9 21
9 22
9 23
9 24
9 25
9 26
9 28
9 29
9 30
9 33
9 34
9 35
9 36
9 38
9 40
9 41
9 42
9 45
9 47
9 49
9 51
9 54
9 55
9 60
9 61
9 62
9 69
9 70
9 78
9 79
9 80
9 81
9 84
9 85
9 86
9 88
9 90
9 93
9 95
9 97
10 11
10 12
10 15
10 16
10 20
10 24
10 27
10 28
10 30
10 31
10 32
10 34
10 40
10 41
10 47
10 49
10 50
10 51
10 54
10 59
10 61
10 65
10 66
10 67
10 68
10 69
10 71
10 75
10 76
10 80
10 81
10 82
10 83
10 84
10 85
10 86
10 87
10 88
10 90
10 95
10 96
10 97
11 12
11 13
11 14
11 15
11 16
11 17
11 18
11 19
11 24
11 27
11 31
11 32
11 34
11 35
11 36
11 39
11 40
11 42
11 43
11 48
11 49
11 50
11 51
11 52
11 53
11 54
11 57
11 58
11 59
11 60
11 61
11 62
11 67
11 68
11 71
11 72
11 73
11 75
11 76
11 77
11 78
11 82
11 83
11 84
11 87
11 89
11 91
11 95
11 97
11 98
11 99
12 16
12 17
12 19
12 22
12 23
12 24
12 25
12 26
12 29
12 31
12 33
12 34
12 37
12 38
12 39
12 41
12 42
12 43
12 44
12 46
12 47
12 49
12 52
12 53
12 57
12 58
12 61
12 64
12 66
12 67
12 69
12 72
12 76
12 77
12 78
12 79
12 81
12 82
12 88
12 89
12 90
12 91
12 92
12 94
12 96
12 97
12 98
13 14
13 18
13 20
13 21
13 23
13 26
13 27
13 30
13 32
13 34
13 35
13 37
13 41
13 42
13 44
13 45
13 46
13 49
13 50
13 51
13 53
13 54
13 55
13 58
13 62
13 68
13 71
13 73
13 75
13 79
13 80
13 81
13 82
13 85
13 86
13 89
13 91
13 93
13 97
13 98
13 99
14 15
14 18
14 19
14 20
14 21
14 23
14 24
14 26
14 30
14 31
14 34
14 35
14 36
14 41
14 42
14 43
14 46
14 49
14 52
14 54
14 58
14 60
14 61
14 64
14 66
14 68
14 71
14 72
14 73
14 75
14 77
14 78
14 80
14 83
14 95
14 98
15 16
15 17
15 18
15 19
15 23
15 24
15 25
15 26
15 30
15 31
15 32
15 37
15 38
15 41
15 43
15 44
15 46
15 48
15 49
15 50
15 51
15 53
15 55
15 57
15 60
15 61
15 62
15 63
15 64
15 68
15 69
15 70
15 71
15 72
15 73
15 75
15 77
15 78
15 80
15 84
15 85
15 89
15 91
15 92
15 93
15 94
15 98
15 99
16 17
16 18
16 21
16 22
16 23
16 24
16 25
16 27
16 32
16 35
16 37
16 40
16 41
16 42
16 45
16 46
16 47
16 50
16 53
16 55
16 59
16 60
16 62
16 63
16 67
16 68
16 69
16 70
16 73
16 74
16 79
16 81
16 83
16 85
16 87
16 88
16 89
16 91
16 92
16 93
16 94
16 95
16 96
16 97
16 98
16 99
17 20
17 22
17 23
17 25
17 27
17 28
17 31
17 32
17 34
17 36
17 40
17 43
17 46
17 47
17 49
17 52
17 53
17 54
17 55
17 56
17 57
17 58
17 59
17 62
17 65
17 67
17 68
17 72
17 73
17 75
17 76
17 77
17 78
17 79
17 81
17 84
17 85
17 87
17 89
17 90
17 91
17 93
17 94
17 98
18 19
18 21
18 26
18 27
18 28
18 29
18 31
18 33
18 36
18 38
18 40
18 43
18 44
18 45
18 47
18 49
18 50
18 51
18 53
18 55
18 57
18 61
18 64
18 68
18 70
18 73
18 77
18 80
18 82
18 83
18 84
18 87
18 89
18 90
18 91
18 92
18 93
18 95
18 98
19 20
19 23
19 25
19 27
19 29
19 30
19 33
19 38
19 39
19 40
19 44
19 45
19 46
19 47
19 57
19 60
19 62
19 65
19 66
19 72
19 74
19 78
19 79
19 82
19 83
19 85
19 86
19 87
19 90
19 91
19 92
19 93
19 94
19 99
20 21
20 22
20 25
20 29
20 32
20 34
20 36
20 37
20 39
20 40
20 42
20 44
20 47
20 48
20 49
20 56
20 61
20 63
20 66
20 67
20 69
20 73
20 74
20 77
20 81
20 84
20 86
20 88
20 92
20 93
20 98
21 23
21 24
21 25
21 26
21 29
21 30
21 33
21 37
21 42
21 43
21 50
21 51
21 52
21 57
21 59
21 60
21 63
21 64
21 65
21 69
21 70
21 73
21 75
21 76
21 78
21 80
21 81
21 83
21 84
21 85
21 86
21 87
21 89
21 92
21 94
22 24
22 25
22 27
22 36
22 39
22 41
22 43
22 46
22 50
22 52
22 54
22 55
22 61
22 63
22 65
22 66
22 67
22 69
22 75
22 76
22 77
22 79
22 81
22 83
22 84
22 85
22 90
22 91
22 93
22 95
22 96
22 99
23 24
23 27
23 29
23 30
23 31
23 32
23 33
23 38
23 39
23 41
23 42
23 44
23 47
23 48
23 50
23 51
23 53
23 54
23 56
23 60
23 62
23 63
23 64
23 65
23 70
23 71
23 72
23 73
23 75
23 78
23 83
23 86
23 89
23 90
23 91
23 93
23 95
23 96
23 98
23 99
24 27
24 28
24 29
24 35
24 36
24 38
24 42
24 43
24 44
24 45
24 46
24 48
24 49
24 51
24 55
24 58
24 64
24 66
24 67
24 69
24 71
24 74
24 75
24 78
24 79
24 80
24 81
24 84
24 86
24 88
24 96
25 28
25 30
25 31
25 35
25 36
25 37
25 39
25 45
25 48
25 51
25 52
25 54
25 57
25 59
25 60
25 62
25 63
25 64
25 65
25 68
25 70
25 72
25 73
25 76
25 77
25 79
25 80
25 82
25 84
25 88
25 89
25 91
25 93
25 94
25 95
25 96
25 98
25 99
26 27
26 30
26 32
26 34
26 36
26 38
26 39
26 40
26 45
26 49
26 50
26 51
26 55
26 59
26 60
26 61
26 63
26 64
26 65
26 68
26 69
26 72
26 77
26 78
26 79
26 80
26 81
26 82
26 83
26 86
26 89
26 90
26 92
26 93
26 99
27 32
27 33
27 35
27 43
27 44
27 46
27 48
27 49
27 50
27 51
27 52
27 54
27 56
27 58
27 59
27 61
27 63
27 64
27 66
27 67
27 68
27 70
27 72
27 76
27 81
27 83
27 84
27 86
27 88
27 90
27 91
27 92
27 93
27 95
27 96
27 97
28 38
28 39
28 40
28 41
28 42
28 52
28 54
28 55
28 56
28 59
28 61
28 62
28 64
28 65
28 67
28 69
28 71
28 72
28 73
28 74
28 76
28 80
28 81
28 82
28 83
28 84
28 86
28 89
28 90
28 93
28 94
28 98
29 31
29 32
29 34
29 38
29 41
29 42
29 43
29 44
29 45
29 50
29 51
29 52
29 54
29 56
29 57
29 59
29 60
29 61
29 71
29 74
29 75
29 77
29 78
29 79
29 81
29 82
29 84
29 85
29 88
29 91
29 93
29 96
30 31
30 36
30 37
30 41
30 43
30 45
30 46
30 49
30 52
30 57
30 61
30 62
30 66
30 68
30 69
30 70
30 71
30 72
30 75
30 76
30 83
30 84
30 86
30 87
30 88
30 89
30 94
30 97
30 98
30 99
31 36
31 37
31 40
31 43
31 44
31 45
31 46
31 47
31 51
31 52
31 53
31 55
31 56
31 57
31 58
31 60
31 61
31 67
31 69
31 71
31 72
31 73
31 78
31 81
31 84
31 85
31 90
31 91
31 92
31 94
31 95
31 99
32 34
32 35
32 36
32 37
32 40
32 41
32 45
32 46
32 47
32 52
32 54
32 58
32 59
32 62
32 64
32 65
32 67
32 68
32 70
32 71
32 72
32 73
32 75
32 77
32 79
32 80
32 82
32 83
32 87
32 89
32 93
32 95
32 98
32 99
33 34
33 35
33 36
33 38
33 40
33 42
33 43
33 44
33 45
33 47
33 51
33 52
33 54
33 61
33 62
33 63
33 64
33 65
33 68
33 69
33 71
33 73
33 74
33 78
33 79
33 80
33 83
33 84
33 86
33 87
33 90
33 93
33 96
33 97
33 99
34 35
34 38
34 39
34 41
34 42
34 53
34 54
34 60
34 61
34 62
34 63
34 64
34 68
34 71
34 72
34 74
34 77
34 78
34 81
34 82
34 84
34 86
34 90
34 91
34 94
34 96
34 98
34 99
35 37
35 41
35 44
35 46
35 48
35 54
35 55
35 56
35 62
35 63
35 66
35 72
35 73
35 76
35 77
35 78
35 80
35 84
35 88
35 90
35 92
35 93
35 97
36 37
36 41
36 42
36 47
36 48
36 49
36 51
36 53
36 54
36 55
36 56
36 57
36 64
36 66
36 67
36 68
36 70
36 72
36 73
36 74
36 75
36 76
36 77
36 79
36 80
36 81
36 84
36 94
36 95
36 96
36 98
37 38
37 39
37 41
37 44
37 45
37 46
37 48
37 50
37 51
37 52
37 57
37 58
37 59
37 61
37 66
37 67
37 69
37 75
37 79
37 80
37 82
37 83
37 84
37 87
37 89
37 90
37 94
37 95
37 97
37 98
38 39
38 40
38 44
38 46
38 50
38 51
38 54
38 55
38 58
38 59
38 61
38 64
38 65
38 66
38 68
38 75
38 76
38 80
38 82
38 85
38 86
38 89
38 90
38 94
38 95
38 99
39 41
39 45
39 49
39 54
39 55
39 56
39 63
39 64
39 65
39 68
39 70
39 71
39 73
39 76
39 78
39 79
39 80
39 83
39 85
39 86
39 87
39 89
39 93
39 94
39 95
39 98
40 44
40 45
40 46
40 47
40 48
40 49
40 50
40 51
40 55
40 57
40 60
40 62
40 64
40 67
40 68
40 69
40 73
40 74
40 75
40 76
40 80
40 81
40 83
40 84
40 86
40 87
40 88
40 90
40 92
40 94
40 98
40 99
41 43
41 50
41 51
41 53
41 55
41 57
41 58
41 59
41 61
41 62
41 63
41 66
41 67
41 68
41 70
41 71
41 77
41 78
41 79
41 80
41 82
41 85
41 87
41 89
41 92
41 97
41 99
42 44
42 46
42 47
42 48
42 49
42 50
42 51
42 52
42 56
42 57
42 58
42 59
42 62
42 63
42 66
42 69
42 71
42 72
42 73
42 74
42 77
42 79
42 80
42 81
42 82
42 83
42 84
42 85
42 86
42 88
42 89
42 92
42 93
42 95
42 97
42 98
42 99
43 49
43 50
43 52
43 56
43 59
43 63
43 67
43 71
43 74
43 75
43 78
43 79
43 80
43 81
43 84
43 86
43 87
43 88
43 90
43 93
43 96
43 99
44 47
44 49
44 51
44 54
44 56
44 58
44 62
44 64
44 65
44 68
44 69
44 70
44 71
44 72
44 77
44 78
44 79
44 80
44 84
44 85
44 86
44 92
44 93
44 95
44 97
44 98
45 47
45 49
45 50
45 52
45 53
45 54
45 55
45 56
45 57
45 58
45 60
45 66
45 69
45 71
45 72
45 74
45 76
45 77
45 78
45 81
45 83
45 85
45 86
45 89
45 90
45 92
45 93
45 95
46 49
46 52
46 54
46 56
46 57
46 60
46 63
46 64
46 69
46 70
46 71
46 74
46 76
46 77
46 78
46 79
46 80
46 81
46 82
46 85
46 87
46 89
46 90
46 91
46 95
46 99
47 48
47 50
47 51
47 53
47 55
47 56
47 59
47 60
47 62
47 63
47 65
47 66
47 68
47 69
47 70
47 72
47 73
47 76
47 77
47 78
47 79
47 82
47 87
47 88
47 89
47 90
47 92
47 96
47 97
47 98
48 50
48 58
48 61
48 64
48 66
48 68
48 69
48 72
48 73
48 80
48 84
48 85
48 86
48 87
48 93
48 97
48 98
48 99
49 52
49 53
49 54
49 55
49 58
49 59
49 60
49 61
49 62
49 64
49 66
49 67
49 68
49 70
49 73
49 76
49 78
49 79
49 80
49 81
49 82
49 83
49 86
49 96
49 98
50 51
50 53
50 54
50 58
50 61
50 62
50 64
50 65
50 66
50 68
50 69
50 70
50 71
50 75
50 76
50 81
50 88
50 89
50 90
50 93
50 94
50 96
50 97
50 98
51 52
51 53
51 54
51 55
51 57
51 61
51 62
51 63
51 64
51 66
51 67
51 69
51 71
51 72
51 74
51 79
51 80
51 82
51 86
51 88
51 91
51 92
51 93
51 96
51 98
52 55
52 56
52 57
52 58
52 59
52 64
52 68
52 69
52 70
52 71
52 75
52 76
52 77
52 78
52 85
52 86
52 88
52 90
52 91
52 92
52 94
52 96
52 97
53 54
53 55
53 56
53 59
53 60
53 61
53 62
53 63
53 67
53 70
53 71
53 72
53 73
53 75
53 77
53 78
53 79
53 80
53 81
53 87
53 88
53 90
53 91
53 93
53 99
54 58
54 60
54 62
54 63
54 65
54 66
54 69
54 70
54 71
54 72
54 76
54 77
54 78
54 79
54 80
54 82
54 84
54 86
54 88
54 90
54 91
54 92
54 97
54 98
55 60
55 63
55 65
55 68
55 70
55 71
55 72
55 74
55 78
55 79
55 80
55 82
55 84
55 87
55 88
55 89
55 90
55 91
55 93
55 96
55 97
56 57
56 58
56 60
56 63
56 71
56 73
56 75
56 77
56 78
56 80
56 82
56 83
56 84
56 86
56 87
56 92
56 95
56 98
56 99
57 61
57 63
57 64
57 69
57 70
57 71
57 72
57 74
57 75
57 77
57 78
57 81
57 83
57 86
57 89
57 90
57 92
57 95
57 96
57 97
58 59
58 61
58 64
58 68
58 69
58 70
58 71
58 72
58 73
58 75
58 77
58 78
58 84
58 85
58 86
58 91
58 92
58 93
58 95
58 97
59 62
59 65
59 66
59 67
59 68
59 69
59 72
59 73
59 74
59 75
59 76
59 77
59 78
59 79
59 81
59 82
59 83
59 87
59 88
59 89
59 90
59 92
59 93
59 94
59 95
59 97
59 99
60 61
60 63
60 65
60 67
60 69
60 73
60 75
60 77
60 80
60 81
60 84
60 85
60 86
60 87
60 88
60 89
60 91
60 92
60 94
60 95
60 96
60 99
61 63
61 66
61 67
61 70
61 72
61 73
61 77
61 79
61 82
61 83
61 86
61 87
61 89
61 90
61 91
61 94
61 96
61 98
62 63
62 64
62 66
62 68
62 71
62 72
62 74
62 78
62 81
62 82
62 83
62 84
62 85
62 86
62 87
62 88
62 92
62 94
62 96
62 98
62 99
63 65
63 66
63 70
63 72
63 73
63 76
63 78
63 79
63 80
63 81
63 82
63 83
63 84
63 85
63 87
63 89
63 90
63 91
63 93
63 96
64 65
64 66
64 67
64 69
64 70
64 72
64 73
64 74
64 76
64 77
64 78
64 84
64 91
64 94
64 97
64 99
65 66
65 68
65 73
65 78
65 81
65 82
65 83
65 85
65 86
65 87
65 90
65 91
65 94
65 95
66 67
66 68
66 69
66 70
66 74
66 75
66 78
66 85
66 86
66 87
66 89
66 93
66 96
66 97
66 99
67 69
67 72
67 74
67 75
67 77
67 80
67 81
67 82
67 84
67 85
67 92
67 94
67 96
67 97
67 99
68 69
68 70
68 71
68 74
68 75
68 76
68 78
68 79
68 80
68 81
68 83
68 84
68 86
68 88
68 89
68 90
68 91
68 92
68 93
68 94
68 95
68 96
68 97
69 71
69 73
69 75
69 76
69 77
69 78
69 79
69 80
69 82
69 85
69 88
69 89
69 90
69 92
69 96
69 97
69 98
69 99
70 71
70 73
70 74
70 75
70 78
70 80
70 81
70 83
70 84
70 86
70 87
70 91
70 92
70 97
70 98
71 73
71 76
71 77
71 78
71 79
71 84
71 85
71 86
71 87
71 90
71 91
71 95
71 96
71 97
71 99
72 75
72 76
72 79
72 80
72 82
72 83
72 85
72 86
72 87
72 88
72 91
72 95
72 96
72 99
73 75
73 79
73 80
73 82
73 84
73 85
73 89
73 91
73 95
73 96
74 78
74 80
74 81
74 86
74 89
74 90
74 91
74 94
74 99
75 76
75 80
75 81
75 83
75 84
75 86
75 88
75 90
75 91
75 94
75 97
75 98
76 77
76 78
76 80
76 81
76 86
76 88
76 93
76 94
76 95
76 98
77 78
77 80
77 82
77 83
77 84
77 86
77 87
77 89
77 91
77 94
77 96
77 97
77 98
78 80
78 81
78 82
78 83
78 85
78 86
78 88
78 89
78 90
78 91
78 92
78 93
78 94
78 96
78 98
78 99
79 80
79 81
79 90
79 92
79 94
79 98
79 99
80 82
80 86
80 87
80 90
80 93
80 94
80 95
81 82
81 83
81 94
81 96
82 84
82 85
82 86
82 88
82 89
82 90
82 91
82 92
82 93
82 95
82 99
83 84
83 85
83 88
83 89
83 90
83 94
83 96
83 98
84 85
84 87
84 88
84 89
84 91
84 92
84 94
84 95
84 96
84 97
84 99
85 87
85 88
85 90
85 92
85 93
85 94
85 96
85 97
85 98
86 87
86 88
86 92
86 94
86 95
86 96
87 89
87 91
87 94
87 96
87 98
88 89
88 94
88 95
88 96
88 97
88 98
89 91
89 92
89 94
89 98
90 91
90 92
90 93
90 96
90 97
90 98
90 99
91 94
91 95
91 97
91 98
92 93
92 95
92 97
92 99
93 96
93 97
93 98
94 96
94 97
94 98
95 96
95 97
95 98
96 98
97 98
97 99
