0 2
0 3
0 9
0 11
0 12
0 16
0 17
0 20
0 22
0 23
0 24
0 26
0 28
0 31
0 35
0 37
0 38
0 39
0 40
0 41
0 42
0 43
0 44
0 45
0 47
0 48
0 53
0 55
0 56
0 57
0 64
0 66
0 67
0 70
0 71
0 74
0 75
0 77
0 78
0 81
0 84
0 85
0 89
0 92
0 94
0 95
0 96
0 98
1 5
1 8
1 9
1 12
1 13
1 15
1 18
1 19
1 21
1 23
1 26
1 27
1 28
1 29
1 30
1 31
1 35
1 40
1 41
1 42
1 43
1 44
1 45
1 46
1 47
1 48
1 49
1 50
1 51
1 52
1 54
1 56
1 57
1 58
1 59
1 60
1 61
1 71
1 72
1 73
1 74
1 78
1 79
1 82
1 83
1 87
1 88
1 94
1 96
1 99
2 4
2 5
2 7
2 10
2 12
2 16
2 17
2 19
2 21
2 22
2 23
2 24
2 26
2 27
2 29
2 31
2 34
2 35
2 37
2 38
2 39
2 42
2 45
2 49
2 50
2 53
2 55
2 60
2 62
2 64
2 65
2 66
2 71
2 72
2 73
2 74
2 75
2 76
2 77
2 83
2 84
2 87
2 88
2 90
2 91
2 92
2 93
2 95
2 96
3 6
3 10
3 11
3 13
3 15
3 18
3 19
3 23
3 24
3 25
3 29
3 33
3 35
3 36
3 38
3 39
3 43
3 48
3 49
3 50
3 51
3 53
3 59
3 62
3 63
3 64
3 66
3 67
3 69
3 71
3 72
3 74
3 76
3 77
3 78
3 80
3 83
3 84
3 88
3 89
3 90
3 94
3 97
3 98
3 99
4 5
4 6
4 9
4 10
4 14
4 15
4 16
4 17
4 18
4 19
4 27
4 29
4 30
4 31
4 34
4 35
4 36
4 37
4 38
4 43
4 46
4 49
4 50
4 51
4 52
4 54
4 55
4 56
4 57
4 60
4 64
4 65
4 66
4 67
4 68
4 74
4 75
4 76
4 77
4 82
4 84
4 87
4 88
4 89
4 91
4 92
4 93
4 96
4 98
5 9
5 11
5 12
5 15
5 16
5 18
5 20
5 22
5 23
5 27
5 30
5 32
5 37
5 38
5 40
5 43
5 45
5 46
5 47
5 50
5 51
5 55
5 56
5 61
5 64
5 66
5 67
5 68
5 69
5 70
5 74
5 76
5 77
5 79
5 80
5 83
5 85
5 86
5 87
5 92
5 95
5 96
6 11
6 12
6 13
6 14
6 16
6 17
6 19
6 21
6 31
6 32
6 33
6 36
6 37
6 43
6 44
6 47
6 49
6 50
6 52
6 55
6 56
6 57
6 58
6 59
6 60
6 61
6 62
6 64
6 65
6 67
6 68
6 70
6 73
6 74
6 77
6 78
6 79
6 81
6 83
6 85
6 87
6 90
6 93
6 97
6 98
6 99
7 10
7 11
7 15
7 17
7 25
7 26
7 28
7 31
7 33
7 35
7 39
7 40
7 42
7 43
7 44
7 49
7 51
7 52
7 57
7 58
7 61
7 62
7 63
7 65
7 66
7 69
7 71
7 72
7 74
7 75
7 76
7 78
7 80
7 81
7 84
7 85
7 86
7 88
7 93
7 94
7 96
7 97
7 98
8 10
8 13
8 15
8 17
8 18
8 20
8 21
8 26
8 28
8 36
8 39
8 41
8 44
8 46
8 47
8 48
8 51
8 54
8 56
8 58
8 59
8 64
8 65
8 66
8 68
8 69
8 71
8 73
8 76
8 78
8 79
8 80
8 85
8 88
8 90
8 92
9 15
9 16
9 20
9 22
9 23
9 25
9 26
9 28
9 31
9 36
9 41
9 42
9 45
9 48
9 59
9 61
9 62
9 63
9 67
9 68
9 69
9 71
9 74
9 75
9 76
9 79
9 82
9 84
9 87
9 91
9 92
9 93
9 94
9 96
9 99
10 12
10 14
10 16
10 18
10 21
10 22
10 24
10 26
10 28
10 31
10 32
10 33
10 34
10 37
10 38
10 40
10 42
10 44
10 45
10 49
10 50
10 54
10 55
10 56
10 59
10 60
10 61
10 62
10 65
10 66
10 67
10 68
10 70
10 71
10 74
10 78
10 79
10 83
10 87
10 92
10 94
10 95
10 96
10 97
10 98
10 99
11 13
11 14
11 15
11 16
11 19
11 21
11 23
11 24
11 26
11 28
11 31
11 32
11 33
11 34
11 35
11 37
11 39
11 41
11 43
11 45
11 48
11 51
11 52
11 54
11 58
11 61
11 67
11 68
11 69
11 70
11 71
11 72
11 73
11 74
11 75
11 76
11 77
11 79
11 80
11 82
11 85
11 86
11 88
11 90
11 91
11 93
11 94
11 95
11 97
11 98
12 14
12 15
12 18
12 20
12 21
12 22
12 23
12 25
12 26
12 29
12 30
12 31
12 32
12 34
12 36
12 37
12 39
12 42
12 47
12 48
12 52
12 53
12 56
12 57
12 58
12 61
12 63
12 72
12 73
12 75
12 76
12 78
12 80
12 81
12 83
12 86
12 87
12 89
12 90
12 92
12 93
12 94
12 95
12 96
13 14
13 15
13 16
13 18
13 19
13 20
13 22
13 26
13 31
13 36
13 37
13 39
13 40
13 42
13 45
13 47
13 48
13 49
13 51
13 53
13 54
13 55
13 57
13 58
13 62
13 64
13 67
13 72
13 73
13 78
13 82
13 83
13 88
13 89
13 90
13 93
13 95
13 97
13 98
14 15
14 16
14 17
14 18
14 21
14 23
14 24
14 25
14 26
14 28
14 30
14 31
14 35
14 37
14 38
14 39
14 45
14 46
14 48
14 51
14 58
14 59
14 62
14 63
14 64
14 65
14 66
14 70
14 73
14 75
14 76
14 77
14 79
14 80
14 85
14 87
14 89
14 90
14 92
14 93
14 95
14 97
14 98
14 99
15 16
15 20
15 21
15 23
15 25
15 26
15 29
15 30
15 34
15 36
15 39
15 40
15 44
15 47
15 48
15 50
15 51
15 52
15 55
15 56
15 57
15 58
15 59
15 61
15 62
15 63
15 65
15 66
15 68
15 70
15 71
15 75
15 76
15 77
15 78
15 79
15 80
15 81
15 83
15 86
15 87
15 92
15 95
15 96
15 97
15 98
15 99
16 18
16 19
16 20
16 21
16 22
16 24
16 26
16 30
16 31
16 32
16 33
16 34
16 36
16 37
16 38
16 39
16 41
16 43
16 44
16 45
16 48
16 49
16 50
16 52
16 53
16 55
16 56
16 57
16 59
16 61
16 64
16 65
16 67
16 69
16 70
16 71
16 73
16 74
16 75
16 76
16 77
16 79
16 80
16 81
16 83
16 84
16 85
16 86
16 87
16 88
16 90
16 91
16 92
16 93
16 95
16 96
16 99
17 18
17 25
17 30
17 33
17 34
17 37
17 40
17 44
17 45
17 46
17 47
17 49
17 50
17 53
17 54
17 55
17 58
17 60
17 61
17 62
17 63
17 65
17 66
17 68
17 69
17 70
17 76
17 77
17 78
17 81
17 83
17 86
17 88
17 89
17 90
17 91
17 94
17 96
17 97
18 19
18 22
18 27
18 28
18 30
18 31
18 39
18 41
18 43
18 45
18 46
18 47
18 48
18 49
18 50
18 51
18 52
18 54
18 55
18 57
18 58
18 59
18 61
18 66
18 71
18 73
18 76
18 78
18 79
18 80
18 81
18 83
18 84
18 85
18 88
18 89
18 92
18 93
18 95
18 97
18 99
19 20
19 21
19 22
19 24
19 25
19 28
19 31
19 34
19 35
19 36
19 37
19 41
19 46
19 47
19 48
19 51
19 53
19 61
19 63
19 67
19 69
19 70
19 71
19 75
19 76
19 77
19 78
19 83
19 85
19 90
19 92
19 94
19 96
19 97
19 99
20 22
20 23
20 24
20 27
20 28
20 33
20 34
20 35
20 36
20 38
20 39
20 40
20 42
20 45
20 47
20 49
20 50
20 52
20 53
20 54
20 55
20 56
20 59
20 60
20 62
20 63
20 64
20 67
20 71
20 72
20 74
20 76
20 78
20 79
20 81
20 84
20 85
20 86
20 88
20 89
20 92
21 22
21 23
21 25
21 28
21 30
21 32
21 35
21 36
21 40
21 41
21 42
21 43
21 44
21 45
21 47
21 50
21 53
21 57
21 60
21 61
21 62
21 65
21 68
21 70
21 72
21 84
21 85
21 88
21 89
21 90
21 91
21 92
21 94
21 97
22 23
22 24
22 26
22 28
22 29
22 30
22 31
22 32
22 36
22 37
22 41
22 42
22 46
22 49
22 55
22 57
22 62
22 64
22 67
22 68
22 69
22 70
22 71
22 72
22 73
22 77
22 80
22 81
22 85
22 87
22 90
22 92
23 24
23 27
23 30
23 32
23 34
23 35
23 38
23 40
23 41
23 42
23 46
23 48
23 49
23 50
23 52
23 53
23 54
23 56
23 57
23 59
23 60
23 61
23 63
23 64
23 65
23 67
23 69
23 73
23 74
23 75
23 76
23 77
23 78
23 81
23 82
23 83
23 85
23 90
23 92
23 94
23 95
23 97
23 99
24 25
24 27
24 28
24 32
24 34
24 38
24 39
24 46
24 48
24 50
24 51
24 53
24 54
24 57
24 59
24 63
24 64
24 66
24 67
24 68
24 72
24 74
24 77
24 79
24 83
24 84
24 85
24 87
24 90
24 91
24 93
24 94
24 95
24 96
24 97
24 98
24 99
25 29
25 30
25 31
25 32
25 34
25 35
25 36
25 41
25 42
25 44
25 45
25 46
25 47
25 49
25 50
25 53
25 57
25 60
25 61
25 63
25 65
25 68
25 69
25 76
25 77
25 78
25 84
25 85
25 87
25 92
25 95
25 97
25 99
26 27
26 28
26 31
26 33
26 34
26 35
26 36
26 37
26 39
26 40
26 46
26 49
26 50
26 51
26 55
26 56
26 59
26 61
26 62
26 63
26 64
26 65
26 66
26 67
26 68
26 69
26 70
26 71
26 72
26 73
26 75
26 78
26 81
26 83
26 85
26 86
26 87
26 89
26 91
26 93
26 95
26 96
26 97
27 30
27 31
27 33
27 37
27 38
27 43
27 44
27 45
27 46
27 47
27 48
27 52
27 54
27 55
27 60
27 61
27 62
27 63
27 66
27 70
27 71
27 75
27 77
27 79
27 80
27 81
27 82
27 83
27 86
27 87
27 89
27 91
27 93
27 95
27 96
27 98
28 29
28 31
28 33
28 36
28 37
28 38
28 40
28 41
28 43
28 45
28 52
28 53
28 54
28 55
28 59
28 60
28 61
28 67
28 70
28 75
28 76
28 78
28 84
28 85
28 86
28 90
28 92
28 93
28 96
28 98
28 99
29 34
29 35
29 40
29 42
29 43
29 45
29 48
29 50
29 53
29 54
29 55
29 56
29 57
29 60
29 61
29 62
29 63
29 69
29 70
29 71
29 77
29 78
29 81
29 82
29 84
29 88
29 91
29 97
30 31
30 33
30 34
30 35
30 41
30 42
30 43
30 46
30 48
30 49
30 51
30 53
30 54
30 55
30 57
30 58
30 59
30 61
30 62
30 64
30 65
30 67
30 72
30 74
30 76
30 77
30 78
30 81
30 85
30 90
30 91
30 92
30 94
30 95
30 96
30 97
30 98
31 34
31 39
31 41
31 45
31 46
31 47
31 51
31 53
31 58
31 59
31 60
31 62
31 66
31 73
31 75
31 76
31 79
31 81
31 82
31 83
31 87
31 88
31 92
31 94
31 95
31 96
31 97
32 33
32 35
32 36
32 37
32 39
32 40
32 41
32 42
32 44
32 48
32 52
32 54
32 55
32 57
32 58
32 60
32 61
32 63
32 65
32 66
32 71
32 72
32 73
32 77
32 82
32 83
32 87
32 88
32 89
32 91
32 93
32 94
32 96
32 97
33 36
33 38
33 39
33 43
33 44
33 45
33 48
33 49
33 50
33 55
33 57
33 58
33 59
33 60
33 65
33 69
33 71
33 74
33 76
33 77
33 79
33 81
33 82
33 84
33 89
33 90
33 91
33 92
33 94
33 95
33 97
34 35
34 36
34 41
34 42
34 45
34 47
34 48
34 49
34 55
34 57
34 59
34 60
34 62
34 69
34 70
34 71
34 73
34 74
34 75
34 76
34 80
34 81
34 82
34 84
34 85
34 87
34 88
34 91
34 92
34 95
34 97
34 99
35 36
35 42
35 50
35 51
35 52
35 54
35 56
35 58
35 59
35 64
35 67
35 69
35 70
35 71
35 73
35 75
35 76
35 77
35 79
35 80
35 81
35 85
35 86
35 89
35 92
35 93
35 94
35 95
35 96
35 97
35 98
35 99
36 37
36 38
36 39
36 40
36 42
36 43
36 47
36 48
36 51
36 53
36 61
36 72
36 73
36 75
36 77
36 79
36 83
36 88
36 92
36 93
36 95
36 98
36 99
37 41
37 44
37 45
37 46
37 49
37 50
37 54
37 56
37 58
37 59
37 60
37 62
37 63
37 67
37 69
37 72
37 75
37 77
37 78
37 79
37 80
37 84
37 88
37 91
37 92
37 93
37 94
37 95
37 97
38 39
38 40
38 41
38 44
38 48
38 49
38 53
38 54
38 55
38 56
38 59
38 62
38 63
38 65
38 72
38 73
38 74
38 77
38 82
38 87
38 88
38 93
38 94
38 97
38 98
39 40
39 41
39 42
39 45
39 46
39 48
39 49
39 53
39 54
39 55
39 58
39 59
39 60
39 61
39 62
39 63
39 64
39 67
39 68
39 69
39 70
39 71
39 72
39 74
39 75
39 77
39 78
39 79
39 81
39 85
39 86
39 89
39 92
39 93
39 96
40 41
40 43
40 45
40 48
40 49
40 50
40 51
40 52
40 54
40 56
40 58
40 61
40 62
40 63
40 64
40 68
40 74
40 76
40 78
40 79
40 80
40 81
40 82
40 83
40 97
41 42
41 43
41 44
41 45
41 46
41 48
41 49
41 50
41 51
41 54
41 55
41 56
41 57
41 58
41 59
41 61
41 62
41 63
41 65
41 66
41 68
41 70
41 71
41 74
41 78
41 80
41 81
41 82
41 84
41 85
41 87
41 90
41 92
41 93
41 97
41 98
41 99
42 43
42 51
42 52
42 55
42 56
42 57
42 58
42 63
42 66
42 69
42 70
42 71
42 74
42 78
42 80
42 82
42 84
42 85
42 86
42 87
42 89
42 90
42 93
42 94
42 95
42 97
42 98
43 45
43 46
43 47
43 48
43 49
43 50
43 51
43 54
43 56
43 57
43 58
43 60
43 61
43 62
43 63
43 64
43 65
43 66
43 67
43 69
43 71
43 74
43 75
43 78
43 79
43 80
43 82
43 83
43 88
43 89
43 90
43 92
43 95
43 96
43 97
43 98
44 47
44 48
44 50
44 52
44 53
44 54
44 55
44 57
44 58
44 59
44 61
44 62
44 65
44 68
44 69
44 70
44 72
44 73
44 74
44 75
44 78
44 80
44 81
44 82
44 83
44 84
44 89
44 90
44 92
44 93
44 94
44 97
44 99
45 47
45 48
45 49
45 50
45 52
45 53
45 57
45 63
45 64
45 65
45 70
45 72
45 75
45 78
45 79
45 81
45 85
45 87
45 88
45 89
45 93
45 96
45 98
45 99
46 51
46 53
46 55
46 57
46 58
46 63
46 64
46 67
46 82
46 84
46 85
46 87
46 89
46 90
46 91
46 96
46 99
47 48
47 52
47 57
47 58
47 59
47 61
47 62
47 64
47 68
47 69
47 71
47 72
47 74
47 75
47 76
47 77
47 81
47 83
47 86
47 87
47 92
47 93
47 95
47 96
47 97
47 99
48 49
48 50
48 52
48 53
48 54
48 55
48 57
48 58
48 59
48 60
48 62
48 63
48 64
48 66
48 69
48 70
48 72
48 73
48 75
48 76
48 78
48 80
48 81
48 82
48 85
48 86
48 89
48 91
48 95
48 96
48 98
49 50
49 51
49 52
49 53
49 54
49 55
49 59
49 61
49 66
49 69
49 70
49 71
49 73
49 75
49 79
49 82
49 84
49 86
49 87
49 88
49 91
49 92
49 94
49 96
49 97
49 98
50 51
50 52
50 53
50 55
50 56
50 57
50 60
50 62
50 63
50 66
50 67
50 70
50 71
50 75
50 80
50 83
50 84
50 86
50 90
50 93
50 96
50 97
50 99
51 58
51 59
51 61
51 63
51 64
51 67
51 69
51 72
51 73
51 75
51 76
51 78
51 79
51 83
51 84
51 87
51 88
51 89
51 90
51 91
51 92
51 93
51 97
51 98
52 54
52 59
52 61
52 62
52 63
52 64
52 66
52 69
52 72
52 75
52 78
52 83
52 84
52 85
52 88
52 89
52 90
52 91
52 93
52 94
52 95
52 96
52 97
53 54
53 55
53 56
53 57
53 58
53 59
53 61
53 64
53 65
53 67
53 69
53 70
53 75
53 78
53 80
53 83
53 86
53 88
53 93
53 96
53 97
53 98
53 99
54 56
54 59
54 60
54 61
54 62
54 66
54 67
54 68
54 72
54 73
54 75
54 77
54 80
54 81
54 82
54 84
54 88
54 89
54 90
54 93
54 94
54 96
54 99
55 58
55 63
55 66
55 71
55 72
55 74
55 75
55 76
55 77
55 78
55 82
55 83
55 88
55 89
55 90
55 91
55 92
55 93
56 58
56 62
56 64
56 65
56 68
56 69
56 71
56 72
56 73
56 75
56 76
56 77
56 79
56 81
56 84
56 87
56 90
56 94
56 95
57 58
57 59
57 63
57 67
57 68
57 69
57 71
57 72
57 74
57 76
57 77
57 78
57 81
57 87
57 88
57 89
57 90
57 94
57 95
58 59
58 60
58 61
58 62
58 63
58 65
58 66
58 67
58 71
58 73
58 74
58 75
58 76
58 78
58 80
58 83
58 84
58 87
58 88
58 92
58 94
58 97
58 98
58 99
59 61
59 62
59 64
59 66
59 69
59 70
59 71
59 74
59 75
59 76
59 82
59 83
59 84
59 85
59 87
59 88
59 89
59 90
59 91
59 93
59 95
59 96
59 98
60 66
60 67
60 69
60 71
60 72
60 73
60 74
60 75
60 76
60 77
60 81
60 85
60 87
60 88
60 89
60 92
60 93
60 95
60 97
60 98
61 62
61 63
61 64
61 71
61 74
61 78
61 81
61 83
61 88
61 90
61 93
61 95
61 96
61 99
62 63
62 64
62 66
62 68
62 70
62 71
62 72
62 73
62 74
62 77
62 78
62 81
62 82
62 87
62 88
62 92
62 94
62 95
62 98
63 64
63 66
63 69
63 72
63 73
63 75
63 76
63 78
63 79
63 83
63 85
63 87
63 89
63 90
63 92
63 94
63 96
63 98
64 66
64 68
64 69
64 70
64 74
64 78
64 79
64 80
64 82
64 85
64 86
64 89
64 90
64 91
64 92
64 93
64 94
64 97
64 98
64 99
65 69
65 72
65 74
65 76
65 78
65 79
65 80
65 81
65 82
65 83
65 86
65 87
65 89
65 90
65 92
65 94
65 97
65 98
66 67
66 68
66 69
66 70
66 73
66 77
66 78
66 89
66 91
66 92
66 94
66 95
66 96
66 97
67 71
67 72
67 73
67 75
67 76
67 82
67 84
67 85
67 86
67 87
67 88
67 89
67 91
67 96
67 97
67 99
68 71
68 73
68 75
68 76
68 78
68 79
68 80
68 82
68 83
68 84
68 85
68 88
68 89
68 91
68 92
68 93
68 96
68 98
68 99
69 70
69 71
69 72
69 73
69 75
69 76
69 78
69 79
69 80
69 91
69 95
69 97
70 72
70 73
70 75
70 78
70 80
70 81
70 83
70 87
70 88
70 89
70 92
70 94
70 95
70 98
70 99
71 73
71 74
71 77
71 78
71 81
71 82
71 83
71 87
71 91
71 92
71 93
71 94
71 96
71 98
72 73
72 76
72 78
72 79
72 80
72 84
72 85
72 86
72 88
72 90
72 91
72 92
72 93
72 94
72 95
73 74
73 75
73 76
73 79
73 82
73 84
73 87
73 88
73 89
73 93
73 94
73 95
73 96
73 98
73 99
74 83
74 85
74 87
74 89
74 91
74 92
74 94
74 95
74 98
74 99
75 79
75 80
75 83
75 84
75 87
75 90
75 91
75 93
75 94
75 95
75 96
75 98
76 79
76 85
76 87
76 89
76 90
76 91
76 95
76 96
76 97
76 99
77 82
77 83
77 84
77 86
77 87
77 88
77 91
77 94
77 95
77 97
77 99
78 79
78 80
78 81
78 85
78 86
78 87
78 88
78 91
78 96
78 98
78 99
79 83
79 86
79 87
79 91
79 92
79 98
79 99
80 81
80 86
80 88
80 91
80 93
80 95
80 97
80 98
80 99
81 85
81 88
81 90
81 91
81 92
81 93
81 95
81 98
82 83
82 85
82 87
82 88
82 89
82 90
82 91
82 92
82 97
83 85
83 86
83 89
83 91
83 92
83 93
83 94
83 95
83 96
83 98
84 85
84 86
84 87
84 88
84 92
84 95
84 96
84 99
85 87
85 88
85 90
85 91
85 93
85 97
86 88
86 90
86 93
86 94
86 96
86 97
86 98
86 99
87 88
87 89
87 90
87 95
87 96
87 97
87 99
88 90
88 91
88 92
88 93
88 94
88 98
88 99
89 91
89 92
89 93
89 94
89 95
89 96
89 97
89 98
89 99
90 91
90 93
90 94
90 97
90 99
91 93
91 96
91 98
91 99
92 93
92 94
92 95
92 99
93 96
93 97
93 98
94 95
94 96
94 97
95 96
95 97
98 99
