0 1
0 2
0 3
0 5
0 6
0 7
0 8
0 11
0 12
0 15
0 19
0 26
0 27
0 29
0 33
0 36
0 37
0 38
0 40
0 45
0 46
0 47
0 50
0 55
0 57
0 58
0 62
0 64
0 66
0 67
0 70
0 77
0 80
0 82
0 83
0 86
0 89
0 97
0 98
1 3
1 4
1 8
1 9
1 11
1 15
1 17
1 20
1 23
1 25
1 26
1 27
1 30
1 33
1 34
1 35
1 42
1 44
1 45
1 46
1 49
1 54
1 57
1 63
1 64
1 65
1 66
1 72
1 75
1 77
1 78
1 83
1 85
1 86
1 89
1 95
1 96
1 98
1 99
2 3
2 5
2 7
2 8
2 10
2 11
2 12
2 13
2 15
2 17
2 18
2 21
2 22
2 25
2 28
2 31
2 33
2 35
2 36
2 37
2 40
2 42
2 43
2 46
2 47
2 52
2 54
2 56
2 57
2 58
2 59
2 61
2 64
2 73
2 75
2 80
2 81
2 85
2 87
2 94
2 95
2 96
2 99
3 4
3 5
3 6
3 11
3 20
3 21
3 22
3 24
3 25
3 26
3 27
3 29
3 30
3 31
3 32
3 37
3 40
3 43
3 44
3 45
3 47
3 49
3 50
3 53
3 56
3 58
3 62
3 65
3 67
3 68
3 69
3 70
3 71
3 74
3 75
3 77
3 78
3 81
3 82
3 83
3 89
3 91
3 93
3 95
3 98
4 5
4 6
4 12
4 15
4 17
4 19
4 20
4 22
4 23
4 24
4 25
4 28
4 30
4 33
4 34
4 41
4 45
4 46
4 50
4 56
4 58
4 59
4 60
4 61
4 64
4 66
4 68
4 69
4 71
4 72
4 74
4 75
4 76
4 78
4 79
4 81
4 82
4 83
4 84
4 87
4 94
4 96
4 97
4 99
5 6
5 11
5 12
5 13
5 14
5 18
5 19
5 20
5 21
5 22
5 23
5 27
5 31
5 32
5 33
5 34
5 36
5 43
5 44
5 47
5 48
5 53
5 54
5 55
5 56
5 57
5 59
5 64
5 65
5 69
5 72
5 74
5 77
5 78
5 80
5 82
5 83
5 84
5 86
5 88
5 90
5 92
5 94
5 95
5 96
5 98
5 99
6 7
6 10
6 12
6 14
6 15
6 16
6 19
6 22
6 23
6 24
6 29
6 30
6 31
6 35
6 36
6 37
6 39
6 42
6 46
6 47
6 48
6 49
6 51
6 52
6 53
6 54
6 56
6 57
6 58
6 59
6 60
6 61
6 63
6 65
6 67
6 71
6 72
6 76
6 79
6 80
6 81
6 83
6 84
6 85
6 87
6 88
6 89
6 90
6 92
7 9
7 12
7 13
7 14
7 16
7 21
7 24
7 26
7 28
7 30
7 34
7 36
7 37
7 38
7 39
7 41
7 42
7 43
7 44
7 45
7 46
7 47
7 48
7 49
7 52
7 53
7 54
7 57
7 59
7 60
7 61
7 63
7 66
7 68
7 70
7 72
7 76
7 80
7 81
7 82
7 83
7 85
7 86
7 88
7 90
7 91
7 95
7 96
8 9
8 16
8 17
8 18
8 22
8 23
8 30
8 32
8 33
8 34
8 35
8 37
8 38
8 39
8 43
8 45
8 46
8 47
8 50
8 51
8 52
8 54
8 57
8 58
8 59
8 61
8 62
8 63
8 64
8 70
8 73
8 76
8 77
8 82
8 84
8 85
8 89
8 91
8 94
8 99
9 10
9 11
9 12
9 14
9 16
9 19
9 21
9 22
9 24
9 25
9 29
9 30
9 31
9 32
9 35
9 37
9 38
9 39
9 41
9 42
9 48
9 49
9 52
9 53
9 57
9 58
9 64
9 68
9 71
9 74
9 76
9 77
9 78
9 80
9 81
9 83
9 84
9 85
9 86
9 87
9 89
9 90
9 92
9 94
9 95
10 12
10 13
10 14
10 16
10 19
10 25
10 27
10 28
10 30
10 32
10 38
10 39
10 40
10 41
10 42
10 43
10 46
10 47
10 48
10 49
10 50
10 51
10 52
10 56
10 58
10 59
10 60
10 61
10 64
10 65
10 68
10 70
10 71
10 73
10 74
10 75
10 78
10 79
10 82
10 84
10 85
10 87
10 90
10 93
10 94
10 97
10 98
10 99
11 12
11 14
11 22
11 26
11 28
11 32
11 33
11 37
11 39
11 41
11 44
11 46
11 48
11 50
11 51
11 53
11 54
11 56
11 57
11 62
11 63
11 64
11 65
11 66
11 67
11 68
11 69
11 77
11 80
11 81
11 82
11 85
11 88
11 89
11 91
11 94
11 96
11 99
12 14
12 15
12 21
12 22
12 23
12 28
12 29
12 35
12 38
12 39
12 40
12 42
12 45
12 48
12 49
12 51
12 53
12 54
12 57
12 59
12 60
12 61
12 62
12 63
12 64
12 66
12 67
12 69
12 71
12 78
12 79
12 82
12 83
12 84
12 86
12 89
12 90
12 93
12 94
12 95
12 96
12 99
13 15
13 17
13 18
13 19
13 21
13 26
13 28
13 29
13 30
13 34
13 35
13 37
13 38
13 39
13 40
13 43
13 45
13 49
13 52
13 53
13 54
13 55
13 56
13 58
13 67
13 68
13 69
13 71
13 72
13 75
13 77
13 79
13 81
13 82
13 83
13 84
13 86
13 87
13 89
13 90
13 95
13 96
14 15
14 19
14 20
14 21
14 22
14 25
14 27
14 28
14 29
14 31
14 33
14 35
14 36
14 37
14 38
14 39
14 40
14 46
14 48
14 49
14 53
14 54
14 55
14 58
14 59
14 60
14 63
14 67
14 68
14 69
14 71
14 72
14 74
14 75
14 76
14 78
14 79
14 83
14 84
14 85
14 86
14 89
14 91
14 93
14 95
14 99
15 16
15 19
15 21
15 23
15 24
15 27
15 31
15 32
15 33
15 34
15 35
15 37
15 38
15 39
15 40
15 42
15 43
15 45
15 46
15 49
15 51
15 52
15 53
15 54
15 55
15 56
15 57
15 58
15 65
15 66
15 68
15 70
15 72
15 75
15 77
15 79
15 82
15 84
15 87
15 88
15 89
15 93
15 94
15 95
15 96
15 98
15 99
16 17
16 18
16 19
16 20
16 21
16 22
16 23
16 25
16 27
16 29
16 30
16 35
16 37
16 41
16 42
16 43
16 44
16 45
16 47
16 48
16 51
16 53
16 57
16 59
16 65
16 66
16 67
16 68
16 69
16 70
16 73
16 74
16 76
16 77
16 78
16 79
16 81
16 82
16 84
16 85
16 86
16 87
16 88
16 89
16 90
16 94
16 95
16 96
16 97
16 98
17 18
17 21
17 22
17 24
17 25
17 28
17 29
17 34
17 37
17 38
17 39
17 40
17 45
17 47
17 53
17 54
17 55
17 58
17 59
17 62
17 65
17 66
17 67
17 68
17 69
17 72
17 75
17 76
17 77
17 78
17 80
17 81
17 82
17 88
17 90
17 91
17 92
17 93
17 94
17 98
18 24
18 26
18 28
18 29
18 30
18 33
18 35
18 39
18 40
18 41
18 47
18 49
18 50
18 51
18 56
18 57
18 59
18 61
18 65
18 66
18 67
18 69
18 71
18 72
18 73
18 74
18 76
18 77
18 78
18 81
18 82
18 83
18 84
18 85
18 87
18 88
18 94
18 95
18 97
18 98
18 99
19 21
19 22
19 25
19 26
19 29
19 30
19 31
19 32
19 34
19 37
19 38
19 41
19 47
19 48
19 50
19 54
19 56
19 57
19 59
19 62
19 65
19 67
19 69
19 70
19 71
19 73
19 79
19 81
19 86
19 87
19 88
19 89
19 90
19 92
19 94
19 95
19 96
19 98
19 99
20 21
20 22
20 23
20 25
20 28
20 30
20 31
20 32
20 35
20 36
20 37
20 39
20 40
20 41
20 42
20 43
20 44
20 46
20 47
20 49
20 50
20 57
20 60
20 61
20 63
20 64
20 65
20 66
20 67
20 68
20 69
20 71
20 72
20 74
20 82
20 84
20 85
20 88
20 89
20 91
20 95
20 96
20 97
21 23
21 26
21 27
21 28
21 30
21 32
21 33
21 35
21 37
21 39
21 41
21 43
21 44
21 45
21 46
21 47
21 48
21 49
21 50
21 51
21 53
21 55
21 58
21 59
21 61
21 63
21 65
21 66
21 69
21 71
21 75
21 76
21 77
21 78
21 79
21 80
21 81
21 83
21 86
21 87
21 93
21 97
21 98
22 23
22 24
22 25
22 32
22 33
22 35
22 36
22 37
22 40
22 41
22 43
22 45
22 46
22 49
22 51
22 52
22 58
22 59
22 60
22 61
22 62
22 63
22 68
22 70
22 71
22 72
22 75
22 76
22 82
22 85
22 87
22 89
22 90
22 92
22 94
22 95
22 96
22 98
22 99
23 24
23 25
23 27
23 28
23 30
23 33
23 34
23 35
23 40
23 43
23 46
23 47
23 48
23 49
23 51
23 53
23 62
23 63
23 64
23 65
23 66
23 67
23 68
23 73
23 77
23 81
23 82
23 86
23 89
23 93
23 94
23 96
23 97
23 98
24 25
24 28
24 30
24 33
24 34
24 35
24 36
24 37
24 38
24 39
24 40
24 43
24 44
24 45
24 47
24 52
24 53
24 54
24 55
24 56
24 61
24 62
24 63
24 65
24 67
24 68
24 70
24 71
24 72
24 74
24 77
24 79
24 82
24 83
24 88
24 90
24 91
24 93
24 94
24 95
24 96
24 97
25 27
25 28
25 30
25 31
25 35
25 37
25 39
25 42
25 43
25 46
25 48
25 53
25 54
25 56
25 59
25 60
25 61
25 62
25 64
25 71
25 72
25 75
25 76
25 77
25 82
25 83
25 86
25 87
25 89
25 90
25 92
25 94
25 95
25 99
26 27
26 29
26 34
26 36
26 39
26 40
26 41
26 42
26 44
26 46
26 47
26 51
26 52
26 53
26 57
26 59
26 62
26 63
26 68
26 69
26 70
26 72
26 73
26 74
26 75
26 77
26 78
26 81
26 82
26 83
26 84
26 85
26 87
26 90
26 93
26 95
26 97
26 99
27 28
27 31
27 32
27 35
27 36
27 38
27 39
27 40
27 44
27 45
27 46
27 47
27 56
27 58
27 59
27 60
27 61
27 63
27 64
27 65
27 66
27 67
27 68
27 69
27 70
27 72
27 75
27 76
27 77
27 79
27 81
27 82
27 83
27 90
27 93
27 94
27 95
27 97
27 98
27 99
28 29
28 36
28 37
28 38
28 39
28 40
28 42
28 44
28 45
28 48
28 49
28 50
28 51
28 52
28 56
28 57
28 58
28 61
28 62
28 64
28 67
28 69
28 71
28 72
28 73
28 74
28 75
28 76
28 77
28 80
28 81
28 83
28 84
28 85
28 86
28 87
28 89
28 92
28 96
29 30
29 32
29 33
29 34
29 35
29 39
29 43
29 46
29 47
29 51
29 53
29 54
29 55
29 57
29 58
29 61
29 62
29 65
29 67
29 71
29 72
29 73
29 75
29 79
29 80
29 83
29 84
29 85
29 90
29 91
29 94
29 95
29 97
30 32
30 33
30 37
30 38
30 39
30 45
30 46
30 49
30 52
30 53
30 54
30 57
30 63
30 66
30 68
30 70
30 71
30 74
30 77
30 80
30 83
30 85
30 87
30 90
30 92
30 97
31 32
31 33
31 34
31 35
31 36
31 37
31 40
31 42
31 43
31 44
31 45
31 46
31 51
31 56
31 61
31 62
31 63
31 65
31 66
31 67
31 68
31 69
31 72
31 83
31 84
31 89
31 93
31 96
31 97
31 98
31 99
32 33
32 35
32 36
32 37
32 38
32 46
32 47
32 50
32 52
32 53
32 54
32 57
32 58
32 60
32 61
32 64
32 67
32 68
32 69
32 71
32 73
32 75
32 76
32 78
32 80
32 82
32 84
32 85
32 87
32 88
32 89
32 92
32 94
32 95
32 96
32 99
33 36
33 37
33 38
33 42
33 45
33 46
33 48
33 50
33 51
33 52
33 53
33 54
33 55
33 57
33 58
33 61
33 62
33 65
33 67
33 70
33 71
33 72
33 73
33 75
33 77
33 79
33 83
33 84
33 86
33 87
33 90
33 91
33 96
33 97
33 99
34 35
34 37
34 40
34 42
34 43
34 45
34 46
34 47
34 52
34 55
34 56
34 58
34 59
34 61
34 62
34 64
34 68
34 71
34 72
34 74
34 77
34 78
34 80
34 81
34 82
34 83
34 84
34 85
34 89
34 91
34 92
34 93
34 96
34 98
35 37
35 38
35 39
35 40
35 42
35 43
35 44
35 45
35 46
35 47
35 48
35 50
35 51
35 52
35 54
35 55
35 57
35 58
35 63
35 64
35 66
35 69
35 71
35 74
35 75
35 76
35 78
35 82
35 84
35 86
35 88
35 90
35 91
35 93
35 94
35 95
35 96
36 37
36 38
36 39
36 40
36 44
36 46
36 47
36 54
36 57
36 60
36 62
36 65
36 66
36 67
36 68
36 70
36 71
36 72
36 76
36 78
36 79
36 81
36 82
36 83
36 86
36 88
36 89
36 90
36 91
36 92
36 93
36 95
36 96
36 99
37 38
37 41
37 42
37 44
37 45
37 46
37 48
37 49
37 51
37 53
37 56
37 57
37 58
37 60
37 61
37 63
37 65
37 67
37 71
37 73
37 74
37 75
37 78
37 79
37 80
37 82
37 86
37 89
37 93
37 95
37 96
37 99
38 40
38 41
38 42
38 43
38 45
38 46
38 48
38 49
38 50
38 52
38 53
38 58
38 60
38 61
38 62
38 63
38 64
38 66
38 67
38 68
38 69
38 71
38 72
38 73
38 74
38 75
38 76
38 77
38 78
38 80
38 82
38 83
38 86
38 92
38 96
38 98
39 40
39 42
39 43
39 44
39 46
39 50
39 55
39 61
39 62
39 63
39 66
39 68
39 69
39 72
39 73
39 74
39 75
39 76
39 81
39 82
39 83
39 86
39 87
39 89
39 94
39 95
39 97
39 99
40 47
40 49
40 57
40 58
40 60
40 61
40 65
40 67
40 77
40 78
40 81
40 82
40 83
40 86
40 87
40 89
40 91
40 92
40 94
40 97
40 98
41 43
41 47
41 48
41 49
41 50
41 51
41 57
41 58
41 60
41 62
41 65
41 66
41 69
41 70
41 72
41 73
41 74
41 75
41 79
41 81
41 87
41 88
41 89
41 94
41 96
41 97
41 98
42 43
42 44
42 47
42 48
42 50
42 52
42 53
42 54
42 55
42 57
42 64
42 66
42 67
42 71
42 72
42 74
42 76
42 77
42 79
42 83
42 84
42 86
42 87
42 89
42 90
42 92
42 93
42 94
42 96
42 98
43 44
43 45
43 47
43 51
43 53
43 59
43 60
43 62
43 63
43 65
43 67
43 72
43 75
43 76
43 78
43 81
43 82
43 83
43 97
44 45
44 46
44 47
44 49
44 50
44 52
44 53
44 57
44 60
44 61
44 63
44 64
44 65
44 67
44 68
44 69
44 71
44 72
44 73
44 74
44 75
44 78
44 79
44 80
44 83
44 89
44 91
44 93
44 94
44 95
44 96
44 97
45 46
45 47
45 48
45 52
45 53
45 59
45 63
45 64
45 65
45 72
45 77
45 79
45 81
45 83
45 84
45 86
45 87
45 88
45 89
45 90
45 91
45 92
45 96
45 97
45 98
45 99
46 48
46 49
46 52
46 54
46 58
46 60
46 61
46 62
46 65
46 67
46 69
46 73
46 75
46 76
46 79
46 80
46 81
46 82
46 83
46 84
46 86
46 88
46 89
46 90
46 91
46 93
46 99
47 51
47 54
47 55
47 59
47 60
47 62
47 64
47 66
47 67
47 68
47 72
47 73
47 76
47 78
47 81
47 83
47 84
47 87
47 88
47 91
47 93
47 94
47 95
48 50
48 53
48 54
48 55
48 56
48 59
48 61
48 62
48 65
48 72
48 74
48 75
48 77
48 79
48 81
48 82
48 84
48 86
48 87
48 89
48 90
48 91
48 94
48 95
48 96
48 97
48 98
49 63
49 64
49 65
49 66
49 67
49 68
49 69
49 70
49 73
49 74
49 76
49 80
49 82
49 83
49 84
49 88
49 89
49 92
49 96
49 98
50 52
50 54
50 55
50 60
50 62
50 63
50 69
50 71
50 72
50 76
50 77
50 78
50 80
50 83
50 84
50 87
50 93
50 98
50 99
51 55
51 57
51 58
51 59
51 62
51 64
51 66
51 67
51 68
51 69
51 72
51 75
51 80
51 82
51 83
51 89
51 93
51 94
51 95
51 99
52 55
52 57
52 58
52 59
52 63
52 64
52 65
52 66
52 71
52 74
52 75
52 76
52 77
52 79
52 81
52 82
52 84
52 88
52 89
52 91
52 92
52 94
52 96
52 98
52 99
53 58
53 61
53 63
53 64
53 67
53 70
53 72
53 73
53 76
53 79
53 81
53 83
53 84
53 85
53 87
53 88
53 89
53 90
53 95
53 97
53 99
54 55
54 56
54 57
54 59
54 60
54 61
54 62
54 65
54 67
54 70
54 72
54 73
54 76
54 78
54 81
54 82
54 86
54 88
54 89
54 90
54 91
54 94
54 96
54 97
54 98
54 99
55 56
55 58
55 59
55 60
55 63
55 64
55 67
55 68
55 70
55 71
55 72
55 75
55 77
55 78
55 79
55 81
55 83
55 88
55 90
55 91
55 93
55 95
56 57
56 59
56 60
56 61
56 62
56 65
56 66
56 67
56 68
56 71
56 72
56 74
56 78
56 79
56 80
56 81
56 82
56 85
56 90
56 97
56 98
57 59
57 60
57 61
57 64
57 65
57 67
57 68
57 70
57 72
57 74
57 75
57 76
57 77
57 78
57 79
57 80
57 82
57 83
57 84
57 86
57 89
57 90
57 91
57 93
57 94
57 97
58 59
58 60
58 61
58 62
58 63
58 66
58 71
58 72
58 73
58 74
58 75
58 76
58 77
58 78
58 82
58 83
58 85
58 88
58 89
58 96
58 97
58 98
58 99
59 61
59 62
59 64
59 65
59 66
59 67
59 68
59 71
59 73
59 74
59 76
59 77
59 78
59 79
59 80
59 82
59 83
59 84
59 87
59 91
59 92
59 93
59 94
59 95
59 96
60 61
60 63
60 66
60 67
60 68
60 69
60 71
60 72
60 73
60 74
60 75
60 76
60 77
60 78
60 79
60 80
60 81
60 83
60 85
60 86
60 90
60 92
60 98
61 63
61 64
61 65
61 66
61 67
61 77
61 78
61 81
61 82
61 83
61 84
61 85
61 86
61 87
61 88
61 89
61 90
61 91
61 92
61 93
61 95
61 96
61 99
62 63
62 64
62 65
62 68
62 70
62 71
62 72
62 74
62 75
62 76
62 80
62 81
62 82
62 86
62 88
62 90
62 92
62 94
62 97
62 99
63 67
63 68
63 69
63 71
63 72
63 73
63 75
63 76
63 77
63 78
63 79
63 87
63 89
63 90
63 91
63 92
63 93
63 94
63 96
64 65
64 67
64 68
64 70
64 71
64 75
64 77
64 78
64 79
64 80
64 81
64 85
64 86
64 91
64 93
64 94
64 95
64 96
65 67
65 70
65 71
65 72
65 74
65 75
65 77
65 79
65 81
65 82
65 83
65 85
65 89
65 91
65 92
65 93
65 95
65 96
65 97
65 99
66 70
66 76
66 77
66 81
66 83
66 84
66 85
66 87
66 91
66 92
66 93
66 95
66 97
66 98
67 69
67 71
67 73
67 74
67 75
67 76
67 78
67 79
67 83
67 92
67 93
67 96
67 99
68 69
68 71
68 74
68 75
68 76
68 78
68 80
68 81
68 82
68 83
68 84
68 85
68 87
68 88
68 89
68 92
68 95
68 98
69 70
69 73
69 78
69 79
69 80
69 86
69 87
69 88
69 90
69 92
69 94
69 99
70 76
70 82
70 84
70 85
70 90
70 95
70 96
70 97
70 98
70 99
71 72
71 74
71 80
71 81
71 84
71 85
71 89
71 92
71 93
71 94
71 95
71 96
71 97
71 98
72 73
72 74
72 77
72 81
72 83
72 84
72 85
72 86
72 88
72 91
72 94
72 95
72 96
72 98
72 99
73 75
73 78
73 80
73 90
73 91
73 92
73 93
73 98
73 99
74 75
74 76
74 77
74 78
74 84
74 86
74 90
74 93
74 95
74 96
74 97
74 99
75 80
75 81
75 84
75 86
75 89
75 90
75 91
75 94
75 95
75 96
75 97
75 98
75 99
76 77
76 82
76 83
76 84
76 85
76 86
76 89
76 93
76 94
76 95
76 96
76 97
77 79
77 81
77 83
77 84
77 88
77 90
77 92
77 93
77 97
77 99
78 81
78 84
78 93
78 94
78 97
78 98
78 99
79 80
79 81
79 83
79 84
79 85
79 87
79 89
79 94
79 95
79 97
79 98
79 99
80 81
80 84
80 86
80 88
80 89
80 90
80 92
80 94
80 95
80 97
80 98
81 82
81 85
81 86
81 87
81 88
81 90
81 91
81 96
81 97
81 98
82 83
82 86
82 88
82 90
82 94
82 97
83 85
83 86
83 87
83 90
83 91
83 94
83 95
83 96
83 98
83 99
84 86
84 89
84 91
84 93
84 98
85 86
85 89
85 93
85 94
85 95
85 97
86 88
86 89
86 94
86 95
86 97
86 99
87 89
87 90
87 91
87 94
87 96
87 97
88 90
88 91
88 93
88 94
88 95
88 98
89 91
89 97
89 99
90 91
90 93
90 96
90 97
91 94
91 95
91 98
92 93
92 94
92 95
92 96
92 97
92 98
93 94
93 95
93 96
93 97
93 98
94 95
94 96
94 99
95 96
95 97
95 99
97 98
97 99
98 99
