0 2
0 3
0 6
0 7
0 10
0 11
0 12
0 13
0 15
0 16
0 17
0 18
0 20
0 21
0 23
0 26
0 31
0 35
0 38
0 40
0 41
0 44
0 45
0 50
0 57
0 61
0 62
0 63
0 64
0 65
0 66
0 67
0 69
0 70
0 72
0 73
0 77
0 79
0 80
0 81
0 82
0 83
0 84
0 85
0 89
0 90
0 91
0 93
0 95
0 97
0 98
1 3
1 4
1 5
1 6
1 9
1 10
1 14
1 15
1 16
1 17
1 20
1 24
1 31
1 32
1 33
1 34
1 35
1 41
1 44
1 45
1 46
1 47
1 48
1 49
1 50
1 51
1 52
1 54
1 55
1 56
1 58
1 59
1 60
1 61
1 62
1 63
1 65
1 66
1 67
1 69
1 70
1 72
1 74
1 76
1 79
1 80
1 84
1 85
1 87
1 90
1 91
1 93
1 95
2 3
2 4
2 5
2 6
2 7
2 8
2 10
2 15
2 16
2 18
2 20
2 21
2 26
2 27
2 29
2 30
2 31
2 33
2 34
2 35
2 36
2 37
2 38
2 44
2 45
2 46
2 47
2 49
2 50
2 51
2 54
2 58
2 59
2 61
2 63
2 66
2 70
2 71
2 73
2 74
2 75
2 84
2 86
2 92
2 93
2 97
3 5
3 6
3 7
3 10
3 11
3 12
3 15
3 17
3 19
3 20
3 21
3 25
3 27
3 29
3 32
3 33
3 37
3 38
3 39
3 42
3 43
3 45
3 46
3 50
3 51
3 54
3 55
3 56
3 59
3 61
3 63
3 66
3 68
3 69
3 71
3 73
3 75
3 77
3 78
3 79
3 80
3 81
3 82
3 84
3 85
3 90
3 92
3 94
3 95
3 96
4 5
4 6
4 11
4 14
4 16
4 18
4 21
4 22
4 23
4 24
4 27
4 28
4 33
4 34
4 40
4 41
4 46
4 48
4 53
4 55
4 56
4 58
4 59
4 61
4 68
4 69
4 71
4 73
4 74
4 78
4 79
4 82
4 83
4 86
4 87
4 88
4 89
4 90
4 91
4 92
4 93
4 94
4 95
4 96
5 6
5 8
5 11
5 12
5 16
5 17
5 18
5 19
5 20
5 22
5 23
5 24
5 26
5 28
5 29
5 30
5 31
5 36
5 38
5 40
5 41
5 42
5 44
5 46
5 47
5 52
5 53
5 55
5 56
5 60
5 62
5 64
5 68
5 71
5 72
5 73
5 79
5 80
5 82
5 84
5 86
5 90
5 94
5 95
5 96
5 98
5 99
6 8
6 9
6 11
6 15
6 16
6 17
6 19
6 23
6 29
6 30
6 33
6 34
6 37
6 38
6 39
6 42
6 44
6 45
6 47
6 48
6 51
6 52
6 54
6 55
6 57
6 59
6 62
6 63
6 66
6 68
6 69
6 72
6 76
6 77
6 79
6 80
6 83
6 86
6 88
6 89
6 92
6 94
6 95
6 96
6 97
6 98
7 8
7 9
7 12
7 17
7 19
7 20
7 23
7 24
7 25
7 27
7 28
7 31
7 33
7 34
7 35
7 37
7 39
7 41
7 42
7 46
7 47
7 50
7 53
7 54
7 56
7 57
7 58
7 60
7 61
7 63
7 64
7 67
7 72
7 73
7 78
7 81
7 83
7 88
7 90
7 91
7 92
7 96
7 97
7 99
8 9
8 10
8 11
8 12
8 13
8 14
8 17
8 18
8 19
8 22
8 28
8 30
8 33
8 34
8 35
8 36
8 41
8 45
8 46
8 48
8 49
8 50
8 51
8 53
8 55
8 57
8 58
8 59
8 60
8 62
8 63
8 65
8 66
8 67
8 70
8 72
8 73
8 74
8 76
8 77
8 79
8 81
8 83
8 84
8 85
8 86
8 95
8 96
8 97
8 99
9 12
9 13
9 14
9 17
9 22
9 23
9 25
9 26
9 27
9 30
9 34
9 35
9 37
9 39
9 41
9 42
9 44
9 48
9 49
9 50
9 51
9 52
9 55
9 58
9 62
9 66
9 68
9 70
9 71
9 75
9 79
9 80
9 82
9 86
9 87
9 88
9 89
9 90
9 92
9 93
9 94
9 95
10 11
10 16
10 17
10 19
10 20
10 21
10 22
10 23
10 25
10 27
10 30
10 33
10 35
10 36
10 37
10 38
10 40
10 46
10 47
10 57
10 59
10 63
10 69
10 71
10 73
10 75
10 76
10 78
10 79
10 80
10 81
10 83
10 84
10 86
10 87
10 88
10 92
10 93
10 95
10 96
10 97
10 98
10 99
11 15
11 19
11 20
11 21
11 24
11 26
11 27
11 32
11 33
11 35
11 36
11 38
11 40
11 42
11 43
11 44
11 46
11 47
11 49
11 50
11 53
11 56
11 59
11 60
11 62
11 65
11 69
11 70
11 71
11 73
11 74
11 76
11 77
11 78
11 82
11 83
11 84
11 85
11 87
11 88
11 89
11 91
11 92
11 98
12 14
12 17
12 19
12 21
12 24
12 31
12 33
12 35
12 38
12 39
12 40
12 42
12 43
12 44
12 48
12 49
12 51
12 53
12 56
12 60
12 61
12 62
12 63
12 64
12 65
12 66
12 68
12 70
12 71
12 72
12 73
12 74
12 75
12 76
12 78
12 79
12 82
12 83
12 84
12 88
12 89
12 91
12 92
12 93
12 94
12 96
12 97
12 99
13 16
13 17
13 18
13 20
13 21
13 24
13 25
13 32
13 33
13 35
13 36
13 41
13 43
13 45
13 47
13 48
13 49
13 50
13 51
13 53
13 54
13 56
13 57
13 59
13 60
13 67
13 69
13 71
13 73
13 74
13 75
13 76
13 79
13 82
13 83
13 86
13 88
13 91
13 96
13 97
13 99
14 15
14 16
14 17
14 19
14 21
14 23
14 27
14 35
14 36
14 39
14 42
14 46
14 47
14 49
14 51
14 52
14 54
14 55
14 57
14 58
14 61
14 62
14 71
14 72
14 73
14 74
14 75
14 80
14 81
14 82
14 83
14 84
14 86
14 90
14 91
14 93
14 94
14 96
14 97
15 20
15 21
15 23
15 28
15 29
15 30
15 31
15 33
15 35
15 36
15 37
15 38
15 40
15 45
15 47
15 50
15 51
15 55
15 56
15 58
15 60
15 61
15 62
15 63
15 66
15 68
15 69
15 70
15 71
15 73
15 74
15 75
15 77
15 80
15 81
15 82
15 83
15 84
15 85
15 86
15 88
15 93
15 97
15 98
16 17
16 20
16 21
16 22
16 24
16 30
16 33
16 35
16 36
16 38
16 39
16 41
16 43
16 45
16 47
16 48
16 51
16 52
16 53
16 54
16 57
16 58
16 59
16 60
16 61
16 63
16 64
16 66
16 67
16 68
16 69
16 70
16 73
16 75
16 76
16 77
16 79
16 80
16 82
16 84
16 87
16 90
16 93
16 94
16 95
16 99
17 18
17 28
17 29
17 33
17 35
17 37
17 39
17 40
17 41
17 43
17 49
17 50
17 51
17 52
17 53
17 54
17 57
17 60
17 61
17 62
17 63
17 64
17 66
17 67
17 68
17 69
17 71
17 73
17 74
17 76
17 79
17 80
17 82
17 84
17 85
17 89
17 90
17 93
17 94
17 98
18 19
18 21
18 23
18 26
18 28
18 29
18 31
18 32
18 33
18 34
18 37
18 39
18 41
18 43
18 44
18 45
18 47
18 50
18 51
18 52
18 53
18 54
18 55
18 58
18 59
18 60
18 66
18 67
18 69
18 72
18 73
18 74
18 75
18 78
18 79
18 83
18 85
18 87
18 88
18 92
18 93
18 96
18 97
18 99
19 20
19 24
19 26
19 28
19 30
19 35
19 36
19 37
19 38
19 40
19 44
19 46
19 49
19 50
19 53
19 54
19 57
19 58
19 59
19 60
19 61
19 63
19 64
19 65
19 67
19 68
19 69
19 70
19 71
19 72
19 73
19 75
19 78
19 80
19 84
19 85
19 86
19 90
19 92
19 95
19 98
20 21
20 22
20 24
20 26
20 34
20 38
20 39
20 40
20 44
20 45
20 47
20 49
20 53
20 57
20 60
20 62
20 65
20 66
20 67
20 68
20 70
20 74
20 75
20 77
20 78
20 79
20 80
20 81
20 82
20 83
20 85
20 87
20 91
20 93
20 95
20 99
21 24
21 29
21 30
21 31
21 33
21 34
21 37
21 39
21 40
21 46
21 47
21 48
21 49
21 51
21 52
21 54
21 55
21 57
21 59
21 60
21 68
21 69
21 71
21 72
21 73
21 74
21 75
21 76
21 79
21 80
21 81
21 82
21 83
21 85
21 86
21 87
21 89
21 90
21 93
21 94
21 96
21 97
21 98
21 99
22 25
22 27
22 29
22 35
22 38
22 39
22 42
22 44
22 46
22 47
22 48
22 50
22 51
22 52
22 53
22 54
22 58
22 59
22 64
22 66
22 67
22 68
22 71
22 73
22 74
22 75
22 77
22 78
22 84
22 85
22 86
22 87
22 89
22 91
22 97
22 99
23 26
23 27
23 28
23 30
23 31
23 36
23 37
23 38
23 41
23 42
23 43
23 47
23 48
23 49
23 52
23 53
23 54
23 55
23 56
23 57
23 58
23 63
23 64
23 67
23 68
23 72
23 73
23 75
23 76
23 78
23 79
23 81
23 84
23 85
23 87
23 88
23 90
23 92
23 96
23 99
24 25
24 32
24 33
24 37
24 38
24 41
24 43
24 44
24 45
24 48
24 49
24 55
24 56
24 57
24 58
24 60
24 61
24 63
24 64
24 66
24 71
24 74
24 75
24 78
24 80
24 81
24 83
24 88
24 89
24 90
24 91
24 92
24 95
24 97
24 98
25 27
25 28
25 32
25 34
25 37
25 41
25 42
25 45
25 46
25 48
25 49
25 52
25 53
25 56
25 57
25 60
25 61
25 63
25 64
25 65
25 66
25 67
25 68
25 69
25 70
25 71
25 73
25 75
25 78
25 81
25 83
25 84
25 85
25 89
25 93
25 95
25 97
26 31
26 36
26 40
26 41
26 42
26 43
26 44
26 46
26 48
26 50
26 51
26 52
26 54
26 61
26 62
26 63
26 64
26 65
26 66
26 68
26 69
26 70
26 72
26 74
26 75
26 76
26 81
26 83
26 85
26 86
26 87
26 88
26 90
26 92
26 94
26 97
27 31
27 36
27 41
27 44
27 48
27 50
27 51
27 52
27 54
27 55
27 56
27 57
27 59
27 60
27 61
27 63
27 65
27 66
27 67
27 68
27 69
27 71
27 72
27 73
27 74
27 75
27 78
27 83
27 84
27 86
27 87
27 88
27 89
27 90
27 91
27 92
27 95
27 97
28 29
28 30
28 31
28 34
28 36
28 37
28 39
28 40
28 41
28 46
28 47
28 49
28 50
28 53
28 57
28 58
28 59
28 67
28 68
28 69
28 71
28 76
28 77
28 81
28 82
28 86
28 88
28 91
28 94
28 95
28 96
28 97
29 32
29 35
29 36
29 38
29 39
29 40
29 41
29 42
29 46
29 47
29 49
29 50
29 51
29 53
29 54
29 55
29 57
29 60
29 61
29 63
29 64
29 66
29 67
29 69
29 70
29 76
29 79
29 80
29 82
29 90
29 91
29 92
29 93
29 95
29 99
30 31
30 33
30 36
30 38
30 39
30 40
30 41
30 42
30 45
30 47
30 49
30 51
30 53
30 56
30 59
30 60
30 63
30 65
30 68
30 70
30 72
30 74
30 75
30 77
30 78
30 80
30 82
30 84
30 85
30 90
30 92
30 94
31 34
31 35
31 37
31 39
31 40
31 41
31 42
31 43
31 49
31 50
31 52
31 54
31 57
31 58
31 59
31 60
31 63
31 64
31 65
31 66
31 67
31 68
31 69
31 71
31 77
31 79
31 80
31 81
31 83
31 85
31 86
31 87
31 89
31 90
31 93
31 99
32 33
32 34
32 36
32 41
32 42
32 46
32 47
32 48
32 49
32 53
32 57
32 58
32 63
32 65
32 66
32 67
32 69
32 70
32 71
32 72
32 73
32 74
32 75
32 76
32 78
32 80
32 86
32 87
32 89
32 90
32 93
32 94
33 38
33 39
33 40
33 42
33 45
33 47
33 48
33 49
33 52
33 55
33 57
33 58
33 60
33 61
33 65
33 66
33 69
33 70
33 73
33 76
33 79
33 87
33 88
33 91
33 93
33 94
33 95
33 98
34 36
34 37
34 39
34 41
34 42
34 43
34 46
34 50
34 51
34 52
34 53
34 55
34 56
34 57
34 62
34 63
34 64
34 67
34 69
34 75
34 76
34 78
34 81
34 84
34 85
34 86
34 87
34 88
34 90
34 91
34 93
34 96
34 97
34 99
35 36
35 37
35 38
35 42
35 43
35 44
35 48
35 50
35 53
35 56
35 58
35 59
35 61
35 62
35 64
35 67
35 69
35 73
35 75
35 76
35 77
35 78
35 83
35 85
35 89
35 92
35 95
35 96
35 98
36 43
36 44
36 46
36 49
36 53
36 56
36 58
36 59
36 61
36 63
36 67
36 68
36 70
36 71
36 75
36 76
36 77
36 79
36 80
36 81
36 84
36 85
36 89
36 92
36 95
36 96
36 99
37 38
37 39
37 40
37 41
37 42
37 45
37 46
37 47
37 48
37 54
37 57
37 59
37 65
37 67
37 68
37 70
37 71
37 72
37 73
37 78
37 80
37 82
37 84
37 87
37 88
37 89
37 92
37 93
37 95
37 99
38 39
38 40
38 41
38 42
38 43
38 44
38 49
38 51
38 52
38 53
38 56
38 57
38 59
38 65
38 66
38 68
38 71
38 72
38 74
38 78
38 86
38 87
38 88
38 89
38 90
38 91
38 92
38 95
38 96
39 41
39 43
39 44
39 49
39 50
39 51
39 53
39 54
39 57
39 58
39 59
39 60
39 61
39 68
39 70
39 72
39 74
39 76
39 77
39 79
39 80
39 81
39 83
39 84
39 85
39 86
39 88
39 92
39 93
39 94
39 97
39 98
39 99
40 42
40 45
40 46
40 48
40 49
40 50
40 51
40 53
40 58
40 60
40 61
40 63
40 64
40 65
40 69
40 70
40 72
40 73
40 74
40 76
40 77
40 79
40 80
40 81
40 82
40 83
40 87
40 88
40 91
40 92
40 96
41 42
41 47
41 50
41 51
41 52
41 53
41 57
41 58
41 62
41 63
41 67
41 72
41 74
41 75
41 77
41 78
41 79
41 85
41 88
41 90
41 92
41 93
41 94
41 95
41 96
41 97
41 98
42 43
42 44
42 47
42 53
42 54
42 56
42 59
42 61
42 62
42 63
42 64
42 65
42 66
42 67
42 68
42 73
42 76
42 77
42 79
42 81
42 82
42 83
42 84
42 85
42 86
42 91
42 96
42 97
42 99
43 46
43 50
43 52
43 53
43 54
43 57
43 58
43 60
43 61
43 62
43 63
43 64
43 68
43 72
43 77
43 78
43 79
43 81
43 82
43 84
43 85
43 86
43 88
43 89
43 90
43 95
43 97
43 99
44 45
44 46
44 47
44 50
44 52
44 53
44 54
44 55
44 59
44 60
44 61
44 62
44 65
44 67
44 69
44 71
44 73
44 81
44 82
44 85
44 86
44 90
44 92
44 97
44 98
45 48
45 50
45 51
45 53
45 54
45 60
45 61
45 62
45 64
45 67
45 70
45 71
45 72
45 75
45 77
45 79
45 82
45 84
45 86
45 87
45 90
45 93
45 96
45 97
45 98
46 47
46 53
46 56
46 58
46 60
46 63
46 64
46 65
46 67
46 68
46 71
46 72
46 74
46 75
46 76
46 78
46 81
46 83
46 86
46 87
46 88
46 89
46 92
46 93
46 95
46 96
46 97
46 98
46 99
47 48
47 49
47 50
47 51
47 52
47 54
47 56
47 59
47 65
47 66
47 67
47 68
47 69
47 71
47 72
47 74
47 76
47 77
47 78
47 80
47 82
47 84
47 85
47 87
47 89
47 91
47 93
47 94
47 95
47 97
48 49
48 50
48 51
48 52
48 55
48 56
48 57
48 59
48 60
48 61
48 62
48 66
48 69
48 71
48 76
48 77
48 79
48 86
48 90
48 93
48 94
48 95
48 97
48 98
48 99
49 50
49 51
49 52
49 54
49 55
49 59
49 60
49 63
49 66
49 67
49 68
49 70
49 72
49 73
49 74
49 78
49 79
49 80
49 81
49 84
49 85
49 86
49 89
49 90
49 91
49 93
49 95
49 97
49 98
50 51
50 52
50 55
50 56
50 57
50 59
50 60
50 61
50 62
50 66
50 71
50 72
50 75
50 76
50 79
50 80
50 82
50 83
50 86
50 87
50 90
50 91
50 93
50 94
51 52
51 54
51 57
51 58
51 59
51 61
51 62
51 63
51 66
51 68
51 69
51 73
51 74
51 77
51 78
51 79
51 80
51 81
51 83
51 89
51 91
51 92
51 94
51 96
51 97
51 99
52 53
52 56
52 57
52 58
52 59
52 61
52 62
52 64
52 65
52 66
52 68
52 70
52 71
52 72
52 73
52 74
52 75
52 76
52 78
52 79
52 80
52 81
52 83
52 84
52 85
52 87
52 91
52 92
52 96
52 97
52 98
52 99
53 57
53 60
53 62
53 63
53 69
53 70
53 71
53 73
53 74
53 76
53 77
53 78
53 82
53 83
53 84
53 88
53 89
53 91
53 92
53 93
53 94
53 96
53 98
54 55
54 57
54 58
54 59
54 60
54 63
54 64
54 69
54 71
54 73
54 75
54 79
54 80
54 81
54 82
54 83
54 85
54 86
54 87
54 88
54 92
54 97
55 56
55 58
55 59
55 64
55 65
55 67
55 71
55 72
55 74
55 75
55 77
55 79
55 80
55 81
55 82
55 84
55 86
55 89
55 90
55 92
55 93
55 94
55 96
55 99
56 59
56 64
56 69
56 70
56 71
56 74
56 75
56 76
56 80
56 85
56 86
56 92
56 94
56 98
56 99
57 62
57 63
57 64
57 66
57 67
57 68
57 69
57 72
57 75
57 76
57 77
57 78
57 79
57 87
57 88
57 89
57 95
57 97
57 99
58 59
58 63
58 64
58 65
58 66
58 69
58 70
58 71
58 73
58 76
58 78
58 80
58 81
58 82
58 85
58 89
58 95
58 99
59 60
59 62
59 63
59 64
59 65
59 67
59 68
59 70
59 73
59 74
59 75
59 76
59 77
59 78
59 79
59 80
59 82
59 83
59 84
59 85
59 90
59 91
59 95
59 97
60 62
60 63
60 66
60 68
60 70
60 71
60 73
60 74
60 76
60 80
60 85
60 88
60 92
60 93
60 95
60 96
61 62
61 66
61 67
61 68
61 69
61 74
61 75
61 78
61 80
61 82
61 84
61 86
61 88
61 89
61 90
61 91
61 92
61 95
61 97
62 63
62 64
62 66
62 69
62 70
62 71
62 73
62 77
62 79
62 80
62 83
62 85
62 87
62 92
62 93
62 94
62 98
62 99
63 64
63 65
63 68
63 70
63 71
63 72
63 73
63 74
63 78
63 79
63 82
63 83
63 84
63 85
63 86
63 88
63 90
63 92
63 95
63 98
64 65
64 67
64 68
64 71
64 72
64 73
64 75
64 78
64 79
64 80
64 82
64 86
64 88
64 90
64 91
64 92
64 94
64 98
64 99
65 67
65 68
65 69
65 70
65 72
65 74
65 76
65 80
65 82
65 83
65 84
65 87
65 88
65 90
65 91
65 92
65 93
65 94
65 95
65 98
66 67
66 68
66 70
66 71
66 72
66 75
66 76
66 79
66 80
66 81
66 82
66 83
66 84
66 87
66 89
66 90
66 93
66 94
66 96
66 97
66 99
67 72
67 73
67 74
67 75
67 77
67 80
67 82
67 86
67 87
67 89
67 90
67 94
67 95
67 99
68 71
68 73
68 75
68 77
68 79
68 82
68 83
68 84
68 85
68 87
68 89
68 90
68 92
68 94
68 95
68 96
68 97
68 98
69 70
69 74
69 76
69 79
69 85
69 86
69 89
69 90
69 92
69 94
69 96
69 97
69 98
70 72
70 73
70 74
70 75
70 78
70 79
70 81
70 84
70 85
70 86
70 87
70 88
70 89
70 90
70 95
70 96
70 97
70 99
71 73
71 74
71 75
71 76
71 77
71 80
71 81
71 83
71 84
71 87
71 88
71 89
71 90
71 92
71 95
71 96
71 97
72 76
72 78
72 79
72 80
72 81
72 82
72 85
72 87
72 91
72 94
72 98
72 99
73 75
73 78
73 79
73 80
73 89
73 91
73 92
73 94
73 95
73 97
73 98
73 99
74 75
74 76
74 78
74 81
74 83
74 86
74 93
74 94
74 95
74 97
74 98
74 99
75 76
75 77
75 80
75 81
75 83
75 88
75 89
75 91
75 92
75 93
75 97
75 99
76 78
76 80
76 82
76 85
76 87
76 89
76 90
76 93
76 94
76 95
76 96
76 97
76 99
77 81
77 89
77 93
77 94
77 99
78 81
78 83
78 84
78 85
78 88
78 92
78 94
78 96
78 97
78 98
79 80
79 81
79 82
79 83
79 85
79 87
79 89
79 91
79 92
79 93
79 95
79 96
79 99
80 83
80 84
80 85
80 86
80 87
80 88
80 89
80 91
80 95
80 96
81 83
81 84
81 86
81 90
81 91
81 92
81 93
81 96
81 97
81 98
82 85
82 87
82 88
82 92
82 96
82 98
83 84
83 86
83 90
83 91
83 93
83 94
83 96
83 99
84 87
84 88
84 89
84 90
84 92
84 94
84 96
84 98
84 99
85 86
85 87
85 90
85 92
85 93
85 96
85 98
86 89
86 90
86 91
86 93
86 95
86 98
86 99
87 91
87 95
87 96
88 89
88 91
88 93
88 95
88 96
88 97
88 99
89 90
89 92
89 95
89 96
89 99
90 94
90 95
90 98
90 99
91 94
91 95
91 96
91 98
92 93
92 96
92 97
92 98
92 99
93 96
93 97
94 95
94 98
95 96
96 98
96 99
97 99
