0 1
0 2
0 6
0 7
0 15
0 16
0 19
0 21
0 24
0 26
0 29
0 30
0 31
0 32
0 34
0 37
0 38
0 43
0 44
0 46
0 50
0 53
0 55
0 59
0 60
0 61
0 64
0 65
0 66
0 68
0 70
0 72
0 73
0 77
0 81
0 82
0 83
0 85
0 87
0 89
0 90
0 91
0 93
0 94
0 95
0 99
1 2
1 3
1 4
1 5
1 6
1 9
1 12
1 20
1 21
1 24
1 26
1 31
1 32
1 33
1 37
1 39
1 40
1 45
1 46
1 48
1 50
1 52
1 56
1 57
1 58
1 60
1 62
1 64
1 67
1 68
1 70
1 71
1 73
1 74
1 77
1 78
1 83
1 88
1 89
1 92
1 93
1 94
1 95
1 97
1 98
2 4
2 6
2 7
2 8
2 9
2 11
2 13
2 14
2 18
2 19
2 20
2 24
2 26
2 32
2 34
2 35
2 37
2 39
2 40
2 43
2 45
2 46
2 47
2 48
2 52
2 53
2 54
2 56
2 58
2 60
2 62
2 64
2 67
2 68
2 69
2 71
2 72
2 74
2 75
2 77
2 79
2 83
2 85
2 87
2 88
2 89
2 91
2 92
2 95
2 97
3 4
3 8
3 9
3 14
3 16
3 18
3 20
3 21
3 25
3 26
3 29
3 31
3 34
3 36
3 37
3 38
3 40
3 42
3 43
3 49
3 51
3 52
3 53
3 54
3 58
3 62
3 63
3 66
3 67
3 69
3 70
3 71
3 73
3 74
3 75
3 76
3 77
3 78
3 81
3 82
3 84
3 85
3 87
3 88
3 89
3 96
3 98
3 99
4 6
4 11
4 13
4 14
4 16
4 18
4 19
4 20
4 22
4 25
4 26
4 27
4 28
4 29
4 30
4 31
4 33
4 34
4 35
4 36
4 39
4 40
4 46
4 50
4 55
4 56
4 60
4 64
4 67
4 69
4 70
4 72
4 73
4 74
4 77
4 78
4 80
4 83
4 84
4 85
4 87
4 89
4 90
4 91
4 92
4 93
4 98
5 7
5 8
5 10
5 15
5 16
5 20
5 21
5 25
5 26
5 29
5 30
5 32
5 35
5 37
5 38
5 39
5 41
5 42
5 45
5 50
5 53
5 54
5 56
5 57
5 58
5 61
5 62
5 63
5 65
5 66
5 67
5 68
5 71
5 75
5 76
5 78
5 83
5 84
5 86
5 87
5 88
5 91
5 93
5 94
5 96
5 99
6 7
6 10
6 14
6 16
6 18
6 19
6 20
6 27
6 28
6 29
6 31
6 33
6 34
6 37
6 39
6 40
6 41
6 47
6 51
6 53
6 58
6 59
6 60
6 63
6 64
6 66
6 67
6 68
6 72
6 75
6 78
6 81
6 83
6 84
6 88
6 89
6 90
6 91
6 97
6 98
6 99
7 8
7 13
7 15
7 16
7 17
7 18
7 19
7 29
7 33
7 34
7 35
7 36
7 43
7 44
7 45
7 48
7 50
7 51
7 53
7 55
7 56
7 57
7 58
7 60
7 62
7 67
7 68
7 69
7 71
7 72
7 73
7 77
7 80
7 82
7 83
7 84
7 89
7 93
7 94
7 97
7 98
8 9
8 13
8 15
8 17
8 18
8 21
8 24
8 27
8 28
8 31
8 34
8 35
8 36
8 37
8 39
8 41
8 46
8 47
8 49
8 55
8 56
8 57
8 58
8 59
8 65
8 71
8 75
8 76
8 78
8 80
8 81
8 82
8 83
8 84
8 85
8 86
8 89
8 90
8 91
8 93
8 94
8 97
9 11
9 14
9 15
9 16
9 17
9 18
9 19
9 21
9 22
9 23
9 26
9 28
9 31
9 33
9 34
9 36
9 40
9 42
9 43
9 44
9 47
9 52
9 53
9 56
9 58
9 61
9 62
9 64
9 65
9 68
9 69
9 71
9 75
9 77
9 78
9 81
9 85
9 88
9 89
9 90
9 93
9 94
9 95
9 96
9 97
9 99
10 11
10 12
10 14
10 15
10 16
10 18
10 20
10 22
10 24
10 27
10 29
10 31
10 33
10 35
10 36
10 37
10 38
10 40
10 42
10 43
10 44
10 45
10 52
10 53
10 55
10 59
10 62
10 63
10 65
10 66
10 68
10 69
10 71
10 72
10 73
10 75
10 76
10 77
10 78
10 82
10 83
10 84
10 88
10 89
10 90
10 92
10 93
10 98
11 12
11 13
11 14
11 16
11 18
11 19
11 22
11 25
11 28
11 30
11 32
11 34
11 41
11 42
11 44
11 46
11 47
11 48
11 50
11 51
11 53
11 54
11 56
11 59
11 60
11 61
11 62
11 64
11 66
11 68
11 73
11 76
11 79
11 83
11 90
11 91
11 92
11 94
11 98
12 14
12 16
12 19
12 20
12 21
12 23
12 25
12 26
12 27
12 28
12 29
12 32
12 35
12 36
12 37
12 39
12 40
12 42
12 43
12 45
12 46
12 48
12 49
12 54
12 55
12 57
12 60
12 62
12 63
12 64
12 65
12 69
12 70
12 73
12 74
12 77
12 82
12 83
12 84
12 86
12 90
12 92
12 94
12 96
12 99
13 21
13 22
13 27
13 28
13 30
13 31
13 35
13 39
13 43
13 45
13 49
13 50
13 51
13 52
13 54
13 55
13 60
13 62
13 64
13 66
13 68
13 69
13 70
13 71
13 72
13 73
13 76
13 77
13 78
13 81
13 83
13 84
13 86
13 87
13 88
13 89
13 90
13 93
13 94
13 95
13 96
13 97
13 98
13 99
14 18
14 19
14 20
14 21
14 23
14 25
14 26
14 27
14 28
14 29
14 32
14 33
14 34
14 38
14 42
14 44
14 45
14 52
14 53
14 56
14 57
14 58
14 59
14 64
14 66
14 67
14 68
14 69
14 70
14 72
14 73
14 74
14 76
14 78
14 80
14 82
14 84
14 85
14 89
14 90
14 94
14 95
14 98
15 17
15 18
15 21
15 24
15 26
15 29
15 30
15 32
15 33
15 34
15 35
15 38
15 39
15 41
15 43
15 44
15 48
15 49
15 54
15 57
15 61
15 63
15 65
15 66
15 69
15 70
15 74
15 75
15 80
15 81
15 83
15 86
15 87
15 89
15 91
15 92
15 98
15 99
16 17
16 18
16 21
16 23
16 24
16 26
16 28
16 29
16 30
16 32
16 34
16 36
16 38
16 41
16 42
16 44
16 46
16 52
16 53
16 55
16 58
16 60
16 61
16 62
16 66
16 71
16 74
16 77
16 78
16 79
16 83
16 84
16 85
16 87
16 91
16 95
16 96
16 97
17 18
17 19
17 21
17 22
17 24
17 26
17 27
17 28
17 30
17 31
17 32
17 35
17 41
17 42
17 45
17 48
17 49
17 51
17 53
17 54
17 57
17 58
17 59
17 60
17 61
17 62
17 63
17 64
17 66
17 67
17 68
17 70
17 71
17 75
17 78
17 79
17 80
17 83
17 85
17 87
17 88
17 89
17 91
17 92
17 93
17 96
17 97
18 19
18 22
18 23
18 26
18 27
18 31
18 33
18 34
18 35
18 36
18 37
18 38
18 40
18 41
18 44
18 48
18 49
18 50
18 51
18 53
18 59
18 60
18 61
18 62
18 63
18 65
18 66
18 72
18 73
18 74
18 76
18 77
18 83
18 84
18 86
18 89
18 90
18 91
18 92
18 94
18 95
18 96
18 97
18 98
18 99
19 23
19 24
19 25
19 26
19 27
19 28
19 29
19 30
19 31
19 32
19 36
19 37
19 39
19 41
19 44
19 46
19 48
19 49
19 52
19 53
19 54
19 55
19 62
19 67
19 68
19 69
19 70
19 71
19 75
19 79
19 81
19 83
19 86
19 87
19 89
19 90
19 92
19 98
19 99
20 21
20 26
20 27
20 28
20 29
20 30
20 32
20 35
20 43
20 44
20 48
20 49
20 51
20 53
20 54
20 55
20 56
20 62
20 63
20 64
20 70
20 71
20 72
20 73
20 77
20 80
20 84
20 85
20 86
20 87
20 91
20 96
20 98
21 25
21 28
21 29
21 30
21 35
21 37
21 38
21 40
21 41
21 42
21 44
21 46
21 49
21 50
21 52
21 54
21 55
21 56
21 60
21 61
21 63
21 65
21 66
21 67
21 69
21 71
21 73
21 74
21 75
21 76
21 79
21 81
21 82
21 84
21 85
21 87
21 89
21 90
21 92
21 93
21 94
21 95
21 96
21 97
21 98
22 23
22 26
22 27
22 28
22 30
22 31
22 34
22 35
22 37
22 38
22 40
22 45
22 47
22 48
22 49
22 51
22 54
22 55
22 57
22 58
22 59
22 61
22 62
22 63
22 64
22 66
22 68
22 71
22 72
22 75
22 78
22 79
22 80
22 81
22 83
22 84
22 87
22 91
22 92
22 93
22 96
22 98
22 99
23 24
23 25
23 28
23 29
23 30
23 31
23 32
23 33
23 34
23 36
23 38
23 39
23 44
23 45
23 49
23 54
23 58
23 60
23 61
23 62
23 66
23 70
23 72
23 73
23 75
23 81
23 82
23 83
23 84
23 85
23 86
23 87
23 88
23 90
23 91
23 92
23 93
23 94
23 95
23 96
23 98
24 27
24 28
24 30
24 35
24 36
24 37
24 38
24 40
24 41
24 42
24 44
24 45
24 50
24 53
24 56
24 63
24 66
24 69
24 71
24 76
24 77
24 78
24 80
24 81
24 84
24 86
24 88
24 94
24 96
24 97
24 98
24 99
25 26
25 27
25 29
25 32
25 33
25 36
25 37
25 38
25 39
25 41
25 42
25 44
25 46
25 47
25 48
25 49
25 50
25 52
25 53
25 54
25 60
25 61
25 66
25 67
25 69
25 71
25 75
25 78
25 79
25 80
25 91
25 92
25 94
25 96
25 97
25 98
26 27
26 31
26 34
26 35
26 36
26 38
26 39
26 43
26 44
26 47
26 49
26 50
26 52
26 54
26 55
26 57
26 60
26 62
26 63
26 64
26 67
26 70
26 72
26 74
26 75
26 80
26 82
26 84
26 85
26 87
26 89
26 91
26 92
26 96
26 97
27 28
27 30
27 31
27 33
27 35
27 36
27 37
27 42
27 44
27 45
27 48
27 49
27 54
27 55
27 63
27 64
27 69
27 70
27 71
27 73
27 75
27 81
27 82
27 86
27 87
27 90
27 91
27 93
27 94
27 98
27 99
28 30
28 32
28 37
28 38
28 39
28 40
28 43
28 49
28 50
28 51
28 54
28 55
28 58
28 59
28 60
28 63
28 65
28 67
28 69
28 71
28 72
28 74
28 76
28 78
28 81
28 82
28 83
28 85
28 91
28 92
28 94
28 95
28 96
28 98
28 99
29 30
29 35
29 36
29 37
29 38
29 40
29 44
29 45
29 46
29 49
29 50
29 51
29 52
29 56
29 57
29 63
29 64
29 67
29 69
29 71
29 73
29 74
29 75
29 80
29 81
29 86
29 89
29 90
29 91
29 92
29 94
29 95
29 96
30 31
30 33
30 35
30 38
30 41
30 42
30 46
30 47
30 53
30 54
30 55
30 57
30 59
30 62
30 63
30 64
30 68
30 69
30 70
30 72
30 74
30 75
30 76
30 77
30 79
30 81
30 83
30 85
30 87
30 89
30 90
30 91
30 94
30 95
30 96
30 99
31 32
31 34
31 39
31 42
31 46
31 47
31 48
31 53
31 54
31 55
31 57
31 58
31 59
31 60
31 63
31 64
31 66
31 69
31 70
31 71
31 72
31 73
31 74
31 75
31 78
31 79
31 80
31 81
31 83
31 84
31 85
31 88
31 91
31 92
31 94
31 95
31 96
31 97
32 35
32 36
32 37
32 39
32 40
32 41
32 42
32 44
32 46
32 48
32 51
32 52
32 56
32 58
32 59
32 61
32 63
32 64
32 65
32 66
32 69
32 72
32 75
32 76
32 80
32 82
32 86
32 88
32 90
32 93
32 94
32 97
32 98
33 34
33 35
33 36
33 38
33 39
33 42
33 43
33 46
33 47
33 48
33 49
33 53
33 57
33 61
33 62
33 63
33 65
33 66
33 67
33 69
33 71
33 72
33 73
33 79
33 80
33 83
33 85
33 89
33 92
33 93
33 94
33 96
33 99
34 35
34 36
34 37
34 38
34 40
34 43
34 45
34 52
34 53
34 55
34 56
34 57
34 61
34 63
34 64
34 65
34 68
34 71
34 72
34 75
34 80
34 82
34 88
34 90
34 94
34 97
34 98
34 99
35 36
35 37
35 38
35 39
35 40
35 43
35 44
35 45
35 46
35 47
35 49
35 51
35 57
35 58
35 61
35 63
35 64
35 65
35 68
35 69
35 70
35 72
35 73
35 74
35 77
35 78
35 79
35 80
35 81
35 82
35 83
35 86
35 87
35 91
35 93
35 95
35 97
35 98
36 37
36 41
36 43
36 45
36 48
36 49
36 50
36 51
36 53
36 59
36 60
36 63
36 66
36 70
36 73
36 74
36 75
36 76
36 79
36 81
36 82
36 84
36 87
36 89
36 90
36 92
36 95
36 96
37 39
37 40
37 42
37 45
37 47
37 51
37 52
37 54
37 58
37 63
37 64
37 70
37 73
37 74
37 75
37 76
37 77
37 83
37 85
37 89
37 90
37 94
37 96
37 97
37 98
38 40
38 45
38 46
38 48
38 49
38 50
38 52
38 53
38 55
38 59
38 61
38 62
38 64
38 66
38 67
38 69
38 70
38 71
38 74
38 75
38 76
38 78
38 80
38 81
38 90
38 91
38 92
38 93
38 94
38 98
39 40
39 41
39 46
39 49
39 50
39 58
39 63
39 64
39 67
39 69
39 72
39 73
39 74
39 78
39 79
39 86
39 87
39 88
39 89
39 90
39 94
39 99
40 41
40 42
40 43
40 45
40 56
40 59
40 61
40 63
40 64
40 69
40 71
40 72
40 73
40 74
40 77
40 78
40 80
40 81
40 82
40 84
40 85
40 87
40 88
40 89
40 92
40 93
40 95
40 96
41 42
41 43
41 44
41 46
41 47
41 49
41 50
41 51
41 54
41 55
41 56
41 58
41 60
41 61
41 62
41 63
41 64
41 67
41 71
41 72
41 74
41 75
41 78
41 79
41 81
41 82
41 83
41 84
41 89
41 90
41 91
42 44
42 45
42 47
42 48
42 49
42 51
42 52
42 53
42 55
42 56
42 58
42 61
42 64
42 65
42 67
42 70
42 71
42 73
42 75
42 79
42 80
42 82
42 83
42 84
42 87
42 88
42 89
42 94
43 46
43 47
43 48
43 49
43 50
43 51
43 52
43 55
43 57
43 58
43 59
43 60
43 62
43 63
43 64
43 66
43 68
43 69
43 71
43 74
43 75
43 78
43 83
43 85
43 86
43 88
43 89
43 91
43 93
43 96
44 46
44 48
44 49
44 54
44 55
44 59
44 62
44 64
44 65
44 73
44 75
44 78
44 86
44 89
44 91
44 92
44 93
44 95
44 96
45 46
45 47
45 51
45 53
45 55
45 56
45 59
45 61
45 65
45 68
45 70
45 71
45 73
45 75
45 76
45 78
45 80
45 81
45 82
45 83
45 84
45 92
45 94
45 97
45 98
45 99
46 49
46 61
46 62
46 63
46 64
46 65
46 69
46 70
46 75
46 76
46 78
46 80
46 81
46 82
46 83
46 84
46 88
46 89
46 92
46 93
46 94
46 95
46 96
46 97
47 48
47 49
47 50
47 52
47 53
47 54
47 55
47 56
47 57
47 58
47 59
47 60
47 61
47 63
47 64
47 65
47 68
47 69
47 70
47 75
47 78
47 79
47 81
47 82
47 83
47 84
47 85
47 89
47 90
47 93
47 94
47 95
47 96
47 98
47 99
48 49
48 50
48 51
48 52
48 53
48 62
48 64
48 67
48 70
48 71
48 72
48 73
48 74
48 77
48 78
48 79
48 82
48 83
48 85
48 88
48 94
48 95
48 96
48 97
49 51
49 52
49 54
49 56
49 62
49 63
49 64
49 65
49 66
49 67
49 68
49 69
49 72
49 75
49 76
49 77
49 79
49 81
49 83
49 85
49 86
49 87
49 91
49 92
49 93
49 97
49 98
49 99
50 52
50 55
50 59
50 61
50 63
50 64
50 67
50 69
50 73
50 74
50 77
50 82
50 83
50 84
50 86
50 87
50 88
50 89
50 90
50 91
50 92
50 93
50 94
50 95
50 96
50 98
51 52
51 55
51 57
51 59
51 64
51 68
51 71
51 74
51 76
51 77
51 79
51 81
51 84
51 85
51 87
51 88
51 89
51 90
51 91
51 94
51 95
51 96
52 54
52 56
52 57
52 61
52 62
52 64
52 65
52 66
52 68
52 69
52 70
52 75
52 78
52 79
52 82
52 84
52 85
52 88
52 89
52 90
52 92
52 94
52 98
52 99
53 55
53 56
53 57
53 60
53 63
53 64
53 65
53 66
53 69
53 70
53 71
53 76
53 77
53 82
53 85
53 86
53 88
53 91
53 92
53 93
53 97
54 55
54 56
54 57
54 61
54 62
54 64
54 66
54 67
54 68
54 73
54 74
54 75
54 77
54 80
54 82
54 83
54 87
54 88
54 90
54 92
54 93
54 97
54 98
55 56
55 58
55 59
55 62
55 67
55 71
55 73
55 74
55 75
55 76
55 77
55 80
55 81
55 82
55 85
55 91
55 93
55 95
55 96
55 97
55 98
55 99
56 57
56 59
56 62
56 64
56 65
56 66
56 71
56 72
56 76
56 77
56 80
56 82
56 83
56 84
56 86
56 87
56 88
56 89
56 90
56 92
56 93
56 94
56 95
56 96
56 97
56 98
56 99
57 62
57 65
57 68
57 69
57 72
57 73
57 74
57 75
57 78
57 79
57 80
57 85
57 86
57 87
57 90
57 91
57 92
57 94
57 96
57 98
57 99
58 59
58 61
58 62
58 63
58 64
58 65
58 66
58 69
58 71
58 72
58 73
58 74
58 75
58 76
58 77
58 78
58 79
58 82
58 84
58 85
58 87
58 92
58 94
58 97
59 61
59 62
59 64
59 70
59 72
59 73
59 74
59 75
59 77
59 80
59 81
59 83
59 85
59 87
59 90
59 92
59 99
60 64
60 65
60 66
60 67
60 69
60 70
60 71
60 72
60 74
60 75
60 76
60 79
60 81
60 83
60 86
60 88
60 90
60 93
60 94
60 95
60 98
61 63
61 64
61 71
61 72
61 73
61 77
61 79
61 80
61 81
61 86
61 87
61 88
61 90
61 96
61 99
62 63
62 64
62 67
62 68
62 69
62 71
62 72
62 75
62 76
62 77
62 78
62 80
62 82
62 84
62 87
62 89
62 90
62 92
62 96
62 97
62 99
63 64
63 66
63 68
63 71
63 72
63 75
63 77
63 78
63 82
63 83
63 85
63 87
63 91
63 93
63 97
64 65
64 66
64 69
64 71
64 72
64 73
64 74
64 76
64 77
64 78
64 80
64 83
64 84
64 85
64 87
64 89
64 93
64 94
64 96
64 99
65 66
65 68
65 69
65 70
65 71
65 73
65 75
65 80
65 81
65 82
65 83
65 92
65 96
66 67
66 68
66 70
66 72
66 74
66 75
66 76
66 77
66 81
66 83
66 85
66 88
66 89
66 93
66 95
66 97
67 70
67 71
67 72
67 73
67 74
67 77
67 80
67 82
67 83
67 84
67 87
67 88
67 90
67 91
67 95
67 96
67 97
67 98
67 99
68 71
68 74
68 76
68 81
68 89
68 90
68 96
69 75
69 76
69 80
69 81
69 82
69 83
69 84
69 85
69 86
69 87
69 88
69 93
69 95
70 72
70 73
70 74
70 76
70 78
70 80
70 85
70 86
70 87
70 90
70 93
70 95
70 97
70 99
71 72
71 74
71 75
71 77
71 78
71 82
71 83
71 86
71 90
71 93
71 96
71 98
71 99
72 75
72 77
72 83
72 84
72 88
72 89
72 90
72 91
72 92
72 94
72 95
72 96
72 98
73 74
73 80
73 81
73 82
73 85
73 86
73 87
73 88
73 90
73 92
73 95
73 98
74 77
74 78
74 79
74 80
74 81
74 82
74 83
74 85
74 86
74 88
74 90
74 93
74 98
74 99
75 76
75 79
75 80
75 83
75 85
75 87
75 88
75 89
75 90
75 94
75 97
75 99
76 77
76 79
76 80
76 83
76 85
76 87
76 90
76 92
76 95
76 97
76 98
76 99
77 78
77 79
77 82
77 83
77 86
77 89
77 90
77 92
77 93
77 94
77 95
77 96
77 98
77 99
78 80
78 84
78 85
78 90
78 91
78 92
78 94
78 95
78 98
78 99
79 83
79 84
79 85
79 86
79 89
79 90
79 91
79 92
79 94
79 95
79 96
79 97
79 98
79 99
80 82
80 83
80 84
80 85
80 86
80 88
80 89
80 92
80 94
80 95
80 96
80 97
80 98
80 99
81 82
81 85
81 86
81 89
81 90
81 91
81 92
81 93
81 95
81 96
82 87
82 88
82 92
82 93
82 98
83 90
83 91
83 93
83 94
83 95
83 97
83 98
83 99
84 88
84 89
84 90
84 92
84 95
84 96
85 87
85 92
85 93
85 94
85 95
85 97
85 99
86 87
86 88
86 89
86 90
86 91
86 92
86 93
86 94
86 98
87 89
87 92
87 94
87 95
87 99
88 92
88 93
88 94
88 95
88 97
88 98
89 90
89 93
89 95
89 96
89 97
89 98
90 93
90 95
90 96
90 98
91 94
91 96
91 98
91 99
92 94
92 96
92 98
93 94
93 95
93 99
94 95
94 96
94 97
95 99
96 99
97 98
97 99
