0 1
0 3
0 5
0 6
0 7
0 8
0 9
0 10
0 11
0 12
0 13
0 14
0 21
0 23
0 24
0 27
0 28
0 29
0 31
0 34
0 35
0 36
0 37
0 38
0 39
0 40
0 44
0 45
0 46
0 48
0 49
0 50
0 52
0 53
0 55
0 59
0 61
0 62
0 66
0 69
0 70
0 72
0 76
0 77
0 78
0 82
0 84
0 89
0 95
0 96
1 2
1 4
1 5
1 7
1 8
1 9
1 11
1 15
1 16
1 20
1 25
1 27
1 31
1 37
1 39
1 40
1 41
1 42
1 43
1 45
1 47
1 49
1 50
1 51
1 52
1 56
1 60
1 63
1 66
1 67
1 70
1 73
1 75
1 77
1 80
1 81
1 83
1 88
1 90
1 92
1 93
1 95
1 99
2 3
2 4
2 5
2 8
2 10
2 11
2 12
2 14
2 15
2 19
2 20
2 23
2 24
2 25
2 26
2 30
2 34
2 39
2 41
2 42
2 43
2 44
2 46
2 49
2 50
2 51
2 53
2 54
2 55
2 56
2 57
2 58
2 61
2 62
2 65
2 66
2 68
2 70
2 71
2 73
2 75
2 78
2 80
2 83
2 84
2 85
2 86
2 87
2 89
2 90
2 94
2 96
3 6
3 7
3 8
3 10
3 12
3 14
3 15
3 16
3 17
3 18
3 19
3 23
3 24
3 26
3 27
3 28
3 30
3 31
3 32
3 35
3 36
3 41
3 43
3 44
3 51
3 53
3 54
3 57
3 59
3 65
3 66
3 69
3 74
3 75
3 78
3 80
3 81
3 82
3 90
3 94
3 95
3 96
3 97
3 99
4 5
4 6
4 7
4 8
4 12
4 15
4 17
4 18
4 21
4 22
4 23
4 24
4 25
4 27
4 34
4 36
4 38
4 39
4 40
4 42
4 46
4 49
4 52
4 53
4 54
4 55
4 59
4 61
4 63
4 64
4 65
4 66
4 70
4 72
4 75
4 76
4 77
4 79
4 80
4 81
4 84
4 85
4 86
4 88
4 89
4 90
4 95
4 96
4 98
4 99
5 6
5 7
5 8
5 9
5 11
5 13
5 16
5 18
5 19
5 23
5 24
5 25
5 26
5 28
5 29
5 31
5 32
5 36
5 38
5 45
5 46
5 48
5 52
5 53
5 54
5 55
5 56
5 57
5 58
5 59
5 60
5 61
5 62
5 64
5 65
5 66
5 67
5 68
5 70
5 72
5 73
5 75
5 77
5 79
5 80
5 81
5 82
5 84
5 88
5 89
5 92
5 93
5 94
5 95
5 98
6 8
6 9
6 12
6 13
6 14
6 15
6 16
6 20
6 22
6 23
6 27
6 30
6 35
6 37
6 41
6 42
6 43
6 44
6 45
6 47
6 49
6 51
6 53
6 54
6 55
6 59
6 61
6 62
6 63
6 64
6 65
6 66
6 71
6 73
6 74
6 75
6 78
6 79
6 80
6 83
6 84
6 86
6 89
6 90
6 92
6 94
6 96
6 97
7 10
7 11
7 12
7 14
7 17
7 18
7 20
7 21
7 22
7 24
7 26
7 27
7 28
7 29
7 32
7 34
7 35
7 36
7 37
7 40
7 41
7 43
7 44
7 48
7 51
7 53
7 54
7 56
7 59
7 60
7 61
7 62
7 63
7 67
7 69
7 70
7 71
7 73
7 75
7 80
7 81
7 87
7 89
7 93
7 94
7 96
7 97
7 98
8 9
8 10
8 11
8 13
8 15
8 19
8 23
8 24
8 25
8 28
8 29
8 30
8 31
8 33
8 34
8 35
8 38
8 39
8 42
8 43
8 46
8 47
8 48
8 50
8 52
8 54
8 58
8 60
8 61
8 65
8 68
8 70
8 71
8 72
8 74
8 75
8 77
8 78
8 79
8 81
8 82
8 83
8 85
8 93
8 96
8 97
8 98
9 13
9 16
9 22
9 23
9 24
9 25
9 26
9 30
9 38
9 41
9 42
9 45
9 48
9 50
9 52
9 53
9 54
9 55
9 57
9 59
9 60
9 63
9 65
9 67
9 71
9 72
9 75
9 77
9 80
9 82
9 85
9 88
9 93
10 12
10 13
10 18
10 20
10 21
10 22
10 25
10 27
10 30
10 32
10 33
10 35
10 41
10 42
10 43
10 46
10 48
10 50
10 51
10 52
10 53
10 54
10 55
10 60
10 61
10 62
10 63
10 64
10 67
10 70
10 71
10 74
10 76
10 78
10 79
10 80
10 81
10 84
10 92
10 93
10 94
10 95
10 96
10 98
10 99
11 12
11 14
11 16
11 18
11 19
11 20
11 21
11 22
11 24
11 25
11 29
11 30
11 31
11 32
11 35
11 36
11 39
11 42
11 44
11 45
11 47
11 48
11 49
11 50
11 54
11 55
11 56
11 58
11 59
11 60
11 62
11 63
11 64
11 65
11 66
11 70
11 71
11 75
11 80
11 81
11 83
11 84
11 85
11 87
11 91
11 92
11 93
11 94
11 96
11 99
12 14
12 16
12 18
12 24
12 25
12 30
12 31
12 32
12 34
12 35
12 38
12 39
12 40
12 41
12 45
12 46
12 47
12 50
12 59
12 65
12 66
12 67
12 70
12 76
12 77
12 80
12 83
12 84
12 86
12 87
12 88
12 89
12 90
12 92
12 93
12 94
12 95
12 99
13 15
13 16
13 19
13 23
13 25
13 27
13 30
13 32
13 33
13 35
13 37
13 38
13 42
13 44
13 45
13 50
13 54
13 55
13 56
13 58
13 61
13 63
13 65
13 67
13 72
13 73
13 75
13 78
13 82
13 84
13 85
13 86
13 87
13 89
13 90
13 92
13 93
13 96
13 97
13 98
13 99
14 16
14 17
14 18
14 21
14 22
14 24
14 25
14 26
14 27
14 30
14 31
14 36
14 37
14 38
14 40
14 44
14 45
14 46
14 47
14 51
14 53
14 54
14 55
14 58
14 60
14 62
14 63
14 64
14 66
14 67
14 69
14 70
14 72
14 74
14 75
14 77
14 78
14 79
14 80
14 84
14 89
14 92
14 93
14 94
14 95
14 96
14 97
14 98
15 17
15 19
15 21
15 23
15 25
15 26
15 27
15 28
15 29
15 32
15 33
15 34
15 36
15 37
15 38
15 39
15 44
15 46
15 49
15 54
15 55
15 56
15 58
15 59
15 61
15 62
15 64
15 65
15 66
15 69
15 71
15 73
15 74
15 76
15 77
15 79
15 80
15 81
15 82
15 83
15 84
15 85
15 86
15 88
15 90
15 91
15 93
15 94
15 96
15 97
16 17
16 20
16 22
16 23
16 25
16 26
16 28
16 31
16 35
16 41
16 42
16 46
16 47
16 50
16 51
16 52
16 53
16 55
16 56
16 60
16 62
16 65
16 66
16 68
16 72
16 73
16 75
16 76
16 80
16 81
16 82
16 83
16 84
16 87
16 88
16 89
16 94
16 95
16 98
16 99
17 19
17 20
17 23
17 26
17 27
17 28
17 32
17 34
17 35
17 36
17 41
17 42
17 46
17 48
17 50
17 52
17 55
17 57
17 58
17 60
17 61
17 63
17 64
17 65
17 66
17 67
17 68
17 70
17 71
17 75
17 77
17 78
17 79
17 82
17 83
17 84
17 86
17 91
17 92
17 93
17 94
17 95
17 96
17 98
17 99
18 19
18 20
18 21
18 23
18 24
18 25
18 28
18 34
18 36
18 38
18 39
18 44
18 45
18 46
18 47
18 48
18 50
18 51
18 53
18 56
18 59
18 60
18 62
18 63
18 66
18 67
18 68
18 69
18 72
18 76
18 77
18 78
18 79
18 83
18 86
18 90
18 91
18 99
19 20
19 21
19 23
19 24
19 25
19 26
19 27
19 29
19 33
19 34
19 35
19 36
19 37
19 40
19 43
19 44
19 48
19 49
19 50
19 52
19 53
19 56
19 58
19 59
19 60
19 63
19 64
19 66
19 67
19 69
19 70
19 71
19 75
19 76
19 77
19 81
19 85
19 88
19 91
19 94
19 95
19 96
19 98
19 99
20 21
20 22
20 27
20 29
20 30
20 32
20 35
20 36
20 37
20 38
20 39
20 40
20 44
20 47
20 49
20 55
20 57
20 59
20 60
20 62
20 65
20 68
20 72
20 73
20 75
20 77
20 78
20 79
20 80
20 83
20 85
20 88
20 89
20 94
20 95
20 99
21 22
21 23
21 26
21 30
21 35
21 38
21 39
21 40
21 41
21 48
21 49
21 50
21 51
21 52
21 55
21 56
21 57
21 58
21 59
21 60
21 69
21 70
21 72
21 74
21 76
21 77
21 78
21 79
21 80
21 82
21 84
21 86
21 87
21 89
21 91
21 95
21 96
21 98
21 99
22 23
22 24
22 25
22 26
22 30
22 33
22 36
22 39
22 40
22 42
22 43
22 44
22 46
22 47
22 49
22 50
22 51
22 54
22 55
22 56
22 57
22 63
22 68
22 73
22 76
22 80
22 81
22 82
22 84
22 87
22 88
22 91
22 94
22 96
22 97
23 27
23 29
23 31
23 33
23 34
23 42
23 45
23 51
23 52
23 55
23 56
23 58
23 60
23 61
23 63
23 64
23 68
23 69
23 70
23 72
23 74
23 79
23 82
23 94
23 97
23 99
24 25
24 26
24 27
24 29
24 31
24 32
24 33
24 35
24 36
24 37
24 38
24 40
24 43
24 44
24 45
24 47
24 49
24 52
24 53
24 54
24 55
24 58
24 59
24 60
24 61
24 63
24 64
24 65
24 66
24 67
24 69
24 72
24 73
24 76
24 77
24 78
24 80
24 81
24 82
24 83
24 85
24 89
24 91
24 93
24 95
24 98
24 99
25 28
25 33
25 35
25 38
25 39
25 41
25 43
25 44
25 47
25 53
25 54
25 57
25 62
25 63
25 66
25 68
25 70
25 73
25 74
25 75
25 76
25 77
25 78
25 80
25 82
25 83
25 87
25 88
25 90
25 91
25 92
25 93
25 94
25 95
25 96
25 97
25 98
26 28
26 29
26 30
26 33
26 34
26 35
26 39
26 40
26 42
26 44
26 46
26 47
26 48
26 50
26 51
26 52
26 53
26 56
26 58
26 60
26 61
26 62
26 68
26 69
26 71
26 73
26 74
26 75
26 76
26 77
26 78
26 81
26 83
26 84
26 85
26 87
26 88
26 90
26 91
26 93
26 94
26 96
26 97
26 98
27 30
27 31
27 32
27 33
27 37
27 38
27 40
27 41
27 42
27 43
27 44
27 47
27 50
27 51
27 52
27 55
27 56
27 57
27 62
27 63
27 64
27 67
27 69
27 70
27 71
27 72
27 73
27 75
27 77
27 78
27 79
27 80
27 82
27 85
27 86
27 92
27 94
27 96
27 98
28 29
28 31
28 34
28 35
28 38
28 41
28 42
28 43
28 44
28 46
28 49
28 51
28 52
28 57
28 61
28 62
28 64
28 66
28 68
28 69
28 70
28 71
28 72
28 74
28 76
28 77
28 79
28 80
28 81
28 82
28 84
28 88
28 89
28 92
28 94
28 96
28 98
29 31
29 33
29 35
29 36
29 37
29 38
29 40
29 42
29 43
29 45
29 46
29 48
29 49
29 50
29 52
29 54
29 57
29 58
29 60
29 63
29 66
29 67
29 69
29 70
29 73
29 74
29 75
29 79
29 81
29 84
29 86
29 87
29 88
29 89
29 90
29 92
29 96
29 98
29 99
30 31
30 32
30 34
30 36
30 37
30 38
30 40
30 43
30 45
30 46
30 47
30 50
30 51
30 52
30 53
30 54
30 55
30 56
30 58
30 61
30 62
30 69
30 72
30 73
30 75
30 76
30 82
30 83
30 84
30 85
30 88
30 91
30 92
30 95
30 96
30 97
30 99
31 32
31 33
31 36
31 41
31 43
31 44
31 51
31 52
31 54
31 55
31 56
31 58
31 61
31 65
31 66
31 68
31 69
31 71
31 73
31 77
31 78
31 79
31 80
31 81
31 83
31 84
31 86
31 96
31 97
31 99
32 33
32 34
32 38
32 42
32 43
32 46
32 48
32 49
32 52
32 53
32 54
32 56
32 57
32 58
32 61
32 63
32 65
32 67
32 71
32 73
32 75
32 76
32 81
32 82
32 84
32 87
32 88
32 89
32 90
32 92
32 93
32 97
32 99
33 37
33 39
33 44
33 46
33 48
33 50
33 52
33 53
33 54
33 55
33 56
33 57
33 59
33 60
33 61
33 63
33 64
33 65
33 66
33 69
33 71
33 74
33 76
33 77
33 79
33 91
33 92
33 93
33 95
33 98
33 99
34 36
34 38
34 43
34 44
34 45
34 47
34 53
34 54
34 55
34 58
34 59
34 60
34 63
34 64
34 65
34 67
34 68
34 69
34 72
34 76
34 78
34 79
34 81
34 82
34 83
34 85
34 87
34 88
34 89
34 90
34 91
34 97
34 98
34 99
35 36
35 38
35 42
35 45
35 48
35 49
35 50
35 51
35 52
35 53
35 55
35 56
35 60
35 66
35 69
35 70
35 71
35 72
35 73
35 75
35 76
35 78
35 80
35 81
35 84
35 85
35 86
35 88
35 89
35 92
35 95
35 98
36 38
36 43
36 44
36 52
36 55
36 56
36 57
36 58
36 62
36 64
36 65
36 69
36 70
36 71
36 73
36 75
36 77
36 78
36 80
36 81
36 82
36 83
36 85
36 89
36 90
36 92
36 94
36 96
36 98
36 99
37 39
37 41
37 42
37 44
37 45
37 46
37 48
37 50
37 52
37 54
37 55
37 58
37 59
37 61
37 62
37 64
37 65
37 66
37 69
37 72
37 74
37 76
37 77
37 80
37 83
37 85
37 90
37 91
37 94
37 95
37 96
37 97
37 98
38 40
38 42
38 43
38 46
38 47
38 52
38 53
38 61
38 62
38 63
38 64
38 66
38 67
38 69
38 71
38 72
38 74
38 77
38 79
38 80
38 90
38 91
38 92
38 94
38 96
38 97
39 41
39 44
39 47
39 48
39 49
39 50
39 53
39 54
39 55
39 57
39 60
39 61
39 64
39 70
39 72
39 73
39 78
39 82
39 86
39 88
39 89
39 91
39 93
39 95
39 98
39 99
40 42
40 43
40 46
40 47
40 49
40 52
40 54
40 55
40 56
40 58
40 61
40 64
40 65
40 68
40 69
40 70
40 72
40 75
40 76
40 77
40 82
40 84
40 86
40 88
40 89
40 93
40 94
40 97
40 98
41 43
41 46
41 47
41 49
41 52
41 54
41 55
41 56
41 57
41 58
41 59
41 60
41 61
41 63
41 64
41 65
41 67
41 70
41 72
41 73
41 75
41 76
41 77
41 80
41 81
41 82
41 84
41 87
41 88
41 91
41 92
41 94
41 95
41 97
41 99
42 44
42 47
42 52
42 53
42 54
42 55
42 57
42 58
42 65
42 67
42 68
42 70
42 72
42 75
42 76
42 77
42 78
42 79
42 80
42 82
42 87
42 88
42 91
42 92
42 93
42 94
42 96
42 97
42 98
43 44
43 45
43 49
43 50
43 51
43 54
43 55
43 56
43 58
43 60
43 61
43 62
43 65
43 68
43 69
43 71
43 74
43 75
43 76
43 79
43 80
43 82
43 84
43 85
43 86
43 88
43 90
43 94
43 96
43 97
43 98
44 46
44 48
44 52
44 53
44 57
44 58
44 59
44 60
44 62
44 63
44 64
44 66
44 67
44 69
44 76
44 77
44 78
44 79
44 80
44 82
44 83
44 84
44 86
44 88
44 90
44 91
44 95
44 96
44 99
45 49
45 51
45 55
45 56
45 71
45 76
45 77
45 78
45 81
45 84
45 85
45 88
45 89
45 90
45 92
45 94
45 98
45 99
46 47
46 49
46 52
46 53
46 54
46 57
46 59
46 60
46 61
46 63
46 64
46 67
46 69
46 77
46 78
46 79
46 80
46 81
46 82
46 83
46 86
46 88
46 94
46 95
46 96
46 97
46 99
47 50
47 51
47 52
47 54
47 55
47 57
47 58
47 59
47 60
47 61
47 62
47 64
47 66
47 71
47 72
47 74
47 76
47 77
47 78
47 81
47 83
47 84
47 88
47 90
47 91
47 92
47 95
47 97
47 98
47 99
48 49
48 50
48 51
48 52
48 54
48 55
48 56
48 57
48 62
48 63
48 65
48 66
48 68
48 69
48 72
48 74
48 76
48 77
48 83
48 84
48 86
48 87
48 88
48 89
48 91
48 95
48 96
49 50
49 52
49 53
49 54
49 55
49 56
49 60
49 61
49 62
49 64
49 65
49 67
49 68
49 70
49 71
49 72
49 74
49 75
49 77
49 80
49 81
49 82
49 85
49 87
49 89
49 90
49 91
49 93
49 95
49 96
49 98
50 56
50 59
50 60
50 61
50 63
50 66
50 69
50 71
50 75
50 76
50 77
50 78
50 79
50 82
50 87
50 88
50 90
50 91
50 93
50 96
50 99
51 52
51 53
51 54
51 55
51 56
51 57
51 58
51 60
51 63
51 64
51 67
51 68
51 69
51 70
51 75
51 79
51 80
51 82
51 84
51 85
51 86
51 87
51 89
51 91
51 95
51 96
51 97
52 53
52 54
52 56
52 57
52 62
52 63
52 64
52 68
52 70
52 71
52 77
52 81
52 82
52 84
52 87
52 88
52 89
52 90
52 91
52 94
52 96
53 57
53 59
53 62
53 64
53 67
53 68
53 70
53 71
53 73
53 74
53 75
53 76
53 78
53 79
53 80
53 81
53 82
53 83
53 84
53 85
53 86
53 90
53 91
53 94
53 96
53 99
54 55
54 56
54 58
54 59
54 60
54 61
54 63
54 65
54 69
54 72
54 73
54 74
54 75
54 78
54 81
54 84
54 86
54 87
54 92
54 94
54 95
54 96
54 97
54 98
55 58
55 63
55 64
55 67
55 72
55 76
55 80
55 82
55 83
55 84
55 85
55 86
55 90
55 91
55 92
55 93
55 95
55 96
55 97
55 99
56 58
56 60
56 63
56 71
56 74
56 76
56 78
56 79
56 80
56 90
56 92
56 96
56 97
57 58
57 61
57 62
57 63
57 67
57 68
57 69
57 70
57 71
57 75
57 77
57 80
57 81
57 84
57 85
57 87
57 89
57 91
57 92
57 94
57 97
57 99
58 59
58 60
58 62
58 63
58 68
58 72
58 73
58 74
58 77
58 79
58 81
58 82
58 85
58 86
58 87
58 89
58 92
58 94
58 96
58 97
58 98
59 60
59 62
59 63
59 64
59 68
59 69
59 72
59 74
59 75
59 77
59 80
59 90
59 93
59 94
59 98
60 61
60 62
60 63
60 64
60 65
60 67
60 68
60 69
60 72
60 73
60 74
60 75
60 76
60 78
60 79
60 82
60 83
60 86
60 87
60 88
60 91
60 94
60 99
61 63
61 65
61 66
61 67
61 69
61 70
61 73
61 74
61 75
61 76
61 78
61 79
61 82
61 85
61 86
61 90
61 93
61 95
61 96
61 97
62 63
62 64
62 65
62 70
62 74
62 75
62 76
62 78
62 79
62 82
62 83
62 86
62 88
62 89
62 92
62 93
62 95
62 98
63 64
63 65
63 72
63 76
63 77
63 78
63 80
63 81
63 83
63 84
63 85
63 86
63 88
63 89
63 90
63 91
63 92
63 95
63 97
64 67
64 68
64 72
64 73
64 74
64 75
64 77
64 81
64 82
64 83
64 84
64 90
64 91
64 93
64 96
64 97
64 98
64 99
65 67
65 68
65 69
65 73
65 76
65 77
65 78
65 79
65 81
65 82
65 83
65 85
65 86
65 87
65 88
65 90
65 91
65 93
65 94
65 97
66 67
66 72
66 73
66 74
66 75
66 77
66 80
66 81
66 82
66 85
66 87
66 88
66 90
66 91
66 93
66 94
66 95
66 97
67 69
67 72
67 76
67 78
67 81
67 82
67 86
67 87
67 89
67 90
67 92
67 93
67 94
67 95
67 96
68 69
68 70
68 71
68 72
68 75
68 76
68 79
68 84
68 85
68 86
68 87
68 89
68 90
68 92
68 95
68 97
68 98
68 99
69 73
69 74
69 76
69 78
69 81
69 82
69 88
69 92
69 93
69 95
69 96
69 97
69 98
69 99
70 72
70 76
70 77
70 78
70 79
70 82
70 85
70 88
70 90
70 92
70 93
70 96
70 98
71 72
71 81
71 82
71 83
71 85
71 86
71 87
71 90
71 93
71 95
71 97
72 73
72 75
72 80
72 82
72 83
72 84
72 87
72 89
72 91
72 92
72 93
72 94
72 96
72 97
72 98
73 75
73 77
73 80
73 82
73 85
73 87
73 89
73 90
73 94
73 96
73 97
73 98
73 99
74 75
74 76
74 77
74 78
74 79
74 80
74 81
74 83
74 85
74 88
74 90
74 92
74 93
74 95
74 97
74 98
75 79
75 80
75 81
75 82
75 86
75 90
75 91
75 92
75 93
75 94
75 96
76 77
76 79
76 80
76 84
76 85
76 87
76 88
76 89
76 90
76 91
76 92
76 96
76 97
76 98
77 79
77 80
77 81
77 83
77 84
77 85
77 90
77 92
77 93
77 96
78 82
78 86
78 87
78 93
78 96
78 99
79 84
79 85
79 87
79 92
79 94
79 95
79 97
79 98
79 99
80 84
80 85
80 86
80 88
80 91
80 94
80 95
80 96
80 97
81 83
81 85
81 86
81 89
81 91
81 94
81 96
81 98
81 99
82 83
82 84
82 85
82 87
82 91
82 95
82 96
82 97
82 98
82 99
83 85
83 86
83 87
83 89
83 90
83 91
83 92
83 93
83 94
83 96
83 98
83 99
84 85
84 86
84 88
84 89
84 94
84 95
84 97
84 99
85 86
85 88
85 91
85 92
85 94
85 95
85 99
86 89
86 90
86 91
86 93
86 97
86 98
86 99
87 93
87 94
87 98
88 89
88 90
88 91
88 93
88 97
88 98
88 99
89 90
89 91
89 94
89 96
89 97
89 98
90 93
90 95
90 97
90 98
90 99
91 93
91 94
91 95
91 98
92 94
92 95
92 97
93 94
93 95
93 96
93 99
94 95
95 97
95 98
98 99
