0 2
0 4
0 7
0 8
0 9
0 12
0 13
0 14
0 17
0 18
0 22
0 23
0 26
0 27
0 28
0 31
0 34
0 36
0 37
0 38
0 41
0 43
0 45
0 48
0 49
0 50
0 52
0 53
0 55
0 57
0 62
0 63
0 66
0 67
0 68
0 70
0 73
0 75
0 77
0 86
0 90
0 92
0 94
0 95
0 98
0 99
1 2
1 3
1 8
1 9
1 10
1 11
1 13
1 21
1 22
1 23
1 24
1 25
1 27
1 28
1 30
1 31
1 33
1 36
1 37
1 39
1 41
1 42
1 43
1 44
1 46
1 47
1 48
1 49
1 50
1 51
1 52
1 53
1 55
1 57
1 58
1 61
1 63
1 67
1 69
1 71
1 73
1 74
1 75
1 76
1 78
1 81
1 82
1 84
1 86
1 87
1 92
1 95
1 97
1 99
2 4
2 9
2 10
2 12
2 13
2 16
2 17
2 18
2 21
2 22
2 23
2 25
2 26
2 27
2 31
2 32
2 35
2 36
2 37
2 39
2 40
2 42
2 45
2 46
2 47
2 50
2 52
2 54
2 55
2 57
2 59
2 64
2 65
2 66
2 68
2 70
2 71
2 72
2 74
2 76
2 79
2 80
2 82
2 83
2 84
2 85
2 87
2 91
2 92
2 93
2 95
2 98
2 99
3 4
3 8
3 13
3 16
3 17
3 19
3 21
3 26
3 28
3 29
3 31
3 32
3 35
3 36
3 37
3 43
3 44
3 46
3 47
3 50
3 51
3 53
3 56
3 58
3 61
3 65
3 66
3 67
3 70
3 72
3 74
3 77
3 78
3 79
3 80
3 82
3 84
3 93
3 95
3 98
4 5
4 7
4 8
4 11
4 12
4 13
4 15
4 22
4 24
4 25
4 26
4 28
4 29
4 30
4 32
4 33
4 34
4 36
4 37
4 39
4 40
4 42
4 46
4 47
4 50
4 52
4 53
4 55
4 56
4 57
4 58
4 59
4 60
4 66
4 67
4 69
4 74
4 83
4 84
4 90
4 91
4 93
4 94
5 6
5 8
5 11
5 13
5 14
5 16
5 18
5 19
5 20
5 21
5 24
5 26
5 28
5 30
5 35
5 39
5 42
5 45
5 46
5 47
5 50
5 51
5 52
5 53
5 59
5 60
5 67
5 68
5 69
5 71
5 72
5 73
5 74
5 75
5 79
5 80
5 81
5 82
5 92
5 94
5 95
5 96
5 99
6 10
6 17
6 18
6 19
6 22
6 23
6 24
6 27
6 28
6 30
6 32
6 34
6 35
6 36
6 37
6 38
6 40
6 41
6 42
6 44
6 47
6 48
6 49
6 50
6 53
6 61
6 63
6 67
6 68
6 69
6 70
6 72
6 74
6 75
6 76
6 78
6 79
6 80
6 84
6 85
6 88
6 89
6 90
6 91
6 92
6 93
6 94
6 96
6 97
6 99
7 9
7 11
7 12
7 14
7 15
7 16
7 18
7 21
7 22
7 23
7 26
7 28
7 29
7 32
7 34
7 35
7 37
7 38
7 40
7 41
7 42
7 46
7 47
7 50
7 51
7 52
7 53
7 54
7 55
7 57
7 59
7 60
7 62
7 64
7 65
7 66
7 67
7 68
7 71
7 72
7 74
7 76
7 78
7 79
7 80
7 81
7 83
7 84
7 85
7 86
7 89
7 92
7 93
7 97
8 10
8 13
8 14
8 19
8 20
8 21
8 24
8 25
8 26
8 28
8 30
8 32
8 33
8 34
8 37
8 38
8 39
8 41
8 42
8 45
8 48
8 49
8 50
8 51
8 52
8 53
8 54
8 55
8 56
8 57
8 60
8 62
8 63
8 67
8 70
8 71
8 73
8 75
8 76
8 81
8 84
8 85
8 87
8 88
8 89
8 92
8 93
8 94
8 95
8 97
9 10
9 11
9 21
9 23
9 25
9 26
9 27
9 28
9 29
9 30
9 32
9 33
9 34
9 37
9 39
9 44
9 45
9 46
9 48
9 52
9 55
9 56
9 57
9 58
9 62
9 64
9 65
9 72
9 73
9 74
9 76
9 77
9 79
9 80
9 81
9 85
9 87
9 88
9 91
9 92
9 95
9 97
9 98
10 13
10 15
10 16
10 19
10 20
10 21
10 23
10 27
10 28
10 29
10 32
10 34
10 35
10 36
10 38
10 42
10 44
10 45
10 49
10 50
10 51
10 54
10 56
10 58
10 60
10 63
10 64
10 68
10 70
10 71
10 72
10 75
10 76
10 77
10 80
10 82
10 83
10 87
10 90
10 94
10 96
10 97
10 98
10 99
11 12
11 13
11 15
11 16
11 17
11 20
11 21
11 28
11 29
11 30
11 35
11 36
11 37
11 38
11 40
11 41
11 42
11 44
11 46
11 49
11 50
11 51
11 59
11 63
11 64
11 65
11 67
11 69
11 72
11 76
11 77
11 78
11 79
11 80
11 82
11 83
11 86
11 88
11 93
11 94
11 95
11 98
11 99
12 13
12 14
12 16
12 18
12 19
12 20
12 21
12 23
12 25
12 29
12 30
12 31
12 32
12 35
12 36
12 39
12 40
12 43
12 44
12 45
12 47
12 51
12 52
12 53
12 55
12 59
12 61
12 62
12 63
12 64
12 67
12 71
12 75
12 76
12 78
12 81
12 82
12 83
12 84
12 85
12 86
12 90
12 91
12 93
12 95
12 96
12 97
12 98
13 15
13 17
13 21
13 23
13 25
13 26
13 29
13 31
13 32
13 37
13 38
13 39
13 42
13 43
13 46
13 47
13 48
13 50
13 51
13 52
13 53
13 54
13 55
13 56
13 57
13 60
13 61
13 62
13 64
13 65
13 66
13 67
13 68
13 69
13 74
13 79
13 80
13 81
13 82
13 83
13 84
13 86
13 89
13 90
13 92
13 93
13 94
13 95
13 98
14 18
14 20
14 23
14 24
14 25
14 26
14 27
14 30
14 31
14 32
14 33
14 34
14 39
14 42
14 45
14 49
14 50
14 55
14 59
14 61
14 63
14 66
14 72
14 74
14 77
14 78
14 80
14 81
14 82
14 84
14 85
14 86
14 87
14 88
14 91
14 93
14 95
14 99
15 16
15 22
15 24
15 28
15 32
15 33
15 34
15 36
15 37
15 38
15 41
15 43
15 47
15 49
15 51
15 53
15 54
15 57
15 58
15 59
15 60
15 61
15 62
15 63
15 64
15 66
15 72
15 75
15 76
15 77
15 78
15 82
15 83
15 84
15 85
15 86
15 87
15 88
15 89
15 90
15 93
15 94
15 96
15 98
15 99
16 19
16 21
16 24
16 25
16 26
16 27
16 28
16 29
16 33
16 34
16 35
16 36
16 38
16 43
16 45
16 46
16 49
16 50
16 51
16 53
16 54
16 56
16 59
16 61
16 62
16 63
16 64
16 65
16 68
16 69
16 70
16 73
16 76
16 77
16 78
16 81
16 84
16 85
16 88
16 90
16 91
16 93
16 94
16 96
16 98
17 19
17 22
17 24
17 25
17 26
17 27
17 28
17 31
17 32
17 33
17 35
17 36
17 37
17 38
17 39
17 41
17 42
17 44
17 45
17 47
17 48
17 52
17 54
17 55
17 56
17 59
17 61
17 62
17 64
17 65
17 67
17 72
17 74
17 75
17 79
17 80
17 82
17 83
17 84
17 86
17 90
17 91
17 92
17 97
17 98
17 99
18 19
18 20
18 23
18 25
18 32
18 33
18 35
18 37
18 39
18 40
18 41
18 43
18 49
18 50
18 51
18 53
18 54
18 55
18 56
18 57
18 59
18 60
18 61
18 62
18 63
18 67
18 68
18 71
18 73
18 75
18 77
18 79
18 80
18 82
18 84
18 85
18 91
18 93
18 95
18 97
18 98
19 20
19 21
19 24
19 25
19 29
19 31
19 32
19 36
19 38
19 39
19 41
19 42
19 43
19 46
19 47
19 48
19 49
19 51
19 53
19 56
19 57
19 58
19 60
19 63
19 65
19 70
19 71
19 72
19 74
19 76
19 77
19 78
19 79
19 80
19 81
19 83
19 86
19 87
19 89
19 90
19 93
19 94
19 95
19 99
20 21
20 22
20 23
20 26
20 29
20 33
20 34
20 35
20 38
20 39
20 41
20 42
20 43
20 48
20 49
20 50
20 53
20 54
20 56
20 58
20 60
20 62
20 63
20 64
20 66
20 70
20 71
20 72
20 74
20 75
20 80
20 81
20 84
20 85
20 86
20 87
20 90
20 91
20 92
20 93
20 94
20 99
21 22
21 25
21 29
21 34
21 35
21 40
21 43
21 48
21 49
21 50
21 54
21 56
21 57
21 64
21 65
21 67
21 71
21 72
21 73
21 74
21 77
21 81
21 85
21 86
21 87
21 88
21 90
21 91
21 95
21 96
21 97
21 98
21 99
22 24
22 27
22 28
22 29
22 30
22 31
22 34
22 35
22 37
22 39
22 40
22 41
22 43
22 44
22 46
22 55
22 58
22 60
22 61
22 62
22 63
22 65
22 67
22 68
22 69
22 70
22 71
22 72
22 75
22 79
22 81
22 82
22 83
22 84
22 86
22 87
22 89
22 90
22 92
22 94
22 96
22 98
22 99
23 26
23 27
23 28
23 30
23 37
23 40
23 42
23 45
23 46
23 47
23 49
23 50
23 51
23 52
23 53
23 55
23 56
23 57
23 61
23 62
23 63
23 67
23 68
23 69
23 70
23 73
23 77
23 79
23 81
23 85
23 86
23 87
23 89
23 90
23 94
23 96
23 97
24 25
24 26
24 27
24 28
24 29
24 31
24 37
24 38
24 39
24 40
24 45
24 47
24 50
24 52
24 55
24 56
24 58
24 59
24 61
24 63
24 67
24 69
24 70
24 72
24 73
24 74
24 75
24 76
24 77
24 81
24 82
24 84
24 86
24 89
24 90
24 92
24 97
24 98
25 28
25 32
25 34
25 36
25 37
25 38
25 40
25 41
25 42
25 46
25 48
25 50
25 54
25 57
25 61
25 62
25 66
25 70
25 73
25 75
25 78
25 80
25 81
25 85
25 87
25 88
25 89
25 92
25 98
25 99
26 28
26 29
26 32
26 33
26 34
26 35
26 37
26 38
26 39
26 40
26 42
26 43
26 46
26 47
26 48
26 49
26 50
26 52
26 54
26 58
26 59
26 61
26 64
26 65
26 66
26 67
26 73
26 74
26 76
26 77
26 78
26 80
26 81
26 82
26 86
26 87
26 89
26 90
26 91
26 94
26 95
26 97
26 98
26 99
27 30
27 34
27 37
27 39
27 40
27 41
27 43
27 44
27 45
27 46
27 47
27 53
27 56
27 57
27 58
27 59
27 60
27 63
27 69
27 76
27 77
27 78
27 79
27 81
27 83
27 84
27 85
27 86
27 87
27 91
27 93
27 96
27 98
27 99
28 29
28 30
28 31
28 33
28 34
28 39
28 42
28 44
28 45
28 47
28 48
28 49
28 53
28 54
28 55
28 57
28 60
28 62
28 64
28 66
28 70
28 71
28 75
28 76
28 77
28 78
28 79
28 81
28 82
28 83
28 84
28 87
28 88
28 89
28 93
28 94
28 95
28 97
28 98
28 99
29 30
29 31
29 33
29 34
29 35
29 37
29 41
29 42
29 44
29 45
29 47
29 49
29 54
29 55
29 60
29 63
29 64
29 67
29 73
29 74
29 75
29 76
29 80
29 83
29 84
29 88
29 89
29 90
29 94
29 97
29 98
29 99
30 31
30 32
30 38
30 39
30 40
30 41
30 43
30 44
30 47
30 48
30 53
30 55
30 57
30 61
30 64
30 65
30 66
30 67
30 68
30 69
30 70
30 73
30 74
30 75
30 77
30 78
30 80
30 82
30 83
30 84
30 87
30 94
30 98
30 99
31 34
31 35
31 37
31 41
31 43
31 47
31 49
31 52
31 53
31 54
31 55
31 56
31 57
31 58
31 59
31 61
31 62
31 63
31 64
31 67
31 68
31 69
31 72
31 75
31 77
31 79
31 84
31 85
31 86
31 87
31 89
31 90
31 92
31 94
31 97
31 99
32 33
32 35
32 37
32 39
32 41
32 44
32 45
32 46
32 47
32 48
32 50
32 52
32 54
32 55
32 56
32 57
32 58
32 59
32 63
32 66
32 71
32 72
32 75
32 77
32 81
32 82
32 83
32 84
32 85
32 87
32 88
32 90
32 92
32 94
32 96
32 97
32 98
32 99
33 39
33 40
33 42
33 44
33 46
33 47
33 48
33 50
33 51
33 52
33 53
33 54
33 56
33 57
33 58
33 59
33 61
33 66
33 69
33 70
33 72
33 73
33 74
33 78
33 79
33 80
33 85
33 91
33 92
33 94
33 95
33 96
33 97
33 98
33 99
34 35
34 36
34 38
34 39
34 40
34 41
34 42
34 45
34 46
34 47
34 48
34 49
34 50
34 51
34 55
34 61
34 64
34 66
34 68
34 69
34 70
34 72
34 73
34 74
34 75
34 80
34 81
34 82
34 84
34 85
34 86
34 87
34 89
34 91
34 92
34 93
34 94
34 95
34 96
34 97
35 39
35 42
35 43
35 46
35 47
35 48
35 52
35 53
35 56
35 57
35 58
35 59
35 61
35 66
35 67
35 68
35 71
35 73
35 75
35 76
35 77
35 78
35 79
35 80
35 81
35 85
35 86
35 89
35 95
35 97
35 98
35 99
36 38
36 40
36 41
36 42
36 47
36 55
36 58
36 60
36 61
36 66
36 69
36 71
36 76
36 77
36 78
36 79
36 80
36 81
36 83
36 84
36 88
36 90
36 91
36 92
36 94
36 97
37 38
37 40
37 41
37 43
37 44
37 46
37 49
37 51
37 54
37 57
37 58
37 60
37 63
37 64
37 66
37 68
37 70
37 73
37 77
37 78
37 79
37 80
37 82
37 84
37 87
37 88
37 89
37 90
37 92
37 94
37 96
38 40
38 41
38 45
38 47
38 49
38 50
38 52
38 53
38 54
38 55
38 60
38 63
38 65
38 72
38 73
38 74
38 76
38 77
38 79
38 82
38 83
38 87
38 88
38 89
38 92
38 94
38 95
38 97
39 40
39 41
39 44
39 45
39 49
39 51
39 52
39 55
39 59
39 62
39 63
39 64
39 65
39 67
39 68
39 71
39 72
39 78
39 81
39 84
39 87
39 88
39 90
39 91
39 93
39 95
39 97
39 98
39 99
40 43
40 45
40 46
40 49
40 50
40 51
40 57
40 58
40 60
40 61
40 62
40 63
40 64
40 65
40 66
40 67
40 70
40 71
40 73
40 79
40 81
40 82
40 84
40 86
40 87
40 88
40 91
40 94
40 95
40 96
40 97
40 98
40 99
41 44
41 46
41 51
41 52
41 57
41 58
41 60
41 63
41 65
41 67
41 69
41 72
41 73
41 75
41 76
41 77
41 79
41 83
41 85
41 86
41 87
41 88
41 95
41 96
41 97
41 99
42 43
42 44
42 45
42 46
42 47
42 48
42 50
42 52
42 56
42 58
42 59
42 60
42 64
42 66
42 67
42 68
42 69
42 70
42 71
42 78
42 79
42 80
42 81
42 82
42 83
42 85
42 86
42 90
42 95
42 97
42 99
43 45
43 46
43 49
43 54
43 55
43 56
43 57
43 61
43 65
43 69
43 73
43 75
43 77
43 78
43 82
43 85
43 86
43 88
43 89
43 92
43 96
43 97
43 99
44 45
44 47
44 48
44 50
44 51
44 52
44 53
44 54
44 55
44 59
44 60
44 65
44 66
44 70
44 71
44 75
44 77
44 78
44 79
44 84
44 86
44 88
44 91
44 92
44 93
44 96
44 98
45 53
45 54
45 55
45 58
45 59
45 60
45 62
45 64
45 65
45 66
45 67
45 68
45 69
45 70
45 74
45 75
45 76
45 77
45 79
45 82
45 84
45 87
45 88
45 90
45 91
45 94
45 95
45 96
45 98
45 99
46 47
46 48
46 55
46 57
46 59
46 60
46 62
46 64
46 65
46 66
46 67
46 69
46 71
46 76
46 78
46 80
46 81
46 82
46 86
46 87
46 88
46 89
46 92
46 93
46 96
46 98
46 99
47 50
47 54
47 56
47 57
47 59
47 63
47 65
47 67
47 68
47 69
47 70
47 72
47 73
47 76
47 78
47 80
47 84
47 85
47 88
47 89
47 91
47 92
47 95
47 96
47 97
47 98
48 51
48 53
48 54
48 56
48 57
48 58
48 59
48 60
48 62
48 68
48 69
48 70
48 71
48 73
48 74
48 79
48 82
48 84
48 85
48 87
48 92
48 94
48 95
48 97
49 52
49 53
49 54
49 55
49 56
49 59
49 61
49 62
49 63
49 64
49 65
49 66
49 67
49 74
49 75
49 76
49 77
49 79
49 86
49 87
49 89
49 90
49 92
49 94
49 95
49 98
50 51
50 53
50 57
50 59
50 60
50 61
50 62
50 63
50 66
50 67
50 70
50 72
50 73
50 74
50 76
50 77
50 79
50 84
50 86
50 88
50 89
50 90
50 93
50 94
50 96
50 98
51 52
51 53
51 54
51 55
51 59
51 62
51 66
51 67
51 70
51 72
51 73
51 74
51 75
51 77
51 78
51 80
51 81
51 82
51 83
51 84
51 85
51 89
51 90
51 91
51 92
51 96
52 53
52 54
52 55
52 56
52 57
52 59
52 61
52 63
52 64
52 65
52 66
52 68
52 69
52 71
52 73
52 76
52 78
52 79
52 80
52 83
52 85
52 89
52 90
52 93
52 95
52 96
52 98
52 99
53 54
53 55
53 56
53 57
53 58
53 61
53 66
53 70
53 71
53 72
53 74
53 77
53 78
53 80
53 85
53 86
53 87
53 89
53 91
53 92
53 94
53 99
54 56
54 58
54 60
54 66
54 67
54 69
54 70
54 71
54 72
54 75
54 76
54 77
54 80
54 82
54 83
54 85
54 86
54 93
54 95
54 97
54 98
54 99
55 56
55 59
55 60
55 61
55 63
55 64
55 65
55 68
55 69
55 73
55 74
55 75
55 77
55 78
55 79
55 84
55 85
55 86
55 88
55 89
55 90
55 93
56 62
56 63
56 64
56 65
56 66
56 68
56 69
56 70
56 71
56 73
56 75
56 76
56 78
56 80
56 84
56 87
56 90
56 91
56 93
56 94
56 97
56 99
57 58
57 59
57 60
57 62
57 64
57 67
57 69
57 70
57 72
57 74
57 77
57 78
57 80
57 81
57 82
57 89
57 90
57 95
57 98
57 99
58 61
58 62
58 64
58 65
58 66
58 69
58 72
58 73
58 74
58 76
58 78
58 79
58 82
58 86
58 87
58 88
58 89
58 90
58 92
58 96
58 98
59 61
59 63
59 64
59 65
59 68
59 69
59 71
59 74
59 77
59 79
59 80
59 82
59 84
59 87
59 90
59 91
59 92
59 94
59 96
59 97
60 61
60 63
60 65
60 69
60 70
60 71
60 72
60 74
60 76
60 79
60 85
60 86
60 89
60 91
60 93
60 94
60 96
61 62
61 64
61 69
61 70
61 71
61 72
61 76
61 77
61 81
61 82
61 84
61 85
61 86
61 88
61 89
61 91
61 92
62 63
62 64
62 66
62 73
62 78
62 81
62 83
62 84
62 85
62 86
62 88
62 90
62 91
62 92
62 93
62 96
62 97
63 64
63 67
63 69
63 71
63 75
63 77
63 79
63 81
63 87
63 88
63 93
63 95
63 96
63 97
64 65
64 66
64 68
64 72
64 76
64 79
64 80
64 81
64 82
64 84
64 89
64 92
64 95
64 96
64 97
64 99
65 66
65 75
65 77
65 78
65 85
65 86
65 87
65 90
65 91
65 92
65 96
65 98
65 99
66 69
66 70
66 71
66 73
66 74
66 79
66 80
66 82
66 83
66 85
66 86
66 87
66 88
66 89
66 90
66 91
66 92
66 93
66 95
66 97
67 69
67 70
67 71
67 73
67 75
67 79
67 82
67 84
67 86
67 87
67 92
67 94
67 95
67 96
68 70
68 74
68 78
68 80
68 81
68 85
68 86
68 87
68 88
68 92
68 93
68 95
68 98
68 99
69 70
69 72
69 73
69 74
69 75
69 76
69 78
69 79
69 81
69 82
69 83
69 85
69 86
69 87
69 89
69 90
69 91
69 95
70 71
70 72
70 75
70 76
70 78
70 79
70 81
70 82
70 83
70 84
70 86
70 88
70 89
70 90
70 91
70 93
70 94
70 96
70 97
71 74
71 76
71 79
71 80
71 81
71 84
71 87
71 89
71 92
71 94
71 95
71 97
71 99
72 74
72 75
72 76
72 77
72 79
72 80
72 83
72 84
72 85
72 90
72 91
72 92
72 93
72 94
72 95
72 99
73 74
73 78
73 79
73 80
73 81
73 82
73 83
73 86
73 88
73 89
73 91
73 94
73 95
73 96
73 99
74 75
74 76
74 79
74 81
74 82
74 85
74 87
74 88
74 91
74 92
74 97
75 76
75 77
75 80
75 81
75 82
75 83
75 85
75 86
75 87
75 89
75 90
75 91
75 92
75 93
75 96
75 97
76 78
76 79
76 80
76 83
76 84
76 86
76 88
76 90
76 91
76 92
76 93
76 94
76 97
77 80
77 82
77 87
77 88
77 89
77 90
77 91
78 81
78 82
78 87
78 89
78 92
78 94
78 96
78 98
78 99
79 80
79 81
79 84
79 85
79 86
79 87
79 91
79 92
79 95
79 97
79 98
80 81
80 83
80 87
80 91
80 92
80 93
80 95
80 97
80 98
80 99
81 83
81 84
81 85
81 88
81 89
81 91
81 95
81 97
82 83
82 85
82 87
82 90
82 93
82 95
82 99
83 85
83 86
83 88
83 91
83 92
83 96
83 97
83 98
83 99
84 90
84 91
84 94
84 95
84 98
84 99
85 86
85 87
85 88
85 89
85 91
85 93
85 96
85 97
85 99
86 89
86 90
86 91
86 93
86 95
86 97
86 98
87 88
87 89
87 90
87 91
87 92
87 96
88 90
88 92
88 94
89 92
89 93
89 95
89 96
89 98
90 92
90 93
90 94
90 96
90 97
90 98
90 99
91 93
91 97
92 93
92 94
92 96
92 97
93 94
93 95
93 96
93 98
94 96
94 97
94 98
95 98
96 97
96 98
97 99
