0 2
0 4
0 5
0 6
0 7
0 9
0 11
0 15
0 16
0 17
0 20
0 23
0 24
0 25
0 26
0 30
0 31
0 32
0 33
0 34
0 36
0 37
0 39
0 41
0 43
0 45
0 47
0 50
0 53
0 54
0 55
0 56
0 58
0 59
0 62
0 63
0 64
0 65
0 68
0 69
0 70
0 71
0 72
0 74
0 76
0 79
0 80
0 82
0 93
0 94
0 99
1 3
1 4
1 5
1 8
1 9
1 13
1 14
1 15
1 16
1 17
1 18
1 19
1 20
1 24
1 27
1 28
1 29
1 30
1 31
1 36
1 38
1 39
1 41
1 42
1 43
1 44
1 47
1 49
1 50
1 51
1 52
1 53
1 56
1 57
1 62
1 63
1 65
1 67
1 68
1 70
1 71
1 73
1 74
1 81
1 84
1 85
1 86
1 91
1 93
1 95
1 96
1 98
1 99
2 6
2 7
2 8
2 9
2 10
2 12
2 13
2 14
2 16
2 22
2 25
2 29
2 30
2 33
2 34
2 38
2 41
2 42
2 44
2 45
2 46
2 49
2 50
2 51
2 52
2 53
2 55
2 58
2 62
2 68
2 70
2 72
2 74
2 75
2 76
2 77
2 78
2 83
2 84
2 85
2 86
2 89
2 92
2 98
2 99
3 4
3 5
3 6
3 8
3 9
3 10
3 11
3 12
3 13
3 14
3 15
3 16
3 18
3 19
3 20
3 21
3 22
3 23
3 29
3 31
3 33
3 34
3 35
3 36
3 37
3 39
3 40
3 41
3 44
3 47
3 48
3 52
3 54
3 59
3 61
3 62
3 63
3 64
3 65
3 66
3 67
3 72
3 73
3 74
3 75
3 76
3 78
3 80
3 88
3 90
3 92
3 94
3 95
3 98
3 99
4 5
4 8
4 12
4 13
4 17
4 18
4 20
4 21
4 22
4 23
4 25
4 28
4 29
4 34
4 35
4 39
4 41
4 42
4 43
4 44
4 46
4 47
4 48
4 49
4 52
4 53
4 54
4 57
4 59
4 63
4 65
4 67
4 74
4 77
4 80
4 82
4 83
4 85
4 86
4 87
4 90
4 91
4 93
4 94
4 95
4 96
4 97
5 8
5 11
5 14
5 16
5 18
5 19
5 21
5 24
5 26
5 27
5 30
5 32
5 36
5 39
5 42
5 47
5 49
5 51
5 52
5 53
5 57
5 59
5 61
5 63
5 64
5 67
5 68
5 69
5 72
5 73
5 78
5 79
5 84
5 85
5 86
5 87
5 88
5 91
5 92
5 95
5 97
5 98
6 7
6 10
6 12
6 13
6 14
6 17
6 18
6 19
6 21
6 24
6 25
6 26
6 28
6 30
6 32
6 33
6 34
6 35
6 36
6 38
6 41
6 45
6 48
6 50
6 55
6 56
6 65
6 66
6 67
6 68
6 71
6 72
6 75
6 77
6 78
6 79
6 82
6 85
6 87
6 89
6 91
6 94
6 98
7 8
7 9
7 11
7 14
7 15
7 19
7 20
7 25
7 28
7 29
7 30
7 31
7 33
7 35
7 36
7 37
7 38
7 41
7 43
7 44
7 45
7 49
7 52
7 53
7 55
7 57
7 58
7 63
7 65
7 66
7 67
7 68
7 70
7 72
7 73
7 75
7 77
7 78
7 79
7 80
7 87
7 88
7 92
7 93
7 94
7 95
7 97
7 98
8 13
8 15
8 17
8 19
8 20
8 22
8 23
8 24
8 25
8 27
8 28
8 31
8 32
8 33
8 36
8 37
8 38
8 39
8 40
8 41
8 43
8 44
8 47
8 49
8 50
8 52
8 53
8 56
8 57
8 59
8 60
8 61
8 64
8 65
8 67
8 70
8 71
8 72
8 78
8 80
8 83
8 85
8 86
8 87
8 88
8 89
8 90
8 92
8 95
9 10
9 11
9 12
9 13
9 17
9 18
9 20
9 22
9 25
9 29
9 30
9 32
9 33
9 34
9 35
9 36
9 38
9 41
9 42
9 43
9 44
9 45
9 46
9 47
9 49
9 50
9 51
9 53
9 55
9 57
9 58
9 59
9 61
9 62
9 63
9 65
9 69
9 70
9 71
9 72
9 73
9 77
9 78
9 79
9 85
9 87
9 90
9 92
9 93
9 94
9 96
9 98
9 99
10 11
10 13
10 15
10 17
10 18
10 25
10 26
10 29
10 31
10 32
10 34
10 38
10 40
10 44
10 46
10 47
10 48
10 49
10 50
10 52
10 54
10 57
10 58
10 59
10 60
10 61
10 64
10 65
10 69
10 70
10 71
10 72
10 73
10 74
10 75
10 77
10 78
10 79
10 81
10 83
10 84
10 88
10 89
10 96
10 97
10 99
11 12
11 14
11 15
11 16
11 17
11 20
11 22
11 25
11 27
11 29
11 30
11 31
11 32
11 35
11 37
11 39
11 44
11 46
11 48
11 49
11 50
11 51
11 53
11 56
11 61
11 63
11 66
11 67
11 69
11 73
11 75
11 76
11 79
11 80
11 81
11 84
11 85
11 87
11 89
11 91
11 92
11 93
11 95
11 99
12 14
12 15
12 21
12 22
12 23
12 26
12 29
12 31
12 35
12 36
12 37
12 38
12 41
12 42
12 44
12 48
12 52
12 53
12 54
12 55
12 56
12 63
12 65
12 66
12 67
12 72
12 73
12 75
12 76
12 78
12 83
12 86
12 88
12 89
12 94
12 96
12 98
12 99
13 14
13 15
13 20
13 21
13 22
13 24
13 27
13 28
13 29
13 31
13 34
13 35
13 36
13 37
13 39
13 43
13 44
13 47
13 49
13 50
13 51
13 52
13 55
13 56
13 57
13 58
13 60
13 61
13 62
13 63
13 65
13 67
13 71
13 74
13 76
13 77
13 79
13 80
13 81
13 82
13 83
13 84
13 86
13 87
13 91
13 93
13 94
13 95
13 96
13 97
14 15
14 16
14 18
14 20
14 22
14 23
14 26
14 28
14 30
14 33
14 36
14 37
14 39
14 42
14 43
14 44
14 45
14 47
14 50
14 55
14 59
14 61
14 62
14 68
14 69
14 72
14 74
14 76
14 77
14 78
14 79
14 80
14 81
14 82
14 85
14 86
14 87
14 91
15 17
15 18
15 21
15 22
15 24
15 26
15 27
15 28
15 32
15 35
15 42
15 45
15 46
15 47
15 50
15 56
15 58
15 68
15 69
15 71
15 73
15 75
15 77
15 78
15 80
15 81
15 83
15 87
15 88
15 96
15 99
16 17
16 20
16 24
16 28
16 33
16 34
16 36
16 38
16 39
16 40
16 42
16 43
16 45
16 46
16 48
16 49
16 52
16 53
16 60
16 61
16 62
16 65
16 67
16 71
16 72
16 75
16 81
16 84
16 85
16 86
16 91
16 92
16 94
16 95
16 98
17 21
17 24
17 25
17 29
17 30
17 31
17 35
17 36
17 37
17 38
17 40
17 42
17 45
17 48
17 49
17 51
17 52
17 60
17 63
17 66
17 67
17 68
17 69
17 72
17 73
17 74
17 75
17 81
17 84
17 87
17 88
17 89
17 90
17 91
17 93
17 94
17 96
17 98
17 99
18 19
18 20
18 21
18 22
18 23
18 25
18 26
18 27
18 28
18 30
18 31
18 32
18 33
18 35
18 40
18 42
18 43
18 49
18 50
18 51
18 53
18 56
18 57
18 58
18 61
18 63
18 65
18 66
18 67
18 69
18 71
18 74
18 75
18 77
18 78
18 79
18 80
18 82
18 83
18 85
18 89
18 91
18 93
18 94
18 95
18 97
18 98
19 20
19 21
19 22
19 23
19 24
19 25
19 26
19 28
19 29
19 32
19 33
19 35
19 39
19 40
19 42
19 43
19 45
19 46
19 47
19 50
19 52
19 55
19 57
19 60
19 64
19 65
19 66
19 69
19 72
19 73
19 74
19 76
19 77
19 78
19 80
19 82
19 84
19 86
19 88
19 89
19 90
19 92
19 93
19 99
20 22
20 25
20 30
20 36
20 37
20 39
20 41
20 43
20 44
20 45
20 47
20 52
20 55
20 59
20 62
20 63
20 66
20 68
20 70
20 71
20 76
20 79
20 82
20 84
20 86
20 88
20 90
20 94
20 95
20 97
20 98
20 99
21 26
21 28
21 29
21 30
21 31
21 32
21 34
21 35
21 37
21 38
21 42
21 46
21 47
21 49
21 50
21 51
21 52
21 53
21 54
21 58
21 59
21 60
21 62
21 63
21 65
21 67
21 69
21 73
21 76
21 79
21 82
21 83
21 85
21 87
21 89
21 90
21 93
21 95
21 96
21 97
22 24
22 28
22 32
22 36
22 38
22 40
22 41
22 43
22 44
22 47
22 49
22 50
22 51
22 55
22 56
22 57
22 58
22 62
22 63
22 65
22 66
22 67
22 69
22 71
22 72
22 76
22 78
22 79
22 80
22 81
22 82
22 83
22 85
22 89
22 90
22 92
22 93
22 97
23 25
23 26
23 29
23 31
23 32
23 34
23 35
23 37
23 38
23 40
23 41
23 42
23 45
23 47
23 48
23 49
23 51
23 54
23 55
23 57
23 59
23 62
23 63
23 64
23 66
23 67
23 69
23 70
23 79
23 82
23 83
23 86
23 87
23 88
23 91
23 92
23 93
23 95
23 96
23 99
24 26
24 27
24 28
24 30
24 31
24 32
24 37
24 38
24 42
24 43
24 45
24 47
24 49
24 50
24 52
24 55
24 57
24 58
24 59
24 60
24 61
24 62
24 64
24 66
24 68
24 72
24 74
24 75
24 76
24 77
24 78
24 81
24 82
24 83
24 87
24 88
24 89
24 91
24 92
24 93
24 95
24 96
24 97
24 99
25 26
25 27
25 29
25 30
25 31
25 39
25 40
25 43
25 46
25 47
25 48
25 51
25 53
25 55
25 60
25 62
25 64
25 65
25 66
25 71
25 73
25 75
25 77
25 78
25 79
25 80
25 84
25 85
25 86
25 88
25 92
25 94
25 95
25 96
25 97
25 99
26 28
26 38
26 40
26 43
26 44
26 45
26 46
26 47
26 49
26 50
26 54
26 55
26 56
26 58
26 59
26 62
26 67
26 68
26 69
26 74
26 75
26 79
26 81
26 82
26 85
26 88
26 89
26 90
26 91
26 92
26 94
26 98
26 99
27 29
27 33
27 35
27 36
27 39
27 42
27 43
27 47
27 48
27 50
27 52
27 53
27 55
27 56
27 58
27 61
27 63
27 66
27 68
27 73
27 74
27 82
27 83
27 84
27 86
27 88
27 92
27 95
27 96
27 97
27 98
28 31
28 35
28 36
28 38
28 42
28 43
28 44
28 45
28 47
28 50
28 51
28 52
28 56
28 58
28 59
28 60
28 63
28 64
28 66
28 68
28 69
28 70
28 73
28 74
28 78
28 81
28 82
28 83
28 85
28 86
28 88
28 90
28 92
28 93
28 94
28 95
28 98
29 30
29 31
29 33
29 36
29 37
29 38
29 40
29 42
29 45
29 46
29 47
29 48
29 51
29 52
29 57
29 58
29 59
29 60
29 61
29 64
29 65
29 70
29 72
29 73
29 75
29 77
29 78
29 80
29 81
29 83
29 84
29 85
29 86
29 87
29 89
29 92
29 94
29 96
29 97
29 99
30 31
30 32
30 35
30 37
30 39
30 44
30 45
30 46
30 48
30 49
30 52
30 53
30 55
30 56
30 60
30 62
30 63
30 64
30 65
30 69
30 70
30 71
30 72
30 74
30 75
30 78
30 79
30 80
30 83
30 84
30 85
30 87
30 92
30 93
30 94
30 97
31 32
31 35
31 37
31 38
31 40
31 44
31 45
31 47
31 48
31 51
31 53
31 54
31 57
31 59
31 61
31 62
31 63
31 66
31 67
31 68
31 69
31 72
31 74
31 75
31 78
31 79
31 82
31 83
31 84
31 85
31 86
31 88
31 89
31 91
31 92
31 96
31 98
32 33
32 35
32 37
32 40
32 41
32 43
32 45
32 46
32 49
32 50
32 51
32 52
32 53
32 55
32 56
32 58
32 61
32 62
32 63
32 65
32 72
32 74
32 75
32 76
32 77
32 79
32 82
32 84
32 85
32 86
32 89
32 93
32 94
32 99
33 37
33 38
33 40
33 42
33 44
33 49
33 50
33 52
33 53
33 54
33 57
33 58
33 59
33 60
33 63
33 64
33 66
33 67
33 68
33 69
33 74
33 75
33 76
33 77
33 79
33 81
33 83
33 84
33 88
33 90
33 92
33 96
33 99
34 35
34 38
34 39
34 40
34 42
34 45
34 48
34 49
34 50
34 51
34 52
34 53
34 54
34 55
34 61
34 62
34 63
34 65
34 67
34 72
34 74
34 75
34 77
34 78
34 82
34 83
34 84
34 87
34 88
34 90
34 93
34 97
34 98
34 99
35 39
35 41
35 43
35 45
35 46
35 48
35 50
35 51
35 52
35 54
35 58
35 62
35 66
35 67
35 68
35 70
35 72
35 73
35 74
35 75
35 76
35 77
35 79
35 81
35 82
35 90
35 91
35 94
35 96
35 99
36 38
36 39
36 40
36 43
36 48
36 49
36 50
36 55
36 56
36 62
36 63
36 65
36 68
36 71
36 74
36 76
36 78
36 79
36 82
36 90
36 92
36 93
36 94
36 98
36 99
37 41
37 44
37 46
37 47
37 48
37 49
37 53
37 54
37 58
37 60
37 62
37 65
37 66
37 67
37 68
37 69
37 71
37 74
37 76
37 77
37 78
37 82
37 83
37 86
37 87
37 89
37 92
37 93
37 96
37 98
38 40
38 43
38 44
38 45
38 46
38 47
38 49
38 55
38 56
38 57
38 58
38 59
38 60
38 61
38 62
38 63
38 64
38 67
38 72
38 74
38 75
38 79
38 80
38 84
38 86
38 88
38 89
38 90
38 92
38 93
38 95
38 97
38 98
38 99
39 40
39 41
39 44
39 46
39 47
39 51
39 55
39 57
39 58
39 59
39 62
39 63
39 67
39 69
39 71
39 74
39 80
39 81
39 83
39 84
39 88
39 89
39 91
39 92
39 93
39 95
40 41
40 42
40 44
40 46
40 48
40 50
40 52
40 53
40 55
40 56
40 57
40 59
40 61
40 63
40 64
40 65
40 66
40 69
40 72
40 74
40 75
40 76
40 77
40 78
40 79
40 82
40 86
40 90
40 91
40 93
40 97
40 98
41 44
41 46
41 48
41 49
41 50
41 51
41 53
41 54
41 55
41 57
41 60
41 62
41 63
41 65
41 66
41 67
41 68
41 69
41 71
41 72
41 73
41 76
41 77
41 79
41 89
41 91
41 93
41 95
42 43
42 45
42 46
42 47
42 51
42 53
42 54
42 57
42 58
42 60
42 61
42 62
42 63
42 65
42 66
42 68
42 69
42 70
42 71
42 72
42 74
42 75
42 77
42 78
42 80
42 82
42 84
42 92
42 94
42 96
42 98
43 44
43 45
43 46
43 47
43 49
43 52
43 53
43 55
43 58
43 59
43 63
43 64
43 65
43 67
43 70
43 71
43 72
43 75
43 76
43 77
43 78
43 79
43 80
43 81
43 83
43 84
43 85
43 87
43 88
43 89
43 94
43 99
44 45
44 46
44 49
44 52
44 55
44 59
44 60
44 61
44 62
44 67
44 69
44 72
44 77
44 78
44 79
44 80
44 82
44 85
44 88
44 92
44 93
44 95
44 96
44 97
44 98
45 47
45 50
45 52
45 55
45 56
45 60
45 61
45 63
45 64
45 66
45 68
45 70
45 71
45 72
45 73
45 78
45 79
45 80
45 82
45 89
45 91
45 94
45 95
45 97
46 48
46 49
46 50
46 51
46 52
46 53
46 56
46 57
46 60
46 61
46 62
46 64
46 66
46 67
46 69
46 72
46 74
46 75
46 76
46 79
46 80
46 82
46 86
46 89
46 91
46 97
46 99
47 50
47 56
47 57
47 58
47 62
47 65
47 66
47 71
47 72
47 74
47 78
47 80
47 81
47 83
47 84
47 85
47 86
47 88
47 92
47 93
47 96
47 97
48 53
48 55
48 56
48 59
48 61
48 62
48 63
48 66
48 71
48 72
48 73
48 74
48 79
48 80
48 81
48 83
48 85
48 88
48 89
48 90
48 91
48 92
48 93
48 94
48 95
48 98
49 52
49 54
49 55
49 57
49 59
49 60
49 62
49 64
49 66
49 67
49 68
49 71
49 73
49 74
49 75
49 83
49 85
49 88
49 89
49 90
49 92
49 93
49 94
49 96
50 51
50 52
50 53
50 57
50 62
50 63
50 64
50 66
50 68
50 69
50 70
50 76
50 77
50 79
50 81
50 82
50 83
50 86
50 90
50 92
50 93
50 94
50 96
50 99
51 54
51 56
51 58
51 61
51 63
51 64
51 65
51 66
51 67
51 69
51 71
51 73
51 77
51 80
51 81
51 84
51 86
51 87
51 91
51 97
52 54
52 55
52 56
52 60
52 61
52 63
52 66
52 68
52 74
52 75
52 79
52 87
52 90
52 91
52 92
52 93
52 98
52 99
53 55
53 57
53 61
53 63
53 68
53 69
53 70
53 73
53 74
53 75
53 76
53 79
53 85
53 87
53 89
53 94
53 97
53 99
54 61
54 62
54 63
54 65
54 66
54 71
54 72
54 74
54 77
54 78
54 81
54 82
54 84
54 86
54 87
54 89
54 92
54 94
54 97
54 98
54 99
55 58
55 59
55 60
55 61
55 64
55 66
55 68
55 69
55 70
55 72
55 73
55 74
55 75
55 77
55 80
55 83
55 84
55 85
55 91
55 93
55 94
55 96
55 98
55 99
56 60
56 61
56 65
56 67
56 68
56 70
56 71
56 73
56 75
56 78
56 79
56 81
56 82
56 83
56 90
56 91
56 94
56 96
56 97
56 98
56 99
57 58
57 59
57 60
57 63
57 64
57 67
57 68
57 70
57 72
57 74
57 75
57 76
57 78
57 79
57 86
57 87
57 88
57 89
57 90
57 91
57 94
57 95
57 96
57 99
58 59
58 61
58 63
58 64
58 65
58 66
58 68
58 70
58 72
58 73
58 75
58 78
58 79
58 81
58 82
58 83
58 84
58 86
58 89
58 91
58 94
58 96
58 97
58 99
59 62
59 64
59 65
59 67
59 68
59 69
59 72
59 73
59 74
59 77
59 80
59 81
59 82
59 84
59 90
59 94
59 97
60 61
60 62
60 63
60 64
60 65
60 66
60 67
60 68
60 69
60 70
60 73
60 77
60 82
60 83
60 84
60 88
60 89
60 91
60 93
60 94
60 96
60 98
61 63
61 69
61 70
61 73
61 74
61 76
61 80
61 86
61 87
61 90
61 92
61 94
61 95
61 96
61 97
61 98
62 63
62 66
62 68
62 69
62 71
62 73
62 75
62 76
62 77
62 79
62 82
62 83
62 85
62 87
62 88
62 93
62 94
62 98
63 66
63 69
63 73
63 74
63 77
63 82
63 87
63 96
63 97
64 65
64 66
64 69
64 75
64 79
64 82
64 83
64 84
64 86
64 87
64 88
64 89
64 92
64 94
64 95
64 96
64 97
64 98
65 66
65 67
65 69
65 71
65 72
65 73
65 74
65 75
65 79
65 83
65 84
65 87
65 88
65 90
65 91
65 92
65 94
65 95
65 96
65 97
65 98
66 68
66 70
66 72
66 74
66 76
66 77
66 80
66 81
66 82
66 84
66 85
66 86
66 87
66 88
66 89
66 91
66 93
66 95
66 98
66 99
67 68
67 74
67 77
67 82
67 84
67 88
67 92
67 93
67 94
67 95
67 99
68 70
68 72
68 74
68 75
68 76
68 77
68 78
68 80
68 81
68 83
68 84
68 88
68 89
68 91
68 98
69 70
69 72
69 74
69 75
69 77
69 80
69 81
69 82
69 85
69 86
69 91
69 93
69 94
69 96
69 97
69 98
69 99
70 71
70 73
70 75
70 76
70 79
70 84
70 85
70 87
70 94
70 95
70 96
71 72
71 75
71 76
71 77
71 79
71 80
71 82
71 84
71 87
71 89
71 93
71 94
72 73
72 76
72 77
72 78
72 79
72 80
72 82
72 83
72 86
72 87
72 88
72 89
72 94
72 95
72 96
73 75
73 76
73 77
73 78
73 79
73 80
73 81
73 83
73 84
73 85
73 87
73 88
73 95
73 96
73 97
73 98
74 77
74 80
74 82
74 83
74 84
74 86
74 87
74 90
74 94
74 96
74 97
75 78
75 79
75 81
75 85
75 87
75 92
75 93
76 77
76 79
76 80
76 84
76 87
76 89
76 91
76 92
76 93
76 94
77 81
77 86
77 87
77 89
77 93
77 94
77 95
77 98
77 99
78 79
78 80
78 81
78 82
78 84
78 86
78 87
78 88
78 94
78 97
78 98
79 80
79 81
79 88
79 92
79 93
79 95
80 81
80 82
80 84
80 85
80 88
80 90
80 95
80 98
81 90
81 91
81 93
81 95
81 96
81 97
81 99
82 86
82 88
82 90
82 93
82 95
82 97
82 99
83 85
83 86
83 87
83 89
83 93
83 96
84 86
84 87
84 89
84 90
84 92
84 93
84 96
84 97
84 98
85 88
85 89
85 91
85 93
85 95
85 96
86 87
86 89
86 91
86 93
86 95
86 97
86 99
87 88
87 89
87 92
87 93
87 94
87 96
87 99
88 89
88 91
88 93
88 97
89 90
89 92
89 93
89 94
89 95
89 96
89 99
90 91
90 93
90 94
90 98
91 93
91 94
91 96
92 94
92 95
92 96
92 97
92 98
93 94
93 96
93 97
93 99
94 97
94 99
95 96
96 97
96 99
97 99
98 99
