0 2
0 3
0 4
0 5
0 7
0 8
0 9
0 13
0 17
0 18
0 19
0 20
0 21
0 23
0 25
0 29
0 33
0 38
0 39
0 41
0 43
0 45
0 48
0 50
0 52
0 54
0 55
0 56
0 57
0 60
0 61
0 62
0 63
0 65
0 67
0 68
0 69
0 72
0 74
0 75
0 77
0 78
0 79
0 82
0 84
0 87
0 88
0 89
0 90
0 92
0 93
0 94
0 95
0 96
1 2
1 3
1 4
1 6
1 8
1 9
1 11
1 14
1 15
1 18
1 19
1 21
1 23
1 24
1 26
1 28
1 30
1 32
1 39
1 40
1 42
1 46
1 50
1 52
1 55
1 60
1 62
1 63
1 65
1 70
1 73
1 74
1 75
1 79
1 80
1 81
1 86
1 87
1 90
1 92
1 93
1 94
1 95
1 96
1 97
2 4
2 5
2 9
2 10
2 11
2 12
2 14
2 16
2 19
2 24
2 28
2 31
2 33
2 34
2 35
2 37
2 38
2 39
2 41
2 45
2 46
2 50
2 51
2 52
2 55
2 61
2 62
2 63
2 66
2 70
2 72
2 74
2 75
2 76
2 79
2 82
2 84
2 86
2 87
2 88
2 89
2 93
2 94
2 95
2 97
2 98
3 4
3 6
3 7
3 9
3 10
3 14
3 15
3 16
3 17
3 18
3 20
3 21
3 23
3 24
3 28
3 30
3 36
3 39
3 40
3 41
3 48
3 49
3 51
3 52
3 55
3 57
3 60
3 62
3 64
3 66
3 69
3 70
3 72
3 73
3 74
3 75
3 76
3 78
3 81
3 83
3 84
3 86
3 88
3 89
3 90
3 94
3 95
4 8
4 9
4 15
4 18
4 19
4 21
4 22
4 23
4 24
4 26
4 29
4 31
4 34
4 39
4 42
4 47
4 51
4 55
4 56
4 57
4 64
4 66
4 67
4 70
4 73
4 74
4 75
4 77
4 80
4 82
4 83
4 84
4 86
4 91
4 92
4 93
4 95
4 97
4 98
4 99
5 6
5 10
5 11
5 12
5 13
5 14
5 20
5 21
5 23
5 24
5 25
5 27
5 28
5 29
5 30
5 32
5 38
5 41
5 43
5 45
5 47
5 48
5 50
5 52
5 53
5 55
5 58
5 60
5 61
5 62
5 64
5 67
5 70
5 74
5 77
5 78
5 81
5 83
5 84
5 86
5 87
5 92
5 95
5 98
6 7
6 11
6 12
6 16
6 17
6 19
6 23
6 24
6 26
6 29
6 30
6 31
6 34
6 36
6 37
6 38
6 40
6 41
6 45
6 46
6 47
6 48
6 49
6 50
6 51
6 53
6 54
6 55
6 56
6 60
6 62
6 66
6 68
6 69
6 70
6 71
6 72
6 73
6 75
6 77
6 78
6 79
6 80
6 81
6 82
6 83
6 84
6 85
6 88
6 92
6 93
6 95
7 10
7 13
7 18
7 20
7 21
7 23
7 24
7 25
7 27
7 28
7 29
7 32
7 33
7 34
7 36
7 37
7 39
7 42
7 44
7 47
7 50
7 52
7 53
7 55
7 56
7 58
7 59
7 60
7 62
7 63
7 67
7 69
7 70
7 71
7 75
7 76
7 78
7 83
7 85
7 86
7 87
7 88
7 89
7 92
7 94
7 95
7 97
7 98
8 9
8 12
8 14
8 15
8 16
8 18
8 19
8 23
8 24
8 26
8 29
8 30
8 31
8 32
8 33
8 34
8 37
8 38
8 43
8 44
8 45
8 46
8 48
8 50
8 54
8 55
8 56
8 58
8 60
8 61
8 65
8 66
8 67
8 70
8 72
8 73
8 78
8 80
8 82
8 83
8 84
8 85
8 88
8 92
8 97
9 13
9 15
9 16
9 17
9 20
9 24
9 25
9 29
9 31
9 32
9 34
9 35
9 36
9 38
9 39
9 40
9 42
9 43
9 44
9 48
9 49
9 53
9 55
9 56
9 57
9 58
9 59
9 66
9 67
9 68
9 69
9 72
9 73
9 78
9 79
9 80
9 82
9 84
9 90
9 92
9 93
9 94
9 95
9 96
9 98
10 14
10 16
10 18
10 19
10 20
10 24
10 25
10 26
10 27
10 29
10 30
10 33
10 36
10 38
10 39
10 40
10 42
10 45
10 48
10 49
10 54
10 56
10 57
10 58
10 59
10 60
10 67
10 68
10 69
10 71
10 72
10 74
10 77
10 78
10 80
10 82
10 83
10 86
10 87
10 89
10 95
10 96
10 97
11 12
11 14
11 15
11 16
11 18
11 19
11 20
11 21
11 22
11 24
11 26
11 27
11 29
11 31
11 32
11 36
11 42
11 43
11 49
11 51
11 52
11 54
11 56
11 58
11 59
11 62
11 66
11 72
11 73
11 74
11 75
11 78
11 79
11 82
11 87
11 88
11 92
11 94
11 95
11 96
11 98
11 99
12 18
12 20
12 22
12 23
12 24
12 28
12 29
12 30
12 31
12 32
12 34
12 41
12 42
12 45
12 46
12 50
12 51
12 52
12 53
12 57
12 59
12 61
12 62
12 63
12 65
12 66
12 67
12 68
12 70
12 71
12 74
12 78
12 81
12 85
12 86
12 89
12 91
12 92
12 93
12 95
12 96
12 98
13 15
13 17
13 18
13 20
13 23
13 25
13 28
13 30
13 32
13 37
13 38
13 41
13 42
13 46
13 49
13 51
13 52
13 56
13 58
13 59
13 60
13 61
13 62
13 63
13 64
13 65
13 69
13 70
13 72
13 73
13 76
13 82
13 83
13 85
13 86
13 88
13 94
13 96
13 98
14 15
14 16
14 21
14 24
14 25
14 26
14 29
14 32
14 33
14 38
14 39
14 40
14 42
14 43
14 44
14 46
14 48
14 49
14 50
14 54
14 57
14 60
14 63
14 68
14 70
14 71
14 72
14 73
14 75
14 78
14 79
14 84
14 85
14 86
14 87
14 89
14 90
14 91
14 92
14 93
14 95
14 96
14 97
14 99
15 20
15 21
15 24
15 25
15 29
15 31
15 32
15 33
15 34
15 35
15 37
15 40
15 43
15 44
15 45
15 50
15 51
15 61
15 63
15 65
15 66
15 69
15 70
15 71
15 72
15 73
15 74
15 75
15 77
15 78
15 79
15 80
15 84
15 87
15 88
15 91
15 93
15 95
15 96
15 97
15 98
15 99
16 17
16 21
16 22
16 23
16 24
16 27
16 28
16 29
16 30
16 31
16 32
16 34
16 35
16 38
16 40
16 41
16 42
16 43
16 44
16 45
16 46
16 47
16 48
16 50
16 51
16 55
16 56
16 58
16 59
16 64
16 65
16 67
16 69
16 70
16 73
16 76
16 77
16 78
16 83
16 84
16 85
16 86
16 87
16 88
16 89
16 91
16 92
16 97
16 98
16 99
17 18
17 19
17 20
17 21
17 22
17 24
17 27
17 28
17 29
17 38
17 39
17 43
17 44
17 45
17 46
17 47
17 51
17 52
17 54
17 56
17 58
17 59
17 60
17 62
17 63
17 65
17 66
17 71
17 73
17 78
17 79
17 80
17 83
17 85
17 87
17 89
17 90
17 91
17 92
17 93
17 95
17 97
17 98
18 20
18 23
18 24
18 27
18 35
18 38
18 40
18 43
18 44
18 46
18 47
18 48
18 49
18 50
18 51
18 52
18 55
18 56
18 58
18 59
18 60
18 61
18 62
18 64
18 68
18 70
18 73
18 76
18 77
18 79
18 80
18 81
18 82
18 86
18 87
18 88
18 89
18 93
18 94
18 95
18 97
18 98
19 24
19 25
19 26
19 28
19 30
19 31
19 32
19 35
19 42
19 43
19 44
19 48
19 50
19 51
19 52
19 54
19 56
19 57
19 59
19 62
19 63
19 66
19 67
19 68
19 77
19 81
19 82
19 83
19 85
19 87
19 89
19 92
19 95
19 96
19 98
20 22
20 23
20 25
20 28
20 30
20 31
20 32
20 33
20 37
20 38
20 42
20 45
20 47
20 48
20 50
20 52
20 53
20 54
20 56
20 57
20 59
20 62
20 64
20 65
20 66
20 67
20 69
20 70
20 71
20 72
20 77
20 78
20 80
20 82
20 83
20 85
20 89
20 92
20 94
20 95
20 97
20 98
20 99
21 22
21 24
21 25
21 27
21 29
21 30
21 31
21 32
21 36
21 37
21 39
21 40
21 41
21 42
21 44
21 47
21 57
21 60
21 61
21 64
21 65
21 69
21 75
21 77
21 84
21 86
21 89
21 90
21 91
21 92
21 95
22 23
22 25
22 26
22 27
22 28
22 29
22 31
22 36
22 37
22 40
22 41
22 42
22 43
22 51
22 52
22 55
22 59
22 61
22 63
22 64
22 65
22 66
22 67
22 68
22 70
22 72
22 73
22 74
22 75
22 77
22 78
22 82
22 84
22 85
22 86
22 87
22 90
22 98
22 99
23 25
23 28
23 31
23 34
23 35
23 36
23 39
23 42
23 43
23 44
23 46
23 47
23 49
23 50
23 51
23 52
23 54
23 57
23 60
23 62
23 63
23 64
23 65
23 66
23 69
23 70
23 71
23 72
23 75
23 77
23 80
23 82
23 83
23 84
23 87
23 88
23 90
23 91
23 92
23 93
23 94
23 98
24 25
24 26
24 27
24 31
24 33
24 34
24 35
24 37
24 39
24 43
24 44
24 45
24 46
24 47
24 50
24 51
24 52
24 54
24 56
24 59
24 64
24 67
24 69
24 70
24 71
24 72
24 73
24 75
24 78
24 85
24 87
24 88
24 92
24 95
24 97
24 99
25 26
25 29
25 30
25 31
25 33
25 34
25 36
25 37
25 39
25 43
25 46
25 47
25 48
25 49
25 51
25 52
25 57
25 59
25 61
25 63
25 67
25 71
25 73
25 74
25 78
25 79
25 80
25 83
25 89
25 91
25 95
25 98
25 99
26 30
26 32
26 36
26 37
26 39
26 40
26 42
26 43
26 44
26 45
26 47
26 51
26 54
26 55
26 56
26 58
26 62
26 68
26 71
26 73
26 75
26 76
26 77
26 78
26 79
26 80
26 85
26 86
26 89
26 90
26 92
26 96
26 97
26 99
27 31
27 32
27 33
27 36
27 38
27 39
27 40
27 44
27 45
27 47
27 48
27 51
27 52
27 53
27 55
27 56
27 58
27 60
27 62
27 63
27 65
27 66
27 68
27 69
27 72
27 73
27 75
27 78
27 79
27 83
27 87
27 88
27 89
27 91
27 93
27 94
27 97
27 98
28 30
28 37
28 39
28 40
28 42
28 43
28 44
28 47
28 48
28 50
28 51
28 57
28 61
28 62
28 63
28 64
28 66
28 67
28 69
28 71
28 73
28 74
28 75
28 77
28 80
28 81
28 82
28 83
28 85
28 86
28 89
28 90
28 91
28 93
28 94
28 97
28 98
29 30
29 31
29 32
29 33
29 34
29 35
29 36
29 37
29 39
29 41
29 44
29 49
29 50
29 56
29 58
29 59
29 62
29 65
29 67
29 68
29 69
29 71
29 72
29 75
29 76
29 77
29 78
29 83
29 86
29 87
29 88
29 89
29 92
29 93
29 95
29 96
30 32
30 34
30 39
30 41
30 42
30 43
30 45
30 46
30 47
30 50
30 52
30 53
30 55
30 57
30 58
30 62
30 63
30 65
30 66
30 68
30 69
30 70
30 71
30 72
30 73
30 75
30 78
30 83
30 84
30 86
30 88
30 89
30 90
30 91
30 92
30 95
31 32
31 34
31 35
31 39
31 40
31 41
31 42
31 43
31 44
31 46
31 49
31 50
31 51
31 53
31 54
31 55
31 58
31 63
31 65
31 66
31 67
31 68
31 69
31 71
31 72
31 76
31 77
31 78
31 79
31 87
31 89
31 90
31 91
31 92
31 93
31 94
31 96
31 97
31 98
31 99
32 35
32 38
32 41
32 47
32 50
32 52
32 54
32 55
32 58
32 61
32 63
32 65
32 66
32 67
32 68
32 71
32 72
32 74
32 75
32 77
32 78
32 81
32 82
32 90
32 91
32 96
32 98
33 36
33 37
33 39
33 40
33 41
33 43
33 45
33 48
33 50
33 58
33 63
33 65
33 70
33 71
33 73
33 74
33 77
33 79
33 81
33 82
33 85
33 86
33 88
33 89
33 90
33 91
33 92
33 95
33 99
34 35
34 37
34 39
34 41
34 42
34 43
34 45
34 46
34 50
34 51
34 52
34 53
34 55
34 57
34 58
34 63
34 70
34 71
34 72
34 74
34 76
34 78
34 79
34 80
34 81
34 83
34 84
34 86
34 87
34 89
34 92
34 93
34 95
34 96
34 97
35 36
35 38
35 39
35 40
35 41
35 43
35 49
35 51
35 53
35 54
35 59
35 62
35 65
35 66
35 69
35 70
35 72
35 74
35 76
35 79
35 83
35 86
35 88
35 90
35 91
35 96
35 98
35 99
36 37
36 38
36 40
36 41
36 43
36 44
36 46
36 48
36 49
36 51
36 52
36 54
36 55
36 56
36 57
36 60
36 61
36 65
36 66
36 67
36 68
36 69
36 71
36 72
36 73
36 74
36 78
36 80
36 81
36 82
36 83
36 84
36 86
36 89
36 93
36 94
36 96
36 98
36 99
37 38
37 40
37 41
37 42
37 44
37 45
37 49
37 50
37 51
37 52
37 54
37 59
37 62
37 64
37 68
37 69
37 71
37 76
37 78
37 79
37 81
37 83
37 85
37 88
37 91
37 94
37 97
37 99
38 39
38 40
38 42
38 43
38 44
38 45
38 46
38 47
38 48
38 52
38 54
38 55
38 60
38 62
38 63
38 64
38 68
38 69
38 71
38 73
38 74
38 77
38 81
38 84
38 85
38 86
38 88
38 89
38 90
38 92
38 93
38 95
38 96
39 40
39 41
39 43
39 44
39 46
39 48
39 51
39 52
39 53
39 57
39 58
39 59
39 60
39 61
39 62
39 63
39 65
39 68
39 70
39 73
39 76
39 78
39 86
39 87
39 90
39 93
39 97
39 98
39 99
40 44
40 47
40 51
40 53
40 55
40 56
40 58
40 59
40 60
40 62
40 64
40 65
40 67
40 69
40 70
40 71
40 74
40 75
40 76
40 77
40 78
40 79
40 84
40 85
40 87
40 89
40 92
40 95
40 96
40 97
40 98
41 42
41 45
41 47
41 49
41 50
41 51
41 52
41 56
41 57
41 58
41 61
41 63
41 65
41 70
41 72
41 74
41 75
41 77
41 78
41 82
41 85
41 88
41 91
41 92
41 93
41 97
41 98
41 99
42 43
42 48
42 49
42 52
42 53
42 54
42 58
42 60
42 62
42 64
42 65
42 67
42 70
42 71
42 74
42 77
42 82
42 84
42 86
42 89
42 90
42 92
42 94
42 97
42 98
42 99
43 44
43 49
43 50
43 51
43 52
43 53
43 54
43 55
43 57
43 58
43 66
43 67
43 68
43 70
43 75
43 76
43 78
43 79
43 83
43 84
43 86
43 87
43 89
43 90
43 95
43 97
43 98
43 99
44 45
44 46
44 47
44 50
44 53
44 54
44 57
44 59
44 62
44 68
44 69
44 71
44 76
44 77
44 78
44 80
44 81
44 82
44 84
44 90
44 92
44 94
44 95
44 96
44 97
44 99
45 46
45 47
45 50
45 51
45 52
45 53
45 54
45 55
45 56
45 58
45 59
45 61
45 65
45 67
45 68
45 69
45 71
45 75
45 77
45 80
45 83
45 84
45 85
45 86
45 87
45 97
45 99
46 47
46 49
46 51
46 52
46 53
46 56
46 58
46 66
46 70
46 72
46 75
46 76
46 79
46 80
46 82
46 83
46 84
46 89
46 90
46 91
46 92
46 93
46 94
46 97
46 99
47 49
47 51
47 52
47 58
47 60
47 62
47 63
47 64
47 66
47 68
47 69
47 70
47 74
47 75
47 77
47 78
47 82
47 91
47 98
48 49
48 50
48 51
48 53
48 54
48 57
48 59
48 60
48 63
48 67
48 69
48 71
48 73
48 74
48 75
48 82
48 83
48 84
48 88
48 92
48 97
48 99
49 51
49 52
49 55
49 56
49 58
49 60
49 62
49 63
49 66
49 67
49 69
49 71
49 72
49 75
49 77
49 79
49 82
49 83
49 84
49 85
49 87
49 93
49 94
49 96
49 97
50 51
50 52
50 54
50 55
50 56
50 58
50 59
50 62
50 64
50 65
50 66
50 68
50 69
50 72
50 76
50 77
50 80
50 82
50 84
50 85
50 86
50 87
50 88
50 91
50 93
50 95
50 99
51 52
51 54
51 56
51 57
51 58
51 61
51 62
51 63
51 64
51 68
51 70
51 71
51 72
51 73
51 75
51 76
51 77
51 79
51 81
51 82
51 85
51 86
51 88
51 90
51 91
51 94
51 95
52 55
52 58
52 60
52 62
52 64
52 66
52 67
52 68
52 69
52 75
52 78
52 80
52 82
52 86
52 88
52 91
52 92
52 95
52 96
52 98
53 56
53 57
53 60
53 61
53 67
53 72
53 73
53 75
53 77
53 78
53 79
53 81
53 83
53 84
53 88
53 95
53 98
53 99
54 55
54 57
54 59
54 60
54 62
54 63
54 65
54 66
54 67
54 68
54 70
54 72
54 76
54 78
54 82
54 83
54 85
54 88
54 91
54 92
54 93
54 94
54 96
54 97
54 98
55 58
55 63
55 64
55 65
55 66
55 67
55 68
55 72
55 74
55 77
55 81
55 82
55 84
55 86
55 88
55 89
55 92
55 95
55 97
56 58
56 59
56 60
56 62
56 64
56 70
56 73
56 74
56 75
56 76
56 80
56 84
56 88
56 89
56 91
56 96
56 97
57 59
57 61
57 63
57 64
57 66
57 68
57 69
57 70
57 71
57 73
57 74
57 75
57 77
57 79
57 80
57 81
57 84
57 85
57 87
57 88
57 91
57 92
57 93
57 94
57 95
57 97
58 63
58 70
58 71
58 73
58 76
58 77
58 78
58 80
58 82
58 86
58 88
58 90
58 92
58 98
59 60
59 64
59 65
59 66
59 67
59 68
59 71
59 76
59 77
59 81
59 82
59 84
59 88
59 91
59 92
59 95
59 97
60 62
60 64
60 66
60 69
60 70
60 71
60 72
60 74
60 78
60 79
60 81
60 82
60 83
60 87
60 88
60 92
60 93
60 95
60 97
60 98
60 99
61 63
61 64
61 66
61 68
61 69
61 70
61 72
61 73
61 74
61 76
61 78
61 79
61 80
61 82
61 85
61 86
61 91
61 92
61 94
61 96
61 98
62 63
62 65
62 66
62 67
62 68
62 70
62 71
62 72
62 74
62 78
62 79
62 80
62 82
62 84
62 85
62 86
62 90
62 93
62 94
62 96
62 97
63 64
63 65
63 66
63 70
63 71
63 72
63 75
63 76
63 78
63 81
63 82
63 87
63 89
63 90
63 92
63 93
63 95
63 96
63 97
63 98
63 99
64 65
64 68
64 77
64 80
64 81
64 83
64 87
64 89
64 90
64 91
64 92
64 94
64 97
64 98
64 99
65 68
65 74
65 77
65 78
65 79
65 81
65 82
65 85
65 90
65 92
65 94
65 98
65 99
66 71
66 73
66 74
66 76
66 83
66 85
66 87
66 89
66 91
66 92
66 93
66 94
66 95
66 97
67 68
67 69
67 76
67 77
67 79
67 85
67 87
67 89
67 92
67 96
67 97
67 99
68 69
68 72
68 74
68 77
68 79
68 81
68 82
68 84
68 91
68 92
68 93
68 96
68 99
69 70
69 71
69 72
69 73
69 77
69 79
69 81
69 86
69 89
69 92
69 95
69 96
69 98
69 99
70 71
70 72
70 73
70 74
70 75
70 76
70 79
70 82
70 83
70 85
70 88
70 95
70 97
71 72
71 73
71 74
71 75
71 77
71 78
71 79
71 82
71 84
71 85
71 86
71 89
71 90
71 94
71 99
72 74
72 80
72 82
72 85
72 88
72 90
72 91
72 92
72 94
72 95
72 96
72 99
73 74
73 75
73 76
73 78
73 80
73 81
73 84
73 85
73 87
73 89
73 95
73 98
73 99
74 76
74 80
74 83
74 84
74 85
74 86
74 89
74 92
74 98
75 78
75 83
75 84
75 86
75 88
75 89
75 91
75 92
75 95
75 97
75 99
76 79
76 84
76 86
76 87
76 88
76 89
76 90
76 92
76 93
76 95
76 98
76 99
77 83
77 87
77 88
77 90
77 94
77 95
77 97
77 98
77 99
78 79
78 83
78 85
78 87
78 91
78 95
78 96
79 81
79 83
79 87
79 88
79 90
79 92
79 93
79 95
79 98
80 81
80 83
80 84
80 85
80 88
80 90
80 92
80 93
80 94
80 97
80 98
81 82
81 84
81 88
81 90
81 94
81 95
81 96
81 98
81 99
82 84
82 87
82 89
82 90
82 92
82 93
82 95
82 99
83 84
83 86
83 88
83 90
83 91
83 93
83 94
83 95
83 96
84 86
84 87
84 90
84 93
84 94
84 95
84 99
85 86
85 87
85 88
85 90
85 91
85 93
85 95
85 97
85 98
86 91
86 92
86 95
86 96
86 98
87 89
87 91
87 95
87 96
87 97
87 98
87 99
88 90
88 91
88 92
88 93
88 94
88 95
88 97
88 98
89 91
89 92
89 96
89 98
90 91
90 97
90 99
91 92
91 93
91 95
91 97
91 98
91 99
92 94
92 97
92 98
92 99
93 94
93 98
94 95
94 96
94 97
94 98
94 99
95 96
96 97
96 99
97 99
