0 1
0 3
0 5
0 9
0 10
0 11
0 14
0 15
0 16
0 17
0 20
0 23
0 29
0 30
0 31
0 33
0 36
0 37
0 40
0 42
0 43
0 44
0 47
0 48
0 51
0 55
0 57
0 58
0 60
0 61
0 62
0 64
0 65
0 67
0 71
0 73
0 75
0 77
0 78
0 80
0 81
0 82
0 83
0 87
0 90
0 92
0 93
0 96
0 97
1 2
1 3
1 4
1 7
1 8
1 10
1 12
1 13
1 14
1 15
1 16
1 17
1 18
1 19
1 21
1 22
1 23
1 24
1 26
1 29
1 30
1 31
1 32
1 34
1 35
1 36
1 38
1 41
1 42
1 43
1 44
1 45
1 46
1 47
1 48
1 49
1 50
1 51
1 52
1 53
1 54
1 55
1 57
1 58
1 59
1 60
1 61
1 64
1 65
1 68
1 73
1 74
1 79
1 86
1 88
1 89
1 96
1 98
2 4
2 5
2 6
2 7
2 14
2 15
2 17
2 19
2 20
2 22
2 23
2 28
2 29
2 30
2 31
2 32
2 34
2 35
2 38
2 40
2 44
2 45
2 47
2 48
2 49
2 51
2 52
2 55
2 61
2 64
2 69
2 70
2 72
2 73
2 79
2 82
2 84
2 85
2 87
2 89
2 91
2 94
2 98
3 4
3 5
3 7
3 9
3 11
3 12
3 13
3 20
3 27
3 32
3 33
3 35
3 37
3 39
3 42
3 43
3 45
3 47
3 49
3 51
3 52
3 56
3 57
3 59
3 60
3 62
3 63
3 67
3 68
3 72
3 73
3 76
3 77
3 82
3 83
3 84
3 85
3 90
3 92
3 94
3 96
3 98
3 99
4 6
4 11
4 14
4 18
4 19
4 24
4 25
4 26
4 29
4 30
4 31
4 32
4 35
4 38
4 40
4 42
4 43
4 44
4 45
4 46
4 49
4 50
4 56
4 57
4 59
4 60
4 61
4 65
4 66
4 67
4 69
4 70
4 73
4 74
4 83
4 85
4 87
4 92
4 93
4 95
4 96
4 97
4 99
5 6
5 7
5 9
5 10
5 11
5 12
5 19
5 22
5 24
5 25
5 31
5 32
5 34
5 36
5 37
5 38
5 40
5 42
5 44
5 48
5 49
5 50
5 51
5 53
5 55
5 57
5 69
5 73
5 75
5 76
5 77
5 79
5 84
5 85
5 86
5 88
5 90
5 91
5 92
5 94
5 95
5 96
6 7
6 10
6 11
6 13
6 15
6 18
6 19
6 21
6 23
6 24
6 26
6 27
6 32
6 33
6 37
6 39
6 40
6 41
6 43
6 44
6 47
6 48
6 49
6 50
6 54
6 55
6 56
6 57
6 59
6 62
6 63
6 65
6 66
6 68
6 70
6 71
6 72
6 73
6 76
6 77
6 82
6 84
6 85
6 87
6 90
6 91
6 94
7 8
7 9
7 11
7 12
7 13
7 14
7 15
7 16
7 20
7 21
7 24
7 27
7 28
7 29
7 32
7 34
7 37
7 39
7 43
7 46
7 48
7 49
7 50
7 52
7 53
7 57
7 60
7 61
7 62
7 65
7 68
7 69
7 70
7 72
7 74
7 76
7 80
7 83
7 84
7 85
7 88
7 90
7 93
7 94
7 96
7 99
8 11
8 14
8 15
8 17
8 20
8 21
8 23
8 24
8 25
8 26
8 27
8 29
8 30
8 32
8 34
8 37
8 39
8 40
8 41
8 42
8 44
8 45
8 48
8 49
8 50
8 52
8 55
8 56
8 57
8 60
8 61
8 62
8 63
8 64
8 65
8 67
8 68
8 69
8 71
8 72
8 73
8 74
8 75
8 77
8 81
8 88
8 90
8 91
8 92
8 95
8 96
8 97
8 99
9 11
9 15
9 16
9 17
9 19
9 21
9 22
9 25
9 26
9 30
9 34
9 37
9 38
9 40
9 41
9 42
9 44
9 45
9 47
9 48
9 54
9 55
9 56
9 57
9 60
9 66
9 69
9 70
9 71
9 72
9 75
9 82
9 84
9 85
9 86
9 87
9 88
9 95
9 97
9 98
9 99
10 11
10 13
10 14
10 17
10 19
10 20
10 21
10 23
10 24
10 28
10 32
10 33
10 35
10 37
10 38
10 40
10 42
10 43
10 44
10 46
10 47
10 48
10 49
10 52
10 53
10 54
10 55
10 60
10 64
10 66
10 67
10 69
10 70
10 72
10 77
10 78
10 80
10 82
10 84
10 85
10 86
10 87
10 89
10 92
10 98
11 12
11 14
11 17
11 19
11 20
11 21
11 24
11 25
11 26
11 28
11 29
11 30
11 32
11 34
11 35
11 37
11 38
11 39
11 40
11 41
11 42
11 43
11 45
11 51
11 52
11 53
11 55
11 57
11 58
11 59
11 61
11 64
11 67
11 68
11 69
11 70
11 74
11 75
11 79
11 80
11 81
11 83
11 85
11 86
11 87
11 90
11 91
11 92
11 93
11 96
11 99
12 13
12 15
12 18
12 22
12 25
12 26
12 30
12 31
12 34
12 36
12 39
12 40
12 45
12 46
12 47
12 53
12 54
12 55
12 57
12 59
12 62
12 64
12 65
12 66
12 68
12 69
12 73
12 75
12 77
12 78
12 79
12 81
12 84
12 87
12 89
12 93
12 94
12 97
12 98
12 99
13 17
13 18
13 19
13 20
13 21
13 22
13 25
13 26
13 29
13 31
13 34
13 35
13 36
13 37
13 38
13 40
13 42
13 43
13 44
13 48
13 49
13 54
13 56
13 57
13 58
13 59
13 60
13 61
13 62
13 67
13 69
13 74
13 75
13 76
13 78
13 83
13 84
13 85
13 86
13 87
13 88
13 91
13 93
13 95
13 96
13 98
14 15
14 17
14 18
14 22
14 24
14 25
14 26
14 28
14 29
14 31
14 32
14 34
14 35
14 36
14 37
14 40
14 44
14 49
14 51
14 55
14 57
14 59
14 61
14 65
14 66
14 67
14 68
14 69
14 73
14 75
14 77
14 83
14 86
14 87
14 91
14 94
14 95
14 96
14 97
14 99
15 16
15 17
15 20
15 21
15 22
15 24
15 26
15 28
15 31
15 32
15 33
15 37
15 41
15 43
15 44
15 45
15 46
15 47
15 51
15 56
15 57
15 60
15 61
15 62
15 63
15 64
15 71
15 72
15 73
15 75
15 77
15 79
15 80
15 81
15 82
15 84
15 86
15 87
15 96
15 97
15 99
16 19
16 21
16 23
16 26
16 29
16 31
16 33
16 36
16 37
16 40
16 41
16 43
16 44
16 47
16 48
16 49
16 50
16 51
16 56
16 60
16 62
16 64
16 65
16 68
16 69
16 70
16 71
16 73
16 74
16 75
16 76
16 77
16 81
16 82
16 83
16 87
16 88
16 89
16 94
16 95
16 96
16 99
17 18
17 19
17 21
17 25
17 30
17 31
17 33
17 34
17 37
17 41
17 43
17 44
17 45
17 49
17 50
17 53
17 54
17 55
17 57
17 63
17 67
17 69
17 71
17 73
17 76
17 78
17 82
17 83
17 86
17 87
17 89
17 90
17 91
17 94
17 95
17 97
17 98
17 99
18 19
18 21
18 23
18 24
18 25
18 26
18 31
18 32
18 34
18 36
18 39
18 40
18 43
18 45
18 46
18 47
18 48
18 49
18 50
18 51
18 52
18 55
18 56
18 58
18 59
18 60
18 61
18 62
18 63
18 64
18 65
18 67
18 69
18 70
18 71
18 74
18 76
18 77
18 78
18 81
18 83
18 84
18 85
18 87
18 88
18 93
18 95
18 97
18 98
19 20
19 26
19 27
19 28
19 29
19 30
19 36
19 40
19 41
19 42
19 43
19 46
19 49
19 53
19 55
19 59
19 60
19 63
19 64
19 65
19 66
19 68
19 70
19 71
19 76
19 80
19 84
19 85
19 86
19 88
19 89
19 95
19 97
20 21
20 24
20 26
20 28
20 29
20 30
20 31
20 33
20 38
20 39
20 40
20 41
20 43
20 44
20 45
20 46
20 47
20 48
20 51
20 54
20 55
20 56
20 57
20 60
20 61
20 62
20 63
20 68
20 70
20 71
20 72
20 75
20 77
20 79
20 80
20 81
20 86
20 87
20 90
20 92
20 93
20 98
21 22
21 23
21 24
21 26
21 27
21 28
21 29
21 30
21 31
21 33
21 34
21 36
21 38
21 42
21 43
21 44
21 45
21 50
21 54
21 55
21 56
21 58
21 64
21 69
21 71
21 74
21 77
21 78
21 82
21 84
21 85
21 86
21 91
21 92
21 93
21 95
21 96
21 97
21 99
22 23
22 26
22 28
22 29
22 31
22 32
22 33
22 34
22 35
22 39
22 42
22 43
22 45
22 46
22 47
22 48
22 49
22 50
22 54
22 56
22 64
22 65
22 66
22 68
22 69
22 71
22 84
22 90
22 91
22 93
22 95
22 96
22 97
22 98
23 24
23 27
23 28
23 29
23 31
23 34
23 36
23 37
23 40
23 41
23 44
23 45
23 48
23 49
23 50
23 51
23 52
23 56
23 57
23 58
23 61
23 62
23 63
23 64
23 67
23 71
23 76
23 77
23 78
23 79
23 80
23 81
23 82
23 83
23 86
23 87
23 88
23 89
23 90
23 92
23 93
23 94
23 95
23 96
23 98
23 99
24 25
24 28
24 29
24 31
24 33
24 34
24 35
24 36
24 37
24 38
24 41
24 42
24 45
24 46
24 48
24 50
24 51
24 52
24 53
24 54
24 55
24 56
24 60
24 64
24 65
24 66
24 67
24 69
24 70
24 71
24 72
24 79
24 80
24 87
24 88
24 92
24 96
24 97
24 98
24 99
25 30
25 35
25 36
25 39
25 43
25 45
25 47
25 48
25 49
25 51
25 53
25 54
25 57
25 58
25 59
25 64
25 65
25 67
25 69
25 75
25 77
25 79
25 80
25 82
25 84
25 86
25 99
26 30
26 31
26 32
26 40
26 41
26 44
26 45
26 48
26 49
26 52
26 54
26 55
26 56
26 57
26 62
26 63
26 64
26 65
26 68
26 70
26 71
26 72
26 75
26 76
26 77
26 81
26 84
26 85
26 89
26 90
26 94
26 96
26 99
27 30
27 32
27 36
27 39
27 40
27 42
27 44
27 48
27 50
27 51
27 52
27 54
27 55
27 56
27 57
27 59
27 60
27 61
27 63
27 65
27 67
27 68
27 69
27 70
27 73
27 74
27 76
27 77
27 79
27 81
27 83
27 88
27 89
27 91
27 92
27 93
27 95
27 97
27 98
28 31
28 32
28 34
28 38
28 39
28 40
28 41
28 42
28 43
28 45
28 47
28 49
28 54
28 55
28 57
28 61
28 62
28 64
28 65
28 66
28 70
28 72
28 73
28 76
28 77
28 78
28 79
28 80
28 81
28 83
28 84
28 87
28 89
28 91
28 92
28 93
28 94
28 95
28 97
28 98
29 30
29 32
29 33
29 36
29 37
29 38
29 39
29 40
29 42
29 43
29 44
29 45
29 46
29 48
29 49
29 51
29 52
29 53
29 54
29 56
29 58
29 61
29 63
29 67
29 68
29 69
29 71
29 75
29 77
29 79
29 81
29 86
29 88
29 90
29 93
29 95
29 96
29 97
30 31
30 32
30 33
30 34
30 37
30 38
30 40
30 41
30 42
30 43
30 44
30 45
30 46
30 47
30 49
30 55
30 59
30 60
30 61
30 62
30 64
30 66
30 68
30 69
30 76
30 77
30 78
30 79
30 80
30 81
30 82
30 86
30 88
30 90
30 91
30 93
30 95
30 96
30 97
31 32
31 33
31 35
31 38
31 43
31 46
31 49
31 50
31 51
31 53
31 55
31 57
31 59
31 63
31 65
31 66
31 67
31 68
31 71
31 72
31 73
31 74
31 78
31 82
31 83
31 84
31 85
31 87
31 88
31 92
31 93
31 95
31 96
31 97
32 47
32 48
32 49
32 50
32 51
32 52
32 53
32 54
32 56
32 61
32 62
32 64
32 67
32 69
32 71
32 73
32 76
32 77
32 78
32 81
32 83
32 85
32 86
32 88
32 89
32 90
32 97
32 99
33 34
33 35
33 37
33 38
33 39
33 40
33 43
33 44
33 45
33 49
33 52
33 55
33 57
33 58
33 61
33 62
33 63
33 64
33 65
33 71
33 78
33 79
33 81
33 82
33 83
33 85
33 88
33 92
33 93
33 95
33 96
34 35
34 36
34 38
34 39
34 42
34 48
34 49
34 53
34 54
34 55
34 56
34 59
34 60
34 62
34 64
34 67
34 69
34 70
34 72
34 77
34 80
34 86
34 89
34 91
34 92
34 95
34 97
35 36
35 40
35 44
35 45
35 47
35 48
35 50
35 51
35 55
35 56
35 58
35 60
35 64
35 67
35 68
35 70
35 71
35 72
35 75
35 77
35 78
35 79
35 80
35 82
35 87
35 90
35 91
35 92
35 93
35 94
35 99
36 37
36 38
36 39
36 43
36 45
36 47
36 48
36 51
36 57
36 58
36 59
36 61
36 63
36 65
36 69
36 70
36 71
36 72
36 73
36 76
36 77
36 78
36 79
36 80
36 84
36 86
36 88
36 89
36 98
37 38
37 40
37 42
37 43
37 44
37 48
37 55
37 56
37 60
37 61
37 65
37 66
37 68
37 69
37 70
37 77
37 78
37 79
37 80
37 82
37 84
37 85
37 86
37 87
37 88
37 90
37 91
37 92
37 95
37 97
37 98
38 39
38 44
38 45
38 46
38 47
38 49
38 51
38 54
38 59
38 60
38 63
38 64
38 65
38 67
38 72
38 73
38 75
38 77
38 80
38 84
38 85
38 89
38 97
38 99
39 40
39 41
39 42
39 43
39 46
39 47
39 48
39 53
39 54
39 55
39 56
39 58
39 64
39 66
39 67
39 68
39 73
39 75
39 78
39 79
39 80
39 81
39 82
39 83
39 84
39 85
39 87
39 89
39 90
39 95
39 96
39 99
40 41
40 42
40 43
40 46
40 47
40 48
40 50
40 52
40 53
40 55
40 56
40 58
40 61
40 62
40 63
40 65
40 67
40 70
40 71
40 73
40 75
40 76
40 77
40 79
40 80
40 83
40 84
40 85
40 87
40 91
40 94
40 96
40 97
40 98
41 45
41 46
41 47
41 50
41 53
41 55
41 61
41 62
41 65
41 66
41 69
41 70
41 73
41 78
41 79
41 81
41 82
41 84
41 90
41 97
41 99
42 44
42 45
42 48
42 50
42 51
42 52
42 53
42 57
42 58
42 59
42 60
42 61
42 63
42 64
42 70
42 73
42 80
42 81
42 82
42 83
42 84
42 85
42 87
42 91
42 94
42 97
43 44
43 49
43 50
43 51
43 52
43 56
43 57
43 59
43 60
43 63
43 67
43 73
43 75
43 76
43 77
43 78
43 80
43 82
43 84
43 89
43 90
43 92
43 93
43 94
43 97
43 99
44 45
44 46
44 48
44 49
44 53
44 54
44 56
44 59
44 62
44 69
44 71
44 72
44 76
44 77
44 81
44 82
44 84
44 85
44 86
44 87
44 89
44 90
44 96
44 97
44 98
45 46
45 47
45 48
45 51
45 52
45 53
45 54
45 55
45 57
45 58
45 59
45 60
45 62
45 64
45 67
45 71
45 72
45 73
45 77
45 81
45 84
45 86
45 88
45 89
45 91
45 95
45 96
45 97
45 99
46 48
46 51
46 52
46 53
46 54
46 55
46 61
46 62
46 63
46 64
46 70
46 71
46 73
46 75
46 76
46 77
46 81
46 84
46 85
46 86
46 87
46 90
46 92
46 93
46 98
47 50
47 55
47 57
47 61
47 62
47 63
47 64
47 66
47 68
47 69
47 71
47 73
47 76
47 77
47 78
47 80
47 81
47 84
47 85
47 88
47 89
47 91
47 94
47 95
47 96
47 99
48 50
48 51
48 52
48 54
48 56
48 57
48 59
48 61
48 62
48 64
48 65
48 66
48 69
48 70
48 71
48 72
48 73
48 74
48 75
48 76
48 77
48 80
48 82
48 85
48 88
48 92
48 93
48 94
48 95
48 96
48 97
48 98
48 99
49 50
49 51
49 52
49 53
49 56
49 58
49 59
49 60
49 61
49 62
49 67
49 68
49 71
49 72
49 75
49 78
49 79
49 81
49 82
49 83
49 84
49 89
49 94
49 95
49 96
49 97
49 99
50 54
50 55
50 56
50 57
50 58
50 62
50 63
50 66
50 67
50 68
50 70
50 74
50 75
50 76
50 77
50 79
50 80
50 83
50 84
50 85
50 86
50 87
50 88
50 92
50 93
50 94
50 96
50 97
50 99
51 52
51 53
51 54
51 55
51 57
51 59
51 61
51 63
51 66
51 67
51 68
51 72
51 73
51 74
51 75
51 80
51 81
51 84
51 85
51 86
51 88
51 89
51 94
51 95
51 96
51 99
52 54
52 55
52 56
52 60
52 62
52 63
52 65
52 66
52 67
52 69
52 73
52 74
52 75
52 76
52 78
52 81
52 83
52 89
52 92
52 96
52 97
53 54
53 55
53 58
53 60
53 62
53 63
53 65
53 68
53 69
53 70
53 73
53 74
53 75
53 79
53 80
53 82
53 83
53 87
53 88
53 89
53 94
53 97
54 56
54 60
54 63
54 64
54 65
54 66
54 67
54 69
54 70
54 72
54 74
54 77
54 80
54 84
54 85
54 86
54 87
54 90
54 93
54 94
54 96
54 97
54 98
54 99
55 56
55 57
55 59
55 60
55 64
55 65
55 71
55 75
55 76
55 77
55 78
55 79
55 80
55 81
55 82
55 83
55 89
55 91
55 92
55 94
55 96
55 99
56 57
56 59
56 60
56 61
56 63
56 66
56 68
56 71
56 75
56 77
56 78
56 79
56 82
56 83
56 87
56 89
56 94
56 98
57 59
57 60
57 62
57 68
57 69
57 70
57 71
57 72
57 73
57 76
57 81
57 83
57 84
57 85
57 86
57 88
57 89
57 92
57 94
57 98
57 99
58 59
58 60
58 65
58 68
58 69
58 70
58 72
58 79
58 83
58 84
58 85
58 86
58 89
58 90
58 93
58 98
59 61
59 63
59 64
59 66
59 67
59 71
59 73
59 74
59 75
59 80
59 82
59 83
59 87
59 88
59 91
59 92
59 93
59 95
59 96
59 97
59 99
60 61
60 62
60 63
60 64
60 66
60 67
60 70
60 72
60 74
60 76
60 79
60 81
60 83
60 84
60 87
60 88
60 89
60 94
60 95
60 99
61 62
61 64
61 65
61 68
61 69
61 70
61 71
61 75
61 77
61 78
61 79
61 80
61 82
61 83
61 85
61 86
61 90
61 93
61 94
61 95
61 97
61 98
61 99
62 63
62 65
62 67
62 69
62 76
62 77
62 79
62 82
62 84
62 86
62 87
62 88
62 89
62 90
62 92
62 94
62 95
62 96
62 97
62 99
63 65
63 68
63 69
63 71
63 73
63 74
63 76
63 78
63 81
63 83
63 85
63 87
63 89
63 92
63 94
63 96
63 99
64 69
64 72
64 73
64 74
64 75
64 80
64 81
64 83
64 84
64 86
64 87
64 89
64 92
64 94
64 97
64 99
65 66
65 67
65 69
65 70
65 73
65 81
65 82
65 83
65 84
65 85
65 86
65 87
65 88
65 89
65 90
65 91
65 95
65 96
65 97
66 70
66 74
66 75
66 76
66 78
66 80
66 83
66 86
66 87
66 91
66 92
66 96
66 97
67 68
67 72
67 73
67 74
67 77
67 79
67 81
67 86
67 88
67 90
67 91
67 92
67 98
67 99
68 72
68 73
68 77
68 78
68 82
68 83
68 84
68 86
68 89
68 90
68 91
68 92
68 93
68 94
68 95
68 96
68 97
68 98
68 99
69 72
69 73
69 75
69 76
69 80
69 81
69 83
69 84
69 88
69 89
69 90
69 94
69 96
69 97
69 98
69 99
70 72
70 74
70 75
70 76
70 77
70 78
70 79
70 83
70 85
70 88
70 89
70 90
70 91
70 92
71 73
71 74
71 77
71 78
71 79
71 80
71 81
71 85
71 86
71 88
71 89
71 90
71 91
71 92
71 93
71 95
71 97
71 98
71 99
72 73
72 74
72 77
72 79
72 80
72 81
72 82
72 83
72 87
72 90
72 95
72 98
72 99
73 74
73 75
73 80
73 83
73 85
73 86
73 88
73 89
73 90
73 92
73 93
73 96
73 99
74 78
74 79
74 80
74 81
74 83
74 85
74 90
74 92
74 93
74 94
74 95
74 96
74 97
74 98
75 78
75 79
75 81
75 85
75 87
75 88
75 91
75 92
75 93
75 95
75 96
75 98
76 77
76 78
76 80
76 81
76 85
76 86
76 91
76 92
76 93
76 95
76 98
77 78
77 82
77 87
77 91
77 94
77 97
77 98
78 79
78 80
78 81
78 87
78 89
78 92
78 94
78 97
78 98
79 82
79 85
79 87
79 90
79 92
79 93
79 94
79 97
79 98
80 84
80 85
80 87
80 88
80 91
80 92
80 97
80 98
81 85
81 86
81 88
81 89
81 90
81 93
81 94
81 96
81 97
81 98
81 99
82 84
82 85
82 90
82 91
82 92
82 94
82 95
82 98
83 84
83 85
83 86
83 91
83 93
83 96
83 98
84 85
84 90
84 92
84 93
84 94
84 96
85 86
85 87
85 89
85 95
85 99
86 89
86 91
86 93
86 94
86 95
86 99
87 89
87 90
87 96
87 98
87 99
88 92
88 95
88 96
88 98
89 90
89 91
89 92
89 94
89 95
89 97
89 99
90 93
90 94
90 95
90 96
90 98
90 99
91 94
91 96
91 97
91 98
91 99
92 93
92 97
93 95
93 97
93 99
94 96
95 97
95 99
96 99
97 98
98 99
