0 2
0 4
0 7
0 8
0 11
0 13
0 18
0 19
0 22
0 27
0 28
0 29
0 31
0 33
0 35
0 39
0 40
0 44
0 47
0 48
0 51
0 54
0 55
0 56
0 59
0 61
0 62
0 64
0 66
0 68
0 70
0 71
0 72
0 76
0 78
0 80
0 81
0 82
0 83
0 85
0 86
0 89
0 91
0 94
0 98
0 99
1 2
1 4
1 6
1 10
1 11
1 12
1 13
1 14
1 15
1 16
1 17
1 18
1 19
1 20
1 23
1 24
1 27
1 28
1 30
1 31
1 32
1 34
1 35
1 36
1 40
1 42
1 44
1 46
1 47
1 49
1 50
1 51
1 52
1 57
1 59
1 60
1 61
1 62
1 65
1 72
1 73
1 74
1 75
1 76
1 79
1 80
1 81
1 82
1 84
1 88
1 90
1 92
1 95
1 96
2 4
2 6
2 8
2 9
2 10
2 12
2 15
2 17
2 19
2 20
2 24
2 25
2 26
2 29
2 30
2 31
2 35
2 38
2 40
2 42
2 45
2 47
2 48
2 51
2 52
2 54
2 55
2 56
2 60
2 64
2 67
2 70
2 74
2 75
2 76
2 79
2 80
2 81
2 83
2 86
2 87
2 90
2 91
2 92
2 93
2 94
2 95
2 97
2 98
3 4
3 7
3 9
3 10
3 17
3 23
3 24
3 26
3 27
3 29
3 30
3 31
3 34
3 37
3 38
3 39
3 40
3 42
3 43
3 44
3 46
3 50
3 53
3 55
3 57
3 59
3 61
3 63
3 64
3 66
3 67
3 68
3 69
3 70
3 72
3 73
3 74
3 77
3 79
3 80
3 82
3 86
3 87
3 88
3 89
3 92
3 94
3 95
3 98
3 99
4 6
4 7
4 12
4 14
4 15
4 17
4 18
4 19
4 23
4 27
4 30
4 31
4 32
4 35
4 36
4 37
4 38
4 39
4 40
4 41
4 47
4 48
4 49
4 59
4 64
4 66
4 67
4 69
4 72
4 73
4 74
4 80
4 81
4 83
4 85
4 87
4 88
4 89
4 90
4 91
4 93
4 94
4 96
4 97
4 98
4 99
5 7
5 8
5 9
5 10
5 12
5 15
5 19
5 20
5 22
5 25
5 29
5 30
5 34
5 35
5 38
5 41
5 42
5 43
5 44
5 45
5 49
5 51
5 53
5 54
5 55
5 56
5 58
5 59
5 60
5 62
5 63
5 64
5 65
5 69
5 70
5 72
5 73
5 80
5 81
5 84
5 87
5 93
5 94
5 95
5 96
5 98
5 99
6 8
6 10
6 11
6 12
6 13
6 16
6 17
6 20
6 21
6 23
6 25
6 26
6 27
6 28
6 29
6 33
6 38
6 40
6 43
6 50
6 51
6 52
6 53
6 55
6 60
6 62
6 63
6 64
6 66
6 67
6 68
6 69
6 70
6 72
6 76
6 78
6 80
6 82
6 84
6 86
6 87
6 90
6 94
6 95
6 96
6 97
6 99
7 8
7 9
7 12
7 13
7 15
7 17
7 18
7 20
7 21
7 24
7 27
7 30
7 32
7 34
7 35
7 36
7 37
7 42
7 43
7 45
7 50
7 53
7 55
7 56
7 58
7 59
7 64
7 65
7 67
7 73
7 74
7 75
7 78
7 79
7 80
7 84
7 87
7 89
7 90
7 91
7 95
7 97
7 98
8 9
8 12
8 13
8 14
8 15
8 19
8 20
8 22
8 23
8 28
8 29
8 33
8 38
8 39
8 40
8 41
8 42
8 45
8 46
8 51
8 54
8 55
8 56
8 57
8 58
8 62
8 64
8 66
8 70
8 72
8 75
8 76
8 77
8 79
8 80
8 81
8 82
8 83
8 84
8 86
8 87
8 89
8 91
8 92
8 93
8 94
8 97
8 99
9 10
9 16
9 21
9 22
9 23
9 24
9 25
9 34
9 38
9 39
9 40
9 43
9 44
9 46
9 48
9 51
9 54
9 55
9 56
9 57
9 58
9 60
9 61
9 63
9 64
9 65
9 66
9 67
9 68
9 69
9 70
9 73
9 74
9 78
9 81
9 82
9 84
9 86
9 88
9 92
9 95
9 96
9 97
9 98
9 99
10 12
10 14
10 15
10 16
10 20
10 23
10 25
10 26
10 28
10 32
10 33
10 34
10 37
10 38
10 42
10 43
10 48
10 49
10 51
10 54
10 55
10 58
10 59
10 60
10 61
10 63
10 65
10 66
10 70
10 71
10 72
10 73
10 74
10 79
10 81
10 86
10 87
10 89
10 90
10 94
10 97
10 98
10 99
11 12
11 13
11 16
11 19
11 20
11 21
11 23
11 24
11 27
11 28
11 29
11 32
11 35
11 36
11 37
11 40
11 42
11 44
11 48
11 49
11 52
11 53
11 54
11 56
11 57
11 58
11 60
11 61
11 62
11 67
11 70
11 71
11 72
11 73
11 75
11 76
11 80
11 81
11 82
11 83
11 86
11 87
11 88
11 91
11 92
11 94
12 13
12 15
12 16
12 17
12 18
12 20
12 21
12 23
12 24
12 25
12 28
12 29
12 30
12 32
12 33
12 34
12 38
12 39
12 41
12 45
12 47
12 49
12 52
12 53
12 55
12 56
12 61
12 70
12 72
12 73
12 77
12 78
12 83
12 84
12 89
12 90
12 91
12 92
12 93
12 94
12 95
12 96
12 97
12 98
12 99
13 14
13 15
13 18
13 22
13 24
13 25
13 26
13 27
13 29
13 30
13 31
13 32
13 33
13 34
13 36
13 38
13 39
13 42
13 43
13 44
13 47
13 49
13 51
13 53
13 56
13 59
13 60
13 61
13 64
13 66
13 67
13 69
13 71
13 74
13 75
13 82
13 83
13 84
13 87
13 89
13 90
13 91
13 92
13 93
13 95
13 96
13 97
13 99
14 15
14 16
14 17
14 22
14 25
14 27
14 28
14 31
14 33
14 35
14 36
14 38
14 39
14 42
14 46
14 47
14 49
14 50
14 51
14 52
14 59
14 64
14 65
14 66
14 67
14 69
14 71
14 73
14 75
14 76
14 77
14 78
14 79
14 80
14 81
14 83
14 89
14 91
14 94
14 95
14 97
14 98
15 16
15 17
15 20
15 22
15 24
15 30
15 35
15 41
15 42
15 49
15 54
15 57
15 58
15 60
15 62
15 65
15 67
15 68
15 70
15 72
15 75
15 77
15 79
15 80
15 84
15 86
15 87
15 88
15 89
15 93
15 96
15 97
15 99
16 19
16 22
16 25
16 26
16 27
16 28
16 30
16 31
16 33
16 34
16 36
16 37
16 40
16 43
16 44
16 48
16 50
16 51
16 52
16 55
16 56
16 59
16 60
16 61
16 64
16 66
16 67
16 69
16 70
16 71
16 72
16 73
16 75
16 79
16 80
16 81
16 87
16 90
16 91
16 94
16 95
16 99
17 18
17 20
17 22
17 23
17 24
17 28
17 29
17 30
17 31
17 34
17 38
17 40
17 41
17 42
17 44
17 47
17 48
17 49
17 50
17 53
17 54
17 55
17 56
17 57
17 58
17 61
17 63
17 64
17 65
17 67
17 69
17 70
17 71
17 72
17 78
17 80
17 81
17 82
17 83
17 86
17 89
17 91
17 96
17 97
17 98
18 19
18 20
18 21
18 27
18 34
18 40
18 44
18 45
18 47
18 48
18 49
18 52
18 54
18 55
18 58
18 62
18 64
18 65
18 67
18 68
18 69
18 70
18 71
18 72
18 73
18 74
18 76
18 77
18 78
18 82
18 85
18 87
18 88
18 89
18 92
18 94
18 95
18 97
18 98
18 99
19 20
19 28
19 30
19 33
19 35
19 40
19 46
19 47
19 48
19 49
19 53
19 57
19 58
19 59
19 62
19 63
19 64
19 65
19 66
19 68
19 69
19 70
19 71
19 72
19 73
19 76
19 78
19 81
19 86
19 87
19 88
19 90
19 95
19 96
19 99
20 25
20 26
20 27
20 29
20 30
20 32
20 34
20 35
20 36
20 37
20 40
20 41
20 42
20 45
20 50
20 53
20 55
20 59
20 60
20 62
20 66
20 68
20 76
20 77
20 78
20 79
20 80
20 84
20 85
20 87
20 88
20 90
20 94
20 97
21 22
21 25
21 26
21 27
21 28
21 29
21 30
21 32
21 33
21 34
21 37
21 38
21 42
21 43
21 44
21 49
21 50
21 56
21 57
21 58
21 59
21 60
21 61
21 66
21 68
21 70
21 71
21 72
21 76
21 80
21 85
21 86
21 87
21 96
21 98
22 23
22 24
22 25
22 26
22 27
22 28
22 29
22 30
22 34
22 37
22 38
22 40
22 41
22 53
22 57
22 58
22 59
22 61
22 62
22 67
22 68
22 69
22 71
22 72
22 75
22 77
22 80
22 82
22 83
22 87
22 88
22 89
22 92
22 93
22 98
22 99
23 24
23 26
23 27
23 31
23 32
23 34
23 38
23 42
23 43
23 45
23 48
23 50
23 51
23 52
23 56
23 57
23 61
23 62
23 64
23 65
23 66
23 67
23 68
23 70
23 73
23 76
23 77
23 78
23 85
23 88
23 94
23 98
23 99
24 26
24 29
24 30
24 31
24 35
24 37
24 38
24 41
24 42
24 44
24 49
24 50
24 51
24 52
24 55
24 56
24 65
24 66
24 67
24 68
24 70
24 71
24 72
24 75
24 79
24 82
24 85
24 86
24 87
24 88
24 89
24 92
24 96
24 98
25 27
25 28
25 30
25 35
25 36
25 37
25 43
25 44
25 46
25 48
25 49
25 51
25 59
25 62
25 66
25 68
25 70
25 71
25 72
25 75
25 76
25 78
25 81
25 82
25 85
25 86
25 87
25 89
25 90
25 91
25 92
25 93
25 98
25 99
26 27
26 31
26 33
26 34
26 36
26 38
26 44
26 45
26 46
26 49
26 53
26 55
26 56
26 61
26 62
26 63
26 64
26 65
26 67
26 68
26 69
26 71
26 73
26 74
26 75
26 76
26 78
26 80
26 83
26 84
26 85
26 86
26 87
26 88
26 89
26 91
26 96
26 97
26 98
27 28
27 30
27 33
27 34
27 36
27 39
27 42
27 43
27 45
27 49
27 50
27 52
27 53
27 57
27 58
27 59
27 60
27 64
27 66
27 72
27 73
27 75
27 79
27 82
27 83
27 84
27 89
27 90
27 91
27 92
27 93
27 94
27 95
27 96
27 97
27 98
27 99
28 29
28 31
28 32
28 34
28 35
28 36
28 37
28 38
28 42
28 43
28 44
28 45
28 47
28 48
28 49
28 53
28 57
28 58
28 60
28 62
28 64
28 67
28 70
28 71
28 72
28 73
28 75
28 77
28 78
28 79
28 80
28 82
28 83
28 84
28 85
28 88
28 95
29 32
29 34
29 36
29 37
29 38
29 42
29 46
29 47
29 48
29 49
29 52
29 58
29 61
29 68
29 71
29 72
29 73
29 77
29 78
29 79
29 80
29 81
29 83
29 86
29 88
29 89
29 93
29 94
29 95
29 97
29 99
30 34
30 35
30 37
30 42
30 43
30 45
30 47
30 50
30 53
30 55
30 57
30 58
30 59
30 60
30 61
30 63
30 71
30 72
30 73
30 75
30 76
30 78
30 82
30 84
30 86
30 87
30 92
31 32
31 33
31 34
31 36
31 37
31 38
31 39
31 41
31 45
31 53
31 54
31 55
31 56
31 62
31 65
31 66
31 67
31 69
31 71
31 72
31 73
31 74
31 75
31 76
31 78
31 79
31 80
31 82
31 84
31 85
31 88
31 89
31 90
31 91
31 93
31 95
32 37
32 40
32 41
32 42
32 43
32 48
32 51
32 54
32 59
32 61
32 62
32 64
32 66
32 67
32 71
32 72
32 73
32 74
32 75
32 76
32 77
32 79
32 83
32 84
32 85
32 87
32 88
32 89
32 93
32 96
33 34
33 35
33 37
33 39
33 40
33 42
33 43
33 44
33 47
33 55
33 59
33 60
33 64
33 65
33 68
33 70
33 72
33 74
33 75
33 77
33 79
33 82
33 85
33 87
33 88
33 91
33 93
33 94
33 95
33 96
33 99
34 35
34 36
34 37
34 40
34 42
34 43
34 47
34 49
34 50
34 52
34 55
34 56
34 57
34 61
34 65
34 68
34 69
34 70
34 71
34 74
34 75
34 76
34 79
34 81
34 82
34 83
34 88
34 89
34 91
34 92
34 93
34 96
34 99
35 37
35 39
35 42
35 44
35 48
35 49
35 50
35 51
35 52
35 53
35 54
35 55
35 57
35 59
35 60
35 61
35 62
35 63
35 64
35 65
35 66
35 69
35 71
35 72
35 73
35 75
35 76
35 77
35 78
35 81
35 82
35 83
35 88
35 89
35 90
35 91
35 93
35 96
35 99
36 37
36 38
36 39
36 41
36 42
36 43
36 44
36 46
36 48
36 49
36 50
36 51
36 52
36 53
36 55
36 56
36 59
36 67
36 68
36 69
36 70
36 75
36 83
36 87
36 88
36 90
36 91
36 94
36 95
36 96
36 97
36 98
37 40
37 41
37 42
37 43
37 44
37 46
37 49
37 52
37 54
37 58
37 59
37 64
37 66
37 67
37 72
37 73
37 76
37 79
37 80
37 82
37 83
37 84
37 88
37 89
37 90
37 93
37 95
37 99
38 39
38 40
38 41
38 43
38 45
38 50
38 51
38 52
38 53
38 54
38 61
38 63
38 65
38 66
38 67
38 68
38 71
38 73
38 75
38 76
38 77
38 81
38 82
38 84
38 86
38 87
38 92
38 93
38 94
38 95
38 96
39 40
39 41
39 42
39 43
39 44
39 45
39 48
39 49
39 50
39 52
39 53
39 54
39 57
39 58
39 59
39 61
39 66
39 67
39 69
39 70
39 72
39 76
39 78
39 80
39 81
39 83
39 85
39 86
39 88
39 89
39 91
39 92
39 93
39 95
39 97
40 42
40 44
40 45
40 46
40 49
40 50
40 52
40 53
40 55
40 56
40 58
40 61
40 67
40 68
40 69
40 71
40 72
40 73
40 76
40 77
40 80
40 82
40 84
40 85
40 87
40 88
40 89
40 90
40 91
40 95
40 99
41 43
41 44
41 46
41 49
41 50
41 52
41 55
41 59
41 60
41 61
41 65
41 68
41 69
41 71
41 73
41 74
41 75
41 77
41 79
41 81
41 85
41 88
41 91
41 97
41 99
42 43
42 44
42 45
42 46
42 48
42 50
42 53
42 54
42 55
42 57
42 58
42 60
42 61
42 63
42 65
42 66
42 67
42 68
42 74
42 79
42 81
42 82
42 84
42 89
42 90
42 94
42 96
42 98
42 99
43 44
43 45
43 47
43 48
43 49
43 51
43 57
43 60
43 63
43 64
43 65
43 66
43 67
43 68
43 69
43 71
43 72
43 74
43 76
43 82
43 85
43 89
43 90
43 91
43 92
43 94
43 95
43 99
44 49
44 50
44 54
44 56
44 59
44 60
44 66
44 69
44 72
44 74
44 75
44 77
44 83
44 84
44 86
44 87
44 90
44 91
44 92
44 96
44 98
44 99
45 49
45 51
45 52
45 55
45 56
45 59
45 60
45 61
45 65
45 71
45 72
45 73
45 74
45 79
45 80
45 81
45 83
45 85
45 87
45 88
45 90
45 91
45 92
45 94
45 95
45 96
46 47
46 48
46 51
46 52
46 53
46 58
46 62
46 65
46 66
46 69
46 71
46 74
46 75
46 76
46 85
46 88
46 92
46 94
46 95
46 97
46 99
47 48
47 49
47 51
47 53
47 54
47 55
47 57
47 58
47 60
47 61
47 64
47 67
47 69
47 72
47 82
47 83
47 86
47 89
47 90
47 91
47 93
47 94
47 95
47 97
47 99
48 49
48 50
48 53
48 55
48 56
48 58
48 59
48 60
48 62
48 67
48 69
48 71
48 72
48 76
48 77
48 79
48 80
48 81
48 83
48 84
48 88
48 89
48 91
48 93
48 95
48 97
48 99
49 50
49 52
49 56
49 57
49 58
49 60
49 64
49 66
49 67
49 68
49 69
49 71
49 74
49 75
49 76
49 77
49 80
49 83
49 85
49 86
49 88
49 90
49 91
49 92
49 96
49 98
49 99
50 51
50 52
50 55
50 56
50 57
50 59
50 60
50 62
50 65
50 66
50 67
50 68
50 70
50 73
50 74
50 77
50 78
50 82
50 83
50 85
50 86
50 87
50 88
50 93
50 95
50 96
50 97
51 52
51 54
51 57
51 59
51 61
51 64
51 65
51 71
51 72
51 74
51 77
51 82
51 85
51 89
51 91
51 92
51 93
51 94
51 95
51 98
51 99
52 53
52 56
52 57
52 58
52 60
52 61
52 62
52 63
52 64
52 65
52 66
52 68
52 72
52 73
52 74
52 75
52 76
52 78
52 79
52 80
52 81
52 83
52 87
52 90
52 92
52 95
52 96
52 99
53 54
53 55
53 56
53 57
53 61
53 64
53 65
53 66
53 67
53 70
53 72
53 73
53 74
53 75
53 79
53 82
53 83
53 84
53 85
53 90
53 91
53 92
53 93
53 94
53 96
53 97
53 98
53 99
54 55
54 57
54 58
54 59
54 61
54 62
54 64
54 66
54 67
54 68
54 70
54 71
54 72
54 78
54 82
54 83
54 87
54 88
54 92
54 93
54 95
54 96
54 97
55 57
55 59
55 60
55 61
55 63
55 66
55 70
55 72
55 73
55 76
55 79
55 81
55 86
55 87
55 88
55 89
55 90
55 97
56 67
56 68
56 70
56 72
56 74
56 75
56 76
56 77
56 79
56 80
56 81
56 84
56 87
56 91
56 95
57 63
57 64
57 66
57 67
57 68
57 69
57 70
57 71
57 72
57 74
57 75
57 77
57 78
57 83
57 89
57 92
57 93
57 94
57 96
57 97
57 98
58 63
58 64
58 65
58 67
58 69
58 70
58 71
58 75
58 76
58 78
58 79
58 80
58 81
58 82
58 83
58 87
58 88
58 90
58 91
58 92
58 93
58 94
58 98
58 99
59 62
59 63
59 64
59 65
59 66
59 70
59 71
59 72
59 74
59 75
59 76
59 77
59 79
59 81
59 82
59 83
59 84
59 87
59 88
59 94
59 95
59 96
59 97
59 98
60 61
60 62
60 63
60 66
60 67
60 68
60 70
60 72
60 74
60 76
60 80
60 85
60 86
60 87
60 89
60 92
60 97
60 99
61 64
61 66
61 67
61 69
61 71
61 72
61 73
61 76
61 77
61 79
61 80
61 82
61 83
61 86
61 87
61 90
61 91
61 93
61 94
61 99
62 63
62 65
62 67
62 68
62 69
62 70
62 71
62 74
62 80
62 81
62 82
62 83
62 84
62 85
62 89
62 90
62 94
62 95
62 97
62 98
62 99
63 64
63 66
63 68
63 69
63 71
63 74
63 75
63 79
63 80
63 82
63 83
63 85
63 87
63 88
63 89
63 91
63 92
63 93
63 94
63 95
63 97
63 98
64 65
64 66
64 67
64 68
64 71
64 72
64 73
64 74
64 75
64 78
64 80
64 83
64 84
64 85
64 88
64 89
64 90
64 92
64 93
64 94
64 95
64 96
64 99
65 66
65 67
65 70
65 71
65 72
65 74
65 79
65 86
65 87
65 89
65 91
65 95
65 97
65 98
65 99
66 70
66 71
66 73
66 74
66 75
66 76
66 82
66 84
66 87
66 89
66 91
66 92
66 93
66 94
66 96
66 97
66 99
67 68
67 69
67 74
67 78
67 79
67 81
67 84
67 85
67 87
67 89
67 90
67 92
67 96
68 69
68 70
68 71
68 72
68 73
68 74
68 76
68 77
68 78
68 79
68 80
68 82
68 85
68 86
68 87
68 92
68 93
68 95
68 96
68 97
68 98
69 70
69 74
69 75
69 77
69 81
69 82
69 83
69 86
69 87
69 88
69 89
69 91
69 94
69 95
69 96
69 99
70 71
70 77
70 78
70 79
70 80
70 82
70 84
70 86
70 88
70 89
70 91
70 93
70 94
70 96
70 97
70 98
70 99
71 73
71 78
71 79
71 82
71 84
71 85
71 86
71 87
71 88
71 89
71 90
71 91
71 92
71 96
71 97
71 98
72 77
72 79
72 82
72 85
72 89
72 91
72 92
72 94
72 96
72 98
72 99
73 74
73 76
73 79
73 82
73 84
73 85
73 91
73 93
73 96
73 98
74 75
74 78
74 82
74 84
74 86
74 91
74 93
74 94
74 95
74 97
74 99
75 77
75 80
75 82
75 86
75 89
75 90
75 91
75 93
75 94
75 95
75 98
76 77
76 78
76 79
76 80
76 82
76 84
76 86
76 89
76 90
76 91
76 93
76 94
76 96
76 98
76 99
77 78
77 81
77 82
77 83
77 87
77 89
77 91
77 92
77 93
77 94
77 95
77 98
78 79
78 80
78 81
78 84
78 87
78 91
78 92
78 95
78 98
78 99
79 80
79 81
79 85
79 89
79 90
79 95
79 97
80 81
80 83
80 84
80 85
80 89
80 93
80 94
80 96
80 97
81 82
81 85
81 86
81 88
81 90
81 91
81 92
81 93
81 94
81 95
81 96
81 98
81 99
82 83
82 84
82 85
82 86
82 88
82 89
82 90
82 91
82 92
82 95
82 96
82 97
82 98
83 87
83 88
83 89
83 90
83 91
83 92
83 93
83 94
83 95
83 96
83 99
84 85
84 87
84 90
84 93
84 94
84 95
84 96
84 98
84 99
85 87
85 88
85 90
85 91
85 93
85 95
85 96
85 97
85 98
86 88
86 89
86 91
86 93
86 95
86 96
87 88
87 89
87 91
87 95
88 91
88 96
88 98
89 90
89 91
89 92
89 93
89 94
89 95
89 96
89 98
89 99
90 91
90 93
90 94
90 96
90 97
90 98
91 92
91 93
91 97
91 99
92 94
92 96
92 97
93 94
93 97
93 99
94 95
94 96
94 97
94 98
94 99
95 96
95 99
96 97
97 98
97 99
