0 2
0 3
0 5
0 6
0 7
0 9
0 12
0 16
0 18
0 20
0 24
0 25
0 26
0 29
0 30
0 32
0 33
0 36
0 40
0 43
0 44
0 45
0 46
0 47
0 50
0 53
0 56
0 58
0 60
0 61
0 63
0 64
0 65
0 66
0 67
0 68
0 70
0 74
0 75
0 76
0 78
0 80
0 85
0 87
0 88
0 89
0 91
0 92
0 94
0 95
0 96
1 3
1 5
1 8
1 9
1 10
1 11
1 13
1 16
1 17
1 18
1 20
1 21
1 22
1 23
1 26
1 28
1 29
1 30
1 31
1 32
1 33
1 36
1 38
1 41
1 42
1 43
1 44
1 47
1 51
1 54
1 55
1 56
1 57
1 61
1 63
1 64
1 65
1 67
1 70
1 71
1 72
1 73
1 74
1 76
1 80
1 81
1 82
1 85
1 88
1 90
1 92
1 93
1 94
1 95
2 3
2 6
2 7
2 8
2 13
2 14
2 15
2 16
2 19
2 22
2 23
2 24
2 25
2 27
2 28
2 30
2 33
2 34
2 35
2 36
2 38
2 39
2 43
2 44
2 46
2 52
2 57
2 58
2 59
2 60
2 63
2 64
2 68
2 69
2 70
2 75
2 76
2 77
2 78
2 79
2 80
2 82
2 83
2 84
2 87
2 88
2 90
2 91
2 92
2 94
2 95
2 97
2 98
2 99
3 5
3 6
3 8
3 9
3 10
3 16
3 19
3 21
3 22
3 24
3 29
3 30
3 31
3 32
3 35
3 37
3 39
3 41
3 44
3 46
3 49
3 50
3 56
3 57
3 61
3 63
3 64
3 67
3 68
3 69
3 72
3 76
3 80
3 81
3 82
3 84
3 85
3 86
3 87
3 88
3 89
3 95
3 98
3 99
4 5
4 8
4 10
4 11
4 13
4 14
4 17
4 18
4 20
4 23
4 25
4 27
4 28
4 29
4 30
4 36
4 37
4 38
4 42
4 43
4 44
4 45
4 46
4 48
4 51
4 53
4 55
4 58
4 64
4 65
4 67
4 69
4 70
4 73
4 74
4 75
4 77
4 78
4 84
4 87
4 89
4 90
4 91
4 94
4 95
4 97
4 98
5 6
5 7
5 8
5 10
5 15
5 17
5 18
5 19
5 24
5 26
5 31
5 32
5 33
5 35
5 36
5 37
5 42
5 43
5 44
5 48
5 55
5 57
5 60
5 63
5 64
5 71
5 72
5 73
5 77
5 79
5 81
5 82
5 83
5 84
5 85
5 87
5 89
5 90
5 91
5 94
5 95
5 98
5 99
6 8
6 14
6 17
6 18
6 19
6 20
6 23
6 24
6 25
6 27
6 28
6 29
6 34
6 38
6 40
6 43
6 44
6 45
6 46
6 48
6 49
6 52
6 55
6 56
6 57
6 60
6 63
6 64
6 65
6 70
6 74
6 75
6 82
6 86
6 87
6 94
6 98
7 10
7 12
7 18
7 21
7 22
7 25
7 29
7 30
7 34
7 36
7 38
7 39
7 40
7 42
7 46
7 51
7 52
7 53
7 55
7 58
7 59
7 60
7 65
7 67
7 71
7 72
7 73
7 74
7 75
7 76
7 78
7 79
7 82
7 85
7 87
7 88
7 89
7 92
7 94
7 98
7 99
8 9
8 10
8 15
8 20
8 21
8 22
8 23
8 25
8 27
8 28
8 30
8 31
8 33
8 34
8 35
8 36
8 37
8 40
8 42
8 44
8 45
8 46
8 47
8 49
8 50
8 52
8 57
8 58
8 59
8 60
8 63
8 66
8 67
8 71
8 73
8 74
8 78
8 81
8 83
8 92
8 94
8 97
8 98
9 12
9 14
9 16
9 18
9 21
9 23
9 24
9 25
9 26
9 29
9 31
9 34
9 37
9 38
9 41
9 43
9 44
9 47
9 48
9 49
9 50
9 51
9 53
9 54
9 55
9 56
9 58
9 59
9 60
9 61
9 62
9 64
9 66
9 67
9 70
9 71
9 73
9 75
9 76
9 77
9 81
9 83
9 84
9 86
9 87
9 90
9 91
9 92
9 96
9 97
10 15
10 16
10 18
10 19
10 21
10 22
10 24
10 25
10 27
10 29
10 34
10 35
10 36
10 37
10 39
10 41
10 44
10 48
10 53
10 54
10 55
10 58
10 61
10 62
10 64
10 66
10 67
10 68
10 70
10 71
10 73
10 76
10 78
10 79
10 80
10 83
10 85
10 87
10 92
10 93
10 94
10 96
10 97
10 99
11 12
11 13
11 14
11 15
11 16
11 17
11 19
11 20
11 23
11 26
11 27
11 33
11 36
11 38
11 40
11 41
11 42
11 44
11 45
11 46
11 48
11 49
11 50
11 52
11 53
11 54
11 56
11 58
11 59
11 62
11 63
11 68
11 69
11 70
11 72
11 76
11 78
11 81
11 84
11 85
11 88
11 89
11 90
11 93
11 94
11 99
12 13
12 14
12 15
12 20
12 21
12 25
12 26
12 27
12 29
12 30
12 31
12 33
12 35
12 37
12 38
12 39
12 40
12 41
12 43
12 44
12 45
12 46
12 47
12 48
12 49
12 50
12 54
12 55
12 57
12 58
12 59
12 62
12 64
12 69
12 72
12 74
12 76
12 78
12 79
12 80
12 83
12 85
12 87
12 90
12 91
12 93
12 94
12 95
12 97
12 99
13 16
13 19
13 21
13 25
13 27
13 28
13 31
13 34
13 35
13 37
13 38
13 40
13 43
13 46
13 47
13 50
13 51
13 53
13 55
13 56
13 57
13 59
13 61
13 62
13 63
13 66
13 71
13 73
13 74
13 75
13 78
13 80
13 82
13 84
13 85
13 86
13 87
13 88
13 89
13 91
13 96
13 97
14 16
14 17
14 18
14 21
14 22
14 24
14 26
14 29
14 30
14 31
14 32
14 33
14 36
14 38
14 39
14 40
14 41
14 42
14 49
14 50
14 51
14 52
14 53
14 55
14 56
14 60
14 61
14 63
14 67
14 69
14 77
14 79
14 83
14 89
14 91
14 92
14 94
14 96
14 97
15 16
15 19
15 22
15 25
15 26
15 27
15 28
15 32
15 33
15 35
15 39
15 40
15 42
15 43
15 44
15 46
15 47
15 54
15 56
15 58
15 60
15 61
15 64
15 68
15 70
15 72
15 76
15 77
15 78
15 80
15 83
15 84
15 87
15 88
15 90
15 91
15 92
15 96
15 97
15 98
16 17
16 19
16 22
16 24
16 26
16 27
16 28
16 29
16 30
16 33
16 34
16 38
16 39
16 40
16 42
16 43
16 45
16 46
16 50
16 51
16 52
16 54
16 56
16 57
16 58
16 60
16 64
16 65
16 66
16 67
16 68
16 72
16 73
16 74
16 75
16 77
16 79
16 81
16 88
16 89
16 91
16 92
16 93
16 95
16 96
16 97
16 99
17 18
17 21
17 24
17 25
17 29
17 32
17 33
17 34
17 39
17 43
17 47
17 50
17 51
17 54
17 55
17 56
17 58
17 59
17 61
17 62
17 63
17 65
17 69
17 70
17 75
17 77
17 78
17 80
17 81
17 82
17 87
17 89
17 91
17 92
17 94
17 95
17 96
18 20
18 22
18 25
18 27
18 28
18 29
18 31
18 38
18 39
18 40
18 43
18 45
18 46
18 47
18 48
18 51
18 52
18 53
18 55
18 56
18 60
18 63
18 69
18 70
18 75
18 77
18 78
18 81
18 82
18 83
18 84
18 86
18 87
18 89
18 94
18 96
18 98
18 99
19 23
19 28
19 29
19 30
19 32
19 36
19 37
19 39
19 41
19 42
19 43
19 46
19 47
19 50
19 51
19 54
19 56
19 57
19 58
19 62
19 65
19 69
19 72
19 78
19 80
19 81
19 82
19 83
19 84
19 85
19 87
19 95
19 98
20 21
20 22
20 26
20 27
20 28
20 29
20 32
20 33
20 35
20 38
20 39
20 40
20 41
20 42
20 48
20 50
20 52
20 53
20 54
20 55
20 56
20 57
20 58
20 60
20 63
20 67
20 70
20 71
20 72
20 73
20 81
20 84
20 85
20 86
20 87
20 90
20 92
20 93
20 94
20 97
20 98
20 99
21 23
21 27
21 28
21 29
21 30
21 31
21 33
21 35
21 36
21 39
21 40
21 41
21 42
21 43
21 44
21 45
21 46
21 48
21 49
21 51
21 53
21 54
21 55
21 56
21 57
21 59
21 60
21 62
21 63
21 64
21 69
21 72
21 73
21 76
21 77
21 78
21 79
21 80
21 82
21 83
21 84
21 85
21 86
21 88
21 91
21 92
21 94
21 98
22 23
22 25
22 26
22 27
22 28
22 29
22 34
22 35
22 37
22 38
22 42
22 44
22 45
22 46
22 47
22 51
22 55
22 56
22 57
22 58
22 60
22 61
22 62
22 66
22 73
22 75
22 76
22 82
22 83
22 85
22 86
22 88
22 91
22 92
22 96
22 99
23 24
23 25
23 26
23 27
23 28
23 30
23 32
23 36
23 38
23 41
23 45
23 47
23 50
23 53
23 54
23 56
23 57
23 59
23 60
23 66
23 71
23 73
23 75
23 76
23 81
23 82
23 84
23 87
23 88
23 89
23 92
23 93
23 95
23 98
24 25
24 26
24 27
24 31
24 35
24 36
24 38
24 39
24 44
24 46
24 50
24 51
24 56
24 59
24 60
24 61
24 62
24 63
24 64
24 65
24 68
24 69
24 71
24 73
24 75
24 76
24 78
24 80
24 82
24 83
24 84
24 87
24 89
24 90
24 96
25 27
25 29
25 30
25 35
25 36
25 38
25 39
25 40
25 41
25 44
25 45
25 49
25 50
25 52
25 54
25 57
25 59
25 62
25 63
25 68
25 70
25 71
25 73
25 76
25 77
25 78
25 80
25 81
25 82
25 88
25 89
25 96
26 27
26 28
26 29
26 30
26 34
26 35
26 36
26 37
26 38
26 39
26 40
26 41
26 43
26 46
26 47
26 49
26 50
26 51
26 53
26 56
26 57
26 60
26 62
26 66
26 67
26 71
26 72
26 73
26 74
26 77
26 78
26 79
26 81
26 83
26 89
26 90
26 96
26 97
26 98
27 28
27 31
27 32
27 34
27 38
27 43
27 44
27 45
27 48
27 49
27 51
27 56
27 57
27 60
27 61
27 65
27 67
27 69
27 72
27 74
27 76
27 77
27 78
27 79
27 80
27 82
27 85
27 86
27 87
27 91
27 92
27 93
27 95
27 97
27 98
27 99
28 30
28 31
28 34
28 35
28 36
28 37
28 38
28 39
28 40
28 42
28 44
28 47
28 48
28 51
28 52
28 53
28 54
28 55
28 56
28 57
28 58
28 59
28 62
28 64
28 67
28 71
28 73
28 75
28 85
28 86
28 87
28 89
28 91
28 93
28 94
28 95
28 96
28 98
29 32
29 36
29 37
29 38
29 39
29 41
29 44
29 47
29 48
29 52
29 54
29 55
29 56
29 57
29 59
29 60
29 61
29 62
29 63
29 65
29 66
29 67
29 68
29 70
29 73
29 75
29 76
29 77
29 78
29 82
29 84
29 86
29 87
29 90
29 91
29 92
29 93
29 94
29 95
29 96
29 98
30 31
30 34
30 36
30 39
30 43
30 45
30 46
30 49
30 50
30 51
30 56
30 57
30 58
30 59
30 60
30 61
30 66
30 67
30 68
30 69
30 71
30 73
30 77
30 79
30 82
30 83
30 84
30 85
30 86
30 87
30 88
30 89
30 91
30 92
30 93
30 94
30 95
30 96
30 97
30 98
30 99
31 32
31 33
31 38
31 39
31 40
31 41
31 42
31 45
31 46
31 47
31 48
31 49
31 51
31 56
31 57
31 58
31 60
31 61
31 62
31 63
31 64
31 65
31 68
31 73
31 74
31 75
31 76
31 79
31 82
31 83
31 84
31 86
31 88
31 92
31 93
31 95
31 97
31 98
31 99
32 33
32 35
32 36
32 37
32 38
32 39
32 40
32 42
32 44
32 46
32 48
32 49
32 50
32 56
32 57
32 59
32 63
32 64
32 65
32 67
32 69
32 70
32 74
32 75
32 77
32 78
32 79
32 80
32 87
32 90
32 91
32 92
32 93
32 94
32 95
32 97
32 98
32 99
33 34
33 37
33 38
33 40
33 41
33 42
33 43
33 45
33 46
33 48
33 49
33 52
33 53
33 57
33 59
33 60
33 61
33 63
33 64
33 66
33 67
33 69
33 71
33 76
33 80
33 81
33 83
33 84
33 89
33 91
33 92
33 96
33 99
34 35
34 39
34 41
34 43
34 44
34 46
34 47
34 48
34 49
34 50
34 51
34 55
34 57
34 61
34 63
34 65
34 66
34 69
34 71
34 72
34 74
34 75
34 76
34 78
34 79
34 81
34 82
34 85
34 86
34 90
34 91
34 93
34 95
34 97
34 98
35 36
35 39
35 42
35 43
35 45
35 46
35 47
35 48
35 49
35 50
35 51
35 52
35 53
35 54
35 55
35 60
35 63
35 64
35 66
35 68
35 69
35 70
35 71
35 72
35 73
35 74
35 75
35 76
35 77
35 78
35 80
35 81
35 82
35 83
35 87
35 90
35 97
35 99
36 37
36 38
36 41
36 42
36 43
36 44
36 45
36 47
36 48
36 53
36 55
36 58
36 62
36 64
36 65
36 74
36 75
36 77
36 78
36 79
36 84
36 89
36 90
36 91
36 92
36 96
36 97
36 98
36 99
37 38
37 40
37 42
37 45
37 47
37 48
37 50
37 51
37 57
37 58
37 59
37 60
37 61
37 65
37 66
37 67
37 69
37 71
37 73
37 76
37 77
37 78
37 79
37 80
37 81
37 82
37 83
37 85
37 86
37 87
37 88
37 90
37 94
37 96
37 99
38 39
38 40
38 41
38 42
38 45
38 46
38 47
38 50
38 52
38 54
38 55
38 56
38 57
38 58
38 59
38 60
38 62
38 63
38 66
38 67
38 70
38 72
38 73
38 76
38 77
38 79
38 80
38 81
38 82
38 83
38 86
38 87
38 88
38 89
38 91
38 94
38 95
38 96
39 40
39 42
39 43
39 44
39 45
39 50
39 53
39 58
39 59
39 61
39 63
39 64
39 65
39 68
39 71
39 74
39 77
39 83
39 84
39 85
39 86
39 87
39 88
39 89
39 90
39 91
39 92
39 93
39 95
39 96
40 41
40 42
40 43
40 44
40 45
40 46
40 48
40 49
40 51
40 54
40 55
40 58
40 59
40 61
40 62
40 63
40 64
40 65
40 66
40 69
40 70
40 75
40 78
40 79
40 80
40 82
40 83
40 86
40 87
40 92
40 93
40 95
40 97
40 98
40 99
41 42
41 43
41 47
41 48
41 50
41 52
41 55
41 56
41 58
41 61
41 62
41 64
41 66
41 70
41 71
41 72
41 74
41 76
41 79
41 80
41 83
41 85
41 86
41 87
41 89
41 90
41 92
41 93
41 94
41 95
41 96
41 97
41 98
41 99
42 48
42 50
42 52
42 54
42 55
42 58
42 59
42 60
42 64
42 66
42 67
42 68
42 69
42 70
42 71
42 72
42 74
42 75
42 76
42 77
42 78
42 84
42 85
42 87
42 88
42 89
42 92
42 97
42 98
43 44
43 46
43 48
43 49
43 52
43 53
43 54
43 57
43 59
43 60
43 63
43 65
43 68
43 70
43 73
43 74
43 75
43 76
43 79
43 80
43 81
43 84
43 88
43 89
43 90
43 91
43 93
43 94
43 95
43 97
43 98
44 46
44 47
44 50
44 52
44 53
44 57
44 60
44 61
44 62
44 63
44 64
44 65
44 69
44 70
44 73
44 74
44 75
44 76
44 77
44 82
44 83
44 84
44 87
44 90
44 91
44 93
44 95
44 96
44 97
44 98
44 99
45 47
45 49
45 55
45 57
45 61
45 62
45 65
45 66
45 67
45 68
45 72
45 79
45 80
45 82
45 83
45 84
45 85
45 86
45 88
45 90
45 93
45 94
45 95
45 96
45 97
45 98
45 99
46 47
46 51
46 52
46 56
46 58
46 62
46 63
46 65
46 66
46 67
46 71
46 72
46 74
46 75
46 78
46 81
46 82
46 83
46 84
46 85
46 87
46 89
46 92
46 94
47 49
47 50
47 52
47 54
47 55
47 57
47 58
47 60
47 61
47 62
47 63
47 68
47 69
47 70
47 71
47 72
47 75
47 76
47 77
47 81
47 82
47 83
47 84
47 85
47 86
47 94
47 96
47 98
47 99
48 51
48 52
48 54
48 56
48 59
48 60
48 63
48 71
48 72
48 74
48 77
48 79
48 80
48 81
48 82
48 85
48 87
48 89
48 91
48 96
48 97
48 99
49 50
49 51
49 53
49 55
49 58
49 59
49 60
49 63
49 68
49 69
49 72
49 78
49 79
49 81
49 82
49 84
49 85
49 87
49 88
49 91
49 92
49 94
49 95
50 51
50 55
50 56
50 57
50 58
50 59
50 60
50 61
50 62
50 63
50 66
50 67
50 69
50 70
50 74
50 76
50 77
50 78
50 80
50 81
50 82
50 83
50 84
50 86
50 88
50 90
50 91
50 92
50 96
50 98
51 55
51 56
51 57
51 58
51 60
51 61
51 62
51 64
51 65
51 68
51 69
51 70
51 72
51 73
51 74
51 75
51 77
51 79
51 80
51 81
51 82
51 83
51 84
51 85
51 86
51 88
51 94
51 96
51 98
51 99
52 54
52 59
52 60
52 61
52 63
52 65
52 66
52 67
52 68
52 69
52 80
52 81
52 82
52 84
52 85
52 89
52 91
52 93
52 94
53 56
53 57
53 58
53 61
53 65
53 67
53 71
53 76
53 78
53 79
53 82
53 84
53 86
53 88
53 89
53 91
53 92
53 94
53 97
53 99
54 55
54 57
54 59
54 63
54 64
54 67
54 68
54 69
54 76
54 78
54 79
54 81
54 82
54 83
54 87
54 89
54 91
54 93
54 97
54 98
55 56
55 57
55 59
55 61
55 63
55 66
55 73
55 74
55 76
55 77
55 78
55 79
55 82
55 84
55 89
55 91
55 96
55 97
55 98
55 99
56 57
56 58
56 59
56 65
56 66
56 70
56 72
56 73
56 74
56 75
56 76
56 78
56 79
56 83
56 85
56 89
56 91
56 93
56 97
56 98
56 99
57 59
57 60
57 62
57 63
57 69
57 70
57 71
57 73
57 78
57 80
57 81
57 84
57 86
57 87
57 91
57 92
57 94
57 99
58 59
58 60
58 61
58 63
58 65
58 68
58 72
58 74
58 76
58 77
58 78
58 79
58 83
58 84
58 86
58 87
58 92
58 94
59 61
59 66
59 69
59 70
59 71
59 72
59 73
59 75
59 77
59 79
59 84
59 85
59 86
59 87
59 89
59 90
59 94
59 95
59 99
60 61
60 64
60 66
60 68
60 69
60 73
60 78
60 79
60 81
60 82
60 83
60 84
60 86
60 87
60 90
60 93
60 94
60 99
61 62
61 64
61 69
61 71
61 73
61 76
61 77
61 81
61 83
61 85
61 86
61 88
61 93
61 94
61 96
61 97
61 98
62 63
62 64
62 66
62 68
62 69
62 73
62 74
62 75
62 76
62 81
62 82
62 85
62 88
62 89
62 90
62 91
62 92
62 93
62 95
62 99
63 64
63 65
63 67
63 68
63 70
63 71
63 73
63 75
63 76
63 77
63 79
63 80
63 81
63 82
63 84
63 88
63 89
63 91
63 93
63 94
63 95
63 98
64 65
64 66
64 67
64 70
64 73
64 74
64 75
64 76
64 80
64 81
64 83
64 84
64 86
64 88
64 89
64 91
64 95
64 97
64 99
65 69
65 70
65 73
65 75
65 77
65 78
65 80
65 83
65 84
65 85
65 96
65 98
66 67
66 68
66 69
66 73
66 75
66 77
66 81
66 82
66 83
66 85
66 88
66 89
66 90
66 93
67 68
67 74
67 75
67 76
67 78
67 80
67 84
67 86
67 87
67 89
67 92
67 94
67 96
68 70
68 72
68 76
68 77
68 78
68 79
68 82
68 86
68 87
68 88
68 89
68 91
68 95
68 97
68 99
69 70
69 71
69 73
69 74
69 76
69 77
69 78
69 81
69 83
69 84
69 85
69 86
69 89
69 91
69 93
69 94
69 95
69 98
70 71
70 72
70 74
70 75
70 76
70 78
70 85
70 87
70 88
70 90
70 91
70 94
70 96
71 74
71 75
71 76
71 77
71 80
71 83
71 85
71 86
71 88
71 90
71 98
72 73
72 75
72 77
72 78
72 80
72 81
72 83
72 85
72 86
72 87
72 88
72 90
72 94
72 99
73 74
73 76
73 78
73 80
73 81
73 83
73 84
73 86
73 88
73 89
73 90
73 92
73 94
73 95
73 97
73 98
74 76
74 79
74 80
74 82
74 88
74 90
74 95
74 96
75 78
75 80
75 81
75 83
75 86
75 87
75 88
75 89
75 90
75 91
75 94
75 95
75 96
76 77
76 79
76 80
76 81
76 82
76 86
76 88
76 89
76 92
76 93
76 94
76 96
76 97
77 81
77 82
77 83
77 89
77 91
77 92
77 94
77 96
77 97
77 99
78 79
78 81
78 82
78 83
78 86
78 88
78 89
78 91
78 93
78 94
78 98
79 80
79 82
79 83
79 84
79 85
79 86
79 87
79 91
79 93
79 94
79 97
79 99
80 83
80 90
80 91
80 92
80 96
81 83
81 85
81 87
81 88
81 89
81 90
81 92
81 98
82 83
82 87
82 89
82 92
82 93
82 96
82 97
82 99
83 87
83 88
83 90
83 93
84 85
84 86
84 89
84 90
84 91
84 92
84 94
84 95
84 96
84 97
85 86
85 88
85 90
85 92
85 97
85 99
86 87
86 88
86 93
86 94
86 95
86 99
87 90
87 91
87 94
87 96
87 98
88 89
88 90
88 91
88 93
88 95
88 97
89 92
89 93
89 94
89 95
89 97
89 98
90 94
90 95
90 96
90 97
90 98
90 99
91 94
91 95
91 98
92 93
92 95
92 96
92 98
92 99
93 94
93 95
93 97
93 98
94 95
94 96
94 97
94 98
94 99
95 97
96 98
97 98
98 99
