0 1
0 3
0 7
0 8
0 9
0 10
0 11
0 17
0 19
0 24
0 26
0 28
0 30
0 31
0 32
0 33
0 34
0 35
0 37
0 38
0 47
0 48
0 49
0 50
0 51
0 53
0 54
0 56
0 59
0 60
0 63
0 64
0 67
0 73
0 74
0 75
0 78
0 79
0 84
0 85
0 86
0 92
0 94
0 95
0 96
0 97
0 99
1 2
1 3
1 5
1 6
1 8
1 9
1 10
1 11
1 13
1 17
1 18
1 19
1 20
1 22
1 25
1 29
1 30
1 32
1 35
1 37
1 38
1 39
1 41
1 43
1 48
1 53
1 55
1 56
1 57
1 58
1 60
1 61
1 62
1 64
1 67
1 69
1 70
1 71
1 72
1 73
1 77
1 82
1 83
1 84
1 85
1 86
1 87
1 88
1 89
1 90
1 93
1 94
1 96
2 4
2 7
2 8
2 9
2 10
2 14
2 15
2 16
2 17
2 18
2 19
2 22
2 23
2 24
2 26
2 27
2 30
2 31
2 36
2 37
2 38
2 39
2 40
2 48
2 50
2 53
2 54
2 55
2 56
2 58
2 61
2 63
2 64
2 65
2 68
2 70
2 72
2 76
2 77
2 78
2 80
2 81
2 88
2 96
3 4
3 6
3 11
3 12
3 17
3 18
3 19
3 20
3 23
3 24
3 26
3 27
3 29
3 31
3 32
3 36
3 37
3 38
3 40
3 47
3 49
3 51
3 52
3 53
3 54
3 55
3 57
3 60
3 63
3 64
3 65
3 66
3 68
3 69
3 72
3 73
3 77
3 81
3 82
3 85
3 87
3 89
3 94
3 95
3 96
3 97
3 98
4 7
4 15
4 17
4 19
4 21
4 23
4 24
4 26
4 27
4 30
4 33
4 38
4 39
4 42
4 43
4 44
4 48
4 49
4 50
4 54
4 56
4 57
4 59
4 61
4 62
4 64
4 69
4 71
4 74
4 76
4 78
4 80
4 81
4 82
4 85
4 89
4 94
4 95
4 96
4 97
4 99
5 9
5 11
5 13
5 14
5 15
5 17
5 20
5 21
5 24
5 25
5 26
5 27
5 29
5 30
5 32
5 33
5 34
5 36
5 43
5 44
5 46
5 47
5 51
5 54
5 56
5 57
5 63
5 64
5 66
5 69
5 70
5 71
5 72
5 75
5 77
5 79
5 83
5 85
5 86
5 90
5 92
5 94
5 98
5 99
6 7
6 8
6 9
6 12
6 13
6 14
6 18
6 19
6 21
6 25
6 28
6 30
6 32
6 33
6 34
6 37
6 38
6 41
6 43
6 45
6 47
6 48
6 50
6 52
6 56
6 58
6 59
6 62
6 64
6 66
6 68
6 74
6 75
6 76
6 77
6 80
6 81
6 82
6 83
6 87
6 90
6 91
6 92
6 93
6 96
6 98
6 99
7 9
7 10
7 13
7 15
7 16
7 18
7 23
7 25
7 27
7 28
7 29
7 30
7 31
7 41
7 43
7 44
7 45
7 47
7 49
7 50
7 54
7 55
7 56
7 57
7 60
7 61
7 62
7 65
7 67
7 69
7 70
7 77
7 78
7 81
7 82
7 83
7 85
7 88
7 93
7 94
7 95
7 96
7 98
7 99
8 10
8 12
8 14
8 15
8 16
8 17
8 20
8 22
8 24
8 27
8 28
8 30
8 37
8 38
8 39
8 43
8 44
8 46
8 47
8 48
8 51
8 53
8 54
8 55
8 56
8 57
8 58
8 61
8 62
8 63
8 66
8 67
8 68
8 69
8 70
8 71
8 72
8 79
8 80
8 81
8 83
8 86
8 88
8 93
8 98
8 99
9 12
9 13
9 19
9 21
9 23
9 26
9 28
9 29
9 30
9 32
9 33
9 38
9 39
9 43
9 46
9 49
9 51
9 52
9 55
9 57
9 58
9 59
9 64
9 72
9 75
9 78
9 79
9 81
9 82
9 83
9 86
9 90
9 92
9 95
9 96
9 98
9 99
10 12
10 17
10 18
10 19
10 30
10 35
10 37
10 39
10 42
10 46
10 48
10 49
10 50
10 51
10 54
10 56
10 59
10 64
10 65
10 66
10 69
10 70
10 72
10 76
10 77
10 78
10 79
10 81
10 83
10 85
10 90
10 93
10 94
10 95
10 96
11 12
11 16
11 22
11 25
11 33
11 38
11 39
11 41
11 44
11 45
11 47
11 48
11 50
11 52
11 53
11 58
11 59
11 61
11 62
11 66
11 70
11 72
11 73
11 74
11 75
11 76
11 77
11 78
11 81
11 82
11 87
11 89
11 90
11 91
11 92
11 94
11 95
11 96
11 98
12 13
12 16
12 18
12 20
12 23
12 25
12 26
12 27
12 31
12 32
12 33
12 35
12 39
12 40
12 42
12 48
12 52
12 53
12 54
12 55
12 56
12 58
12 60
12 61
12 63
12 65
12 70
12 73
12 75
12 77
12 78
12 87
12 92
12 95
12 98
12 99
13 15
13 17
13 20
13 26
13 30
13 34
13 35
13 37
13 38
13 39
13 40
13 45
13 46
13 48
13 49
13 52
13 54
13 55
13 56
13 57
13 58
13 59
13 60
13 61
13 62
13 64
13 69
13 71
13 72
13 73
13 74
13 75
13 76
13 77
13 78
13 81
13 83
13 84
13 85
13 87
13 89
13 90
13 92
13 95
13 99
14 15
14 17
14 18
14 24
14 25
14 28
14 32
14 35
14 42
14 44
14 45
14 47
14 49
14 53
14 55
14 56
14 57
14 58
14 60
14 61
14 62
14 63
14 64
14 65
14 67
14 68
14 72
14 73
14 75
14 77
14 79
14 81
14 83
14 84
14 89
14 90
14 91
14 93
14 95
14 97
14 98
15 17
15 19
15 21
15 22
15 23
15 29
15 30
15 31
15 32
15 33
15 34
15 35
15 40
15 41
15 42
15 46
15 47
15 48
15 51
15 52
15 54
15 57
15 61
15 62
15 64
15 67
15 79
15 80
15 81
15 82
15 83
15 85
15 86
15 88
15 90
15 93
15 94
15 95
15 96
15 98
16 17
16 19
16 21
16 22
16 25
16 28
16 30
16 32
16 35
16 42
16 43
16 45
16 46
16 51
16 53
16 58
16 59
16 60
16 62
16 63
16 68
16 70
16 72
16 77
16 78
16 80
16 81
16 83
16 86
16 87
16 89
16 91
16 92
16 94
16 95
16 97
17 18
17 19
17 22
17 23
17 24
17 25
17 30
17 31
17 34
17 37
17 38
17 39
17 41
17 42
17 44
17 47
17 49
17 53
17 54
17 56
17 58
17 59
17 60
17 61
17 63
17 64
17 66
17 67
17 68
17 70
17 71
17 72
17 77
17 78
17 79
17 85
17 87
17 94
17 96
17 97
17 98
18 19
18 26
18 27
18 28
18 29
18 31
18 33
18 34
18 35
18 37
18 42
18 44
18 47
18 48
18 49
18 52
18 53
18 56
18 57
18 59
18 60
18 65
18 66
18 67
18 68
18 70
18 71
18 73
18 75
18 76
18 77
18 79
18 80
18 81
18 82
18 84
18 85
18 87
18 88
18 92
18 94
18 96
18 97
18 98
18 99
19 20
19 22
19 23
19 26
19 29
19 30
19 32
19 38
19 41
19 42
19 45
19 47
19 49
19 50
19 51
19 54
19 57
19 58
19 60
19 61
19 62
19 64
19 65
19 66
19 67
19 69
19 76
19 78
19 80
19 82
19 83
19 89
19 90
19 91
19 92
19 95
19 98
20 23
20 24
20 25
20 26
20 28
20 31
20 32
20 33
20 35
20 37
20 39
20 40
20 41
20 49
20 51
20 54
20 57
20 61
20 62
20 66
20 68
20 69
20 72
20 74
20 75
20 80
20 81
20 83
20 85
20 86
20 87
20 90
20 94
20 95
20 97
20 98
20 99
21 23
21 25
21 27
21 30
21 31
21 32
21 34
21 36
21 37
21 40
21 48
21 49
21 50
21 51
21 53
21 54
21 55
21 56
21 59
21 60
21 62
21 63
21 65
21 67
21 68
21 69
21 71
21 74
21 76
21 77
21 78
21 79
21 82
21 83
21 85
21 86
21 88
21 89
21 90
21 92
21 94
21 95
22 25
22 26
22 27
22 28
22 34
22 39
22 40
22 42
22 46
22 47
22 50
22 51
22 52
22 54
22 55
22 56
22 59
22 60
22 61
22 62
22 63
22 64
22 68
22 69
22 70
22 71
22 73
22 74
22 75
22 79
22 80
22 82
22 85
22 86
22 87
22 88
22 91
22 94
22 96
22 98
23 24
23 26
23 27
23 28
23 32
23 33
23 34
23 38
23 40
23 43
23 44
23 47
23 50
23 52
23 54
23 55
23 59
23 60
23 63
23 64
23 65
23 68
23 69
23 73
23 74
23 75
23 77
23 78
23 79
23 81
23 83
23 85
23 86
23 88
23 89
23 90
23 95
23 96
23 97
23 98
24 26
24 27
24 28
24 30
24 31
24 32
24 33
24 34
24 38
24 39
24 41
24 43
24 44
24 46
24 49
24 51
24 54
24 55
24 56
24 58
24 62
24 63
24 66
24 67
24 68
24 69
24 72
24 75
24 76
24 77
24 79
24 80
24 82
24 84
24 85
24 88
24 89
24 91
24 92
24 95
24 96
24 98
24 99
25 26
25 29
25 30
25 31
25 34
25 38
25 41
25 43
25 44
25 46
25 47
25 48
25 51
25 52
25 53
25 56
25 58
25 60
25 62
25 64
25 65
25 67
25 68
25 73
25 74
25 77
25 78
25 80
25 82
25 84
25 85
25 87
25 88
25 94
25 96
25 98
25 99
26 28
26 29
26 30
26 31
26 32
26 36
26 37
26 38
26 39
26 40
26 41
26 42
26 46
26 48
26 49
26 51
26 53
26 55
26 56
26 57
26 59
26 62
26 65
26 66
26 67
26 69
26 73
26 75
26 79
26 83
26 84
26 86
26 89
26 91
26 94
26 95
26 97
26 98
27 28
27 29
27 30
27 32
27 33
27 38
27 39
27 40
27 41
27 43
27 48
27 49
27 50
27 51
27 56
27 59
27 62
27 65
27 67
27 68
27 69
27 77
27 81
27 82
27 87
27 88
27 89
27 93
27 98
27 99
28 29
28 30
28 32
28 33
28 36
28 37
28 42
28 43
28 46
28 48
28 49
28 50
28 52
28 54
28 56
28 58
28 59
28 61
28 62
28 63
28 64
28 66
28 67
28 69
28 74
28 75
28 78
28 79
28 82
28 84
28 85
28 87
28 89
28 91
28 93
28 95
28 97
28 99
29 30
29 32
29 33
29 37
29 41
29 43
29 44
29 49
29 53
29 54
29 59
29 61
29 64
29 65
29 68
29 69
29 72
29 73
29 74
29 77
29 78
29 79
29 80
29 81
29 82
29 84
29 85
29 86
29 90
29 94
29 95
29 98
29 99
30 31
30 33
30 34
30 36
30 40
30 41
30 42
30 43
30 44
30 45
30 47
30 51
30 52
30 55
30 56
30 60
30 64
30 66
30 67
30 69
30 70
30 72
30 74
30 76
30 77
30 80
30 86
30 89
30 90
30 94
30 97
31 33
31 35
31 43
31 44
31 45
31 47
31 48
31 49
31 51
31 52
31 54
31 55
31 59
31 60
31 63
31 64
31 66
31 68
31 72
31 73
31 75
31 79
31 82
31 83
31 85
31 87
31 94
32 34
32 35
32 42
32 44
32 46
32 47
32 48
32 51
32 52
32 55
32 56
32 57
32 59
32 60
32 61
32 62
32 65
32 66
32 67
32 70
32 71
32 72
32 73
32 74
32 78
32 79
32 82
32 85
32 86
32 88
32 89
32 95
32 97
33 41
33 42
33 43
33 46
33 48
33 51
33 52
33 57
33 60
33 61
33 66
33 67
33 68
33 72
33 73
33 74
33 77
33 79
33 80
33 82
33 83
33 85
33 86
33 87
33 89
33 92
33 93
33 96
33 98
33 99
34 35
34 36
34 37
34 39
34 43
34 47
34 49
34 50
34 51
34 53
34 54
34 55
34 56
34 57
34 59
34 61
34 63
34 64
34 65
34 66
34 67
34 68
34 70
34 72
34 73
34 76
34 78
34 79
34 80
34 82
34 83
34 85
34 86
34 88
34 90
34 91
34 92
34 93
34 95
34 96
34 98
34 99
35 38
35 41
35 42
35 45
35 46
35 47
35 50
35 51
35 52
35 53
35 54
35 56
35 57
35 59
35 62
35 64
35 65
35 69
35 71
35 72
35 76
35 79
35 86
35 90
35 99
36 37
36 40
36 41
36 42
36 45
36 46
36 48
36 54
36 56
36 57
36 58
36 59
36 61
36 67
36 72
36 73
36 80
36 81
36 82
36 85
36 87
36 91
36 93
36 98
36 99
37 38
37 39
37 42
37 44
37 47
37 49
37 50
37 52
37 54
37 55
37 56
37 58
37 60
37 61
37 62
37 63
37 64
37 66
37 69
37 72
37 73
37 74
37 75
37 77
37 78
37 81
37 83
37 84
37 86
37 87
37 90
37 94
37 96
37 97
37 99
38 39
38 40
38 44
38 46
38 50
38 53
38 54
38 57
38 59
38 60
38 61
38 70
38 72
38 74
38 76
38 77
38 81
38 82
38 83
38 85
38 88
38 90
38 91
38 92
38 95
38 97
38 98
38 99
39 42
39 43
39 44
39 47
39 49
39 50
39 53
39 56
39 62
39 63
39 64
39 72
39 79
39 80
39 84
39 85
39 86
39 88
39 89
39 90
39 91
39 95
39 97
39 98
39 99
40 41
40 42
40 43
40 46
40 49
40 51
40 52
40 53
40 54
40 56
40 57
40 59
40 60
40 61
40 62
40 64
40 65
40 70
40 71
40 73
40 75
40 76
40 78
40 79
40 81
40 84
40 86
40 90
40 91
40 92
40 93
40 95
40 96
40 98
41 44
41 46
41 50
41 51
41 55
41 56
41 59
41 61
41 65
41 67
41 68
41 72
41 74
41 76
41 79
41 81
41 82
41 85
41 86
41 90
41 92
41 94
41 95
41 98
42 45
42 46
42 48
42 50
42 51
42 52
42 55
42 56
42 58
42 59
42 61
42 65
42 66
42 67
42 68
42 69
42 70
42 71
42 72
42 78
42 80
42 81
42 82
42 84
42 85
42 87
42 88
42 90
42 91
42 92
42 94
42 95
42 97
42 99
43 44
43 48
43 49
43 50
43 51
43 54
43 56
43 57
43 59
43 60
43 61
43 63
43 64
43 69
43 70
43 71
43 72
43 74
43 80
43 82
43 84
43 87
43 88
43 89
43 90
43 91
43 92
43 93
43 94
43 95
43 97
43 98
43 99
44 46
44 47
44 49
44 50
44 54
44 55
44 56
44 57
44 60
44 62
44 63
44 64
44 65
44 67
44 70
44 71
44 72
44 73
44 77
44 78
44 79
44 80
44 81
44 88
44 89
44 93
44 96
44 97
44 99
45 47
45 48
45 51
45 53
45 54
45 55
45 56
45 60
45 61
45 62
45 63
45 64
45 65
45 66
45 67
45 69
45 70
45 71
45 73
45 74
45 76
45 78
45 79
45 82
45 85
45 88
45 89
45 97
46 47
46 48
46 50
46 53
46 54
46 56
46 59
46 61
46 62
46 63
46 64
46 65
46 67
46 70
46 71
46 72
46 75
46 76
46 77
46 78
46 81
46 82
46 83
46 84
46 86
46 88
46 90
46 91
46 92
46 93
46 95
47 48
47 51
47 52
47 55
47 56
47 57
47 59
47 60
47 61
47 62
47 66
47 68
47 72
47 75
47 77
47 79
47 81
47 82
47 83
47 84
47 87
47 88
47 90
47 92
47 93
47 96
47 98
48 51
48 53
48 55
48 57
48 58
48 59
48 60
48 62
48 64
48 66
48 67
48 69
48 71
48 72
48 74
48 76
48 77
48 86
48 87
48 92
48 95
48 97
48 98
49 50
49 52
49 55
49 58
49 59
49 60
49 62
49 63
49 66
49 67
49 68
49 72
49 73
49 74
49 75
49 79
49 80
49 82
49 83
49 84
49 86
49 89
49 91
49 94
49 95
49 96
49 97
49 99
50 52
50 56
50 59
50 60
50 65
50 67
50 69
50 70
50 71
50 74
50 79
50 80
50 81
50 85
50 86
50 90
50 91
50 92
50 97
50 99
51 54
51 56
51 59
51 60
51 61
51 63
51 64
51 66
51 67
51 68
51 70
51 73
51 74
51 75
51 76
51 78
51 79
51 81
51 82
51 90
51 91
51 92
51 94
51 95
51 97
52 56
52 60
52 61
52 62
52 64
52 66
52 67
52 68
52 69
52 71
52 76
52 77
52 78
52 84
52 85
52 87
52 89
52 93
52 99
53 54
53 55
53 57
53 58
53 62
53 63
53 64
53 65
53 69
53 71
53 72
53 74
53 76
53 77
53 78
53 80
53 83
53 84
53 88
53 90
53 91
53 94
53 97
53 99
54 55
54 56
54 58
54 59
54 60
54 63
54 65
54 66
54 70
54 74
54 75
54 76
54 77
54 79
54 81
54 82
54 84
54 85
54 87
54 88
54 92
54 93
54 94
55 57
55 58
55 59
55 60
55 61
55 65
55 66
55 67
55 68
55 69
55 71
55 72
55 79
55 81
55 82
55 84
55 86
55 87
55 88
55 90
55 92
55 93
55 96
55 97
55 98
56 58
56 60
56 61
56 63
56 64
56 66
56 69
56 72
56 74
56 75
56 76
56 78
56 79
56 81
56 84
56 85
56 90
56 91
56 92
56 95
56 96
56 98
57 59
57 60
57 61
57 62
57 64
57 65
57 66
57 68
57 71
57 74
57 76
57 78
57 79
57 82
57 83
57 88
57 92
57 93
57 95
57 96
57 97
57 98
58 60
58 61
58 64
58 65
58 66
58 67
58 69
58 72
58 73
58 74
58 76
58 77
58 78
58 81
58 83
58 86
58 87
58 90
58 94
58 95
58 97
59 60
59 61
59 62
59 63
59 64
59 65
59 66
59 69
59 71
59 76
59 77
59 83
59 84
59 85
59 86
59 88
59 89
59 91
59 92
59 93
59 97
59 98
60 66
60 68
60 73
60 74
60 75
60 78
60 79
60 80
60 81
60 83
60 84
60 85
60 86
60 87
60 88
60 89
60 90
60 92
60 93
60 97
61 63
61 68
61 69
61 70
61 71
61 74
61 75
61 77
61 78
61 79
61 80
61 83
61 84
61 85
61 87
61 88
61 89
61 90
61 91
61 94
61 95
62 65
62 67
62 70
62 71
62 78
62 79
62 80
62 84
62 87
62 88
62 89
62 90
62 92
62 94
62 97
62 98
62 99
63 65
63 66
63 67
63 69
63 70
63 72
63 73
63 74
63 76
63 77
63 78
63 83
63 85
63 87
63 88
63 89
63 93
63 94
63 95
63 96
64 65
64 67
64 69
64 70
64 72
64 73
64 75
64 76
64 77
64 78
64 79
64 82
64 84
64 86
64 87
64 89
64 90
64 93
64 99
65 66
65 67
65 68
65 69
65 70
65 71
65 72
65 73
65 74
65 75
65 80
65 82
65 84
65 85
65 86
65 88
65 90
65 94
65 96
65 99
66 67
66 71
66 72
66 73
66 81
66 88
66 91
66 95
66 96
66 98
67 72
67 74
67 79
67 80
67 81
67 83
67 85
67 87
67 88
67 90
67 93
67 94
67 96
67 98
67 99
68 72
68 74
68 75
68 76
68 81
68 84
68 85
68 94
68 95
68 97
69 70
69 72
69 77
69 78
69 79
69 80
69 82
69 85
69 86
69 88
69 91
69 93
69 96
69 99
70 71
70 72
70 73
70 78
70 79
70 81
70 83
70 85
70 86
70 88
70 89
70 90
70 92
70 94
70 95
70 96
70 97
70 98
70 99
71 72
71 73
71 74
71 79
71 80
71 86
71 87
71 88
71 89
71 90
71 92
71 93
71 94
71 95
71 96
71 98
71 99
72 76
72 80
72 81
72 82
72 83
72 86
72 91
72 95
72 96
72 99
73 75
73 76
73 78
73 81
73 84
73 86
73 88
73 89
73 90
73 97
73 98
73 99
74 75
74 77
74 78
74 79
74 80
74 83
74 85
74 86
74 87
74 90
74 92
74 94
74 97
74 98
74 99
75 76
75 80
75 82
75 85
75 86
75 89
75 90
75 91
75 92
75 93
75 94
75 95
75 98
75 99
76 77
76 78
76 85
76 86
76 91
76 92
76 93
76 94
76 95
77 78
77 79
77 81
77 82
77 84
77 85
77 87
77 88
77 89
77 90
77 91
78 81
78 84
78 88
78 89
78 90
78 91
78 92
78 95
79 82
79 83
79 84
79 85
79 86
79 87
79 88
79 89
79 90
79 91
79 92
79 93
79 94
79 95
80 81
80 82
80 83
80 84
80 87
80 88
80 90
80 91
80 92
80 93
80 96
81 83
81 85
81 86
81 90
81 91
81 92
81 95
81 99
82 83
82 84
82 85
82 86
82 87
82 88
82 89
82 91
82 92
82 95
82 97
82 99
83 86
83 87
83 90
83 91
83 93
83 96
83 98
84 85
84 87
84 89
84 91
84 94
84 95
84 96
84 98
84 99
85 86
85 88
85 89
85 92
85 93
85 95
85 96
86 91
86 93
86 94
86 95
86 97
86 98
86 99
87 88
87 90
87 91
87 93
87 94
88 89
88 90
88 92
88 93
88 97
88 99
89 94
90 93
90 94
90 95
91 94
91 97
91 98
92 93
92 94
92 95
92 96
92 97
92 98
93 99
94 96
94 97
94 98
95 96
95 97
95 98
96 97
96 99
97 98
97 99
98 99
