0 2
0 4
0 7
0 8
0 11
0 12
0 13
0 15
0 16
0 17
0 18
0 24
0 26
0 27
0 28
0 30
0 31
0 32
0 36
0 38
0 39
0 40
0 41
0 42
0 43
0 44
0 45
0 48
0 49
0 50
0 51
0 52
0 53
0 54
0 56
0 58
0 59
0 61
0 62
0 67
0 68
0 69
0 72
0 73
0 76
0 79
0 80
0 81
0 82
0 88
0 89
0 90
0 91
0 92
0 98
0 99
1 2
1 3
1 4
1 8
1 10
1 11
1 14
1 18
1 19
1 25
1 26
1 27
1 28
1 32
1 35
1 36
1 37
1 38
1 39
1 41
1 42
1 43
1 45
1 47
1 48
1 49
1 50
1 51
1 52
1 53
1 57
1 62
1 68
1 71
1 72
1 75
1 76
1 77
1 78
1 79
1 80
1 81
1 83
1 84
1 86
1 93
1 97
2 4
2 5
2 6
2 7
2 10
2 11
2 12
2 13
2 14
2 15
2 18
2 20
2 24
2 25
2 26
2 27
2 30
2 31
2 32
2 33
2 37
2 40
2 42
2 47
2 48
2 49
2 54
2 55
2 57
2 58
2 59
2 61
2 65
2 68
2 70
2 71
2 72
2 73
2 74
2 75
2 76
2 81
2 84
2 85
2 86
2 88
2 92
2 98
3 4
3 7
3 10
3 11
3 13
3 14
3 15
3 16
3 17
3 20
3 22
3 23
3 24
3 25
3 26
3 28
3 29
3 30
3 32
3 33
3 34
3 38
3 39
3 48
3 50
3 51
3 52
3 54
3 55
3 56
3 57
3 59
3 60
3 63
3 64
3 65
3 66
3 67
3 68
3 70
3 73
3 77
3 81
3 84
3 85
3 86
3 87
3 89
3 91
3 92
3 93
3 95
3 96
3 99
4 5
4 8
4 11
4 13
4 16
4 17
4 19
4 20
4 21
4 25
4 28
4 29
4 31
4 33
4 34
4 35
4 38
4 44
4 45
4 46
4 48
4 51
4 55
4 57
4 59
4 60
4 62
4 64
4 67
4 69
4 72
4 74
4 78
4 83
4 84
4 88
4 89
4 90
4 93
4 94
4 97
4 98
4 99
5 6
5 10
5 11
5 15
5 17
5 19
5 20
5 25
5 27
5 29
5 30
5 34
5 36
5 38
5 39
5 42
5 44
5 46
5 47
5 50
5 54
5 55
5 56
5 58
5 60
5 61
5 63
5 64
5 65
5 67
5 68
5 70
5 73
5 79
5 80
5 81
5 82
5 83
5 86
5 88
5 89
5 90
5 91
5 92
5 94
5 96
5 97
5 98
6 7
6 8
6 10
6 12
6 13
6 18
6 19
6 20
6 26
6 29
6 31
6 32
6 33
6 34
6 35
6 39
6 41
6 42
6 43
6 44
6 45
6 49
6 50
6 51
6 52
6 56
6 57
6 61
6 62
6 63
6 64
6 65
6 66
6 67
6 71
6 72
6 73
6 74
6 75
6 77
6 78
6 84
6 85
6 86
6 87
6 88
6 91
6 93
6 94
6 96
6 97
6 99
7 8
7 11
7 13
7 14
7 21
7 23
7 24
7 31
7 32
7 36
7 37
7 40
7 42
7 45
7 49
7 51
7 53
7 54
7 55
7 56
7 57
7 59
7 65
7 67
7 68
7 70
7 72
7 74
7 77
7 78
7 84
7 86
7 87
7 88
7 90
8 10
8 14
8 15
8 19
8 20
8 21
8 22
8 26
8 28
8 30
8 32
8 33
8 35
8 41
8 42
8 43
8 46
8 48
8 53
8 55
8 56
8 58
8 61
8 62
8 63
8 64
8 66
8 67
8 70
8 71
8 72
8 74
8 75
8 76
8 80
8 84
8 85
8 87
8 88
8 91
8 93
8 94
8 97
9 11
9 13
9 15
9 16
9 17
9 20
9 24
9 25
9 27
9 28
9 30
9 34
9 36
9 38
9 39
9 42
9 45
9 46
9 50
9 51
9 52
9 53
9 54
9 55
9 56
9 58
9 59
9 60
9 64
9 66
9 68
9 69
9 70
9 73
9 74
9 76
9 77
9 80
9 84
9 85
9 86
9 87
9 90
9 94
9 96
9 97
10 15
10 16
10 17
10 18
10 20
10 22
10 24
10 25
10 28
10 30
10 35
10 37
10 38
10 41
10 42
10 45
10 49
10 51
10 52
10 56
10 58
10 59
10 61
10 63
10 66
10 67
10 68
10 72
10 74
10 75
10 76
10 77
10 79
10 83
10 86
10 87
10 88
10 89
10 93
10 99
11 14
11 15
11 17
11 18
11 22
11 24
11 29
11 31
11 32
11 33
11 36
11 38
11 41
11 42
11 43
11 45
11 49
11 51
11 56
11 57
11 61
11 67
11 68
11 69
11 70
11 71
11 74
11 76
11 78
11 79
11 82
11 84
11 86
11 89
11 91
11 92
11 93
11 94
11 95
11 97
11 98
12 13
12 16
12 17
12 19
12 20
12 24
12 26
12 29
12 30
12 31
12 33
12 34
12 35
12 36
12 40
12 42
12 44
12 46
12 54
12 55
12 58
12 60
12 66
12 68
12 69
12 70
12 71
12 77
12 79
12 83
12 84
12 86
12 89
12 90
12 91
12 93
12 97
12 98
12 99
13 14
13 18
13 20
13 21
13 25
13 26
13 27
13 30
13 33
13 35
13 36
13 39
13 40
13 41
13 42
13 44
13 48
13 50
13 57
13 63
13 65
13 70
13 71
13 76
13 77
13 78
13 80
13 85
13 90
13 91
13 97
13 98
14 17
14 19
14 20
14 25
14 30
14 31
14 33
14 34
14 36
14 38
14 39
14 43
14 44
14 48
14 49
14 52
14 54
14 57
14 58
14 59
14 61
14 62
14 63
14 64
14 67
14 71
14 72
14 73
14 75
14 76
14 78
14 82
14 83
14 86
14 88
14 89
14 92
14 94
14 96
14 98
14 99
15 18
15 20
15 23
15 24
15 29
15 30
15 31
15 33
15 34
15 36
15 37
15 38
15 39
15 41
15 43
15 45
15 46
15 49
15 52
15 53
15 57
15 58
15 60
15 61
15 63
15 67
15 69
15 71
15 73
15 74
15 79
15 81
15 82
15 83
15 85
15 88
15 89
15 91
15 93
15 94
15 98
16 17
16 21
16 22
16 23
16 26
16 27
16 28
16 33
16 36
16 37
16 38
16 39
16 41
16 42
16 43
16 46
16 51
16 52
16 57
16 60
16 64
16 65
16 67
16 68
16 69
16 70
16 71
16 76
16 78
16 83
16 84
16 85
16 86
16 87
16 91
16 92
16 94
17 18
17 20
17 22
17 24
17 25
17 30
17 31
17 33
17 38
17 39
17 40
17 41
17 42
17 43
17 45
17 48
17 49
17 51
17 53
17 55
17 56
17 57
17 58
17 59
17 61
17 63
17 64
17 65
17 66
17 68
17 69
17 72
17 74
17 75
17 76
17 77
17 78
17 83
17 84
17 85
17 88
17 89
17 90
17 91
17 94
17 96
17 98
18 19
18 22
18 24
18 26
18 30
18 33
18 34
18 36
18 38
18 40
18 41
18 42
18 43
18 44
18 45
18 46
18 47
18 48
18 49
18 53
18 57
18 60
18 61
18 63
18 69
18 70
18 71
18 72
18 73
18 74
18 75
18 76
18 77
18 79
18 82
18 84
18 88
18 90
18 94
18 95
18 97
19 20
19 22
19 24
19 26
19 27
19 37
19 38
19 39
19 40
19 44
19 51
19 52
19 55
19 57
19 60
19 61
19 62
19 63
19 64
19 68
19 72
19 73
19 74
19 77
19 80
19 82
19 83
19 86
19 87
19 88
19 89
19 92
19 94
19 95
19 99
20 22
20 24
20 28
20 31
20 35
20 37
20 38
20 40
20 41
20 42
20 43
20 44
20 46
20 47
20 51
20 54
20 58
20 60
20 61
20 62
20 63
20 65
20 66
20 68
20 69
20 71
20 72
20 73
20 75
20 77
20 79
20 81
20 82
20 83
20 84
20 85
20 86
20 87
20 88
20 89
20 90
20 92
20 93
20 94
20 95
20 96
20 97
21 24
21 27
21 29
21 30
21 33
21 34
21 35
21 36
21 38
21 43
21 45
21 46
21 50
21 52
21 54
21 55
21 57
21 59
21 60
21 61
21 62
21 63
21 64
21 67
21 68
21 71
21 72
21 74
21 75
21 76
21 78
21 79
21 81
21 83
21 84
21 89
21 91
21 93
21 95
21 99
22 23
22 25
22 31
22 32
22 33
22 34
22 36
22 37
22 39
22 41
22 45
22 50
22 51
22 54
22 55
22 56
22 57
22 60
22 65
22 72
22 75
22 78
22 80
22 83
22 88
22 90
22 93
22 94
22 95
23 24
23 26
23 27
23 31
23 32
23 35
23 39
23 41
23 42
23 44
23 46
23 47
23 49
23 53
23 55
23 56
23 58
23 60
23 62
23 66
23 72
23 73
23 75
23 78
23 79
23 82
23 84
23 86
23 88
23 90
23 93
23 99
24 26
24 27
24 30
24 31
24 33
24 35
24 38
24 40
24 41
24 43
24 44
24 45
24 46
24 47
24 49
24 50
24 51
24 52
24 55
24 57
24 59
24 60
24 61
24 62
24 64
24 66
24 68
24 69
24 70
24 71
24 73
24 75
24 78
24 80
24 81
24 82
24 83
24 84
24 90
24 92
24 95
24 96
25 26
25 27
25 29
25 32
25 35
25 37
25 38
25 39
25 40
25 41
25 43
25 44
25 45
25 46
25 47
25 50
25 51
25 53
25 56
25 57
25 61
25 63
25 64
25 65
25 66
25 68
25 72
25 77
25 78
25 80
25 81
25 84
25 86
25 90
25 91
25 95
26 28
26 29
26 30
26 32
26 33
26 37
26 38
26 39
26 40
26 42
26 44
26 46
26 48
26 52
26 53
26 56
26 57
26 61
26 62
26 64
26 66
26 69
26 70
26 71
26 79
26 82
26 85
26 89
26 94
26 95
26 98
27 28
27 29
27 31
27 32
27 35
27 38
27 39
27 41
27 43
27 45
27 46
27 47
27 48
27 49
27 50
27 51
27 52
27 53
27 57
27 58
27 59
27 60
27 63
27 64
27 65
27 66
27 67
27 68
27 71
27 75
27 76
27 77
27 79
27 80
27 81
27 82
27 83
27 86
27 87
27 88
27 90
27 91
27 93
27 94
27 96
27 97
27 99
28 29
28 31
28 33
28 34
28 35
28 37
28 38
28 41
28 42
28 43
28 49
28 50
28 51
28 53
28 54
28 57
28 59
28 60
28 61
28 66
28 69
28 71
28 72
28 74
28 75
28 79
28 80
28 82
28 86
28 87
28 88
28 92
28 94
28 96
28 97
29 30
29 32
29 33
29 36
29 37
29 38
29 40
29 46
29 48
29 50
29 51
29 52
29 53
29 54
29 55
29 61
29 62
29 63
29 64
29 65
29 67
29 68
29 73
29 74
29 75
29 76
29 77
29 80
29 81
29 82
29 86
29 87
29 89
29 92
29 93
29 94
29 95
29 96
29 97
30 33
30 34
30 35
30 36
30 37
30 45
30 49
30 53
30 54
30 55
30 57
30 61
30 63
30 65
30 71
30 73
30 74
30 75
30 76
30 77
30 78
30 81
30 82
30 83
30 84
30 88
30 89
30 91
30 92
30 93
30 96
30 97
30 98
30 99
31 32
31 33
31 35
31 41
31 42
31 44
31 47
31 49
31 52
31 53
31 54
31 55
31 61
31 62
31 64
31 65
31 66
31 68
31 70
31 71
31 72
31 73
31 76
31 77
31 79
31 81
31 82
31 86
31 89
31 90
31 95
31 97
31 98
32 33
32 35
32 36
32 38
32 39
32 42
32 44
32 45
32 47
32 49
32 50
32 51
32 53
32 54
32 55
32 60
32 65
32 66
32 67
32 70
32 72
32 74
32 77
32 79
32 80
32 82
32 83
32 84
32 85
32 89
32 90
32 93
32 94
32 97
32 98
33 34
33 35
33 36
33 39
33 41
33 43
33 45
33 49
33 50
33 53
33 56
33 59
33 61
33 63
33 67
33 68
33 72
33 73
33 74
33 78
33 79
33 81
33 83
33 85
33 86
33 87
33 89
33 90
33 91
33 92
33 93
33 95
33 97
33 99
34 35
34 36
34 39
34 40
34 43
34 45
34 46
34 48
34 49
34 51
34 52
34 54
34 56
34 57
34 61
34 62
34 70
34 73
34 76
34 78
34 79
34 83
34 85
34 86
34 90
34 92
34 93
34 98
35 36
35 40
35 41
35 43
35 44
35 46
35 47
35 48
35 49
35 51
35 54
35 57
35 58
35 60
35 61
35 62
35 64
35 67
35 68
35 70
35 71
35 72
35 73
35 74
35 75
35 77
35 79
35 80
35 83
35 86
35 88
35 91
35 92
35 93
35 95
35 96
36 38
36 40
36 42
36 44
36 45
36 46
36 47
36 49
36 52
36 53
36 54
36 60
36 64
36 66
36 68
36 69
36 70
36 80
36 82
36 83
36 84
36 85
36 86
36 88
36 91
36 95
36 96
36 97
36 98
37 38
37 39
37 42
37 43
37 44
37 45
37 46
37 47
37 48
37 50
37 53
37 56
37 64
37 65
37 67
37 69
37 70
37 71
37 72
37 73
37 74
37 75
37 77
37 81
37 84
37 87
37 89
37 96
37 98
38 40
38 42
38 45
38 46
38 49
38 50
38 51
38 52
38 53
38 54
38 57
38 58
38 60
38 61
38 62
38 64
38 65
38 74
38 75
38 76
38 77
38 78
38 79
38 80
38 81
38 85
38 86
38 87
38 88
38 89
38 93
38 94
38 95
38 97
39 42
39 44
39 46
39 49
39 50
39 52
39 53
39 55
39 56
39 58
39 60
39 62
39 64
39 67
39 70
39 71
39 73
39 74
39 76
39 77
39 78
39 79
39 81
39 82
39 83
39 85
39 86
39 87
39 88
39 90
39 91
39 95
39 96
39 97
40 42
40 46
40 48
40 50
40 52
40 56
40 57
40 59
40 60
40 61
40 63
40 64
40 67
40 69
40 75
40 77
40 78
40 84
40 86
40 87
40 88
40 91
40 92
40 93
40 95
41 42
41 43
41 46
41 47
41 48
41 49
41 55
41 56
41 58
41 60
41 62
41 65
41 66
41 68
41 69
41 72
41 73
41 74
41 76
41 77
41 78
41 79
41 80
41 81
41 83
41 91
41 93
41 94
41 96
41 97
41 99
42 43
42 44
42 45
42 50
42 53
42 56
42 57
42 58
42 59
42 60
42 63
42 65
42 66
42 67
42 69
42 70
42 74
42 76
42 77
42 80
42 81
42 83
42 84
42 86
42 91
42 94
42 97
43 47
43 49
43 50
43 51
43 52
43 53
43 56
43 58
43 60
43 61
43 65
43 68
43 70
43 74
43 76
43 77
43 78
43 79
43 81
43 82
43 83
43 84
43 86
43 88
43 89
43 90
43 91
43 94
43 95
43 97
44 45
44 49
44 50
44 51
44 58
44 60
44 61
44 62
44 63
44 66
44 68
44 70
44 74
44 75
44 77
44 78
44 79
44 80
44 85
44 86
44 87
44 88
44 89
44 94
44 95
44 97
45 53
45 57
45 58
45 60
45 64
45 65
45 66
45 69
45 70
45 71
45 73
45 77
45 78
45 79
45 81
45 84
45 85
45 90
45 91
45 95
46 53
46 54
46 55
46 56
46 57
46 59
46 61
46 62
46 67
46 68
46 70
46 71
46 72
46 75
46 78
46 79
46 80
46 81
46 82
46 83
46 85
46 86
46 87
46 89
46 90
46 91
46 93
46 94
46 95
46 96
46 99
47 48
47 49
47 50
47 51
47 56
47 58
47 59
47 60
47 62
47 63
47 64
47 65
47 66
47 71
47 74
47 75
47 76
47 77
47 78
47 80
47 81
47 82
47 86
47 87
47 88
47 89
47 91
47 93
47 94
47 98
47 99
48 49
48 50
48 51
48 53
48 54
48 55
48 58
48 59
48 60
48 64
48 65
48 66
48 68
48 71
48 72
48 76
48 78
48 79
48 81
48 82
48 88
48 89
48 90
48 95
48 97
48 98
49 51
49 52
49 53
49 54
49 56
49 57
49 59
49 61
49 68
49 69
49 70
49 71
49 76
49 77
49 80
49 81
49 82
49 83
49 84
49 86
49 87
49 91
49 92
49 93
49 94
49 95
50 51
50 52
50 56
50 58
50 60
50 61
50 62
50 64
50 68
50 71
50 72
50 73
50 87
50 92
50 94
50 96
50 98
50 99
51 52
51 54
51 58
51 59
51 61
51 62
51 63
51 64
51 66
51 68
51 74
51 76
51 78
51 80
51 81
51 83
51 88
51 89
51 91
51 94
51 95
51 96
51 97
51 98
51 99
52 54
52 55
52 58
52 61
52 62
52 63
52 64
52 66
52 67
52 69
52 70
52 71
52 72
52 73
52 77
52 78
52 79
52 81
52 82
52 83
52 85
52 90
52 91
52 92
52 93
52 98
52 99
53 57
53 63
53 64
53 65
53 66
53 67
53 68
53 69
53 70
53 72
53 73
53 74
53 75
53 77
53 78
53 79
53 80
53 81
53 85
53 86
53 87
53 88
53 93
53 98
54 55
54 56
54 59
54 61
54 63
54 64
54 67
54 69
54 70
54 72
54 73
54 76
54 77
54 78
54 79
54 81
54 86
54 88
54 90
54 91
54 92
54 94
54 95
54 96
54 99
55 56
55 57
55 58
55 59
55 61
55 64
55 66
55 67
55 69
55 73
55 77
55 80
55 81
55 82
55 83
55 85
55 86
55 88
55 89
55 90
55 91
55 92
55 93
55 94
55 95
55 96
55 98
56 58
56 59
56 60
56 62
56 63
56 67
56 70
56 73
56 75
56 77
56 78
56 79
56 80
56 81
56 83
56 84
56 85
56 86
56 92
56 93
56 94
56 95
56 96
56 98
56 99
57 60
57 63
57 65
57 66
57 67
57 69
57 70
57 71
57 77
57 78
57 79
57 80
57 83
57 84
57 87
57 92
57 94
57 95
57 98
57 99
58 59
58 62
58 64
58 68
58 74
58 75
58 78
58 79
58 80
58 81
58 82
58 84
58 85
58 90
58 91
58 96
58 97
58 98
58 99
59 60
59 61
59 62
59 65
59 66
59 68
59 71
59 72
59 74
59 76
59 79
59 81
59 83
59 84
59 85
59 86
59 87
59 88
59 91
59 92
59 94
59 96
59 99
60 61
60 64
60 65
60 67
60 68
60 69
60 70
60 72
60 74
60 75
60 76
60 77
60 82
60 89
60 91
60 93
60 94
60 95
60 97
60 98
60 99
61 62
61 63
61 64
61 69
61 70
61 74
61 78
61 79
61 80
61 81
61 82
61 85
61 86
61 92
61 95
61 98
61 99
62 64
62 65
62 67
62 74
62 77
62 81
62 83
62 84
62 87
62 89
62 92
62 95
62 96
62 99
63 64
63 66
63 68
63 70
63 73
63 74
63 75
63 76
63 77
63 80
63 82
63 85
63 86
63 87
63 89
63 90
63 91
63 92
63 93
63 95
63 97
63 98
63 99
64 65
64 67
64 68
64 69
64 71
64 72
64 73
64 77
64 78
64 82
64 83
64 85
64 87
64 89
64 91
64 94
64 98
65 67
65 69
65 71
65 73
65 77
65 79
65 86
65 89
65 91
65 92
65 95
65 96
65 97
65 98
65 99
66 67
66 68
66 69
66 71
66 72
66 73
66 78
66 79
66 80
66 82
66 83
66 89
66 91
66 92
66 94
66 95
66 98
66 99
67 71
67 73
67 74
67 76
67 77
67 81
67 82
67 83
67 84
67 85
67 86
67 89
67 91
67 92
67 95
67 98
68 69
68 71
68 76
68 81
68 85
68 86
68 87
68 88
68 89
68 90
68 91
68 93
68 94
68 96
68 97
68 99
69 70
69 72
69 73
69 76
69 77
69 78
69 79
69 80
69 82
69 83
69 84
69 89
69 91
69 93
69 95
69 96
69 98
70 72
70 73
70 75
70 77
70 78
70 82
70 85
70 86
70 95
70 96
70 97
70 98
71 74
71 78
71 82
71 83
71 84
71 85
71 86
71 88
71 89
71 90
71 93
71 94
71 96
71 97
72 73
72 74
72 76
72 77
72 78
72 80
72 81
72 83
72 88
72 89
72 91
72 93
72 96
73 74
73 79
73 80
73 82
73 85
73 86
73 87
73 90
73 93
73 95
73 99
74 75
74 82
74 83
74 89
74 90
74 91
74 92
74 93
74 95
75 77
75 81
75 86
75 90
75 91
75 93
75 94
75 97
76 78
76 80
76 81
76 82
76 89
76 91
76 92
76 93
76 96
76 98
77 78
77 79
77 80
77 81
77 83
77 85
77 87
77 89
77 91
77 92
77 93
77 94
77 95
77 96
77 97
77 98
78 79
78 80
78 83
78 87
78 89
78 91
78 92
78 93
78 95
78 99
79 80
79 82
79 83
79 84
79 85
79 87
79 88
79 89
79 91
79 92
79 96
79 97
79 98
79 99
80 81
80 82
80 84
80 85
80 86
80 88
80 90
80 91
80 96
80 99
81 82
81 94
81 95
81 96
81 97
82 88
82 89
82 90
82 91
82 92
82 93
82 95
82 98
82 99
83 84
83 85
83 87
83 90
83 91
83 93
83 94
83 95
83 96
83 97
83 98
83 99
84 85
84 88
84 89
84 90
84 94
84 95
84 96
84 97
84 99
85 88
85 90
85 91
85 92
85 93
85 94
85 96
85 98
86 89
86 90
86 91
86 92
86 93
86 96
87 88
87 90
87 91
87 93
87 94
87 95
87 96
87 97
87 99
88 89
88 90
88 92
88 97
89 90
89 92
89 94
89 98
90 91
90 94
90 95
91 93
91 94
91 95
91 97
92 93
92 94
92 95
92 97
92 98
92 99
93 95
93 96
93 97
93 99
94 98
95 97
95 99
96 98
