0 1
0 2
0 3
0 4
0 6
0 8
0 9
0 11
0 13
0 14
0 15
0 16
0 17
0 19
0 20
0 21
0 22
0 27
0 32
0 34
0 35
0 40
0 41
0 43
0 45
0 46
0 48
0 49
0 50
0 51
0 54
0 57
0 58
0 59
0 60
0 62
0 63
0 64
0 67
0 68
0 69
0 70
0 72
0 73
0 75
0 76
0 78
0 79
0 81
0 82
0 87
0 91
0 95
0 97
1 3
1 8
1 9
1 14
1 15
1 16
1 17
1 19
1 22
1 24
1 25
1 26
1 27
1 33
1 37
1 38
1 40
1 42
1 43
1 44
1 46
1 47
1 51
1 52
1 53
1 57
1 59
1 60
1 65
1 68
1 72
1 74
1 77
1 78
1 80
1 81
1 84
1 86
1 87
1 88
1 92
1 93
1 94
1 95
1 96
1 97
1 98
1 99
2 3
2 4
2 6
2 8
2 10
2 16
2 17
2 18
2 19
2 20
2 22
2 24
2 25
2 29
2 30
2 31
2 34
2 38
2 39
2 41
2 43
2 45
2 46
2 48
2 49
2 53
2 56
2 59
2 61
2 62
2 63
2 68
2 74
2 75
2 81
2 82
2 83
2 84
2 86
2 88
2 93
2 94
3 4
3 5
3 8
3 9
3 10
3 11
3 12
3 14
3 21
3 22
3 23
3 24
3 25
3 27
3 28
3 33
3 40
3 41
3 42
3 46
3 47
3 49
3 52
3 54
3 55
3 60
3 61
3 62
3 64
3 65
3 66
3 69
3 72
3 73
3 76
3 78
3 79
3 80
3 82
3 85
3 86
3 90
3 91
3 92
3 93
3 95
3 96
3 97
3 99
4 8
4 12
4 14
4 18
4 22
4 24
4 25
4 27
4 28
4 30
4 31
4 32
4 36
4 39
4 40
4 42
4 45
4 46
4 47
4 48
4 49
4 50
4 51
4 53
4 54
4 55
4 56
4 61
4 67
4 68
4 69
4 72
4 73
4 77
4 82
4 86
4 87
4 88
4 90
4 91
4 92
4 94
4 95
4 96
4 97
5 7
5 8
5 10
5 11
5 12
5 16
5 23
5 25
5 27
5 29
5 31
5 32
5 33
5 34
5 35
5 37
5 39
5 40
5 45
5 47
5 49
5 50
5 51
5 53
5 55
5 57
5 61
5 62
5 64
5 68
5 72
5 73
5 74
5 75
5 76
5 77
5 78
5 80
5 82
5 83
5 84
5 86
5 87
5 88
5 90
5 91
5 93
5 95
5 96
5 97
5 99
6 7
6 8
6 9
6 10
6 11
6 13
6 15
6 17
6 19
6 20
6 24
6 28
6 29
6 30
6 31
6 32
6 33
6 34
6 35
6 37
6 42
6 43
6 48
6 50
6 51
6 52
6 53
6 54
6 55
6 57
6 58
6 59
6 62
6 64
6 65
6 66
6 67
6 69
6 70
6 72
6 76
6 77
6 79
6 81
6 85
6 87
6 88
6 89
6 90
6 91
6 92
6 94
6 96
6 97
6 99
7 8
7 11
7 14
7 16
7 24
7 25
7 26
7 30
7 31
7 33
7 38
7 43
7 46
7 49
7 52
7 53
7 55
7 57
7 58
7 59
7 60
7 61
7 62
7 63
7 65
7 66
7 73
7 74
7 76
7 77
7 83
7 84
7 86
7 91
7 92
7 94
7 99
8 9
8 10
8 12
8 13
8 14
8 17
8 22
8 23
8 29
8 30
8 32
8 35
8 37
8 38
8 42
8 43
8 44
8 45
8 46
8 50
8 51
8 52
8 54
8 55
8 56
8 62
8 66
8 67
8 69
8 70
8 72
8 74
8 77
8 79
8 81
8 84
8 85
8 86
8 87
8 88
8 89
8 90
8 92
8 93
8 94
8 95
8 98
9 10
9 12
9 13
9 14
9 15
9 16
9 18
9 19
9 20
9 26
9 27
9 29
9 30
9 32
9 33
9 35
9 38
9 39
9 40
9 41
9 45
9 47
9 49
9 50
9 51
9 52
9 55
9 56
9 57
9 58
9 62
9 63
9 65
9 66
9 70
9 72
9 74
9 77
9 78
9 80
9 81
9 82
9 85
9 87
9 88
9 89
9 90
9 94
9 95
10 13
10 14
10 15
10 16
10 17
10 19
10 20
10 21
10 23
10 27
10 28
10 33
10 34
10 35
10 37
10 38
10 39
10 41
10 43
10 44
10 45
10 47
10 50
10 51
10 52
10 55
10 57
10 58
10 63
10 64
10 65
10 66
10 68
10 70
10 73
10 76
10 77
10 82
10 84
10 87
10 89
10 90
10 91
10 92
10 93
10 94
10 96
11 12
11 13
11 15
11 18
11 19
11 20
11 21
11 25
11 26
11 29
11 30
11 31
11 33
11 34
11 36
11 38
11 40
11 43
11 44
11 46
11 48
11 51
11 55
11 57
11 59
11 61
11 62
11 64
11 69
11 70
11 71
11 75
11 82
11 83
11 85
11 86
11 89
11 91
11 92
11 94
11 96
11 98
12 14
12 15
12 17
12 24
12 28
12 30
12 32
12 33
12 34
12 38
12 39
12 40
12 41
12 42
12 43
12 46
12 47
12 48
12 49
12 50
12 51
12 53
12 55
12 56
12 57
12 58
12 60
12 61
12 62
12 63
12 65
12 66
12 67
12 77
12 82
12 86
12 87
12 89
12 92
12 95
12 96
12 98
12 99
13 14
13 16
13 19
13 20
13 22
13 24
13 26
13 27
13 29
13 32
13 33
13 34
13 36
13 37
13 38
13 39
13 40
13 41
13 42
13 43
13 46
13 47
13 48
13 51
13 52
13 55
13 58
13 59
13 60
13 61
13 62
13 64
13 65
13 66
13 68
13 70
13 71
13 73
13 74
13 77
13 78
13 79
13 81
13 83
13 87
13 88
13 89
13 91
13 92
13 95
13 96
13 97
13 99
14 17
14 18
14 20
14 22
14 23
14 24
14 25
14 26
14 27
14 30
14 34
14 35
14 36
14 37
14 41
14 42
14 43
14 47
14 48
14 49
14 50
14 51
14 53
14 55
14 56
14 57
14 60
14 61
14 62
14 64
14 67
14 72
14 74
14 79
14 80
14 82
14 83
14 84
14 85
14 89
14 90
14 94
14 95
14 96
14 97
14 98
14 99
15 17
15 18
15 21
15 28
15 32
15 33
15 34
15 35
15 36
15 43
15 45
15 46
15 55
15 56
15 57
15 58
15 61
15 62
15 63
15 64
15 65
15 67
15 69
15 70
15 72
15 73
15 74
15 75
15 83
15 86
15 88
15 89
15 90
15 93
15 96
15 97
15 98
16 17
16 19
16 20
16 23
16 25
16 26
16 29
16 30
16 31
16 32
16 34
16 38
16 40
16 41
16 46
16 48
16 49
16 50
16 51
16 53
16 54
16 57
16 58
16 60
16 64
16 66
16 69
16 72
16 74
16 76
16 77
16 78
16 81
16 84
16 85
16 87
16 88
16 92
16 93
16 97
16 98
17 19
17 23
17 26
17 30
17 34
17 36
17 37
17 39
17 40
17 45
17 46
17 47
17 49
17 50
17 52
17 56
17 59
17 60
17 61
17 62
17 63
17 65
17 68
17 69
17 70
17 71
17 72
17 74
17 75
17 76
17 77
17 79
17 80
17 84
17 85
17 86
17 87
17 88
17 89
17 90
17 91
17 92
17 93
17 94
17 95
17 96
17 98
17 99
18 21
18 23
18 24
18 25
18 26
18 28
18 29
18 30
18 32
18 37
18 40
18 43
18 46
18 47
18 49
18 51
18 56
18 58
18 59
18 65
18 68
18 69
18 70
18 71
18 74
18 75
18 77
18 78
18 80
18 81
18 89
18 90
18 93
18 95
18 97
18 99
19 22
19 23
19 25
19 26
19 27
19 29
19 30
19 31
19 32
19 34
19 36
19 38
19 42
19 43
19 44
19 45
19 48
19 51
19 52
19 57
19 59
19 63
19 66
19 67
19 76
19 78
19 80
19 83
19 84
19 86
19 87
19 90
19 91
19 92
19 93
19 94
19 96
19 97
20 21
20 22
20 24
20 25
20 26
20 27
20 31
20 32
20 33
20 35
20 36
20 42
20 45
20 47
20 48
20 49
20 56
20 59
20 63
20 64
20 66
20 69
20 70
20 71
20 72
20 73
20 74
20 76
20 81
20 88
20 90
20 91
20 92
20 93
20 94
20 95
20 97
21 22
21 23
21 24
21 25
21 27
21 28
21 29
21 32
21 35
21 38
21 40
21 42
21 44
21 45
21 47
21 50
21 53
21 54
21 55
21 58
21 61
21 62
21 63
21 67
21 68
21 71
21 75
21 76
21 77
21 78
21 79
21 83
21 84
21 85
21 86
21 87
21 88
21 91
21 95
21 99
22 24
22 26
22 27
22 29
22 31
22 32
22 33
22 36
22 39
22 40
22 42
22 46
22 48
22 49
22 50
22 52
22 55
22 57
22 59
22 61
22 63
22 66
22 69
22 72
22 74
22 76
22 77
22 79
22 80
22 81
22 82
22 83
22 84
22 87
22 88
22 89
22 91
22 92
22 93
22 94
22 96
22 98
23 26
23 27
23 29
23 30
23 32
23 33
23 36
23 40
23 41
23 43
23 44
23 49
23 51
23 53
23 54
23 56
23 57
23 58
23 61
23 62
23 67
23 68
23 69
23 70
23 71
23 72
23 73
23 78
23 81
23 82
23 86
23 87
23 89
23 90
23 91
23 92
23 93
23 97
24 29
24 38
24 42
24 50
24 51
24 53
24 55
24 60
24 61
24 63
24 68
24 70
24 71
24 73
24 74
24 75
24 77
24 78
24 80
24 82
24 84
24 88
24 89
24 93
24 97
24 99
25 26
25 29
25 32
25 33
25 34
25 35
25 40
25 43
25 46
25 47
25 49
25 50
25 53
25 54
25 55
25 59
25 64
25 66
25 68
25 70
25 71
25 72
25 73
25 77
25 80
25 81
25 82
25 84
25 85
25 86
25 87
25 88
25 90
25 91
25 94
25 96
25 97
25 98
25 99
26 28
26 30
26 31
26 34
26 35
26 40
26 41
26 43
26 49
26 50
26 51
26 52
26 55
26 57
26 63
26 65
26 67
26 69
26 76
26 80
26 84
26 87
26 88
26 90
26 91
26 93
26 95
26 99
27 28
27 31
27 32
27 35
27 37
27 38
27 40
27 41
27 42
27 51
27 52
27 54
27 57
27 58
27 59
27 60
27 61
27 62
27 64
27 66
27 68
27 69
27 72
27 75
27 77
27 80
27 81
27 83
27 84
27 85
27 87
27 92
27 94
27 99
28 30
28 32
28 34
28 35
28 36
28 37
28 38
28 40
28 41
28 42
28 43
28 44
28 45
28 46
28 47
28 49
28 50
28 51
28 52
28 55
28 61
28 63
28 65
28 66
28 69
28 72
28 73
28 75
28 76
28 77
28 80
28 85
28 86
28 87
28 90
28 91
28 92
28 95
29 30
29 31
29 37
29 41
29 43
29 44
29 45
29 46
29 47
29 48
29 49
29 51
29 52
29 54
29 57
29 59
29 62
29 64
29 68
29 70
29 74
29 75
29 79
29 80
29 81
29 82
29 86
29 88
29 89
29 90
29 91
29 93
29 96
29 97
29 99
30 32
30 38
30 40
30 42
30 44
30 45
30 46
30 50
30 51
30 53
30 55
30 56
30 57
30 59
30 60
30 61
30 62
30 64
30 65
30 66
30 68
30 69
30 70
30 71
30 73
30 76
30 77
30 78
30 80
30 82
30 83
30 84
30 85
30 88
30 89
30 91
30 93
30 98
30 99
31 37
31 38
31 41
31 42
31 43
31 45
31 47
31 48
31 52
31 53
31 58
31 67
31 68
31 70
31 71
31 72
31 76
31 78
31 79
31 82
31 88
31 89
31 91
31 94
31 95
31 97
32 33
32 37
32 38
32 39
32 40
32 42
32 43
32 44
32 45
32 49
32 55
32 56
32 58
32 59
32 61
32 62
32 63
32 65
32 71
32 72
32 73
32 74
32 79
32 80
32 82
32 83
32 84
32 87
32 90
32 91
32 92
32 93
32 97
32 98
33 36
33 38
33 39
33 41
33 42
33 43
33 45
33 46
33 49
33 50
33 52
33 54
33 59
33 61
33 62
33 64
33 66
33 67
33 68
33 71
33 74
33 77
33 81
33 83
33 86
33 87
33 88
33 92
33 94
33 95
33 96
33 98
33 99
34 39
34 40
34 47
34 48
34 50
34 51
34 52
34 54
34 57
34 63
34 69
34 75
34 76
34 77
34 79
34 80
34 83
34 84
34 85
34 87
34 88
34 89
34 90
34 93
34 96
34 97
35 36
35 37
35 38
35 40
35 41
35 46
35 47
35 50
35 52
35 53
35 56
35 58
35 59
35 60
35 61
35 65
35 66
35 69
35 71
35 72
35 74
35 75
35 77
35 80
35 81
35 83
35 84
35 87
35 88
35 90
35 91
35 92
35 93
35 94
35 97
35 98
36 37
36 39
36 40
36 41
36 42
36 43
36 46
36 47
36 48
36 52
36 56
36 57
36 60
36 61
36 62
36 63
36 64
36 66
36 68
36 70
36 71
36 73
36 74
36 75
36 77
36 78
36 82
36 86
36 88
36 90
36 91
36 93
36 94
36 95
36 96
36 97
37 38
37 39
37 45
37 48
37 49
37 50
37 52
37 53
37 55
37 57
37 59
37 60
37 62
37 68
37 70
37 72
37 73
37 74
37 75
37 77
37 78
37 83
37 84
37 86
37 87
37 89
37 90
37 94
37 95
37 96
37 99
38 39
38 41
38 43
38 44
38 46
38 53
38 54
38 57
38 62
38 64
38 66
38 67
38 69
38 72
38 74
38 76
38 77
38 78
38 79
38 80
38 86
38 88
38 89
38 91
38 92
38 93
38 94
38 95
38 97
38 98
39 40
39 42
39 46
39 47
39 48
39 49
39 50
39 51
39 55
39 56
39 58
39 59
39 66
39 67
39 69
39 70
39 72
39 74
39 82
39 83
39 84
39 85
39 86
39 90
39 92
39 94
39 95
39 97
39 99
40 42
40 43
40 44
40 45
40 48
40 49
40 51
40 52
40 54
40 61
40 62
40 65
40 66
40 67
40 70
40 71
40 73
40 76
40 77
40 78
40 80
40 83
40 85
40 86
40 87
40 92
40 94
40 96
40 97
40 98
40 99
41 43
41 47
41 48
41 49
41 50
41 51
41 52
41 53
41 55
41 56
41 57
41 59
41 62
41 63
41 67
41 69
41 70
41 74
41 80
41 83
41 84
41 85
41 86
41 89
41 96
41 98
41 99
42 44
42 49
42 50
42 51
42 54
42 55
42 56
42 57
42 58
42 59
42 60
42 62
42 64
42 65
42 66
42 68
42 69
42 72
42 73
42 75
42 76
42 77
42 78
42 84
42 88
42 89
42 91
42 92
42 94
42 95
42 97
42 99
43 44
43 47
43 48
43 51
43 52
43 54
43 56
43 57
43 58
43 59
43 61
43 63
43 65
43 66
43 68
43 70
43 71
43 73
43 75
43 77
43 78
43 80
43 81
43 82
43 84
43 85
43 86
43 88
43 90
43 93
43 95
43 96
44 45
44 46
44 47
44 52
44 54
44 55
44 56
44 58
44 60
44 63
44 65
44 74
44 75
44 78
44 79
44 80
44 82
44 89
44 90
44 92
44 93
44 95
44 96
44 97
44 99
45 46
45 49
45 50
45 51
45 54
45 56
45 57
45 59
45 61
45 62
45 63
45 64
45 65
45 66
45 67
45 69
45 70
45 71
45 77
45 80
45 81
45 83
45 84
45 88
45 89
45 92
45 93
45 94
45 96
45 98
46 47
46 48
46 50
46 51
46 52
46 53
46 54
46 55
46 59
46 60
46 67
46 70
46 72
46 73
46 74
46 75
46 76
46 77
46 79
46 80
46 81
46 84
46 88
46 89
46 91
46 92
46 93
46 95
46 98
47 48
47 49
47 50
47 53
47 54
47 58
47 59
47 60
47 62
47 63
47 64
47 66
47 67
47 71
47 73
47 80
47 83
47 84
47 86
47 87
47 90
47 91
47 92
47 95
47 97
48 49
48 50
48 51
48 52
48 54
48 56
48 62
48 63
48 67
48 70
48 71
48 74
48 78
48 79
48 80
48 81
48 82
48 84
48 92
48 93
48 94
48 95
48 96
49 51
49 53
49 54
49 57
49 60
49 63
49 64
49 66
49 67
49 71
49 72
49 73
49 74
49 75
49 77
49 83
49 84
49 88
49 91
49 92
49 93
49 94
49 95
49 96
49 99
50 52
50 54
50 56
50 57
50 60
50 61
50 62
50 63
50 64
50 68
50 71
50 72
50 75
50 76
50 78
50 79
50 80
50 84
50 85
50 86
50 87
50 88
50 90
50 93
50 96
50 99
51 53
51 55
51 56
51 57
51 58
51 59
51 60
51 62
51 69
51 70
51 71
51 72
51 74
51 77
51 80
51 82
51 84
51 86
51 93
51 95
51 97
51 98
51 99
52 53
52 56
52 57
52 59
52 60
52 61
52 62
52 67
52 68
52 71
52 72
52 73
52 74
52 75
52 76
52 77
52 79
52 80
52 81
52 82
52 83
52 84
52 85
52 87
52 88
52 89
52 90
52 93
52 94
52 96
52 97
52 98
53 56
53 61
53 62
53 63
53 64
53 69
53 71
53 72
53 73
53 78
53 79
53 82
53 84
53 85
53 86
53 88
53 93
53 94
53 96
53 97
53 98
53 99
54 56
54 57
54 58
54 59
54 61
54 62
54 64
54 66
54 68
54 72
54 73
54 81
54 82
54 85
54 86
54 87
54 88
54 92
54 93
54 95
54 96
55 60
55 61
55 62
55 66
55 67
55 69
55 71
55 74
55 75
55 76
55 78
55 80
55 81
55 83
55 87
55 89
55 91
55 93
55 94
55 95
55 96
55 98
55 99
56 60
56 66
56 67
56 68
56 69
56 70
56 71
56 75
56 77
56 80
56 81
56 82
56 83
56 84
56 85
56 86
56 87
56 88
56 90
56 91
56 93
56 94
56 97
57 59
57 60
57 62
57 66
57 67
57 70
57 71
57 72
57 73
57 74
57 76
57 77
57 81
57 82
57 86
57 87
57 88
57 90
57 93
57 94
57 95
57 96
57 98
57 99
58 60
58 63
58 64
58 65
58 66
58 67
58 69
58 70
58 72
58 73
58 75
58 76
58 77
58 80
58 82
58 86
58 87
58 91
58 92
58 93
58 95
58 96
58 98
59 61
59 66
59 67
59 68
59 72
59 73
59 74
59 75
59 76
59 77
59 82
59 83
59 87
59 89
59 90
59 91
59 96
59 97
59 98
60 61
60 64
60 69
60 72
60 73
60 76
60 77
60 78
60 81
60 85
60 88
60 89
60 91
60 95
60 98
60 99
61 63
61 68
61 69
61 70
61 71
61 72
61 75
61 77
61 78
61 80
61 82
61 83
61 84
61 85
61 92
61 93
61 94
61 95
61 96
61 98
61 99
62 64
62 66
62 67
62 68
62 69
62 70
62 71
62 72
62 73
62 74
62 75
62 76
62 77
62 82
62 84
62 88
62 91
62 92
62 93
62 96
62 99
63 65
63 66
63 67
63 68
63 71
63 73
63 76
63 77
63 79
63 80
63 82
63 83
63 84
63 85
63 87
63 88
63 97
64 66
64 67
64 70
64 72
64 75
64 76
64 77
64 81
64 82
64 84
64 85
64 86
64 87
64 88
64 89
64 91
64 92
64 96
64 97
64 99
65 66
65 67
65 70
65 73
65 75
65 78
65 80
65 81
65 83
65 85
65 86
65 87
65 88
65 92
65 96
65 97
66 68
66 70
66 71
66 72
66 73
66 77
66 79
66 82
66 83
66 86
66 89
66 90
66 96
66 97
67 68
67 71
67 74
67 76
67 77
67 78
67 81
67 82
67 84
67 86
67 87
67 89
67 90
67 92
67 93
67 94
67 95
67 99
68 70
68 71
68 72
68 74
68 80
68 84
68 85
68 86
68 92
68 94
68 95
68 96
68 97
68 99
69 71
69 75
69 76
69 79
69 81
69 84
69 86
69 89
69 90
69 92
69 93
69 96
69 97
70 71
70 72
70 77
70 78
70 79
70 82
70 83
70 85
70 89
70 91
70 92
70 93
70 95
70 96
71 72
71 74
71 75
71 76
71 81
71 82
71 87
71 88
71 90
71 91
71 93
72 73
72 78
72 80
72 82
72 83
72 85
72 88
72 90
72 91
72 93
72 95
72 98
72 99
73 74
73 80
73 81
73 85
73 86
73 87
73 88
73 89
73 91
73 92
74 75
74 76
74 77
74 78
74 79
74 80
74 87
74 88
74 89
74 90
74 92
74 94
74 95
74 96
74 97
74 99
75 76
75 77
75 81
75 82
75 83
75 84
75 86
75 87
75 89
75 90
75 91
75 92
75 93
75 94
75 95
75 96
75 98
75 99
76 79
76 81
76 84
76 86
76 87
76 91
76 92
76 93
76 94
76 96
76 98
76 99
77 78
77 79
77 80
77 81
77 84
77 88
77 89
77 90
77 93
77 94
77 95
77 97
77 98
77 99
78 80
78 85
78 94
78 95
78 97
78 98
79 82
79 84
79 85
79 86
79 87
79 89
79 91
79 94
79 96
79 97
79 98
80 84
80 85
80 88
80 89
80 90
80 92
80 94
80 98
81 82
81 83
81 85
81 88
81 89
81 90
81 92
81 93
81 94
81 95
81 97
81 98
81 99
82 85
82 86
82 88
82 89
82 91
82 92
82 98
83 86
83 87
83 88
83 89
83 91
83 94
83 99
84 85
84 87
84 88
84 89
84 94
84 96
84 98
84 99
85 86
85 87
85 90
85 93
85 99
86 87
86 88
86 90
86 91
86 97
87 89
87 92
87 96
87 97
88 89
88 90
88 91
88 94
88 99
89 91
89 92
89 95
89 97
90 91
90 93
90 94
90 95
91 93
91 94
91 97
92 93
92 96
92 99
93 96
93 97
94 96
94 98
95 96
95 97
96 97
97 98
97 99
98 99
