0 1
0 4
0 6
0 7
0 8
0 9
0 14
0 17
0 18
0 21
0 23
0 27
0 28
0 29
0 32
0 34
0 36
0 38
0 40
0 45
0 46
0 47
0 50
0 53
0 56
0 57
0 59
0 60
0 64
0 65
0 66
0 67
0 73
0 74
0 76
0 77
0 81
0 82
0 83
0 84
0 85
0 86
0 87
0 88
0 92
0 93
0 94
0 96
0 97
0 99
1 2
1 3
1 4
1 6
1 8
1 9
1 12
1 13
1 15
1 16
1 17
1 18
1 20
1 21
1 22
1 28
1 32
1 34
1 36
1 37
1 39
1 40
1 43
1 44
1 47
1 48
1 51
1 53
1 55
1 58
1 59
1 60
1 61
1 62
1 63
1 65
1 67
1 68
1 69
1 70
1 72
1 76
1 80
1 83
1 84
1 85
1 87
1 90
1 94
1 95
1 97
1 98
2 3
2 5
2 9
2 12
2 15
2 17
2 19
2 22
2 26
2 29
2 31
2 33
2 34
2 35
2 36
2 42
2 43
2 44
2 45
2 46
2 47
2 49
2 50
2 51
2 55
2 56
2 57
2 58
2 60
2 61
2 62
2 63
2 65
2 66
2 70
2 75
2 77
2 79
2 82
2 84
2 85
2 86
2 87
2 90
2 91
2 94
2 96
2 98
2 99
3 7
3 8
3 9
3 10
3 12
3 13
3 14
3 19
3 21
3 24
3 26
3 28
3 31
3 34
3 35
3 36
3 38
3 39
3 42
3 48
3 49
3 50
3 51
3 55
3 56
3 59
3 61
3 68
3 72
3 73
3 75
3 77
3 79
3 81
3 83
3 84
3 86
3 87
3 90
3 93
3 94
3 99
4 5
4 8
4 11
4 12
4 13
4 14
4 18
4 19
4 21
4 23
4 24
4 25
4 29
4 30
4 31
4 32
4 35
4 36
4 37
4 40
4 42
4 43
4 44
4 45
4 46
4 48
4 50
4 58
4 62
4 64
4 65
4 67
4 69
4 70
4 72
4 73
4 74
4 75
4 76
4 78
4 80
4 83
4 84
4 86
4 89
4 96
4 97
4 99
5 6
5 8
5 10
5 11
5 15
5 16
5 18
5 19
5 21
5 24
5 30
5 36
5 37
5 38
5 39
5 46
5 48
5 50
5 51
5 52
5 53
5 55
5 57
5 58
5 60
5 62
5 63
5 64
5 65
5 69
5 70
5 71
5 72
5 74
5 76
5 78
5 79
5 82
5 84
5 85
5 87
5 90
5 93
5 94
5 95
5 99
6 7
6 8
6 16
6 17
6 20
6 21
6 22
6 23
6 25
6 26
6 27
6 29
6 30
6 35
6 36
6 39
6 40
6 41
6 45
6 49
6 51
6 52
6 55
6 56
6 60
6 61
6 62
6 71
6 74
6 75
6 77
6 80
6 81
6 84
6 85
6 87
6 89
6 90
6 93
6 98
6 99
7 8
7 9
7 10
7 11
7 15
7 18
7 19
7 20
7 23
7 25
7 28
7 29
7 31
7 32
7 35
7 37
7 38
7 41
7 43
7 47
7 54
7 57
7 59
7 61
7 64
7 65
7 66
7 67
7 69
7 72
7 75
7 81
7 82
7 95
7 97
7 99
8 11
8 12
8 15
8 16
8 18
8 20
8 23
8 24
8 27
8 28
8 29
8 30
8 32
8 33
8 35
8 38
8 41
8 42
8 43
8 44
8 45
8 46
8 47
8 48
8 51
8 52
8 53
8 59
8 60
8 61
8 67
8 70
8 72
8 73
8 76
8 80
8 83
8 84
8 86
8 87
8 90
8 91
8 96
8 98
8 99
9 12
9 21
9 23
9 24
9 25
9 26
9 27
9 29
9 31
9 34
9 36
9 37
9 38
9 41
9 43
9 44
9 46
9 51
9 54
9 56
9 59
9 60
9 61
9 65
9 66
9 68
9 73
9 79
9 84
9 85
9 87
9 90
9 91
9 92
9 93
9 96
9 97
9 98
9 99
10 11
10 12
10 13
10 14
10 15
10 16
10 17
10 18
10 20
10 21
10 24
10 27
10 28
10 29
10 30
10 31
10 33
10 36
10 37
10 38
10 39
10 40
10 45
10 47
10 48
10 49
10 52
10 53
10 55
10 57
10 60
10 63
10 64
10 67
10 68
10 69
10 76
10 79
10 82
10 83
10 84
10 87
10 89
10 90
10 92
10 93
10 94
10 96
10 98
11 12
11 13
11 14
11 15
11 16
11 17
11 18
11 20
11 21
11 23
11 25
11 26
11 27
11 28
11 31
11 32
11 34
11 36
11 38
11 40
11 41
11 42
11 43
11 46
11 47
11 50
11 51
11 55
11 59
11 60
11 64
11 65
11 66
11 67
11 70
11 71
11 72
11 73
11 75
11 77
11 78
11 79
11 80
11 82
11 86
11 87
11 89
11 91
11 94
11 95
11 98
11 99
12 13
12 14
12 16
12 19
12 20
12 21
12 23
12 24
12 26
12 30
12 34
12 38
12 39
12 42
12 43
12 46
12 47
12 48
12 49
12 52
12 53
12 54
12 55
12 57
12 59
12 60
12 63
12 64
12 65
12 66
12 68
12 69
12 70
12 71
12 73
12 75
12 76
12 79
12 81
12 83
12 84
12 85
12 86
12 87
12 88
12 90
12 91
12 93
12 96
13 14
13 15
13 16
13 20
13 21
13 22
13 23
13 24
13 25
13 27
13 33
13 34
13 35
13 37
13 39
13 40
13 48
13 49
13 52
13 53
13 55
13 57
13 59
13 60
13 62
13 63
13 64
13 67
13 68
13 69
13 71
13 72
13 73
13 75
13 78
13 83
13 88
13 89
13 90
13 91
13 92
13 94
13 98
13 99
14 15
14 19
14 20
14 21
14 24
14 25
14 28
14 31
14 33
14 34
14 36
14 37
14 40
14 42
14 43
14 44
14 49
14 50
14 51
14 55
14 56
14 57
14 59
14 61
14 62
14 63
14 64
14 66
14 67
14 68
14 70
14 71
14 72
14 73
14 74
14 77
14 78
14 79
14 80
14 84
14 88
14 91
14 92
14 93
14 95
14 98
15 16
15 17
15 18
15 19
15 23
15 26
15 27
15 30
15 31
15 32
15 35
15 44
15 47
15 48
15 49
15 53
15 54
15 55
15 57
15 58
15 59
15 61
15 62
15 65
15 67
15 70
15 72
15 78
15 79
15 82
15 83
15 84
15 86
15 89
15 90
15 91
15 92
15 93
15 94
15 95
15 96
15 97
15 98
15 99
16 17
16 18
16 24
16 26
16 28
16 31
16 34
16 36
16 38
16 40
16 41
16 43
16 45
16 47
16 48
16 54
16 55
16 57
16 58
16 60
16 61
16 64
16 69
16 70
16 71
16 72
16 79
16 83
16 85
16 91
16 92
16 96
16 97
16 98
17 18
17 19
17 21
17 23
17 25
17 26
17 27
17 29
17 30
17 31
17 32
17 34
17 36
17 37
17 38
17 39
17 41
17 42
17 44
17 47
17 48
17 50
17 52
17 53
17 54
17 59
17 60
17 62
17 63
17 67
17 70
17 71
17 74
17 76
17 77
17 79
17 81
17 82
17 83
17 84
17 85
17 86
17 89
17 92
17 93
17 94
17 95
17 96
17 97
17 99
18 19
18 20
18 22
18 23
18 24
18 26
18 29
18 30
18 31
18 32
18 36
18 38
18 39
18 42
18 43
18 45
18 47
18 51
18 53
18 56
18 58
18 59
18 61
18 63
18 64
18 65
18 67
18 70
18 73
18 77
18 79
18 80
18 84
18 85
18 87
18 88
18 89
18 90
18 94
18 95
18 98
19 20
19 24
19 26
19 27
19 28
19 29
19 32
19 33
19 35
19 36
19 38
19 39
19 41
19 42
19 43
19 45
19 52
19 54
19 55
19 58
19 60
19 63
19 65
19 66
19 68
19 69
19 73
19 76
19 78
19 81
19 83
19 87
19 89
19 90
19 91
19 94
19 96
19 97
19 99
20 24
20 30
20 32
20 33
20 40
20 41
20 43
20 44
20 45
20 48
20 50
20 51
20 52
20 55
20 59
20 60
20 61
20 62
20 63
20 64
20 66
20 68
20 69
20 71
20 73
20 74
20 75
20 76
20 78
20 79
20 82
20 83
20 85
20 88
20 89
20 90
20 91
20 92
20 95
20 98
21 22
21 25
21 26
21 34
21 35
21 36
21 37
21 38
21 39
21 40
21 43
21 44
21 46
21 48
21 50
21 53
21 56
21 57
21 58
21 60
21 61
21 63
21 65
21 68
21 69
21 70
21 71
21 72
21 73
21 76
21 77
21 78
21 80
21 81
21 82
21 83
21 85
21 86
21 87
21 88
21 92
21 95
22 23
22 24
22 26
22 28
22 29
22 35
22 38
22 39
22 40
22 43
22 45
22 46
22 47
22 49
22 51
22 52
22 53
22 56
22 58
22 60
22 62
22 63
22 64
22 65
22 67
22 69
22 70
22 71
22 75
22 76
22 78
22 79
22 81
22 82
22 85
22 89
22 93
22 95
22 97
22 99
23 24
23 25
23 26
23 28
23 29
23 31
23 32
23 33
23 40
23 41
23 45
23 46
23 47
23 50
23 51
23 53
23 56
23 58
23 60
23 61
23 62
23 63
23 67
23 68
23 70
23 71
23 72
23 73
23 75
23 76
23 78
23 82
23 84
23 85
23 86
23 88
23 90
23 93
23 94
23 95
23 96
23 97
23 98
23 99
24 27
24 33
24 35
24 40
24 43
24 44
24 47
24 48
24 52
24 54
24 63
24 64
24 66
24 71
24 73
24 78
24 80
24 86
24 87
24 88
24 96
24 98
24 99
25 28
25 29
25 33
25 34
25 35
25 36
25 43
25 44
25 45
25 46
25 50
25 53
25 54
25 55
25 56
25 57
25 61
25 68
25 73
25 75
25 76
25 78
25 79
25 80
25 81
25 82
25 85
25 86
25 89
25 92
25 93
25 94
25 95
25 98
26 30
26 32
26 33
26 34
26 35
26 36
26 37
26 40
26 43
26 44
26 45
26 47
26 49
26 50
26 51
26 52
26 53
26 54
26 60
26 61
26 62
26 63
26 64
26 65
26 67
26 70
26 72
26 73
26 74
26 75
26 76
26 77
26 79
26 81
26 83
26 85
26 90
26 91
26 92
26 93
26 94
26 96
26 98
26 99
27 29
27 31
27 36
27 37
27 39
27 40
27 41
27 43
27 44
27 46
27 47
27 49
27 50
27 53
27 54
27 55
27 56
27 57
27 60
27 61
27 68
27 70
27 76
27 80
27 82
27 83
27 85
27 86
27 88
27 91
27 92
27 93
27 95
27 96
27 97
27 98
28 32
28 34
28 35
28 37
28 38
28 39
28 40
28 42
28 43
28 44
28 45
28 47
28 48
28 49
28 50
28 53
28 54
28 57
28 59
28 62
28 63
28 64
28 65
28 66
28 72
28 75
28 77
28 79
28 80
28 82
28 84
28 85
28 86
28 87
28 88
28 92
28 94
28 95
28 98
28 99
29 30
29 31
29 32
29 36
29 40
29 41
29 47
29 51
29 52
29 54
29 55
29 59
29 60
29 62
29 64
29 66
29 67
29 68
29 70
29 73
29 75
29 76
29 77
29 83
29 84
29 85
29 89
29 93
29 94
29 95
29 97
29 98
29 99
30 31
30 32
30 37
30 40
30 41
30 42
30 44
30 45
30 48
30 49
30 53
30 56
30 58
30 60
30 62
30 63
30 65
30 67
30 70
30 72
30 73
30 74
30 77
30 78
30 80
30 82
30 85
30 86
30 89
30 90
30 91
30 96
30 97
31 32
31 33
31 35
31 38
31 39
31 42
31 44
31 55
31 57
31 58
31 59
31 61
31 63
31 64
31 68
31 72
31 73
31 74
31 76
31 77
31 78
31 81
31 94
31 95
31 96
31 97
31 99
32 35
32 36
32 37
32 39
32 41
32 43
32 44
32 45
32 46
32 48
32 49
32 52
32 56
32 57
32 58
32 59
32 61
32 64
32 65
32 67
32 69
32 71
32 72
32 73
32 74
32 75
32 76
32 77
32 78
32 82
32 85
32 87
32 88
32 91
32 94
32 97
32 98
33 34
33 35
33 36
33 40
33 41
33 47
33 48
33 51
33 52
33 55
33 56
33 57
33 59
33 61
33 63
33 64
33 66
33 69
33 72
33 73
33 75
33 77
33 78
33 79
33 80
33 81
33 83
33 84
33 86
33 88
33 89
33 91
33 92
33 95
34 35
34 37
34 43
34 44
34 45
34 46
34 47
34 51
34 53
34 56
34 57
34 58
34 62
34 65
34 69
34 70
34 71
34 72
34 74
34 75
34 76
34 79
34 81
34 82
34 83
34 85
34 87
34 91
34 92
34 93
34 98
35 39
35 40
35 45
35 46
35 47
35 48
35 51
35 53
35 56
35 57
35 61
35 63
35 64
35 66
35 67
35 69
35 70
35 71
35 73
35 74
35 75
35 76
35 81
35 82
35 83
35 86
35 88
35 89
35 91
35 92
35 94
35 98
36 37
36 42
36 43
36 45
36 49
36 52
36 54
36 55
36 57
36 59
36 61
36 62
36 63
36 67
36 70
36 71
36 72
36 74
36 75
36 78
36 79
36 82
36 83
36 85
36 86
36 91
36 92
36 93
36 94
36 95
36 99
37 38
37 41
37 43
37 45
37 48
37 51
37 52
37 53
37 54
37 55
37 59
37 61
37 62
37 63
37 64
37 67
37 68
37 69
37 70
37 74
37 76
37 77
37 81
37 84
37 85
37 86
37 87
37 88
37 90
37 91
37 92
37 93
37 94
37 95
37 96
37 98
38 39
38 43
38 45
38 48
38 49
38 51
38 53
38 54
38 56
38 63
38 64
38 68
38 70
38 75
38 78
38 81
38 91
38 94
38 98
39 40
39 42
39 43
39 47
39 48
39 50
39 53
39 54
39 61
39 62
39 65
39 66
39 67
39 70
39 74
39 75
39 76
39 78
39 82
39 85
39 87
39 88
39 90
39 94
39 95
39 98
40 41
40 42
40 44
40 45
40 46
40 47
40 50
40 55
40 63
40 64
40 72
40 74
40 77
40 83
40 84
40 88
40 89
40 97
40 98
41 42
41 45
41 50
41 51
41 53
41 57
41 59
41 60
41 63
41 64
41 65
41 67
41 68
41 69
41 70
41 71
41 72
41 73
41 75
41 77
41 78
41 80
41 82
41 84
41 86
41 88
41 89
41 90
41 92
41 94
41 97
41 98
41 99
42 44
42 47
42 49
42 50
42 51
42 52
42 54
42 55
42 57
42 58
42 59
42 61
42 63
42 65
42 67
42 69
42 70
42 71
42 74
42 76
42 79
42 83
42 87
42 90
42 92
42 93
42 96
42 99
43 44
43 46
43 47
43 49
43 50
43 55
43 56
43 57
43 58
43 59
43 62
43 64
43 69
43 70
43 71
43 72
43 74
43 76
43 77
43 78
43 79
43 80
43 82
43 84
43 86
43 87
43 91
43 92
43 94
43 95
43 96
43 97
44 48
44 49
44 50
44 51
44 53
44 54
44 58
44 60
44 61
44 62
44 68
44 70
44 71
44 73
44 74
44 75
44 76
44 77
44 79
44 80
44 83
44 86
44 87
44 88
44 94
44 95
44 96
44 98
44 99
45 46
45 47
45 49
45 56
45 57
45 58
45 59
45 62
45 63
45 64
45 67
45 69
45 71
45 73
45 74
45 77
45 78
45 79
45 82
45 86
45 87
45 88
45 90
45 91
45 94
45 96
45 97
45 99
46 49
46 50
46 51
46 52
46 54
46 55
46 57
46 65
46 68
46 70
46 71
46 72
46 77
46 81
46 83
46 86
46 88
46 90
46 96
46 97
47 50
47 52
47 53
47 54
47 58
47 63
47 64
47 65
47 68
47 70
47 71
47 72
47 78
47 79
47 80
47 81
47 87
47 88
47 89
47 91
47 92
47 94
47 95
47 98
48 49
48 50
48 51
48 53
48 54
48 55
48 57
48 62
48 63
48 66
48 67
48 69
48 73
48 74
48 75
48 77
48 80
48 84
48 86
48 88
48 89
48 90
48 92
48 93
49 50
49 51
49 54
49 56
49 59
49 60
49 62
49 64
49 65
49 67
49 68
49 69
49 71
49 72
49 73
49 75
49 78
49 80
49 81
49 83
49 84
49 88
49 91
49 92
49 93
50 51
50 53
50 56
50 58
50 59
50 61
50 62
50 65
50 67
50 70
50 72
50 73
50 74
50 77
50 82
50 83
50 86
50 88
50 89
50 91
50 92
50 95
50 99
51 52
51 55
51 56
51 57
51 58
51 59
51 60
51 63
51 67
51 73
51 74
51 76
51 79
51 82
51 84
51 87
51 91
51 95
51 98
51 99
52 54
52 55
52 57
52 58
52 61
52 62
52 63
52 64
52 68
52 71
52 72
52 73
52 74
52 75
52 78
52 79
52 80
52 83
52 84
52 88
52 89
52 93
52 96
52 97
52 98
52 99
53 55
53 56
53 58
53 59
53 61
53 65
53 66
53 67
53 69
53 70
53 72
53 74
53 75
53 77
53 78
53 79
53 81
53 84
53 85
53 86
53 88
53 90
53 91
53 96
53 97
54 57
54 58
54 59
54 60
54 61
54 62
54 63
54 64
54 67
54 69
54 72
54 74
54 75
54 76
54 80
54 81
54 83
54 84
54 86
54 90
54 92
54 93
54 95
54 96
55 56
55 57
55 58
55 59
55 60
55 65
55 66
55 72
55 73
55 78
55 79
55 83
55 84
55 85
55 86
55 87
55 89
55 90
55 91
55 95
55 98
56 57
56 58
56 59
56 61
56 62
56 63
56 64
56 65
56 66
56 67
56 68
56 69
56 70
56 75
56 77
56 80
56 81
56 83
56 84
56 85
56 87
56 93
56 96
56 98
57 58
57 59
57 60
57 61
57 64
57 65
57 68
57 72
57 75
57 76
57 77
57 79
57 80
57 82
57 83
57 85
57 87
57 90
57 91
57 92
57 93
57 94
57 95
57 96
57 97
57 98
57 99
58 59
58 60
58 64
58 66
58 68
58 70
58 72
58 83
58 86
58 88
58 89
58 94
58 97
58 98
59 62
59 65
59 67
59 68
59 69
59 71
59 75
59 79
59 80
59 82
59 84
59 85
59 87
59 88
59 89
59 91
59 94
59 96
59 97
59 98
59 99
60 62
60 63
60 64
60 66
60 69
60 70
60 71
60 72
60 77
60 78
60 81
60 82
60 87
60 90
60 91
60 98
60 99
61 63
61 65
61 67
61 68
61 69
61 72
61 73
61 79
61 81
61 82
61 84
61 85
61 86
61 87
61 89
61 90
61 92
61 95
61 96
61 97
61 98
62 63
62 64
62 67
62 68
62 72
62 73
62 75
62 76
62 79
62 80
62 82
62 83
62 87
62 90
62 91
62 92
62 94
62 96
62 98
63 67
63 71
63 72
63 74
63 75
63 77
63 79
63 82
63 83
63 86
63 88
63 90
63 91
63 92
63 93
63 98
64 66
64 67
64 68
64 72
64 73
64 74
64 80
64 81
64 82
64 83
64 84
64 86
64 88
64 89
64 92
64 95
64 96
64 99
65 69
65 70
65 71
65 72
65 74
65 76
65 77
65 80
65 81
65 82
65 87
65 89
65 91
65 92
65 94
65 95
65 96
65 98
65 99
66 69
66 72
66 73
66 74
66 75
66 76
66 77
66 79
66 83
66 85
66 86
66 88
66 89
66 90
66 93
66 94
66 95
66 96
66 97
66 98
66 99
67 68
67 69
67 72
67 75
67 76
67 80
67 84
67 86
67 88
67 89
67 90
67 91
67 93
67 94
67 95
67 96
68 70
68 74
68 75
68 81
68 84
68 86
68 87
68 88
68 89
68 90
68 91
68 93
68 95
68 96
68 97
68 98
68 99
69 70
69 71
69 72
69 75
69 78
69 82
69 83
69 85
69 89
69 90
69 91
69 94
69 96
69 99
70 72
70 73
70 76
70 77
70 79
70 80
70 83
70 84
70 85
70 87
70 90
70 92
70 93
70 95
70 97
71 72
71 74
71 76
71 77
71 82
71 83
71 85
71 86
71 89
71 90
71 95
72 73
72 74
72 76
72 77
72 78
72 79
72 82
72 83
72 87
72 89
72 90
72 95
72 97
72 99
73 75
73 76
73 77
73 79
73 81
73 82
73 83
73 84
73 86
73 87
73 89
73 90
73 92
73 93
73 96
73 98
73 99
74 76
74 78
74 80
74 81
74 83
74 88
74 89
74 90
74 91
74 92
74 96
74 97
74 98
75 77
75 79
75 81
75 82
75 83
75 86
75 87
75 90
75 92
75 93
75 94
75 98
76 78
76 79
76 84
76 85
76 86
76 88
76 94
76 97
76 98
76 99
77 82
77 83
77 85
77 86
77 87
77 90
77 97
78 79
78 80
78 81
78 82
78 85
78 87
78 88
78 95
78 96
79 81
79 82
79 86
79 87
79 88
79 89
79 91
79 92
79 93
79 94
79 95
80 81
80 82
80 83
80 84
80 86
80 87
80 91
80 92
80 95
80 98
80 99
81 83
81 84
81 87
81 88
81 89
81 90
81 91
81 92
81 93
81 95
81 97
81 99
82 83
82 85
82 86
82 90
82 91
82 93
82 95
82 96
82 98
83 84
83 86
83 87
83 88
83 90
83 91
83 93
83 94
83 96
83 98
84 85
84 87
84 88
84 89
84 90
84 92
84 94
85 87
85 88
85 89
85 91
85 94
85 95
85 96
85 98
85 99
86 87
86 89
86 93
86 95
87 88
87 90
87 92
87 93
87 94
87 95
87 96
88 89
88 92
88 93
88 94
88 95
88 96
88 98
88 99
89 90
89 92
89 93
89 97
89 98
89 99
90 91
90 94
90 97
90 98
91 94
91 95
92 95
92 98
93 94
93 99
94 95
94 96
95 96
95 97
95 98
95 99
97 98
97 99
