0 1
0 2
0 3
0 4
0 6
0 11
0 13
0 16
0 18
0 19
0 21
0 22
0 23
0 25
0 26
0 27
0 29
0 30
0 32
0 35
0 37
0 38
0 42
0 43
0 44
0 46
0 48
0 49
0 54
0 56
0 59
0 61
0 62
0 63
0 64
0 65
0 66
0 67
0 70
0 72
0 75
0 77
0 78
0 79
0 80
0 82
0 84
0 85
0 86
0 88
0 90
0 91
0 93
0 96
1 2
1 5
1 6
1 7
1 8
1 9
1 12
1 14
1 15
1 17
1 20
1 21
1 22
1 23
1 25
1 26
1 29
1 34
1 35
1 38
1 39
1 41
1 42
1 44
1 52
1 53
1 55
1 58
1 59
1 61
1 63
1 67
1 68
1 69
1 70
1 71
1 72
1 73
1 74
1 75
1 77
1 78
1 80
1 82
1 83
1 84
1 86
1 89
1 93
1 94
1 97
1 99
2 5
2 7
2 8
2 9
2 10
2 11
2 17
2 18
2 19
2 21
2 24
2 27
2 33
2 35
2 36
2 37
2 41
2 46
2 47
2 49
2 53
2 54
2 61
2 64
2 65
2 66
2 76
2 77
2 86
2 87
2 90
2 91
2 92
2 93
2 94
2 96
2 99
3 5
3 8
3 9
3 10
3 12
3 13
3 15
3 16
3 18
3 20
3 23
3 24
3 25
3 27
3 28
3 30
3 32
3 34
3 36
3 39
3 40
3 46
3 47
3 51
3 54
3 60
3 61
3 62
3 63
3 64
3 66
3 68
3 72
3 73
3 75
3 76
3 78
3 79
3 80
3 82
3 83
3 84
3 85
3 86
3 87
3 90
3 91
3 94
3 97
3 98
3 99
4 6
4 7
4 8
4 9
4 10
4 11
4 12
4 13
4 14
4 23
4 25
4 26
4 29
4 30
4 31
4 32
4 33
4 34
4 41
4 46
4 48
4 53
4 54
4 55
4 57
4 58
4 59
4 60
4 65
4 66
4 67
4 70
4 72
4 75
4 80
4 82
4 86
4 88
4 89
4 94
4 95
4 97
4 98
4 99
5 8
5 9
5 10
5 12
5 16
5 17
5 18
5 19
5 22
5 24
5 26
5 28
5 29
5 30
5 31
5 32
5 35
5 36
5 38
5 41
5 42
5 43
5 46
5 47
5 48
5 52
5 53
5 54
5 55
5 56
5 57
5 61
5 63
5 64
5 68
5 69
5 70
5 71
5 73
5 74
5 75
5 76
5 77
5 78
5 79
5 80
5 83
5 90
5 94
5 95
5 97
5 98
5 99
6 7
6 8
6 10
6 13
6 15
6 17
6 19
6 20
6 21
6 25
6 27
6 28
6 32
6 33
6 43
6 44
6 45
6 49
6 53
6 54
6 56
6 58
6 62
6 63
6 64
6 67
6 68
6 69
6 71
6 72
6 74
6 76
6 77
6 79
6 82
6 84
6 87
6 88
6 89
6 93
6 94
6 99
7 10
7 14
7 16
7 19
7 22
7 23
7 25
7 28
7 29
7 30
7 31
7 33
7 34
7 35
7 36
7 38
7 39
7 40
7 41
7 45
7 50
7 51
7 52
7 55
7 56
7 58
7 59
7 61
7 64
7 65
7 66
7 68
7 70
7 72
7 75
7 77
7 78
7 79
7 80
7 82
7 83
7 84
7 89
7 92
7 93
7 95
7 98
8 9
8 10
8 11
8 12
8 16
8 18
8 19
8 21
8 26
8 27
8 28
8 33
8 43
8 45
8 46
8 47
8 48
8 51
8 52
8 56
8 58
8 60
8 61
8 62
8 63
8 64
8 66
8 68
8 69
8 70
8 71
8 73
8 76
8 78
8 80
8 84
8 85
8 86
8 87
8 89
8 90
8 91
8 95
8 96
8 97
9 11
9 12
9 13
9 15
9 16
9 17
9 20
9 22
9 23
9 25
9 26
9 28
9 30
9 31
9 32
9 34
9 35
9 38
9 40
9 42
9 43
9 47
9 50
9 52
9 53
9 54
9 57
9 59
9 61
9 64
9 65
9 67
9 69
9 70
9 71
9 73
9 75
9 76
9 79
9 80
9 81
9 82
9 83
9 85
9 89
9 90
9 92
9 96
9 97
9 99
10 12
10 18
10 19
10 20
10 21
10 22
10 24
10 25
10 26
10 28
10 30
10 31
10 35
10 37
10 40
10 42
10 45
10 46
10 47
10 48
10 50
10 52
10 53
10 55
10 56
10 57
10 58
10 59
10 61
10 63
10 64
10 65
10 66
10 68
10 72
10 73
10 74
10 75
10 77
10 81
10 82
10 87
10 90
10 91
10 92
10 96
10 98
10 99
11 13
11 15
11 17
11 18
11 19
11 21
11 22
11 26
11 28
11 29
11 30
11 33
11 34
11 35
11 38
11 41
11 43
11 50
11 51
11 53
11 56
11 59
11 62
11 64
11 66
11 67
11 69
11 70
11 73
11 74
11 75
11 77
11 78
11 79
11 82
11 86
11 88
11 89
11 90
11 91
11 94
11 96
11 97
12 13
12 15
12 17
12 18
12 19
12 20
12 25
12 29
12 31
12 32
12 33
12 34
12 37
12 40
12 41
12 42
12 43
12 46
12 47
12 48
12 49
12 50
12 53
12 54
12 56
12 57
12 59
12 60
12 61
12 70
12 71
12 72
12 73
12 76
12 78
12 80
12 81
12 83
12 85
12 86
12 87
12 88
12 89
12 95
12 97
12 98
12 99
13 14
13 15
13 16
13 17
13 18
13 23
13 25
13 26
13 27
13 28
13 30
13 31
13 33
13 34
13 35
13 36
13 38
13 40
13 44
13 45
13 46
13 48
13 50
13 52
13 53
13 54
13 57
13 59
13 61
13 62
13 64
13 65
13 66
13 68
13 69
13 70
13 71
13 75
13 77
13 86
13 88
13 89
13 90
13 95
13 97
14 17
14 18
14 19
14 23
14 25
14 26
14 29
14 33
14 35
14 36
14 37
14 39
14 43
14 44
14 45
14 48
14 50
14 52
14 54
14 56
14 57
14 58
14 59
14 62
14 68
14 75
14 76
14 77
14 78
14 80
14 81
14 82
14 86
14 87
14 88
14 90
14 91
14 93
14 98
14 99
15 17
15 21
15 24
15 25
15 28
15 30
15 32
15 33
15 34
15 37
15 38
15 39
15 46
15 47
15 48
15 49
15 51
15 53
15 57
15 58
15 59
15 61
15 63
15 64
15 67
15 68
15 70
15 72
15 74
15 76
15 77
15 79
15 80
15 81
15 82
15 84
15 85
15 86
15 87
15 88
15 91
15 92
15 94
15 96
15 97
15 98
16 18
16 22
16 23
16 24
16 28
16 29
16 30
16 33
16 36
16 37
16 39
16 42
16 44
16 48
16 53
16 54
16 55
16 56
16 57
16 58
16 59
16 62
16 63
16 66
16 67
16 68
16 71
16 72
16 74
16 76
16 77
16 79
16 80
16 88
16 89
16 91
16 96
16 97
16 98
16 99
17 19
17 20
17 21
17 22
17 33
17 34
17 35
17 37
17 38
17 39
17 41
17 42
17 43
17 44
17 47
17 48
17 53
17 54
17 58
17 62
17 66
17 67
17 69
17 70
17 71
17 72
17 75
17 76
17 77
17 78
17 82
17 83
17 86
17 96
17 98
18 19
18 20
18 21
18 22
18 23
18 24
18 25
18 28
18 29
18 30
18 31
18 33
18 35
18 37
18 39
18 40
18 41
18 43
18 46
18 47
18 49
18 50
18 51
18 53
18 56
18 57
18 60
18 63
18 68
18 70
18 73
18 76
18 82
18 83
18 91
18 92
18 93
18 94
18 95
19 20
19 23
19 24
19 27
19 29
19 31
19 32
19 33
19 34
19 39
19 40
19 42
19 43
19 44
19 46
19 47
19 48
19 49
19 53
19 54
19 55
19 56
19 57
19 58
19 62
19 64
19 65
19 67
19 68
19 69
19 72
19 75
19 76
19 79
19 86
19 88
19 89
19 90
19 91
19 92
19 93
19 96
19 98
20 23
20 24
20 25
20 26
20 30
20 32
20 34
20 35
20 37
20 38
20 46
20 48
20 50
20 52
20 57
20 58
20 63
20 66
20 68
20 69
20 70
20 72
20 74
20 75
20 80
20 84
20 88
20 91
20 92
20 94
20 95
20 98
21 22
21 23
21 24
21 27
21 30
21 32
21 36
21 37
21 39
21 40
21 41
21 42
21 43
21 44
21 49
21 50
21 53
21 56
21 57
21 58
21 59
21 63
21 66
21 69
21 70
21 72
21 73
21 75
21 76
21 78
21 80
21 81
21 82
21 86
21 88
21 89
21 90
21 92
21 93
21 94
21 96
21 97
21 98
22 23
22 24
22 27
22 29
22 31
22 32
22 37
22 38
22 39
22 40
22 41
22 45
22 51
22 56
22 57
22 58
22 61
22 62
22 64
22 66
22 68
22 71
22 73
22 74
22 75
22 76
22 82
22 88
22 89
22 90
22 93
22 95
23 28
23 29
23 30
23 31
23 33
23 34
23 35
23 38
23 39
23 40
23 41
23 42
23 43
23 47
23 50
23 51
23 52
23 53
23 55
23 56
23 59
23 61
23 64
23 68
23 69
23 71
23 75
23 76
23 77
23 87
23 88
23 89
23 90
23 96
23 99
24 25
24 27
24 28
24 30
24 31
24 35
24 36
24 38
24 42
24 43
24 47
24 50
24 51
24 53
24 54
24 55
24 56
24 57
24 58
24 60
24 61
24 63
24 65
24 68
24 71
24 73
24 79
24 80
24 81
24 82
24 83
24 87
24 88
24 90
24 91
24 93
24 94
24 95
24 96
24 97
24 98
25 26
25 27
25 38
25 42
25 45
25 47
25 49
25 50
25 52
25 54
25 55
25 56
25 60
25 62
25 65
25 67
25 70
25 71
25 74
25 81
25 83
25 85
25 87
25 88
25 89
25 90
25 91
25 92
25 93
25 97
25 98
25 99
26 27
26 28
26 30
26 32
26 37
26 41
26 43
26 44
26 46
26 50
26 51
26 52
26 53
26 55
26 58
26 61
26 62
26 63
26 66
26 67
26 69
26 72
26 73
26 75
26 76
26 78
26 82
26 83
26 87
26 89
26 90
26 91
26 92
26 95
26 97
27 29
27 34
27 35
27 37
27 38
27 41
27 42
27 43
27 44
27 45
27 47
27 49
27 50
27 52
27 55
27 56
27 59
27 60
27 61
27 64
27 66
27 68
27 69
27 70
27 71
27 72
27 74
27 75
27 76
27 78
27 79
27 80
27 81
27 82
27 84
27 86
27 87
27 88
27 91
27 92
27 93
27 96
27 99
28 30
28 33
28 35
28 36
28 38
28 39
28 40
28 43
28 45
28 47
28 49
28 53
28 54
28 59
28 62
28 64
28 66
28 72
28 73
28 75
28 77
28 81
28 83
28 84
28 85
28 86
28 92
28 93
28 94
28 95
28 96
28 97
28 99
29 32
29 34
29 37
29 39
29 41
29 43
29 44
29 45
29 46
29 47
29 48
29 49
29 51
29 52
29 55
29 59
29 60
29 62
29 63
29 64
29 66
29 67
29 68
29 71
29 72
29 74
29 76
29 77
29 81
29 82
29 87
29 88
29 89
29 91
29 94
29 95
29 96
29 97
29 98
30 31
30 32
30 33
30 34
30 35
30 42
30 44
30 45
30 46
30 47
30 48
30 50
30 52
30 53
30 55
30 57
30 58
30 61
30 63
30 64
30 65
30 68
30 74
30 76
30 77
30 79
30 80
30 81
30 82
30 84
30 85
30 87
30 88
30 91
30 92
30 95
30 96
30 98
30 99
31 32
31 33
31 35
31 40
31 41
31 42
31 43
31 46
31 49
31 50
31 51
31 52
31 54
31 55
31 59
31 60
31 64
31 67
31 68
31 70
31 71
31 75
31 82
31 88
31 89
31 92
31 93
31 94
31 95
31 96
31 98
32 33
32 37
32 38
32 40
32 42
32 43
32 48
32 50
32 52
32 55
32 59
32 60
32 61
32 63
32 64
32 66
32 68
32 69
32 71
32 74
32 75
32 78
32 79
32 84
32 85
32 87
32 89
32 91
32 95
32 96
32 98
33 40
33 42
33 46
33 48
33 49
33 51
33 55
33 58
33 59
33 62
33 64
33 66
33 67
33 71
33 72
33 73
33 74
33 78
33 79
33 84
33 86
33 87
33 89
33 90
33 92
33 93
33 95
33 97
34 36
34 42
34 43
34 44
34 46
34 47
34 48
34 49
34 56
34 60
34 62
34 65
34 69
34 71
34 72
34 73
34 74
34 77
34 78
34 81
34 84
34 87
34 88
34 90
34 92
34 96
35 38
35 39
35 42
35 43
35 45
35 46
35 47
35 48
35 50
35 51
35 52
35 53
35 59
35 61
35 65
35 67
35 71
35 74
35 76
35 77
35 78
35 79
35 81
35 82
35 84
35 85
35 86
35 87
35 88
35 90
35 91
35 92
35 93
35 94
35 97
35 98
35 99
36 38
36 39
36 42
36 43
36 44
36 45
36 46
36 48
36 49
36 52
36 57
36 58
36 61
36 63
36 65
36 66
36 67
36 69
36 70
36 72
36 76
36 77
36 80
36 82
36 84
36 85
36 86
36 88
36 91
36 92
36 94
36 95
36 98
37 39
37 43
37 44
37 47
37 51
37 52
37 53
37 54
37 56
37 60
37 63
37 65
37 67
37 68
37 69
37 71
37 72
37 73
37 74
37 75
37 76
37 78
37 80
37 84
37 86
37 89
37 93
37 94
37 96
37 99
38 39
38 40
38 42
38 44
38 46
38 49
38 55
38 58
38 59
38 63
38 66
38 67
38 68
38 69
38 70
38 71
38 72
38 74
38 75
38 76
38 77
38 79
38 80
38 81
38 82
38 85
38 86
38 88
38 91
38 94
38 96
38 99
39 44
39 45
39 46
39 51
39 52
39 58
39 59
39 61
39 62
39 64
39 66
39 69
39 70
39 73
39 74
39 75
39 76
39 78
39 81
39 82
39 83
39 84
39 86
39 87
39 88
39 93
39 95
39 96
40 43
40 44
40 46
40 48
40 49
40 50
40 56
40 58
40 60
40 61
40 62
40 64
40 65
40 66
40 69
40 71
40 76
40 78
40 80
40 82
40 83
40 84
40 88
40 92
40 93
40 95
40 96
40 98
41 42
41 43
41 45
41 46
41 52
41 54
41 55
41 56
41 58
41 59
41 60
41 64
41 65
41 66
41 67
41 70
41 71
41 73
41 74
41 78
41 79
41 81
41 82
41 88
41 90
42 45
42 46
42 48
42 56
42 57
42 60
42 62
42 64
42 65
42 67
42 68
42 69
42 73
42 74
42 78
42 79
42 81
42 82
42 84
42 85
42 87
42 89
42 90
42 96
42 97
42 99
43 44
43 53
43 54
43 58
43 59
43 62
43 66
43 67
43 68
43 69
43 70
43 71
43 74
43 75
43 77
43 78
43 81
43 82
43 84
43 85
43 89
43 90
43 91
43 92
43 94
43 97
43 98
43 99
44 45
44 46
44 49
44 51
44 52
44 53
44 55
44 56
44 57
44 58
44 59
44 60
44 63
44 70
44 71
44 73
44 74
44 78
44 79
44 86
44 88
44 89
44 90
44 91
44 92
44 94
44 95
44 96
45 46
45 48
45 49
45 51
45 54
45 56
45 57
45 65
45 70
45 71
45 72
45 74
45 76
45 77
45 82
45 83
45 84
45 86
45 87
45 88
45 89
45 91
45 96
46 47
46 49
46 55
46 56
46 57
46 59
46 61
46 64
46 65
46 70
46 77
46 78
46 81
46 82
46 84
46 85
46 87
46 91
46 93
46 94
46 95
46 97
46 98
46 99
47 49
47 50
47 52
47 53
47 58
47 61
47 62
47 64
47 65
47 68
47 71
47 74
47 78
47 81
47 82
47 83
47 84
47 90
47 91
47 92
47 97
48 49
48 50
48 52
48 55
48 56
48 57
48 58
48 62
48 63
48 64
48 66
48 69
48 70
48 72
48 73
48 75
48 76
48 78
48 79
48 80
48 82
48 84
48 85
48 86
48 87
48 88
48 91
48 92
48 93
48 96
48 97
48 98
48 99
49 50
49 51
49 53
49 59
49 62
49 64
49 66
49 67
49 69
49 70
49 71
49 74
49 75
49 77
49 78
49 79
49 81
49 82
49 83
49 85
49 89
49 90
49 91
49 92
49 93
49 94
49 95
49 96
49 97
49 98
50 51
50 52
50 53
50 63
50 64
50 68
50 69
50 71
50 74
50 75
50 77
50 80
50 81
50 82
50 86
50 87
50 88
50 89
50 91
50 92
50 94
50 96
50 98
51 52
51 54
51 56
51 57
51 58
51 60
51 62
51 64
51 66
51 71
51 72
51 73
51 74
51 79
51 82
51 85
51 86
51 90
51 93
51 96
51 98
51 99
52 54
52 56
52 57
52 60
52 61
52 65
52 66
52 71
52 72
52 73
52 78
52 79
52 80
52 84
52 87
52 88
52 90
52 91
52 93
52 94
52 96
53 54
53 55
53 56
53 57
53 58
53 60
53 62
53 64
53 66
53 69
53 71
53 73
53 74
53 75
53 77
53 79
53 86
53 87
53 89
53 90
53 92
53 94
53 97
53 98
54 61
54 64
54 65
54 70
54 72
54 73
54 75
54 80
54 81
54 82
54 90
54 91
54 95
54 99
55 56
55 57
55 58
55 59
55 66
55 70
55 71
55 73
55 74
55 75
55 76
55 78
55 82
55 85
55 86
55 89
55 91
55 92
55 93
55 94
55 95
55 96
55 98
56 60
56 61
56 63
56 64
56 67
56 69
56 71
56 80
56 84
56 85
56 89
56 90
56 91
56 93
56 94
56 95
56 96
56 99
57 58
57 63
57 64
57 68
57 69
57 73
57 74
57 75
57 77
57 78
57 80
57 81
57 83
57 84
57 85
57 86
57 88
57 89
57 90
57 91
57 93
57 95
57 97
57 99
58 63
58 66
58 67
58 71
58 74
58 80
58 87
58 88
58 94
58 96
58 99
59 60
59 62
59 63
59 65
59 69
59 70
59 71
59 72
59 73
59 75
59 76
59 77
59 81
59 82
59 83
59 88
59 92
59 93
59 94
59 95
59 98
60 61
60 63
60 64
60 65
60 66
60 67
60 68
60 69
60 78
60 79
60 85
60 86
60 87
60 91
60 93
60 95
60 96
60 97
60 99
61 62
61 63
61 64
61 65
61 67
61 69
61 70
61 71
61 72
61 73
61 74
61 79
61 80
61 83
61 88
61 89
61 90
61 91
61 92
61 93
61 95
61 98
62 63
62 65
62 70
62 71
62 74
62 75
62 76
62 79
62 80
62 84
62 87
62 88
62 89
62 90
62 92
62 96
62 97
62 98
62 99
63 64
63 65
63 66
63 67
63 69
63 75
63 76
63 78
63 79
63 80
63 81
63 82
63 83
63 86
63 88
63 91
63 92
63 95
63 96
63 97
64 67
64 68
64 69
64 70
64 71
64 73
64 74
64 76
64 77
64 79
64 82
64 83
64 87
64 88
64 90
64 92
64 94
64 95
64 96
64 97
64 98
65 67
65 68
65 72
65 75
65 76
65 80
65 81
65 83
65 84
65 85
65 88
65 92
65 96
65 97
65 98
65 99
66 67
66 69
66 72
66 73
66 75
66 76
66 77
66 80
66 81
66 82
66 83
66 84
66 86
66 87
66 89
66 90
66 91
66 92
66 93
66 95
66 98
67 68
67 69
67 72
67 74
67 76
67 77
67 80
67 85
67 86
67 90
67 93
67 95
67 96
67 97
68 70
68 72
68 73
68 74
68 75
68 77
68 78
68 79
68 82
68 86
68 92
68 94
68 95
68 96
68 98
69 72
69 73
69 74
69 75
69 77
69 78
69 80
69 81
69 82
69 83
69 86
69 87
69 88
69 89
69 90
69 91
69 92
69 93
69 94
69 95
69 96
70 72
70 73
70 75
70 78
70 79
70 80
70 81
70 82
70 83
70 87
70 88
70 90
70 91
70 95
70 97
70 98
71 72
71 73
71 74
71 76
71 79
71 81
71 82
71 84
71 85
71 86
71 92
71 98
71 99
72 73
72 74
72 75
72 76
72 77
72 79
72 80
72 81
72 83
72 84
72 86
72 88
72 89
72 94
72 95
73 74
73 75
73 80
73 82
73 83
73 85
73 87
73 89
73 90
73 91
73 92
73 94
73 95
73 96
73 97
73 99
74 76
74 78
74 79
74 80
74 84
74 85
74 86
74 88
74 89
74 90
74 91
74 99
75 77
75 80
75 81
75 83
75 85
75 88
75 89
75 90
75 91
75 93
75 94
75 95
75 97
75 99
76 77
76 79
76 83
76 85
76 86
76 88
76 91
76 95
76 96
76 99
77 78
77 80
77 82
77 88
77 89
77 90
77 91
77 93
77 94
77 95
77 96
77 97
77 98
78 79
78 81
78 83
78 85
78 86
78 92
78 93
78 94
78 95
78 96
78 98
78 99
79 81
79 83
79 84
79 85
79 87
79 90
79 92
79 95
79 97
79 99
80 83
80 88
80 89
80 91
80 92
80 95
80 96
80 97
81 83
81 84
81 85
81 86
81 87
81 88
81 90
81 91
81 94
81 95
81 96
81 97
81 99
82 83
82 84
82 90
82 92
82 94
82 95
82 98
82 99
83 84
83 85
83 86
83 87
83 91
83 95
83 96
84 85
84 88
84 91
84 92
84 95
84 97
84 98
85 87
85 88
85 93
85 96
86 87
86 88
86 92
86 96
86 97
86 98
87 89
87 94
87 95
87 96
87 97
87 99
88 91
88 93
88 96
88 97
88 99
89 94
89 95
89 97
89 98
89 99
90 94
90 98
91 93
91 94
91 95
91 97
92 94
92 98
93 97
93 98
93 99
94 95
94 99
95 96
95 98
