0 5
0 6
0 7
0 9
0 11
0 12
0 13
0 17
0 19
0 20
0 21
0 24
0 25
0 27
0 29
0 30
0 31
0 36
0 38
0 39
0 40
0 41
0 44
0 46
0 47
0 48
0 50
0 51
0 55
0 61
0 63
0 64
0 65
0 66
0 68
0 71
0 73
0 75
0 76
0 80
0 83
0 85
0 86
0 87
0 92
0 95
0 96
0 97
0 98
0 99
1 2
1 3
1 4
1 6
1 9
1 10
1 14
1 17
1 18
1 19
1 22
1 24
1 25
1 26
1 29
1 30
1 32
1 34
1 35
1 37
1 39
1 41
1 42
1 44
1 45
1 47
1 51
1 52
1 54
1 56
1 57
1 58
1 59
1 60
1 61
1 62
1 63
1 64
1 65
1 67
1 70
1 71
1 74
1 77
1 79
1 80
1 81
1 82
1 84
1 85
1 86
1 87
1 88
1 89
1 92
1 93
1 95
1 97
1 99
2 7
2 8
2 10
2 12
2 13
2 17
2 19
2 25
2 29
2 31
2 32
2 33
2 36
2 40
2 42
2 43
2 45
2 51
2 55
2 57
2 60
2 61
2 62
2 68
2 70
2 72
2 73
2 75
2 78
2 79
2 81
2 82
2 83
2 84
2 87
2 90
2 92
2 93
2 95
2 96
2 97
2 98
2 99
3 5
3 7
3 8
3 13
3 14
3 18
3 20
3 21
3 23
3 24
3 25
3 26
3 27
3 29
3 30
3 31
3 32
3 33
3 35
3 36
3 38
3 39
3 40
3 41
3 42
3 43
3 45
3 47
3 48
3 51
3 53
3 55
3 58
3 61
3 63
3 64
3 67
3 69
3 71
3 76
3 77
3 83
3 85
3 86
3 87
3 89
3 91
3 92
3 94
3 96
3 97
4 6
4 7
4 9
4 13
4 15
4 19
4 22
4 23
4 24
4 28
4 29
4 33
4 36
4 37
4 39
4 41
4 42
4 44
4 45
4 46
4 48
4 49
4 52
4 53
4 62
4 63
4 66
4 67
4 69
4 71
4 73
4 77
4 81
4 82
4 85
4 86
4 87
4 88
4 90
4 91
4 95
4 96
4 98
4 99
5 6
5 11
5 16
5 17
5 18
5 19
5 22
5 23
5 24
5 26
5 29
5 30
5 31
5 32
5 34
5 38
5 42
5 46
5 47
5 48
5 50
5 51
5 53
5 54
5 55
5 58
5 59
5 60
5 62
5 63
5 64
5 66
5 71
5 72
5 73
5 74
5 75
5 77
5 79
5 83
5 85
5 86
5 87
5 88
5 91
5 92
5 94
5 95
5 96
6 9
6 12
6 15
6 16
6 22
6 25
6 26
6 27
6 28
6 30
6 40
6 41
6 42
6 43
6 44
6 45
6 50
6 51
6 52
6 56
6 57
6 62
6 63
6 65
6 66
6 67
6 68
6 70
6 71
6 72
6 76
6 78
6 80
6 82
6 83
6 85
6 86
6 87
6 89
6 92
6 97
7 9
7 12
7 13
7 14
7 16
7 18
7 22
7 23
7 25
7 27
7 29
7 31
7 37
7 38
7 39
7 41
7 43
7 44
7 45
7 46
7 47
7 48
7 50
7 54
7 56
7 58
7 59
7 60
7 61
7 62
7 63
7 64
7 65
7 66
7 69
7 71
7 72
7 73
7 77
7 79
7 80
7 82
7 83
7 84
7 85
7 87
7 88
7 89
7 90
7 92
7 93
7 97
8 11
8 14
8 16
8 17
8 20
8 22
8 25
8 27
8 33
8 34
8 36
8 44
8 47
8 50
8 51
8 54
8 57
8 58
8 59
8 61
8 64
8 65
8 66
8 67
8 78
8 79
8 82
8 83
8 85
8 87
8 91
8 92
8 94
8 97
9 10
9 12
9 13
9 14
9 15
9 16
9 17
9 18
9 24
9 27
9 28
9 33
9 34
9 35
9 37
9 39
9 41
9 42
9 46
9 47
9 48
9 49
9 50
9 51
9 52
9 55
9 57
9 61
9 67
9 68
9 71
9 78
9 79
9 81
9 82
9 86
9 87
9 88
9 93
9 95
9 99
10 13
10 18
10 20
10 21
10 24
10 26
10 27
10 32
10 33
10 38
10 39
10 42
10 43
10 46
10 48
10 49
10 51
10 52
10 55
10 56
10 61
10 65
10 67
10 72
10 73
10 74
10 77
10 79
10 80
10 81
10 83
10 85
10 90
10 92
10 93
10 94
11 12
11 18
11 19
11 26
11 30
11 32
11 36
11 37
11 39
11 42
11 43
11 45
11 47
11 48
11 52
11 53
11 54
11 55
11 60
11 61
11 63
11 65
11 66
11 68
11 69
11 71
11 72
11 76
11 80
11 81
11 86
11 87
11 89
11 90
11 94
11 96
11 98
12 15
12 16
12 25
12 28
12 29
12 30
12 31
12 32
12 35
12 38
12 39
12 45
12 48
12 53
12 58
12 60
12 62
12 63
12 64
12 67
12 71
12 73
12 74
12 75
12 79
12 80
12 81
12 83
12 84
12 85
12 86
12 88
12 91
12 93
12 95
12 97
12 98
13 14
13 20
13 21
13 22
13 23
13 25
13 27
13 29
13 30
13 32
13 34
13 35
13 37
13 38
13 40
13 41
13 43
13 44
13 45
13 47
13 48
13 49
13 50
13 53
13 54
13 56
13 58
13 61
13 64
13 66
13 67
13 68
13 69
13 70
13 71
13 72
13 73
13 77
13 78
13 79
13 81
13 83
13 89
13 90
13 93
13 95
13 96
14 15
14 16
14 17
14 18
14 19
14 20
14 21
14 22
14 23
14 27
14 29
14 30
14 32
14 33
14 34
14 36
14 41
14 42
14 43
14 44
14 45
14 46
14 47
14 49
14 50
14 52
14 53
14 54
14 56
14 57
14 58
14 59
14 61
14 66
14 68
14 73
14 75
14 80
14 82
14 86
14 87
14 88
14 91
14 92
14 93
14 95
14 96
14 97
14 99
15 16
15 19
15 21
15 22
15 25
15 26
15 29
15 31
15 33
15 36
15 37
15 38
15 39
15 41
15 43
15 44
15 48
15 49
15 50
15 51
15 52
15 53
15 54
15 57
15 63
15 64
15 65
15 67
15 69
15 71
15 73
15 77
15 80
15 82
15 84
15 86
15 87
15 88
15 90
15 91
15 94
15 95
15 96
15 97
15 98
15 99
16 17
16 20
16 21
16 23
16 28
16 29
16 33
16 35
16 36
16 38
16 41
16 42
16 43
16 44
16 45
16 47
16 48
16 50
16 51
16 52
16 53
16 54
16 56
16 59
16 65
16 66
16 67
16 69
16 70
16 71
16 72
16 75
16 79
16 81
16 82
16 86
16 87
16 97
16 98
17 21
17 23
17 24
17 25
17 27
17 28
17 29
17 34
17 36
17 38
17 42
17 43
17 48
17 49
17 50
17 52
17 53
17 59
17 61
17 62
17 63
17 64
17 65
17 67
17 70
17 72
17 74
17 79
17 81
17 83
17 85
17 86
17 89
17 90
17 93
17 96
18 20
18 21
18 26
18 29
18 30
18 31
18 32
18 37
18 40
18 41
18 46
18 48
18 49
18 50
18 52
18 53
18 54
18 56
18 58
18 59
18 61
18 62
18 63
18 67
18 68
18 73
18 74
18 77
18 79
18 80
18 82
18 83
18 85
18 87
18 89
18 90
18 93
18 94
18 95
18 96
18 97
18 99
19 20
19 21
19 23
19 24
19 25
19 27
19 30
19 31
19 33
19 34
19 36
19 38
19 39
19 42
19 43
19 45
19 48
19 50
19 52
19 53
19 55
19 61
19 64
19 70
19 71
19 77
19 79
19 80
19 83
19 84
19 86
19 90
19 92
19 93
19 95
19 96
19 97
19 98
20 23
20 24
20 29
20 30
20 31
20 34
20 35
20 36
20 37
20 39
20 41
20 43
20 47
20 48
20 49
20 51
20 52
20 56
20 57
20 62
20 65
20 66
20 67
20 68
20 69
20 71
20 73
20 75
20 77
20 78
20 80
20 82
20 85
20 86
20 88
20 89
20 91
20 92
20 98
20 99
21 22
21 23
21 24
21 28
21 29
21 31
21 33
21 35
21 36
21 37
21 42
21 43
21 44
21 46
21 49
21 50
21 52
21 56
21 59
21 60
21 61
21 63
21 64
21 68
21 70
21 71
21 72
21 77
21 78
21 80
21 82
21 84
21 85
21 86
21 89
21 90
21 91
21 92
21 95
21 97
21 98
21 99
22 24
22 28
22 29
22 31
22 32
22 33
22 34
22 35
22 37
22 39
22 43
22 44
22 45
22 47
22 48
22 49
22 50
22 51
22 52
22 53
22 57
22 58
22 59
22 60
22 62
22 65
22 68
22 69
22 71
22 75
22 77
22 80
22 82
22 84
22 85
22 86
22 87
22 89
22 90
22 91
22 92
22 94
22 96
22 97
23 24
23 25
23 26
23 27
23 28
23 29
23 31
23 33
23 40
23 44
23 47
23 48
23 49
23 52
23 54
23 56
23 60
23 63
23 66
23 69
23 71
23 73
23 74
23 75
23 78
23 80
23 81
23 83
23 86
23 87
23 89
23 90
23 93
23 99
24 27
24 34
24 40
24 44
24 45
24 46
24 50
24 52
24 53
24 55
24 57
24 58
24 61
24 62
24 64
24 65
24 67
24 68
24 71
24 72
24 73
24 74
24 75
24 77
24 78
24 79
24 81
24 86
24 88
24 89
24 92
24 93
24 94
24 95
24 96
24 97
25 29
25 30
25 32
25 33
25 34
25 37
25 40
25 44
25 46
25 47
25 52
25 53
25 58
25 62
25 66
25 69
25 72
25 73
25 74
25 75
25 76
25 77
25 78
25 79
25 84
25 89
25 92
25 93
25 95
25 96
25 99
26 29
26 32
26 36
26 40
26 41
26 42
26 50
26 53
26 57
26 59
26 60
26 64
26 67
26 68
26 71
26 72
26 73
26 76
26 78
26 82
26 86
26 87
26 88
26 93
26 94
26 96
27 28
27 30
27 34
27 38
27 46
27 47
27 48
27 49
27 50
27 51
27 52
27 53
27 54
27 55
27 56
27 57
27 61
27 65
27 69
27 70
27 71
27 74
27 75
27 76
27 81
27 87
27 90
27 91
27 92
27 94
27 95
27 98
27 99
28 29
28 30
28 31
28 32
28 35
28 36
28 37
28 39
28 42
28 43
28 44
28 46
28 48
28 51
28 52
28 54
28 56
28 69
28 70
28 73
28 75
28 76
28 77
28 78
28 80
28 82
28 83
28 88
28 90
28 93
28 96
29 30
29 35
29 37
29 38
29 39
29 41
29 42
29 43
29 45
29 49
29 50
29 52
29 55
29 56
29 60
29 65
29 67
29 70
29 73
29 74
29 75
29 76
29 77
29 78
29 79
29 81
29 84
29 85
29 89
29 93
29 98
29 99
30 33
30 35
30 37
30 38
30 40
30 41
30 49
30 52
30 53
30 55
30 60
30 62
30 63
30 65
30 66
30 70
30 75
30 76
30 79
30 81
30 84
30 85
30 87
30 92
30 93
30 97
30 99
31 33
31 34
31 36
31 40
31 42
31 43
31 44
31 45
31 46
31 49
31 52
31 55
31 56
31 57
31 60
31 61
31 62
31 69
31 73
31 76
31 77
31 78
31 79
31 81
31 82
31 85
31 86
31 87
31 88
31 92
31 93
31 94
31 98
32 37
32 42
32 43
32 44
32 45
32 48
32 50
32 55
32 56
32 58
32 59
32 60
32 64
32 67
32 68
32 69
32 70
32 76
32 79
32 81
32 82
32 83
32 84
32 86
32 89
32 90
32 91
32 92
32 95
32 96
32 98
33 34
33 35
33 36
33 38
33 42
33 44
33 47
33 49
33 51
33 52
33 54
33 55
33 58
33 59
33 60
33 66
33 68
33 69
33 70
33 73
33 74
33 76
33 79
33 80
33 81
33 82
33 83
33 84
33 87
33 88
33 90
33 93
33 96
33 97
34 35
34 36
34 37
34 38
34 41
34 43
34 47
34 48
34 51
34 56
34 57
34 58
34 60
34 61
34 62
34 64
34 66
34 67
34 68
34 70
34 73
34 76
34 77
34 79
34 80
34 83
34 84
34 86
34 88
34 90
34 91
34 93
34 94
34 96
35 37
35 38
35 39
35 48
35 49
35 52
35 58
35 59
35 60
35 65
35 66
35 70
35 71
35 72
35 75
35 76
35 79
35 81
35 82
35 83
35 84
35 86
35 88
35 90
35 92
35 94
35 95
35 96
35 97
35 99
36 38
36 39
36 41
36 42
36 43
36 44
36 48
36 53
36 55
36 57
36 58
36 59
36 60
36 62
36 63
36 64
36 65
36 66
36 67
36 68
36 71
36 72
36 73
36 74
36 76
36 79
36 82
36 87
36 88
36 89
36 90
36 92
36 95
36 96
36 97
36 98
36 99
37 38
37 39
37 41
37 43
37 44
37 45
37 48
37 50
37 51
37 52
37 55
37 56
37 57
37 59
37 60
37 61
37 64
37 66
37 68
37 69
37 70
37 71
37 74
37 76
37 77
37 78
37 79
37 84
37 85
37 86
37 89
37 91
37 93
37 98
37 99
38 39
38 40
38 41
38 42
38 43
38 44
38 48
38 50
38 51
38 53
38 55
38 56
38 57
38 59
38 60
38 70
38 72
38 74
38 83
38 88
38 91
38 93
38 94
38 95
38 96
38 98
38 99
39 40
39 42
39 43
39 44
39 46
39 48
39 49
39 50
39 51
39 54
39 55
39 57
39 58
39 59
39 60
39 61
39 62
39 63
39 64
39 67
39 68
39 70
39 71
39 77
39 87
39 93
39 94
39 98
40 44
40 46
40 47
40 49
40 50
40 53
40 54
40 56
40 57
40 58
40 60
40 64
40 65
40 68
40 71
40 75
40 76
40 77
40 78
40 80
40 83
40 84
40 86
40 87
40 89
40 95
40 96
40 98
41 42
41 44
41 47
41 50
41 53
41 55
41 56
41 57
41 58
41 59
41 60
41 62
41 63
41 64
41 65
41 67
41 68
41 69
41 70
41 72
41 74
41 75
41 76
41 78
41 79
41 84
41 86
41 87
41 88
41 90
41 91
41 93
41 94
41 96
41 97
41 99
42 44
42 46
42 47
42 48
42 50
42 53
42 57
42 58
42 59
42 62
42 67
42 68
42 73
42 78
42 81
42 89
42 90
42 91
42 92
42 94
42 95
42 97
42 99
43 46
43 48
43 49
43 50
43 52
43 53
43 54
43 56
43 58
43 60
43 64
43 66
43 67
43 68
43 70
43 74
43 82
43 83
43 85
43 87
43 88
43 89
43 90
43 92
43 93
43 95
43 97
43 99
44 46
44 48
44 52
44 55
44 56
44 57
44 61
44 62
44 63
44 64
44 65
44 68
44 71
44 72
44 75
44 76
44 77
44 83
44 85
44 87
44 88
44 89
44 98
44 99
45 46
45 50
45 51
45 54
45 55
45 59
45 61
45 63
45 65
45 68
45 69
45 70
45 73
45 75
45 80
45 85
45 87
45 88
45 89
45 92
45 95
45 96
46 47
46 48
46 49
46 50
46 53
46 55
46 58
46 59
46 62
46 63
46 64
46 65
46 66
46 70
46 71
46 72
46 77
46 79
46 80
46 81
46 82
46 83
46 86
46 87
46 89
46 93
46 97
46 98
46 99
47 52
47 53
47 54
47 55
47 56
47 60
47 61
47 62
47 64
47 65
47 66
47 69
47 71
47 73
47 74
47 76
47 77
47 78
47 79
47 80
47 85
47 89
47 92
47 93
47 94
47 96
47 97
48 52
48 53
48 56
48 58
48 60
48 61
48 62
48 63
48 65
48 66
48 68
48 69
48 70
48 73
48 74
48 81
48 84
48 85
48 86
48 89
48 93
48 97
48 98
48 99
49 51
49 54
49 61
49 62
49 63
49 64
49 67
49 68
49 70
49 71
49 72
49 74
49 75
49 76
49 77
49 79
49 82
49 83
49 84
49 85
49 86
49 88
49 89
49 90
49 91
49 93
49 96
49 97
50 53
50 55
50 56
50 60
50 61
50 64
50 67
50 69
50 70
50 72
50 73
50 74
50 75
50 76
50 81
50 83
50 86
50 87
50 89
50 90
50 91
50 93
50 94
50 97
51 54
51 55
51 58
51 61
51 64
51 67
51 68
51 69
51 72
51 73
51 77
51 81
51 83
51 85
51 87
51 91
51 96
51 99
52 53
52 55
52 57
52 59
52 60
52 61
52 62
52 63
52 68
52 74
52 80
52 82
52 83
52 86
52 88
52 89
52 90
52 91
52 93
52 94
52 96
52 98
53 58
53 62
53 63
53 64
53 66
53 69
53 71
53 72
53 73
53 75
53 77
53 78
53 79
53 81
53 85
53 87
53 90
53 91
53 92
53 94
53 95
53 96
53 98
54 57
54 60
54 61
54 63
54 65
54 66
54 67
54 68
54 70
54 71
54 72
54 73
54 74
54 75
54 78
54 80
54 83
54 84
54 85
54 88
54 90
54 92
54 94
54 98
55 56
55 57
55 59
55 60
55 61
55 65
55 66
55 67
55 68
55 74
55 75
55 76
55 82
55 83
55 85
55 91
55 92
55 93
55 95
56 58
56 63
56 65
56 68
56 69
56 71
56 73
56 74
56 75
56 77
56 78
56 79
56 80
56 81
56 82
56 86
56 88
56 89
56 90
56 91
56 93
56 95
56 99
57 58
57 61
57 65
57 70
57 73
57 74
57 75
57 76
57 78
57 79
57 80
57 81
57 82
57 88
57 90
57 91
57 92
57 94
57 97
58 60
58 64
58 67
58 69
58 70
58 72
58 74
58 78
58 81
58 82
58 88
58 95
58 97
58 98
58 99
59 61
59 63
59 64
59 67
59 69
59 70
59 72
59 74
59 76
59 77
59 79
59 81
59 84
59 87
59 88
59 90
59 92
59 94
59 96
59 98
59 99
60 61
60 64
60 68
60 70
60 71
60 75
60 77
60 81
60 86
60 91
60 97
61 62
61 63
61 66
61 67
61 68
61 70
61 72
61 74
61 75
61 76
61 77
61 78
61 80
61 82
61 85
61 88
61 90
61 96
61 97
61 98
62 65
62 69
62 70
62 72
62 73
62 74
62 75
62 76
62 77
62 78
62 84
62 86
62 87
62 88
62 89
62 90
62 92
62 93
62 96
63 65
63 68
63 71
63 72
63 76
63 77
63 78
63 79
63 80
63 81
63 83
63 84
63 86
63 87
63 88
63 90
63 92
63 93
63 96
63 97
64 65
64 67
64 68
64 69
64 72
64 79
64 80
64 86
64 87
64 88
64 89
64 91
64 92
64 96
65 67
65 68
65 69
65 71
65 75
65 77
65 78
65 81
65 82
65 83
65 84
65 86
65 87
65 88
65 89
65 92
65 93
65 98
65 99
66 68
66 73
66 76
66 78
66 81
66 82
66 83
66 85
66 90
66 94
66 95
66 96
66 97
66 98
66 99
67 68
67 69
67 70
67 74
67 79
67 80
67 82
67 83
67 89
67 90
67 91
67 93
67 96
67 97
67 98
68 70
68 72
68 74
68 75
68 76
68 78
68 84
68 90
68 92
68 93
68 95
68 99
69 72
69 73
69 76
69 77
69 78
69 80
69 81
69 84
69 87
69 90
69 91
69 92
69 95
69 99
70 72
70 73
70 75
70 76
70 77
70 78
70 79
70 81
70 85
70 86
70 88
70 91
70 92
70 96
70 97
71 73
71 74
71 77
71 78
71 81
71 85
71 86
71 87
71 91
71 92
71 94
71 95
72 73
72 74
72 78
72 79
72 80
72 81
72 82
72 83
72 85
72 86
72 88
72 89
72 91
72 92
72 93
72 95
72 97
72 98
72 99
73 74
73 75
73 79
73 81
73 83
73 84
73 89
73 92
73 93
73 94
73 95
73 98
74 79
74 80
74 82
74 83
74 84
74 88
74 92
74 93
74 94
74 99
75 80
75 82
75 83
75 85
75 86
75 87
75 88
75 94
75 95
75 96
75 98
75 99
76 77
76 79
76 80
76 81
76 82
76 84
76 85
76 91
76 92
76 94
76 95
76 96
76 99
77 80
77 84
77 85
77 86
77 89
77 90
77 93
77 95
77 97
77 98
78 79
78 80
78 83
78 85
78 87
78 88
78 90
78 93
78 94
78 96
78 99
79 80
79 81
79 82
79 84
79 85
79 86
79 87
79 88
79 89
79 90
79 93
79 95
79 99
80 81
80 88
80 90
80 91
80 92
80 94
80 96
80 98
81 83
81 84
81 85
81 86
81 89
81 91
81 93
81 94
81 96
82 83
82 84
82 85
82 86
82 89
82 90
82 92
82 95
82 98
83 85
83 87
83 88
83 89
83 90
83 93
83 94
83 96
83 98
83 99
84 85
84 86
84 88
84 89
84 92
84 93
84 94
84 96
84 98
85 87
85 88
85 89
85 91
85 92
85 95
85 97
85 98
86 87
86 93
86 94
86 95
86 96
86 97
87 88
87 89
87 90
87 92
87 94
87 96
87 97
88 89
88 91
88 92
88 95
88 96
88 97
88 98
88 99
89 90
89 92
89 96
90 91
90 92
90 95
90 96
90 97
90 98
90 99
91 93
91 96
91 98
91 99
92 94
92 95
92 96
92 97
93 95
93 97
94 96
94 97
94 98
94 99
95 98
96 97
97 98
98 99
