0 4
0 5
0 7
0 8
0 9
0 13
0 14
0 17
0 20
0 22
0 23
0 27
0 28
0 30
0 31
0 33
0 34
0 35
0 42
0 46
0 47
0 48
0 52
0 54
0 60
0 61
0 62
0 66
0 67
0 72
0 75
0 77
0 81
0 83
0 85
0 86
0 87
0 88
0 90
0 91
0 92
0 93
0 96
0 98
0 99
1 3
1 8
1 9
1 10
1 14
1 17
1 20
1 21
1 24
1 26
1 27
1 29
1 35
1 36
1 41
1 43
1 45
1 46
1 47
1 50
1 53
1 55
1 56
1 57
1 58
1 63
1 64
1 68
1 69
1 70
1 71
1 77
1 78
1 82
1 83
1 84
1 86
1 87
1 89
1 92
1 96
1 97
2 4
2 7
2 8
2 10
2 12
2 13
2 14
2 15
2 16
2 18
2 20
2 21
2 23
2 29
2 36
2 39
2 42
2 43
2 46
2 48
2 50
2 52
2 53
2 54
2 56
2 57
2 59
2 60
2 61
2 62
2 65
2 66
2 68
2 69
2 71
2 74
2 75
2 76
2 78
2 81
2 89
2 91
2 95
2 97
2 99
3 4
3 5
3 9
3 10
3 12
3 14
3 16
3 18
3 19
3 20
3 21
3 23
3 25
3 27
3 29
3 30
3 32
3 34
3 35
3 38
3 40
3 43
3 44
3 45
3 46
3 47
3 51
3 53
3 54
3 55
3 57
3 58
3 62
3 64
3 66
3 67
3 70
3 72
3 76
3 79
3 83
3 86
3 88
3 89
3 91
3 94
3 95
3 96
3 97
4 7
4 10
4 11
4 12
4 14
4 15
4 18
4 20
4 21
4 23
4 24
4 26
4 27
4 29
4 30
4 32
4 33
4 34
4 35
4 40
4 42
4 44
4 45
4 47
4 49
4 50
4 52
4 57
4 58
4 61
4 63
4 64
4 66
4 68
4 69
4 74
4 75
4 78
4 85
4 86
4 88
4 90
4 91
4 92
4 93
4 94
4 97
4 98
4 99
5 7
5 10
5 11
5 14
5 15
5 16
5 18
5 19
5 21
5 23
5 24
5 27
5 30
5 32
5 34
5 35
5 36
5 37
5 39
5 40
5 42
5 46
5 47
5 49
5 50
5 51
5 52
5 54
5 56
5 58
5 59
5 60
5 61
5 63
5 66
5 67
5 68
5 69
5 71
5 72
5 74
5 76
5 78
5 79
5 81
5 82
5 84
5 85
5 90
5 94
5 95
5 97
5 98
5 99
6 10
6 14
6 15
6 16
6 18
6 20
6 21
6 22
6 23
6 25
6 27
6 31
6 32
6 33
6 37
6 38
6 39
6 41
6 42
6 43
6 45
6 48
6 51
6 52
6 54
6 56
6 57
6 59
6 64
6 67
6 68
6 69
6 73
6 75
6 76
6 79
6 80
6 81
6 83
6 84
6 89
6 91
6 93
6 96
6 98
7 13
7 14
7 15
7 16
7 17
7 18
7 22
7 27
7 28
7 31
7 35
7 37
7 38
7 41
7 43
7 45
7 46
7 50
7 51
7 52
7 53
7 56
7 57
7 58
7 60
7 61
7 66
7 68
7 69
7 74
7 76
7 78
7 79
7 81
7 83
7 91
7 95
7 96
7 97
7 98
8 10
8 13
8 19
8 20
8 24
8 25
8 26
8 27
8 28
8 30
8 31
8 32
8 35
8 36
8 37
8 40
8 41
8 44
8 47
8 48
8 49
8 50
8 51
8 52
8 56
8 57
8 58
8 59
8 61
8 62
8 65
8 66
8 67
8 68
8 69
8 71
8 74
8 76
8 78
8 79
8 82
8 84
8 86
8 88
8 90
8 92
8 95
8 96
9 12
9 15
9 16
9 17
9 18
9 20
9 21
9 22
9 25
9 26
9 27
9 29
9 30
9 31
9 32
9 34
9 36
9 40
9 42
9 43
9 48
9 50
9 51
9 53
9 54
9 55
9 56
9 57
9 58
9 64
9 65
9 68
9 73
9 74
9 79
9 80
9 81
9 84
9 86
9 87
9 88
9 89
9 90
9 91
9 92
9 93
9 94
9 95
9 96
9 99
10 12
10 13
10 14
10 18
10 21
10 23
10 24
10 28
10 30
10 33
10 34
10 35
10 36
10 44
10 45
10 46
10 47
10 50
10 53
10 57
10 58
10 60
10 61
10 62
10 63
10 64
10 65
10 66
10 68
10 69
10 72
10 73
10 74
10 79
10 81
10 82
10 83
10 84
10 86
10 87
10 90
10 92
10 93
10 94
10 97
11 14
11 15
11 18
11 22
11 23
11 26
11 28
11 30
11 32
11 34
11 35
11 36
11 37
11 38
11 40
11 46
11 47
11 50
11 51
11 53
11 55
11 57
11 59
11 60
11 61
11 65
11 68
11 69
11 70
11 72
11 74
11 77
11 81
11 83
11 84
11 85
11 87
11 89
11 90
11 93
11 96
11 97
11 98
12 13
12 14
12 15
12 16
12 18
12 25
12 30
12 31
12 34
12 36
12 37
12 41
12 43
12 46
12 47
12 50
12 51
12 52
12 53
12 55
12 56
12 60
12 65
12 68
12 73
12 75
12 77
12 78
12 81
12 82
12 83
12 85
12 86
12 88
12 89
12 90
12 95
12 96
12 97
12 98
13 14
13 17
13 18
13 20
13 21
13 25
13 26
13 27
13 28
13 29
13 30
13 31
13 32
13 36
13 37
13 38
13 40
13 45
13 47
13 48
13 49
13 50
13 51
13 52
13 54
13 55
13 56
13 57
13 58
13 59
13 62
13 66
13 67
13 68
13 69
13 71
13 72
13 73
13 75
13 76
13 78
13 79
13 81
13 84
13 87
13 90
13 91
13 96
13 99
14 18
14 20
14 21
14 24
14 25
14 27
14 28
14 29
14 33
14 34
14 35
14 36
14 39
14 41
14 46
14 47
14 53
14 59
14 60
14 64
14 65
14 66
14 67
14 68
14 70
14 72
14 75
14 76
14 77
14 79
14 83
14 84
14 85
14 87
14 89
14 93
14 96
14 97
14 98
14 99
15 16
15 17
15 18
15 19
15 21
15 22
15 24
15 25
15 26
15 34
15 35
15 37
15 39
15 40
15 43
15 45
15 50
15 51
15 52
15 53
15 54
15 58
15 59
15 60
15 62
15 66
15 69
15 71
15 74
15 76
15 78
15 79
15 82
15 83
15 84
15 85
15 87
15 88
15 91
15 96
15 98
16 17
16 19
16 23
16 24
16 25
16 26
16 30
16 31
16 33
16 35
16 36
16 39
16 40
16 44
16 45
16 48
16 49
16 50
16 55
16 56
16 59
16 62
16 64
16 68
16 69
16 70
16 71
16 72
16 76
16 77
16 82
16 85
16 86
16 88
16 91
16 93
16 94
16 96
16 99
17 19
17 21
17 22
17 27
17 34
17 36
17 38
17 39
17 41
17 46
17 47
17 50
17 54
17 58
17 59
17 60
17 65
17 66
17 68
17 70
17 71
17 74
17 75
17 76
17 77
17 79
17 81
17 84
17 85
17 86
17 87
17 89
17 90
17 92
17 95
17 98
18 19
18 20
18 22
18 26
18 27
18 28
18 30
18 33
18 34
18 38
18 39
18 40
18 41
18 42
18 45
18 46
18 49
18 52
18 53
18 54
18 55
18 57
18 58
18 59
18 60
18 63
18 64
18 65
18 69
18 73
18 74
18 76
18 78
18 79
18 88
18 90
18 92
18 93
18 94
18 95
18 96
18 97
19 21
19 23
19 25
19 26
19 28
19 29
19 30
19 32
19 35
19 36
19 38
19 39
19 41
19 42
19 44
19 45
19 46
19 47
19 48
19 49
19 52
19 54
19 56
19 57
19 58
19 64
19 65
19 66
19 68
19 69
19 71
19 72
19 76
19 78
19 81
19 83
19 85
19 86
19 87
19 91
19 94
19 95
19 98
19 99
20 22
20 26
20 27
20 29
20 31
20 32
20 33
20 35
20 36
20 37
20 38
20 39
20 42
20 43
20 47
20 48
20 50
20 54
20 55
20 56
20 57
20 58
20 59
20 61
20 62
20 63
20 64
20 70
20 73
20 76
20 78
20 82
20 83
20 87
20 88
20 89
20 92
20 94
20 95
20 97
21 22
21 23
21 24
21 27
21 28
21 32
21 33
21 37
21 38
21 43
21 44
21 47
21 48
21 50
21 52
21 53
21 54
21 55
21 56
21 57
21 59
21 60
21 64
21 67
21 68
21 69
21 72
21 73
21 74
21 80
21 82
21 83
21 85
21 87
21 88
21 94
21 95
21 97
22 23
22 24
22 25
22 27
22 28
22 29
22 30
22 31
22 32
22 33
22 34
22 40
22 42
22 44
22 45
22 48
22 54
22 62
22 63
22 65
22 71
22 72
22 75
22 76
22 77
22 79
22 80
22 81
22 83
22 85
22 87
22 88
22 90
22 91
22 92
22 93
22 94
22 96
22 98
23 24
23 25
23 33
23 34
23 35
23 36
23 37
23 40
23 42
23 43
23 44
23 45
23 46
23 47
23 50
23 51
23 53
23 54
23 55
23 60
23 64
23 65
23 67
23 68
23 69
23 73
23 78
23 81
23 83
23 85
23 86
23 88
23 89
23 91
23 92
23 95
24 25
24 27
24 29
24 30
24 32
24 34
24 36
24 42
24 45
24 48
24 50
24 51
24 53
24 54
24 57
24 58
24 59
24 61
24 66
24 67
24 69
24 70
24 71
24 73
24 74
24 79
24 80
24 83
24 85
24 89
24 90
24 91
24 93
25 27
25 30
25 33
25 39
25 45
25 46
25 49
25 53
25 60
25 62
25 63
25 64
25 67
25 68
25 70
25 73
25 75
25 77
25 80
25 81
25 82
25 84
25 85
25 87
25 91
25 93
25 94
25 95
25 97
25 99
26 27
26 29
26 30
26 33
26 34
26 36
26 37
26 38
26 39
26 42
26 53
26 55
26 56
26 57
26 58
26 60
26 61
26 63
26 64
26 66
26 71
26 72
26 73
26 74
26 76
26 78
26 80
26 85
26 90
26 91
26 92
26 93
26 95
26 97
27 32
27 33
27 39
27 42
27 45
27 47
27 49
27 50
27 52
27 53
27 54
27 56
27 59
27 61
27 62
27 64
27 65
27 67
27 68
27 70
27 73
27 74
27 75
27 80
27 82
27 89
27 90
27 91
27 92
27 93
27 94
27 95
28 31
28 33
28 35
28 36
28 39
28 40
28 47
28 50
28 51
28 52
28 56
28 60
28 62
28 63
28 67
28 68
28 75
28 77
28 78
28 79
28 82
28 83
28 84
28 85
28 87
28 89
28 91
28 92
28 94
28 98
28 99
29 32
29 34
29 36
29 42
29 44
29 45
29 47
29 48
29 50
29 51
29 55
29 56
29 60
29 62
29 63
29 64
29 74
29 75
29 77
29 79
29 82
29 85
29 96
29 98
29 99
30 33
30 34
30 35
30 36
30 37
30 38
30 39
30 40
30 41
30 42
30 43
30 45
30 49
30 50
30 57
30 60
30 61
30 62
30 63
30 66
30 68
30 70
30 72
30 78
30 80
30 84
30 85
30 88
30 89
30 93
30 95
30 96
30 97
30 98
31 32
31 33
31 35
31 36
31 40
31 41
31 42
31 43
31 44
31 46
31 47
31 48
31 51
31 57
31 58
31 61
31 62
31 64
31 65
31 70
31 74
31 77
31 83
31 86
31 87
31 88
31 89
31 90
31 91
31 93
31 98
31 99
32 33
32 35
32 37
32 39
32 40
32 41
32 43
32 44
32 45
32 46
32 47
32 48
32 50
32 51
32 52
32 58
32 59
32 65
32 66
32 69
32 71
32 72
32 73
32 74
32 75
32 77
32 78
32 79
32 80
32 84
32 86
32 88
32 93
32 96
32 98
33 34
33 36
33 38
33 39
33 43
33 44
33 47
33 49
33 50
33 52
33 54
33 55
33 56
33 59
33 61
33 62
33 65
33 67
33 68
33 72
33 73
33 76
33 78
33 81
33 82
33 83
33 85
33 87
33 88
33 90
33 97
33 98
34 36
34 37
34 39
34 41
34 43
34 44
34 45
34 48
34 50
34 52
34 54
34 55
34 58
34 59
34 62
34 64
34 67
34 70
34 71
34 72
34 74
34 75
34 77
34 78
34 80
34 81
34 83
34 86
34 88
34 90
34 91
34 92
34 95
34 96
34 97
34 99
35 36
35 37
35 38
35 39
35 40
35 41
35 43
35 50
35 51
35 52
35 53
35 55
35 56
35 57
35 59
35 60
35 61
35 63
35 67
35 71
35 73
35 74
35 78
35 80
35 81
35 82
35 84
35 85
35 86
35 87
35 88
35 89
35 90
35 93
35 94
35 96
35 98
36 38
36 42
36 43
36 44
36 46
36 49
36 50
36 51
36 52
36 53
36 57
36 58
36 61
36 62
36 63
36 64
36 66
36 67
36 70
36 71
36 75
36 76
36 77
36 80
36 82
36 86
36 87
36 89
36 90
36 91
36 92
36 93
36 94
36 95
36 97
37 38
37 41
37 44
37 46
37 47
37 48
37 49
37 50
37 51
37 53
37 59
37 61
37 62
37 63
37 66
37 67
37 70
37 71
37 72
37 74
37 78
37 79
37 80
37 82
37 83
37 91
37 93
37 94
37 95
37 96
37 98
37 99
38 39
38 40
38 43
38 44
38 45
38 46
38 48
38 49
38 53
38 54
38 56
38 57
38 61
38 62
38 68
38 69
38 71
38 72
38 74
38 77
38 79
38 80
38 81
38 82
38 83
38 84
38 88
38 90
38 95
38 96
38 97
38 98
38 99
39 43
39 46
39 47
39 48
39 51
39 55
39 59
39 60
39 63
39 64
39 65
39 66
39 67
39 68
39 69
39 74
39 75
39 76
39 80
39 81
39 84
39 85
39 88
39 91
39 93
39 95
39 97
39 99
40 44
40 45
40 47
40 50
40 54
40 55
40 56
40 57
40 58
40 61
40 62
40 64
40 65
40 66
40 67
40 68
40 69
40 71
40 72
40 73
40 75
40 78
40 80
40 81
40 82
40 84
40 86
40 87
40 88
40 90
40 91
40 92
40 95
40 97
41 43
41 50
41 51
41 52
41 56
41 57
41 58
41 61
41 63
41 65
41 67
41 69
41 71
41 72
41 73
41 75
41 78
41 83
41 84
41 86
41 88
41 89
41 90
41 91
41 94
41 96
41 98
42 43
42 46
42 48
42 49
42 50
42 53
42 56
42 57
42 58
42 60
42 62
42 63
42 66
42 67
42 68
42 69
42 72
42 75
42 77
42 79
42 81
42 86
42 88
42 90
42 92
42 94
42 95
42 97
43 45
43 46
43 47
43 48
43 54
43 55
43 58
43 59
43 60
43 61
43 62
43 63
43 66
43 69
43 72
43 75
43 78
43 80
43 81
43 83
43 86
43 88
43 89
43 90
43 91
43 92
43 93
43 96
44 45
44 47
44 48
44 49
44 50
44 51
44 53
44 54
44 59
44 60
44 61
44 62
44 65
44 66
44 67
44 69
44 71
44 73
44 74
44 75
44 77
44 78
44 82
44 83
44 86
44 87
44 88
44 95
44 99
45 49
45 52
45 53
45 54
45 57
45 58
45 59
45 61
45 63
45 66
45 70
45 71
45 73
45 74
45 78
45 81
45 88
45 91
45 92
45 94
45 96
45 98
45 99
46 49
46 51
46 52
46 54
46 56
46 57
46 58
46 59
46 60
46 61
46 63
46 67
46 69
46 70
46 71
46 77
46 78
46 79
46 82
46 87
46 88
46 89
46 90
46 92
46 93
46 95
47 48
47 50
47 54
47 55
47 58
47 62
47 64
47 68
47 70
47 71
47 73
47 76
47 86
47 90
47 92
47 96
47 97
48 51
48 54
48 56
48 57
48 58
48 62
48 63
48 65
48 66
48 68
48 69
48 71
48 72
48 73
48 74
48 75
48 80
48 81
48 82
48 83
48 84
48 87
48 89
48 90
48 96
48 98
48 99
49 51
49 52
49 54
49 55
49 59
49 62
49 63
49 66
49 67
49 72
49 73
49 75
49 76
49 81
49 83
49 85
49 86
49 88
49 93
49 96
49 99
50 51
50 55
50 56
50 57
50 58
50 59
50 60
50 63
50 69
50 72
50 74
50 76
50 78
50 79
50 80
50 85
50 87
50 89
50 90
50 91
50 93
50 94
50 95
50 98
51 53
51 55
51 58
51 59
51 62
51 63
51 64
51 65
51 66
51 67
51 68
51 70
51 71
51 73
51 74
51 81
51 86
51 90
51 91
51 92
51 93
51 98
52 53
52 55
52 56
52 57
52 60
52 63
52 65
52 68
52 69
52 72
52 74
52 77
52 78
52 81
52 82
52 83
52 84
52 85
52 86
52 87
52 88
52 90
52 91
52 97
52 98
52 99
53 59
53 63
53 65
53 67
53 71
53 73
53 74
53 79
53 83
53 84
53 85
53 87
53 88
53 92
53 94
53 96
53 98
53 99
54 56
54 57
54 59
54 61
54 62
54 63
54 66
54 68
54 70
54 72
54 75
54 77
54 78
54 80
54 85
54 86
54 87
54 89
54 93
54 96
54 98
55 57
55 58
55 60
55 62
55 64
55 66
55 68
55 69
55 73
55 74
55 76
55 77
55 79
55 80
55 83
55 84
55 86
55 89
55 92
55 93
55 95
55 97
55 98
55 99
56 59
56 61
56 63
56 64
56 66
56 67
56 70
56 72
56 73
56 75
56 76
56 81
56 85
56 86
56 87
56 90
56 91
56 92
56 97
56 98
56 99
57 58
57 61
57 63
57 65
57 68
57 72
57 73
57 74
57 75
57 76
57 80
57 83
57 85
57 86
57 90
57 91
57 93
57 95
57 97
57 98
58 61
58 62
58 63
58 64
58 65
58 66
58 67
58 69
58 70
58 75
58 84
58 86
58 88
58 89
58 90
58 92
58 93
58 95
58 96
58 97
59 60
59 61
59 64
59 67
59 68
59 69
59 70
59 71
59 72
59 77
59 78
59 81
59 82
59 83
59 86
59 87
59 88
59 89
59 91
59 92
59 95
59 98
60 62
60 63
60 64
60 65
60 66
60 67
60 68
60 70
60 71
60 73
60 75
60 76
60 78
60 79
60 80
60 81
60 84
60 85
60 86
60 87
60 88
60 94
60 96
60 97
60 98
60 99
61 62
61 65
61 66
61 68
61 69
61 70
61 72
61 79
61 80
61 85
61 90
61 91
61 92
61 95
61 96
61 97
61 99
62 63
62 64
62 65
62 67
62 68
62 69
62 71
62 73
62 78
62 80
62 81
62 82
62 87
62 88
62 91
62 92
62 94
62 95
62 96
62 97
62 98
63 64
63 66
63 67
63 68
63 70
63 72
63 78
63 81
63 86
63 88
63 89
63 90
63 91
63 94
63 95
63 96
63 97
63 98
64 66
64 72
64 73
64 75
64 76
64 77
64 79
64 80
64 82
64 83
64 85
64 86
64 90
64 91
64 93
64 96
64 98
64 99
65 66
65 67
65 68
65 70
65 72
65 73
65 74
65 75
65 82
65 84
65 85
65 87
65 90
65 93
65 94
65 98
65 99
66 67
66 68
66 69
66 71
66 72
66 75
66 77
66 83
66 86
66 88
66 89
66 92
66 93
67 68
67 69
67 72
67 73
67 75
67 76
67 79
67 82
67 84
67 86
67 87
67 88
67 92
67 96
67 97
67 98
67 99
68 70
68 74
68 75
68 78
68 79
68 80
68 81
68 82
68 83
68 86
68 89
68 90
68 94
68 95
68 96
68 98
68 99
69 70
69 73
69 74
69 75
69 76
69 77
69 78
69 81
69 82
69 84
69 86
69 89
69 92
69 93
69 95
69 96
70 71
70 72
70 73
70 74
70 75
70 78
70 80
70 82
70 83
70 84
70 85
70 86
70 89
70 93
70 95
70 97
70 98
70 99
71 72
71 73
71 75
71 76
71 77
71 80
71 81
71 82
71 85
71 87
71 89
71 91
71 92
71 96
71 98
72 75
72 76
72 77
72 78
72 79
72 80
72 82
72 84
72 86
72 89
72 90
72 96
72 97
72 98
73 75
73 76
73 77
73 78
73 80
73 81
73 82
73 83
73 86
73 87
73 88
73 92
73 94
73 98
73 99
74 76
74 77
74 80
74 81
74 83
74 84
74 85
74 86
74 88
74 90
74 96
74 97
74 98
74 99
75 76
75 77
75 78
75 79
75 82
75 83
75 85
75 86
75 89
75 90
75 94
75 95
75 96
75 97
75 98
76 80
76 82
76 83
76 89
76 91
76 96
76 98
76 99
77 81
77 82
77 83
77 86
77 88
77 89
77 90
77 91
77 94
77 95
77 96
77 97
77 98
77 99
78 79
78 82
78 83
78 85
78 88
78 90
78 91
78 93
78 95
78 96
78 97
79 82
79 84
79 85
79 87
79 92
79 96
79 97
79 99
80 81
80 83
80 84
80 86
80 87
80 89
80 90
80 91
80 95
80 97
80 98
80 99
81 84
81 85
81 87
81 88
81 89
81 90
81 93
81 98
81 99
82 86
82 87
82 88
82 90
82 93
82 94
82 95
82 97
82 99
83 85
83 86
83 87
83 88
83 89
83 93
83 94
83 96
84 87
84 88
84 89
84 90
84 92
84 96
84 98
84 99
85 86
85 89
85 91
85 95
86 87
86 89
86 91
86 95
86 96
87 88
87 90
87 91
87 94
87 97
87 99
88 90
88 92
88 93
88 97
88 99
89 93
89 94
89 95
89 96
90 92
90 97
90 98
91 93
91 94
91 96
91 97
92 93
92 94
92 97
93 94
93 95
93 96
93 97
93 99
94 95
94 96
94 98
94 99
95 98
95 99
96 97
96 99
97 99
