0 1
0 6
0 11
0 15
0 16
0 17
0 18
0 19
0 23
0 24
0 26
0 27
0 28
0 31
0 37
0 38
0 39
0 40
0 41
0 43
0 45
0 46
0 48
0 51
0 55
0 57
0 59
0 61
0 62
0 64
0 65
0 68
0 69
0 70
0 79
0 81
0 82
0 83
0 88
0 93
0 94
0 97
0 98
0 99
1 2
1 5
1 7
1 8
1 9
1 11
1 12
1 13
1 14
1 16
1 17
1 21
1 22
1 23
1 24
1 26
1 29
1 32
1 36
1 37
1 38
1 41
1 43
1 48
1 52
1 53
1 57
1 59
1 60
1 62
1 63
1 68
1 70
1 72
1 73
1 74
1 77
1 78
1 79
1 81
1 82
1 83
1 84
1 88
1 89
1 90
1 91
1 93
1 99
2 3
2 4
2 5
2 12
2 14
2 15
2 17
2 18
2 20
2 23
2 25
2 27
2 28
2 31
2 32
2 34
2 35
2 36
2 38
2 39
2 40
2 41
2 43
2 45
2 50
2 51
2 53
2 54
2 56
2 57
2 60
2 62
2 63
2 65
2 68
2 73
2 74
2 77
2 79
2 80
2 84
2 85
2 86
2 87
2 88
2 91
2 93
2 94
2 97
3 4
3 5
3 6
3 7
3 9
3 11
3 12
3 14
3 15
3 16
3 23
3 24
3 25
3 26
3 30
3 32
3 33
3 34
3 35
3 36
3 37
3 38
3 40
3 43
3 44
3 46
3 47
3 55
3 56
3 57
3 58
3 59
3 61
3 62
3 65
3 67
3 68
3 72
3 76
3 80
3 81
3 82
3 83
3 85
3 91
3 92
3 94
3 96
3 98
4 6
4 9
4 11
4 13
4 14
4 15
4 16
4 18
4 19
4 20
4 21
4 22
4 31
4 32
4 33
4 36
4 37
4 38
4 40
4 41
4 42
4 43
4 45
4 46
4 49
4 52
4 53
4 55
4 56
4 57
4 58
4 60
4 62
4 64
4 65
4 67
4 68
4 70
4 71
4 72
4 74
4 75
4 76
4 78
4 81
4 82
4 84
4 85
4 87
4 89
4 90
4 94
4 95
4 96
5 8
5 11
5 14
5 16
5 21
5 26
5 31
5 32
5 33
5 38
5 39
5 40
5 43
5 44
5 47
5 48
5 50
5 52
5 55
5 57
5 58
5 60
5 62
5 63
5 67
5 70
5 71
5 73
5 76
5 77
5 78
5 83
5 84
5 87
5 90
5 92
5 97
5 98
6 7
6 8
6 9
6 10
6 11
6 16
6 18
6 21
6 22
6 23
6 24
6 26
6 31
6 32
6 33
6 34
6 35
6 37
6 38
6 43
6 46
6 48
6 49
6 50
6 51
6 53
6 56
6 57
6 60
6 61
6 62
6 63
6 66
6 67
6 70
6 72
6 74
6 77
6 81
6 82
6 84
6 86
6 88
6 89
6 92
6 94
6 95
6 96
6 97
6 98
6 99
7 8
7 11
7 12
7 16
7 18
7 20
7 22
7 23
7 28
7 29
7 33
7 35
7 36
7 37
7 39
7 43
7 44
7 45
7 46
7 47
7 48
7 51
7 52
7 54
7 55
7 56
7 60
7 62
7 63
7 64
7 66
7 68
7 72
7 79
7 81
7 82
7 83
7 88
7 92
7 93
7 96
7 97
7 98
8 9
8 14
8 15
8 18
8 19
8 20
8 21
8 24
8 26
8 27
8 29
8 30
8 33
8 39
8 40
8 41
8 47
8 49
8 51
8 52
8 54
8 55
8 56
8 58
8 63
8 65
8 66
8 69
8 71
8 75
8 76
8 80
8 81
8 82
8 84
8 86
8 87
8 90
8 91
8 93
8 94
8 98
9 11
9 12
9 15
9 16
9 17
9 18
9 20
9 21
9 23
9 26
9 29
9 30
9 32
9 35
9 38
9 39
9 40
9 41
9 43
9 44
9 46
9 47
9 50
9 52
9 53
9 57
9 60
9 61
9 63
9 64
9 66
9 72
9 76
9 77
9 78
9 81
9 82
9 86
9 89
9 90
9 92
9 93
9 96
9 97
9 99
10 12
10 13
10 14
10 15
10 17
10 18
10 19
10 20
10 21
10 26
10 28
10 29
10 30
10 31
10 33
10 34
10 35
10 36
10 37
10 38
10 40
10 42
10 43
10 46
10 47
10 49
10 50
10 53
10 54
10 55
10 56
10 57
10 58
10 60
10 61
10 62
10 65
10 68
10 69
10 70
10 71
10 75
10 76
10 77
10 79
10 80
10 83
10 84
10 85
10 86
10 90
10 93
10 94
11 12
11 13
11 14
11 16
11 19
11 20
11 21
11 24
11 28
11 33
11 34
11 36
11 39
11 41
11 42
11 43
11 44
11 48
11 49
11 50
11 51
11 57
11 59
11 60
11 62
11 64
11 65
11 67
11 69
11 72
11 74
11 76
11 77
11 78
11 79
11 81
11 82
11 84
11 85
11 86
11 87
11 91
11 92
11 93
11 96
11 99
12 15
12 16
12 17
12 18
12 19
12 24
12 26
12 27
12 28
12 32
12 34
12 35
12 36
12 38
12 39
12 44
12 45
12 46
12 47
12 48
12 50
12 53
12 61
12 63
12 64
12 66
12 67
12 68
12 69
12 71
12 72
12 73
12 74
12 75
12 77
12 79
12 85
12 86
12 87
12 88
12 89
12 92
12 95
12 96
12 99
13 18
13 21
13 23
13 28
13 30
13 31
13 32
13 34
13 35
13 36
13 40
13 41
13 42
13 44
13 47
13 48
13 52
13 53
13 54
13 56
13 65
13 66
13 69
13 75
13 76
13 79
13 80
13 81
13 82
13 83
13 85
13 89
13 90
13 94
13 98
13 99
14 15
14 16
14 18
14 19
14 20
14 23
14 25
14 27
14 28
14 29
14 30
14 32
14 33
14 34
14 37
14 39
14 40
14 41
14 42
14 43
14 44
14 45
14 46
14 47
14 51
14 57
14 60
14 62
14 63
14 66
14 67
14 68
14 69
14 70
14 71
14 73
14 74
14 76
14 78
14 79
14 83
14 84
14 85
14 90
14 91
14 92
14 93
14 94
14 96
14 99
15 16
15 18
15 19
15 21
15 24
15 25
15 26
15 29
15 30
15 32
15 33
15 34
15 37
15 39
15 40
15 42
15 44
15 46
15 49
15 53
15 57
15 58
15 65
15 69
15 70
15 71
15 74
15 76
15 77
15 78
15 79
15 84
15 85
15 86
15 87
15 89
15 92
15 95
15 96
15 98
16 18
16 19
16 20
16 21
16 25
16 28
16 31
16 34
16 38
16 39
16 40
16 44
16 50
16 52
16 53
16 56
16 57
16 58
16 59
16 61
16 64
16 66
16 68
16 69
16 70
16 71
16 73
16 74
16 76
16 79
16 84
16 86
16 90
16 91
16 95
16 96
16 97
16 98
16 99
17 19
17 22
17 23
17 24
17 28
17 31
17 32
17 33
17 34
17 36
17 39
17 40
17 41
17 44
17 50
17 56
17 58
17 60
17 63
17 64
17 66
17 70
17 74
17 77
17 78
17 80
17 81
17 82
17 84
17 86
17 87
17 88
17 90
17 91
17 92
17 94
17 96
18 20
18 25
18 28
18 29
18 32
18 36
18 39
18 40
18 41
18 42
18 43
18 45
18 47
18 48
18 49
18 51
18 56
18 57
18 58
18 59
18 62
18 63
18 66
18 70
18 71
18 83
18 84
18 85
18 87
18 88
18 89
18 91
18 92
18 93
18 97
18 99
19 20
19 21
19 23
19 24
19 26
19 29
19 32
19 36
19 40
19 42
19 43
19 44
19 49
19 54
19 55
19 57
19 58
19 62
19 64
19 65
19 67
19 68
19 69
19 70
19 73
19 77
19 78
19 81
19 82
19 84
19 86
19 87
19 91
19 94
19 95
19 99
20 21
20 26
20 27
20 28
20 31
20 33
20 34
20 39
20 43
20 47
20 51
20 52
20 53
20 56
20 59
20 60
20 62
20 63
20 64
20 65
20 66
20 68
20 69
20 72
20 73
20 75
20 76
20 77
20 78
20 80
20 81
20 83
20 84
20 87
20 88
20 90
20 93
20 94
20 98
21 24
21 25
21 26
21 27
21 28
21 29
21 31
21 32
21 34
21 37
21 38
21 44
21 49
21 52
21 53
21 55
21 57
21 62
21 64
21 65
21 67
21 68
21 70
21 71
21 72
21 75
21 77
21 78
21 79
21 84
21 89
21 90
21 91
21 93
21 97
21 99
22 26
22 27
22 28
22 30
22 31
22 32
22 34
22 36
22 38
22 40
22 41
22 46
22 47
22 48
22 52
22 54
22 57
22 58
22 59
22 60
22 62
22 64
22 65
22 66
22 68
22 69
22 74
22 76
22 78
22 79
22 80
22 81
22 82
22 83
22 87
22 90
22 95
22 97
22 98
22 99
23 24
23 25
23 29
23 31
23 34
23 37
23 38
23 40
23 43
23 47
23 48
23 50
23 51
23 52
23 54
23 55
23 57
23 58
23 59
23 60
23 63
23 65
23 66
23 67
23 73
23 75
23 77
23 79
23 81
23 82
23 83
23 84
23 90
23 92
23 96
23 97
23 98
24 25
24 26
24 29
24 30
24 35
24 38
24 40
24 41
24 43
24 45
24 49
24 50
24 51
24 52
24 53
24 54
24 55
24 56
24 57
24 58
24 61
24 62
24 66
24 69
24 72
24 73
24 74
24 80
24 82
24 84
24 85
24 87
24 91
24 92
24 93
24 99
25 26
25 31
25 32
25 33
25 35
25 38
25 39
25 41
25 42
25 45
25 48
25 50
25 51
25 52
25 53
25 54
25 58
25 59
25 61
25 65
25 68
25 71
25 73
25 75
25 76
25 79
25 80
25 83
25 84
25 85
25 86
25 87
25 93
25 94
25 95
25 96
26 28
26 29
26 30
26 32
26 34
26 37
26 41
26 44
26 46
26 47
26 48
26 50
26 51
26 54
26 55
26 57
26 59
26 60
26 62
26 63
26 65
26 66
26 67
26 69
26 72
26 73
26 74
26 75
26 76
26 78
26 82
26 83
26 84
26 85
26 86
26 90
26 93
26 96
26 98
27 29
27 36
27 38
27 43
27 44
27 47
27 48
27 51
27 54
27 55
27 56
27 60
27 64
27 71
27 72
27 74
27 77
27 78
27 82
27 86
27 88
27 90
27 91
27 92
27 93
27 94
27 96
27 98
27 99
28 32
28 33
28 34
28 41
28 42
28 43
28 45
28 51
28 57
28 58
28 60
28 61
28 62
28 66
28 67
28 68
28 72
28 75
28 80
28 81
28 84
28 89
28 96
28 97
29 32
29 33
29 37
29 39
29 43
29 44
29 45
29 50
29 51
29 52
29 54
29 55
29 56
29 57
29 59
29 60
29 62
29 64
29 69
29 70
29 71
29 80
29 83
29 84
29 85
29 86
29 87
29 90
29 91
29 92
29 93
29 94
29 97
30 32
30 35
30 37
30 39
30 42
30 43
30 44
30 46
30 48
30 50
30 51
30 52
30 55
30 56
30 59
30 63
30 64
30 68
30 70
30 71
30 72
30 73
30 74
30 78
30 86
30 88
30 89
30 91
30 92
30 93
30 94
30 96
30 97
31 35
31 37
31 39
31 42
31 44
31 48
31 50
31 55
31 56
31 58
31 61
31 63
31 64
31 69
31 71
31 72
31 76
31 80
31 81
31 82
31 84
31 85
31 86
31 87
31 88
31 89
31 90
31 91
31 92
31 93
31 94
31 96
31 97
31 98
31 99
32 33
32 34
32 36
32 37
32 38
32 40
32 42
32 43
32 46
32 47
32 48
32 50
32 51
32 52
32 55
32 58
32 61
32 65
32 66
32 68
32 69
32 71
32 75
32 76
32 77
32 79
32 80
32 82
32 84
32 86
32 87
32 88
32 96
32 97
33 34
33 37
33 38
33 39
33 40
33 41
33 45
33 46
33 47
33 51
33 52
33 53
33 55
33 58
33 59
33 62
33 63
33 64
33 66
33 68
33 71
33 72
33 74
33 75
33 76
33 80
33 81
33 82
33 86
33 87
33 88
33 89
33 90
33 91
33 95
33 96
33 97
33 98
34 35
34 38
34 40
34 42
34 43
34 45
34 47
34 48
34 51
34 52
34 54
34 55
34 57
34 58
34 66
34 67
34 68
34 72
34 73
34 75
34 76
34 77
34 79
34 82
34 83
34 86
34 88
34 89
34 90
34 91
34 92
34 93
34 94
34 97
34 98
34 99
35 36
35 41
35 42
35 43
35 44
35 48
35 52
35 53
35 54
35 56
35 57
35 58
35 60
35 62
35 63
35 67
35 68
35 70
35 71
35 72
35 76
35 77
35 78
35 79
35 80
35 82
35 84
35 85
35 89
35 90
35 91
35 92
35 93
35 95
35 96
35 97
36 37
36 41
36 42
36 43
36 45
36 50
36 53
36 54
36 57
36 60
36 61
36 62
36 63
36 64
36 65
36 69
36 73
36 75
36 76
36 77
36 80
36 81
36 82
36 83
36 84
36 85
36 87
36 88
36 90
36 94
36 95
37 38
37 39
37 40
37 41
37 43
37 48
37 49
37 51
37 52
37 56
37 57
37 61
37 62
37 64
37 66
37 67
37 68
37 69
37 71
37 72
37 73
37 77
37 79
37 83
37 84
37 85
37 86
37 87
37 89
37 90
37 91
37 93
37 97
37 98
37 99
38 39
38 41
38 42
38 44
38 46
38 47
38 49
38 50
38 52
38 58
38 63
38 64
38 65
38 69
38 70
38 72
38 74
38 76
38 77
38 78
38 79
38 80
38 83
38 84
38 85
38 88
38 89
38 91
38 93
38 94
38 95
38 96
38 97
39 44
39 47
39 48
39 50
39 51
39 52
39 53
39 55
39 57
39 58
39 59
39 61
39 62
39 64
39 66
39 68
39 69
39 70
39 71
39 72
39 75
39 76
39 78
39 79
39 80
39 81
39 82
39 83
39 84
39 86
39 91
39 92
39 93
39 96
39 97
39 98
39 99
40 42
40 45
40 46
40 47
40 48
40 52
40 53
40 63
40 64
40 65
40 66
40 70
40 72
40 75
40 76
40 77
40 90
40 91
40 93
40 94
40 95
40 98
40 99
41 42
41 44
41 46
41 47
41 49
41 51
41 53
41 55
41 57
41 58
41 59
41 62
41 63
41 65
41 67
41 68
41 69
41 72
41 74
41 77
41 78
41 79
41 81
41 82
41 84
41 85
41 86
41 87
41 88
41 89
41 98
41 99
42 47
42 50
42 51
42 52
42 54
42 55
42 56
42 57
42 59
42 60
42 64
42 66
42 68
42 70
42 71
42 73
42 74
42 75
42 77
42 80
42 85
42 86
42 88
42 89
42 91
42 93
42 97
42 98
43 45
43 48
43 50
43 51
43 53
43 56
43 57
43 58
43 59
43 60
43 61
43 62
43 64
43 65
43 70
43 71
43 72
43 74
43 75
43 76
43 77
43 82
43 84
43 85
43 86
43 89
43 92
43 93
43 94
43 95
43 98
44 45
44 51
44 52
44 55
44 58
44 59
44 60
44 62
44 63
44 64
44 65
44 66
44 67
44 68
44 70
44 74
44 76
44 77
44 78
44 79
44 80
44 81
44 82
44 83
44 84
44 85
44 86
44 88
44 90
44 95
44 96
44 98
45 46
45 51
45 54
45 55
45 59
45 60
45 61
45 63
45 64
45 67
45 70
45 73
45 74
45 76
45 77
45 78
45 79
45 81
45 82
45 83
45 86
45 88
45 90
45 91
45 93
45 94
45 95
45 96
45 97
45 98
45 99
46 48
46 50
46 52
46 55
46 58
46 63
46 64
46 65
46 67
46 69
46 71
46 73
46 74
46 75
46 77
46 81
46 83
46 84
46 85
46 86
46 88
46 89
46 90
46 92
46 93
46 97
46 99
47 49
47 50
47 51
47 52
47 54
47 56
47 57
47 58
47 60
47 61
47 63
47 65
47 68
47 69
47 70
47 74
47 78
47 79
47 81
47 87
47 88
47 94
47 99
48 50
48 51
48 52
48 53
48 54
48 56
48 58
48 64
48 66
48 67
48 68
48 71
48 72
48 73
48 74
48 75
48 76
48 78
48 81
48 82
48 86
48 88
48 89
48 95
48 96
48 97
48 98
48 99
49 50
49 52
49 55
49 56
49 59
49 61
49 62
49 63
49 64
49 65
49 67
49 69
49 71
49 73
49 74
49 76
49 77
49 78
49 79
49 81
49 87
49 88
49 89
49 90
49 92
49 93
49 94
49 95
49 96
49 98
49 99
50 52
50 54
50 56
50 58
50 59
50 62
50 63
50 64
50 65
50 69
50 70
50 72
50 78
50 81
50 82
50 84
50 87
50 88
50 89
50 90
50 91
50 92
50 93
50 94
50 96
50 97
51 53
51 55
51 58
51 60
51 67
51 70
51 72
51 73
51 77
51 79
51 80
51 82
51 83
51 85
51 87
51 90
51 94
51 95
51 96
51 99
52 53
52 54
52 56
52 57
52 58
52 59
52 60
52 61
52 65
52 66
52 67
52 68
52 70
52 73
52 74
52 75
52 77
52 78
52 79
52 82
52 83
52 85
52 88
52 90
52 93
52 95
52 96
52 97
52 98
53 54
53 56
53 59
53 61
53 63
53 64
53 65
53 67
53 68
53 71
53 73
53 75
53 76
53 78
53 79
53 80
53 82
53 83
53 87
53 88
53 90
53 91
53 92
53 95
53 98
53 99
54 55
54 56
54 57
54 62
54 63
54 65
54 67
54 69
54 70
54 74
54 79
54 83
54 84
54 85
54 87
54 88
54 93
54 94
54 95
54 98
54 99
55 56
55 60
55 61
55 62
55 66
55 69
55 70
55 72
55 73
55 77
55 78
55 79
55 80
55 81
55 87
55 89
55 90
55 93
55 94
55 97
55 98
55 99
56 60
56 65
56 66
56 67
56 68
56 70
56 71
56 72
56 74
56 75
56 76
56 77
56 79
56 82
56 83
56 84
56 86
56 87
56 92
56 93
56 95
56 96
57 59
57 63
57 64
57 65
57 66
57 67
57 71
57 72
57 75
57 77
57 80
57 82
57 84
57 87
57 89
57 90
57 91
57 92
57 94
57 96
57 97
58 59
58 60
58 62
58 66
58 67
58 70
58 71
58 73
58 74
58 76
58 83
58 85
58 86
58 88
58 89
58 91
58 92
58 94
59 60
59 61
59 63
59 65
59 70
59 71
59 74
59 75
59 76
59 77
59 80
59 82
59 83
59 86
59 87
59 90
59 91
59 94
59 97
59 98
60 62
60 63
60 65
60 66
60 70
60 71
60 75
60 77
60 79
60 81
60 82
60 83
60 86
60 88
60 91
60 93
60 97
60 98
60 99
61 62
61 63
61 65
61 67
61 68
61 69
61 70
61 71
61 73
61 74
61 75
61 76
61 77
61 78
61 79
61 82
61 84
61 87
61 88
61 89
61 90
61 91
61 94
61 95
61 97
61 98
62 66
62 68
62 70
62 72
62 75
62 76
62 81
62 82
62 84
62 85
62 86
62 88
62 89
62 93
62 95
62 97
63 66
63 68
63 70
63 71
63 72
63 75
63 76
63 77
63 79
63 83
63 85
63 86
63 88
63 90
63 94
63 95
63 96
63 99
64 66
64 68
64 69
64 70
64 71
64 75
64 83
64 84
64 85
64 86
64 87
64 88
64 93
64 96
64 97
64 98
64 99
65 66
65 67
65 68
65 70
65 71
65 73
65 75
65 76
65 77
65 79
65 80
65 81
65 83
65 85
65 88
65 90
65 92
65 93
65 95
65 97
65 99
66 70
66 72
66 75
66 76
66 78
66 82
66 84
66 85
66 86
66 87
66 88
66 90
66 91
66 95
66 96
66 97
66 98
67 68
67 70
67 71
67 74
67 75
67 77
67 78
67 79
67 80
67 83
67 84
67 85
67 88
67 91
67 92
67 94
67 95
67 96
67 98
68 69
68 70
68 72
68 73
68 74
68 75
68 76
68 80
68 82
68 83
68 85
68 90
68 92
68 93
68 99
69 71
69 72
69 73
69 75
69 80
69 81
69 82
69 86
69 87
69 90
69 91
69 94
69 98
69 99
70 74
70 77
70 78
70 79
70 83
70 87
70 91
70 93
70 95
70 97
70 99
71 72
71 74
71 76
71 78
71 79
71 80
71 82
71 83
71 84
71 85
71 87
71 88
71 91
71 93
71 95
71 96
72 75
72 77
72 78
72 82
72 86
72 87
72 88
72 90
72 93
72 94
72 95
72 97
72 99
73 74
73 76
73 77
73 78
73 80
73 82
73 85
73 86
73 89
73 90
73 91
73 95
73 96
73 97
74 75
74 78
74 81
74 83
74 84
74 85
74 86
74 88
74 90
74 91
74 93
74 95
74 96
74 97
74 99
75 77
75 78
75 79
75 83
75 85
75 86
75 88
75 89
75 90
75 93
75 95
75 96
75 97
75 98
75 99
76 77
76 84
76 86
76 87
76 89
76 90
76 91
76 92
76 93
76 94
76 95
76 96
76 97
77 78
77 79
77 82
77 83
77 85
77 86
77 87
77 89
77 90
77 91
77 95
78 79
78 82
78 84
78 85
78 86
78 89
78 90
78 91
78 92
78 93
78 94
78 95
78 96
78 98
78 99
79 80
79 83
79 84
79 85
79 86
79 89
79 93
79 95
79 96
79 97
79 98
79 99
80 81
80 82
80 84
80 85
80 86
80 87
80 88
80 89
80 91
80 93
80 94
80 95
80 98
80 99
81 82
81 84
81 85
81 87
81 88
81 90
81 93
81 94
81 95
81 97
81 98
82 85
82 86
82 87
82 88
82 91
82 93
82 95
82 97
83 86
83 87
83 89
83 93
83 94
83 95
83 96
83 97
83 99
84 87
84 88
84 90
84 92
84 93
84 95
84 96
84 98
85 87
85 88
85 90
85 94
85 95
86 88
86 91
86 92
86 94
86 95
86 98
86 99
87 88
87 89
87 94
87 98
88 93
88 99
89 91
89 95
89 96
90 91
90 93
90 94
90 97
90 98
90 99
91 92
91 94
91 95
91 97
91 98
91 99
92 95
92 96
92 98
93 94
93 96
93 97
93 98
93 99
94 98
94 99
95 99
96 99
97 98
97 99
