0 1
0 3
0 5
0 6
0 7
0 12
0 14
0 15
0 16
0 17
0 19
0 20
0 22
0 25
0 27
0 29
0 30
0 31
0 34
0 35
0 36
0 37
0 40
0 41
0 43
0 44
0 45
0 46
0 51
0 54
0 55
0 56
0 59
0 61
0 62
0 66
0 68
0 72
0 75
0 77
0 78
0 79
0 80
0 81
0 82
0 83
0 85
0 90
0 91
0 94
0 96
0 98
1 4
1 5
1 6
1 7
1 10
1 14
1 15
1 16
1 21
1 24
1 27
1 28
1 31
1 32
1 33
1 34
1 35
1 36
1 37
1 38
1 39
1 41
1 42
1 43
1 44
1 45
1 46
1 47
1 50
1 51
1 52
1 53
1 55
1 57
1 59
1 60
1 61
1 63
1 64
1 65
1 67
1 71
1 74
1 75
1 77
1 78
1 81
1 84
1 86
1 87
1 88
1 90
1 91
1 93
1 94
1 96
1 97
1 98
1 99
2 3
2 4
2 8
2 9
2 10
2 12
2 13
2 16
2 17
2 20
2 21
2 26
2 27
2 28
2 29
2 34
2 37
2 39
2 42
2 43
2 45
2 47
2 48
2 50
2 51
2 52
2 53
2 56
2 57
2 60
2 61
2 62
2 63
2 64
2 65
2 67
2 68
2 69
2 71
2 75
2 79
2 80
2 86
2 88
2 89
2 90
2 92
2 93
2 97
3 9
3 12
3 13
3 14
3 16
3 17
3 18
3 20
3 21
3 27
3 28
3 30
3 31
3 32
3 34
3 35
3 38
3 39
3 40
3 43
3 45
3 47
3 49
3 50
3 52
3 55
3 56
3 58
3 59
3 60
3 61
3 63
3 64
3 65
3 68
3 69
3 72
3 73
3 76
3 80
3 81
3 83
3 85
3 86
3 90
3 91
3 92
3 96
4 5
4 6
4 7
4 10
4 13
4 14
4 15
4 16
4 17
4 21
4 23
4 25
4 27
4 28
4 29
4 31
4 35
4 38
4 39
4 41
4 47
4 51
4 53
4 54
4 59
4 60
4 61
4 63
4 64
4 65
4 67
4 68
4 71
4 72
4 75
4 76
4 77
4 78
4 83
4 84
4 85
4 88
4 94
4 96
4 98
4 99
5 7
5 8
5 9
5 10
5 11
5 12
5 15
5 16
5 18
5 22
5 23
5 26
5 28
5 31
5 32
5 33
5 35
5 38
5 39
5 40
5 41
5 42
5 45
5 47
5 49
5 54
5 58
5 59
5 60
5 61
5 62
5 64
5 65
5 66
5 67
5 76
5 77
5 80
5 81
5 83
5 86
5 90
5 91
5 92
5 96
6 9
6 10
6 14
6 17
6 18
6 21
6 22
6 25
6 27
6 28
6 29
6 30
6 31
6 34
6 37
6 38
6 43
6 49
6 50
6 52
6 53
6 54
6 55
6 57
6 58
6 61
6 65
6 67
6 77
6 80
6 82
6 85
6 86
6 88
6 91
6 93
6 94
6 99
7 8
7 14
7 15
7 16
7 17
7 18
7 19
7 21
7 25
7 26
7 27
7 28
7 30
7 31
7 32
7 33
7 34
7 39
7 40
7 41
7 43
7 44
7 45
7 46
7 47
7 48
7 49
7 51
7 52
7 53
7 56
7 57
7 60
7 61
7 64
7 69
7 71
7 75
7 76
7 77
7 79
7 83
7 84
7 85
7 88
7 89
7 91
7 93
7 94
7 95
7 98
8 9
8 15
8 16
8 18
8 19
8 20
8 21
8 23
8 26
8 27
8 28
8 31
8 33
8 36
8 37
8 40
8 42
8 45
8 46
8 49
8 51
8 53
8 54
8 57
8 59
8 61
8 64
8 70
8 73
8 75
8 79
8 80
8 82
8 83
8 86
8 88
8 90
8 91
8 94
8 96
9 12
9 15
9 16
9 18
9 21
9 23
9 26
9 27
9 28
9 30
9 32
9 34
9 38
9 39
9 40
9 46
9 47
9 49
9 52
9 54
9 56
9 58
9 59
9 62
9 63
9 71
9 73
9 74
9 75
9 76
9 79
9 81
9 82
9 85
9 87
9 88
9 90
9 91
9 92
9 93
9 95
9 96
9 97
10 13
10 14
10 15
10 16
10 18
10 21
10 24
10 27
10 31
10 35
10 36
10 37
10 38
10 39
10 40
10 41
10 45
10 46
10 52
10 56
10 58
10 59
10 60
10 63
10 65
10 67
10 68
10 69
10 70
10 72
10 74
10 75
10 76
10 79
10 88
10 89
10 90
10 91
10 92
10 95
10 96
10 97
10 99
11 13
11 17
11 18
11 19
11 22
11 24
11 26
11 27
11 31
11 34
11 36
11 41
11 42
11 48
11 52
11 58
11 59
11 61
11 63
11 65
11 67
11 68
11 69
11 75
11 77
11 80
11 81
11 83
11 84
11 88
11 90
11 94
11 95
11 96
12 15
12 18
12 26
12 27
12 28
12 29
12 30
12 36
12 40
12 51
12 52
12 53
12 54
12 58
12 59
12 61
12 62
12 64
12 66
12 67
12 71
12 73
12 74
12 75
12 78
12 81
12 86
12 89
12 92
12 93
12 94
12 96
12 97
12 99
13 16
13 17
13 18
13 20
13 21
13 22
13 24
13 26
13 27
13 35
13 36
13 38
13 39
13 40
13 43
13 46
13 49
13 50
13 52
13 57
13 62
13 63
13 66
13 67
13 68
13 69
13 72
13 74
13 76
13 78
13 79
13 87
13 89
13 91
13 95
13 96
13 98
14 15
14 17
14 19
14 23
14 24
14 26
14 27
14 28
14 29
14 30
14 31
14 36
14 37
14 40
14 41
14 42
14 43
14 44
14 50
14 53
14 54
14 57
14 58
14 60
14 61
14 62
14 66
14 68
14 71
14 72
14 74
14 77
14 80
14 81
14 84
14 85
14 87
14 88
14 90
14 92
14 98
14 99
15 16
15 18
15 19
15 24
15 28
15 30
15 31
15 32
15 34
15 36
15 40
15 41
15 44
15 45
15 47
15 48
15 49
15 50
15 53
15 59
15 60
15 61
15 62
15 66
15 69
15 72
15 74
15 78
15 80
15 81
15 82
15 83
15 84
15 86
15 90
15 91
15 93
15 97
15 98
16 17
16 18
16 19
16 21
16 22
16 23
16 26
16 27
16 28
16 29
16 31
16 33
16 35
16 36
16 38
16 40
16 41
16 42
16 43
16 44
16 45
16 47
16 49
16 51
16 52
16 54
16 55
16 59
16 62
16 63
16 65
16 66
16 69
16 70
16 71
16 73
16 74
16 75
16 76
16 78
16 80
16 81
16 82
16 84
16 85
16 86
16 87
16 89
16 90
16 91
16 95
17 18
17 21
17 24
17 25
17 26
17 27
17 28
17 29
17 32
17 33
17 40
17 43
17 48
17 51
17 52
17 54
17 56
17 59
17 61
17 62
17 63
17 64
17 65
17 70
17 74
17 79
17 80
17 82
17 87
17 89
17 91
17 93
17 97
17 99
18 20
18 22
18 24
18 25
18 26
18 28
18 31
18 32
18 34
18 37
18 39
18 42
18 43
18 45
18 49
18 51
18 52
18 53
18 55
18 59
18 60
18 63
18 65
18 66
18 70
18 71
18 73
18 74
18 75
18 76
18 77
18 78
18 81
18 83
18 85
18 87
18 92
18 94
18 96
18 98
18 99
19 23
19 26
19 27
19 28
19 29
19 30
19 31
19 34
19 35
19 36
19 37
19 38
19 39
19 41
19 42
19 43
19 44
19 49
19 51
19 52
19 54
19 55
19 56
19 59
19 61
19 63
19 64
19 68
19 69
19 70
19 72
19 75
19 76
19 79
19 80
19 81
19 82
19 85
19 89
19 90
19 91
19 94
19 95
19 96
20 22
20 23
20 24
20 25
20 26
20 32
20 35
20 36
20 38
20 41
20 42
20 43
20 44
20 46
20 48
20 50
20 53
20 55
20 61
20 62
20 67
20 72
20 76
20 77
20 78
20 79
20 80
20 81
20 82
20 83
20 84
20 85
20 88
20 89
20 90
20 91
20 94
20 95
20 99
21 22
21 24
21 25
21 26
21 29
21 31
21 32
21 33
21 37
21 39
21 40
21 41
21 47
21 55
21 58
21 61
21 70
21 71
21 72
21 74
21 75
21 77
21 78
21 81
21 82
21 83
21 84
21 86
21 90
21 92
21 95
21 96
22 23
22 24
22 25
22 26
22 27
22 28
22 32
22 35
22 41
22 43
22 46
22 49
22 54
22 55
22 56
22 57
22 58
22 60
22 61
22 65
22 68
22 69
22 70
22 71
22 75
22 76
22 79
22 80
22 82
22 87
22 89
22 91
23 24
23 26
23 27
23 29
23 30
23 32
23 33
23 35
23 39
23 42
23 45
23 46
23 48
23 50
23 51
23 52
23 53
23 55
23 57
23 58
23 61
23 62
23 64
23 67
23 68
23 69
23 70
23 71
23 75
23 77
23 81
23 83
23 86
23 87
23 90
23 93
23 94
24 29
24 30
24 32
24 33
24 38
24 39
24 47
24 51
24 52
24 54
24 55
24 63
24 64
24 65
24 71
24 73
24 74
24 78
24 79
24 83
24 89
24 90
24 93
24 95
24 96
24 97
24 99
25 27
25 28
25 29
25 30
25 32
25 33
25 34
25 35
25 36
25 37
25 38
25 39
25 41
25 42
25 43
25 45
25 46
25 47
25 48
25 49
25 50
25 53
25 55
25 59
25 61
25 63
25 66
25 68
25 69
25 70
25 71
25 72
25 74
25 76
25 77
25 80
25 81
25 83
25 84
25 85
25 86
25 88
25 90
25 91
25 92
25 93
25 98
25 99
26 27
26 30
26 31
26 36
26 37
26 40
26 43
26 46
26 47
26 49
26 51
26 53
26 54
26 55
26 59
26 60
26 63
26 64
26 66
26 67
26 68
26 69
26 70
26 71
26 74
26 82
26 83
26 88
26 89
26 90
26 94
26 97
26 98
26 99
27 28
27 29
27 30
27 31
27 32
27 34
27 35
27 36
27 40
27 42
27 43
27 47
27 48
27 50
27 51
27 53
27 56
27 57
27 60
27 62
27 64
27 66
27 68
27 69
27 71
27 72
27 73
27 75
27 76
27 80
27 83
27 85
27 87
27 91
27 93
27 97
27 98
27 99
28 30
28 31
28 37
28 38
28 40
28 42
28 47
28 48
28 49
28 54
28 56
28 57
28 61
28 67
28 69
28 72
28 73
28 75
28 76
28 77
28 78
28 80
28 82
28 83
28 84
28 85
28 86
28 87
28 88
28 89
28 90
28 92
28 94
28 95
28 98
29 30
29 32
29 34
29 36
29 37
29 40
29 42
29 44
29 45
29 47
29 49
29 54
29 57
29 63
29 64
29 65
29 67
29 69
29 70
29 72
29 73
29 77
29 82
29 88
29 90
29 93
29 94
29 96
29 99
30 32
30 33
30 34
30 36
30 37
30 38
30 43
30 46
30 47
30 51
30 53
30 54
30 60
30 61
30 65
30 66
30 67
30 68
30 71
30 74
30 75
30 76
30 78
30 80
30 82
30 84
30 88
30 89
30 93
30 95
30 97
31 34
31 36
31 40
31 41
31 42
31 43
31 44
31 45
31 46
31 48
31 49
31 53
31 54
31 56
31 58
31 59
31 60
31 62
31 64
31 67
31 68
31 71
31 73
31 78
31 79
31 80
31 84
31 85
31 88
31 89
31 91
31 92
31 94
31 95
31 98
32 33
32 34
32 35
32 37
32 40
32 41
32 42
32 46
32 47
32 48
32 49
32 50
32 53
32 57
32 58
32 60
32 61
32 63
32 64
32 68
32 69
32 71
32 75
32 77
32 78
32 82
32 85
32 89
32 90
32 94
32 95
32 96
32 98
33 34
33 39
33 40
33 42
33 45
33 48
33 50
33 51
33 55
33 59
33 60
33 61
33 63
33 67
33 70
33 71
33 72
33 77
33 80
33 82
33 84
33 85
33 88
33 89
33 91
33 94
33 95
33 96
33 97
34 35
34 37
34 39
34 40
34 41
34 42
34 43
34 44
34 46
34 49
34 50
34 51
34 52
34 53
34 55
34 59
34 60
34 62
34 63
34 65
34 67
34 69
34 70
34 71
34 72
34 76
34 79
34 80
34 81
34 82
34 84
34 85
34 87
34 88
34 92
34 93
34 94
34 95
34 97
34 98
34 99
35 38
35 41
35 45
35 46
35 47
35 49
35 50
35 51
35 52
35 53
35 54
35 55
35 56
35 57
35 58
35 63
35 65
35 66
35 68
35 70
35 73
35 74
35 77
35 78
35 80
35 82
35 84
35 87
35 91
35 92
35 93
35 95
35 96
35 97
35 98
36 37
36 38
36 40
36 42
36 44
36 45
36 48
36 51
36 52
36 54
36 55
36 56
36 57
36 58
36 59
36 60
36 62
36 64
36 65
36 66
36 68
36 70
36 73
36 74
36 75
36 76
36 77
36 78
36 82
36 84
36 86
36 90
36 91
36 94
36 95
36 97
36 98
36 99
37 38
37 39
37 42
37 43
37 44
37 45
37 47
37 49
37 50
37 51
37 53
37 54
37 55
37 57
37 58
37 59
37 61
37 64
37 65
37 66
37 67
37 68
37 70
37 71
37 74
37 78
37 79
37 80
37 82
37 83
37 84
37 88
37 94
37 95
37 97
37 98
38 39
38 41
38 42
38 47
38 48
38 50
38 52
38 53
38 57
38 58
38 60
38 61
38 62
38 63
38 64
38 67
38 69
38 70
38 72
38 73
38 75
38 76
38 77
38 80
38 82
38 85
38 87
38 88
38 89
38 91
38 93
38 99
39 40
39 41
39 43
39 44
39 50
39 52
39 58
39 59
39 60
39 62
39 64
39 69
39 70
39 72
39 76
39 77
39 78
39 80
39 83
39 84
39 85
39 90
39 91
39 92
39 95
39 97
39 99
40 41
40 46
40 47
40 49
40 51
40 54
40 55
40 57
40 58
40 59
40 62
40 64
40 65
40 67
40 68
40 70
40 72
40 74
40 78
40 79
40 80
40 85
40 86
40 87
40 89
40 95
40 97
41 42
41 43
41 45
41 47
41 48
41 50
41 51
41 52
41 53
41 54
41 55
41 56
41 57
41 59
41 60
41 62
41 63
41 68
41 69
41 70
41 72
41 73
41 77
41 78
41 79
41 83
41 84
41 85
41 87
41 88
41 89
41 90
41 91
41 94
41 96
41 98
41 99
42 47
42 49
42 50
42 51
42 57
42 59
42 60
42 62
42 63
42 64
42 65
42 68
42 71
42 72
42 73
42 74
42 75
42 76
42 79
42 80
42 82
42 83
42 84
42 85
42 86
42 88
42 91
42 92
42 93
42 94
42 95
42 98
42 99
43 46
43 50
43 51
43 55
43 60
43 61
43 62
43 64
43 65
43 66
43 68
43 70
43 72
43 75
43 78
43 79
43 80
43 81
43 82
43 83
43 84
43 85
43 86
43 88
43 90
43 91
43 92
43 93
43 94
44 45
44 48
44 49
44 50
44 53
44 57
44 59
44 60
44 61
44 63
44 66
44 67
44 70
44 71
44 72
44 73
44 74
44 75
44 76
44 78
44 79
44 83
44 84
44 85
44 88
44 92
44 96
44 97
44 99
45 47
45 48
45 52
45 54
45 59
45 62
45 65
45 66
45 69
45 72
45 75
45 78
45 79
45 80
45 81
45 82
45 83
45 86
45 87
45 88
45 89
45 90
45 95
45 98
46 47
46 48
46 49
46 51
46 53
46 58
46 63
46 65
46 67
46 68
46 69
46 70
46 73
46 74
46 75
46 77
46 79
46 80
46 81
46 82
46 83
46 85
46 86
46 88
46 89
46 94
46 97
46 99
47 49
47 50
47 53
47 55
47 59
47 60
47 62
47 63
47 71
47 76
47 81
47 84
47 85
47 88
47 89
47 91
47 92
47 94
47 95
47 96
47 98
48 56
48 57
48 61
48 62
48 63
48 68
48 69
48 70
48 74
48 75
48 76
48 77
48 78
48 80
48 83
48 84
48 86
48 87
48 89
48 90
48 91
48 93
48 94
48 97
48 98
49 50
49 52
49 53
49 54
49 55
49 56
49 57
49 58
49 59
49 60
49 63
49 64
49 65
49 66
49 70
49 71
49 74
49 79
49 81
49 86
49 87
49 88
49 89
49 92
49 93
49 94
49 96
49 97
50 51
50 52
50 53
50 54
50 55
50 56
50 57
50 58
50 59
50 61
50 63
50 64
50 66
50 67
50 68
50 73
50 75
50 79
50 80
50 81
50 87
50 92
50 95
50 98
50 99
51 54
51 55
51 57
51 61
51 62
51 71
51 73
51 74
51 76
51 77
51 79
51 81
51 84
51 85
51 86
51 88
51 89
51 94
51 95
51 98
51 99
52 53
52 55
52 59
52 62
52 63
52 64
52 66
52 70
52 72
52 74
52 76
52 87
52 89
52 93
52 94
52 95
52 96
53 54
53 57
53 60
53 65
53 66
53 68
53 69
53 70
53 74
53 76
53 78
53 80
53 81
53 82
53 83
53 84
53 86
53 87
53 89
53 93
53 94
53 96
53 97
54 55
54 56
54 57
54 62
54 63
54 64
54 70
54 72
54 73
54 74
54 77
54 79
54 81
54 84
54 88
54 89
54 90
54 91
54 92
54 93
54 94
54 95
54 96
54 97
54 98
54 99
55 60
55 62
55 63
55 64
55 65
55 66
55 67
55 70
55 74
55 75
55 79
55 80
55 81
55 82
55 83
55 84
55 85
55 86
55 89
55 90
55 91
55 93
55 94
55 95
55 96
55 98
55 99
56 57
56 58
56 59
56 60
56 64
56 68
56 70
56 71
56 72
56 73
56 74
56 77
56 80
56 82
56 84
56 86
56 87
56 88
56 89
56 95
56 97
57 63
57 64
57 66
57 67
57 68
57 70
57 72
57 73
57 76
57 77
57 79
57 81
57 82
57 83
57 84
57 87
57 88
57 89
57 93
57 95
57 98
58 60
58 63
58 64
58 66
58 70
58 71
58 73
58 81
58 82
58 85
58 86
58 87
58 88
58 89
58 90
58 91
58 93
58 94
58 97
58 99
59 60
59 61
59 65
59 69
59 72
59 73
59 75
59 76
59 77
59 79
59 80
59 81
59 82
59 83
59 85
59 86
59 88
59 89
59 92
59 93
59 96
59 97
59 98
60 62
60 64
60 65
60 66
60 68
60 69
60 70
60 71
60 72
60 73
60 77
60 78
60 79
60 80
60 81
60 82
60 83
60 86
60 88
60 91
60 94
60 95
60 98
60 99
61 65
61 68
61 71
61 72
61 74
61 75
61 76
61 78
61 79
61 80
61 81
61 82
61 84
61 85
61 86
61 87
61 88
61 89
61 90
61 94
61 95
61 97
61 98
62 63
62 65
62 68
62 69
62 71
62 72
62 73
62 74
62 77
62 80
62 81
62 85
62 87
62 90
62 91
62 95
62 96
62 97
63 64
63 65
63 66
63 67
63 68
63 77
63 81
63 82
63 84
63 85
63 87
63 88
63 90
63 91
63 92
63 93
63 96
63 97
63 99
64 65
64 66
64 69
64 74
64 76
64 78
64 80
64 84
64 89
64 90
64 92
64 93
64 94
64 97
65 66
65 67
65 69
65 70
65 71
65 72
65 73
65 75
65 76
65 77
65 78
65 79
65 82
65 84
65 85
65 87
65 89
65 93
65 95
65 96
65 97
66 67
66 68
66 70
66 72
66 75
66 77
66 79
66 80
66 82
66 83
66 85
66 89
66 90
66 91
66 97
66 98
66 99
67 68
67 71
67 72
67 73
67 75
67 78
67 82
67 84
67 86
67 88
67 91
67 93
67 94
67 95
67 98
67 99
68 70
68 71
68 72
68 73
68 76
68 77
68 79
68 82
68 84
68 85
68 90
68 91
68 92
68 93
68 94
68 99
69 70
69 72
69 73
69 75
69 76
69 79
69 80
69 81
69 84
69 88
69 89
69 91
69 92
69 94
69 99
70 72
70 74
70 75
70 76
70 78
70 80
70 83
70 85
70 87
70 89
70 90
70 95
70 97
70 98
71 72
71 77
71 79
71 81
71 82
71 85
71 89
71 91
71 92
71 94
71 96
72 74
72 75
72 76
72 78
72 80
72 83
72 84
72 85
72 86
72 89
72 90
72 92
72 93
72 95
72 96
72 98
72 99
73 77
73 78
73 79
73 80
73 81
73 87
73 88
73 89
73 91
73 93
73 96
73 98
73 99
74 75
74 77
74 79
74 84
74 85
74 86
74 88
74 89
74 90
74 91
74 95
75 79
75 80
75 81
75 82
75 85
75 87
75 88
75 89
75 92
75 93
75 94
75 97
75 98
75 99
76 77
76 80
76 81
76 83
76 84
76 85
76 87
76 88
76 92
76 94
76 96
76 97
76 98
77 78
77 80
77 81
77 82
77 85
77 91
77 92
77 93
77 94
77 97
77 99
78 79
78 81
78 82
78 83
78 86
78 87
78 88
78 89
78 90
78 92
78 94
78 97
78 98
79 83
79 85
79 87
79 91
79 93
79 95
79 96
79 97
79 98
80 82
80 84
80 89
80 92
80 93
80 94
80 96
80 97
81 82
81 83
81 88
81 89
81 92
81 93
81 94
81 97
81 98
82 84
82 85
82 86
82 91
82 92
82 93
82 95
82 96
82 97
83 86
83 88
83 91
83 92
83 94
83 98
83 99
84 85
84 88
84 91
84 92
84 96
84 99
85 87
85 90
85 92
85 93
85 94
85 96
86 89
86 90
86 91
86 93
86 94
86 95
86 97
86 99
87 88
87 89
87 92
87 93
87 96
87 97
88 89
88 90
88 91
88 92
88 94
88 95
88 97
88 99
89 92
89 95
89 97
89 98
90 91
90 93
90 96
90 98
90 99
91 94
91 97
91 98
91 99
92 93
92 95
92 97
92 99
93 96
93 98
94 96
94 97
94 99
95 96
95 98
95 99
96 97
96 99
98 99
