0 2
0 6
0 8
0 11
0 15
0 16
0 18
0 21
0 22
0 23
0 29
0 30
0 32
0 33
0 34
0 38
0 40
0 42
0 43
0 44
0 46
0 48
0 49
0 50
0 54
0 56
0 57
0 59
0 63
0 64
0 68
0 69
0 73
0 78
0 79
0 80
0 82
0 84
0 86
0 87
0 89
0 90
0 94
0 97
0 98
1 2
1 4
1 5
1 6
1 10
1 13
1 15
1 16
1 17
1 18
1 21
1 22
1 25
1 27
1 28
1 29
1 30
1 31
1 33
1 35
1 36
1 41
1 42
1 43
1 45
1 46
1 47
1 49
1 52
1 53
1 54
1 55
1 62
1 64
1 66
1 67
1 72
1 73
1 74
1 78
1 79
1 80
1 82
1 85
1 86
1 87
1 88
1 89
1 91
1 93
1 94
1 98
2 5
2 8
2 10
2 14
2 19
2 20
2 21
2 25
2 29
2 34
2 36
2 37
2 39
2 41
2 43
2 44
2 45
2 47
2 49
2 50
2 51
2 52
2 53
2 54
2 60
2 61
2 62
2 64
2 65
2 68
2 70
2 72
2 73
2 75
2 78
2 79
2 81
2 82
2 83
2 85
2 86
2 88
2 89
2 92
2 93
2 94
2 96
2 98
2 99
3 7
3 8
3 9
3 10
3 15
3 16
3 17
3 20
3 21
3 22
3 25
3 26
3 27
3 31
3 34
3 36
3 38
3 39
3 40
3 41
3 46
3 49
3 50
3 52
3 53
3 54
3 55
3 56
3 58
3 59
3 60
3 64
3 70
3 71
3 74
3 75
3 79
3 81
3 83
3 86
3 93
3 98
3 99
4 5
4 7
4 8
4 9
4 12
4 15
4 18
4 19
4 20
4 22
4 24
4 28
4 29
4 34
4 38
4 42
4 45
4 46
4 47
4 48
4 49
4 52
4 54
4 55
4 56
4 58
4 59
4 62
4 63
4 64
4 68
4 73
4 77
4 79
4 80
4 81
4 82
4 84
4 85
4 87
4 88
4 93
4 94
4 95
4 96
4 98
4 99
5 8
5 10
5 11
5 14
5 18
5 20
5 21
5 23
5 24
5 25
5 26
5 28
5 29
5 31
5 32
5 33
5 35
5 40
5 42
5 46
5 48
5 51
5 54
5 55
5 56
5 57
5 58
5 59
5 61
5 62
5 65
5 66
5 68
5 69
5 70
5 71
5 72
5 73
5 75
5 76
5 79
5 80
5 81
5 83
5 86
5 87
5 92
5 93
6 9
6 10
6 13
6 15
6 17
6 19
6 20
6 21
6 22
6 23
6 26
6 30
6 31
6 32
6 34
6 35
6 37
6 42
6 43
6 44
6 45
6 48
6 49
6 51
6 53
6 56
6 62
6 65
6 66
6 67
6 69
6 72
6 73
6 75
6 77
6 78
6 79
6 81
6 83
6 84
6 85
6 86
6 89
6 91
6 93
6 95
6 96
6 97
7 8
7 9
7 10
7 11
7 12
7 13
7 14
7 16
7 17
7 18
7 19
7 20
7 22
7 23
7 24
7 26
7 27
7 29
7 34
7 36
7 37
7 38
7 39
7 41
7 42
7 43
7 45
7 47
7 50
7 51
7 52
7 53
7 55
7 56
7 57
7 59
7 60
7 61
7 62
7 63
7 64
7 67
7 69
7 72
7 73
7 74
7 75
7 78
7 81
7 82
7 84
7 86
7 88
7 94
7 98
7 99
8 10
8 11
8 12
8 13
8 15
8 16
8 20
8 22
8 23
8 24
8 26
8 27
8 33
8 34
8 35
8 38
8 40
8 41
8 46
8 47
8 48
8 50
8 51
8 52
8 54
8 55
8 56
8 57
8 59
8 60
8 63
8 64
8 65
8 66
8 68
8 70
8 71
8 74
8 75
8 76
8 77
8 78
8 80
8 82
8 83
8 85
8 87
8 88
8 91
8 92
8 95
9 10
9 12
9 13
9 14
9 16
9 17
9 18
9 19
9 20
9 21
9 23
9 25
9 26
9 27
9 28
9 34
9 35
9 36
9 38
9 39
9 41
9 42
9 48
9 50
9 51
9 53
9 54
9 55
9 57
9 58
9 63
9 64
9 68
9 69
9 71
9 74
9 75
9 79
9 82
9 84
9 86
9 87
9 88
9 89
9 90
9 94
9 95
9 96
9 99
10 12
10 14
10 16
10 19
10 20
10 22
10 24
10 25
10 27
10 30
10 35
10 38
10 39
10 40
10 41
10 42
10 43
10 44
10 45
10 46
10 48
10 50
10 51
10 56
10 58
10 59
10 61
10 63
10 65
10 66
10 67
10 68
10 70
10 73
10 74
10 76
10 77
10 79
10 81
10 82
10 83
10 85
10 87
10 88
10 89
10 92
10 93
10 94
10 96
10 98
11 13
11 19
11 22
11 24
11 25
11 26
11 30
11 33
11 35
11 37
11 38
11 39
11 42
11 43
11 45
11 48
11 49
11 50
11 51
11 52
11 53
11 54
11 57
11 58
11 59
11 63
11 65
11 66
11 69
11 73
11 75
11 76
11 77
11 80
11 82
11 83
11 84
11 89
11 90
11 93
11 96
11 97
12 13
12 14
12 16
12 17
12 18
12 19
12 25
12 30
12 31
12 33
12 35
12 39
12 40
12 41
12 42
12 46
12 48
12 49
12 51
12 55
12 57
12 58
12 59
12 61
12 63
12 64
12 71
12 72
12 75
12 78
12 80
12 81
12 83
12 85
12 87
12 92
12 94
12 95
12 97
12 99
13 14
13 16
13 19
13 20
13 22
13 27
13 29
13 33
13 41
13 43
13 45
13 46
13 48
13 51
13 53
13 55
13 56
13 58
13 59
13 60
13 62
13 63
13 64
13 65
13 66
13 67
13 68
13 70
13 74
13 75
13 76
13 77
13 78
13 82
13 85
13 86
13 87
13 88
13 89
13 91
13 92
13 93
13 94
13 96
13 97
13 98
13 99
14 16
14 21
14 22
14 25
14 26
14 33
14 34
14 35
14 36
14 39
14 40
14 41
14 43
14 47
14 48
14 49
14 50
14 51
14 52
14 53
14 56
14 58
14 60
14 64
14 66
14 68
14 72
14 73
14 78
14 79
14 81
14 82
14 87
14 88
14 90
14 94
14 96
14 97
14 99
15 17
15 18
15 23
15 24
15 26
15 27
15 28
15 29
15 33
15 35
15 36
15 39
15 40
15 45
15 46
15 47
15 48
15 50
15 51
15 52
15 53
15 56
15 58
15 60
15 61
15 67
15 68
15 73
15 75
15 78
15 79
15 81
15 82
15 84
15 85
15 87
15 88
15 89
15 90
15 92
15 93
15 94
15 96
16 18
16 21
16 22
16 23
16 27
16 29
16 30
16 32
16 35
16 37
16 41
16 44
16 48
16 49
16 50
16 51
16 54
16 55
16 56
16 57
16 58
16 59
16 60
16 61
16 63
16 64
16 65
16 67
16 69
16 70
16 71
16 72
16 73
16 79
16 85
16 86
16 87
16 89
16 90
16 92
16 94
16 95
16 97
16 98
16 99
17 20
17 22
17 23
17 24
17 25
17 27
17 28
17 29
17 31
17 35
17 37
17 39
17 43
17 45
17 51
17 54
17 55
17 57
17 59
17 60
17 61
17 65
17 67
17 68
17 69
17 71
17 77
17 78
17 79
17 82
17 83
17 84
17 89
17 92
17 93
17 94
17 96
17 98
17 99
18 20
18 21
18 24
18 25
18 26
18 28
18 29
18 32
18 35
18 40
18 41
18 42
18 43
18 44
18 46
18 47
18 48
18 50
18 52
18 55
18 56
18 58
18 60
18 61
18 62
18 65
18 66
18 68
18 72
18 73
18 74
18 76
18 79
18 83
18 86
18 87
18 89
18 90
18 91
18 97
19 21
19 24
19 30
19 33
19 34
19 35
19 38
19 40
19 44
19 46
19 47
19 49
19 50
19 52
19 55
19 56
19 57
19 59
19 63
19 65
19 66
19 67
19 68
19 71
19 72
19 73
19 74
19 76
19 77
19 81
19 83
19 86
19 87
19 88
19 89
19 90
19 91
19 94
19 95
19 98
20 21
20 22
20 23
20 24
20 26
20 27
20 28
20 31
20 33
20 35
20 37
20 39
20 40
20 41
20 42
20 43
20 45
20 46
20 51
20 54
20 55
20 57
20 62
20 67
20 71
20 73
20 77
20 78
20 79
20 80
20 82
20 86
20 89
20 90
20 91
20 92
20 94
20 96
20 97
21 24
21 26
21 30
21 31
21 32
21 33
21 35
21 39
21 40
21 41
21 45
21 46
21 48
21 50
21 52
21 53
21 54
21 56
21 58
21 61
21 63
21 64
21 65
21 67
21 68
21 69
21 71
21 72
21 74
21 76
21 77
21 78
21 81
21 82
21 83
21 86
21 87
21 89
21 94
21 96
22 23
22 24
22 25
22 26
22 27
22 29
22 32
22 34
22 36
22 37
22 38
22 39
22 40
22 45
22 47
22 48
22 49
22 50
22 51
22 52
22 53
22 57
22 58
22 59
22 60
22 64
22 67
22 68
22 71
22 72
22 75
22 77
22 79
22 80
22 81
22 85
22 86
22 87
22 88
22 90
22 92
22 93
22 98
22 99
23 24
23 25
23 26
23 39
23 41
23 42
23 43
23 46
23 49
23 50
23 51
23 53
23 55
23 57
23 58
23 59
23 62
23 63
23 64
23 65
23 67
23 68
23 71
23 72
23 73
23 76
23 77
23 78
23 79
23 82
23 83
23 84
23 88
23 89
23 90
23 91
23 93
23 94
23 96
23 98
24 25
24 27
24 28
24 30
24 31
24 33
24 34
24 36
24 39
24 43
24 45
24 47
24 48
24 49
24 50
24 51
24 52
24 54
24 56
24 58
24 59
24 60
24 63
24 66
24 67
24 68
24 69
24 70
24 71
24 72
24 75
24 77
24 78
24 84
24 86
24 89
24 92
24 93
24 95
24 96
24 97
24 98
24 99
25 27
25 29
25 35
25 38
25 40
25 41
25 42
25 46
25 48
25 51
25 53
25 54
25 55
25 56
25 58
25 59
25 60
25 61
25 63
25 65
25 67
25 69
25 72
25 73
25 75
25 77
25 78
25 81
25 82
25 85
25 88
25 89
25 92
25 94
25 95
25 97
25 98
26 28
26 43
26 44
26 45
26 49
26 51
26 54
26 55
26 57
26 59
26 60
26 61
26 63
26 71
26 76
26 79
26 81
26 82
26 83
26 85
26 86
26 88
26 89
26 90
26 91
26 95
26 97
26 98
27 28
27 31
27 34
27 35
27 37
27 40
27 44
27 45
27 47
27 48
27 50
27 51
27 53
27 55
27 58
27 59
27 60
27 66
27 67
27 71
27 72
27 76
27 79
27 83
27 85
27 86
27 87
27 88
27 91
27 93
27 94
27 98
28 29
28 30
28 31
28 33
28 37
28 39
28 41
28 42
28 43
28 45
28 46
28 48
28 50
28 51
28 53
28 54
28 55
28 58
28 59
28 60
28 63
28 64
28 65
28 66
28 67
28 69
28 71
28 74
28 75
28 78
28 82
28 83
28 84
28 86
28 88
28 89
28 92
28 93
28 95
28 96
28 97
28 99
29 32
29 33
29 36
29 42
29 45
29 46
29 47
29 48
29 51
29 52
29 55
29 57
29 61
29 65
29 66
29 67
29 71
29 72
29 77
29 78
29 79
29 83
29 87
29 89
29 90
29 91
29 92
29 93
29 95
29 97
29 99
30 31
30 34
30 37
30 38
30 43
30 46
30 47
30 48
30 49
30 52
30 57
30 58
30 62
30 64
30 65
30 67
30 68
30 69
30 71
30 72
30 74
30 76
30 78
30 80
30 81
30 83
30 84
30 85
30 86
30 87
30 88
30 90
30 92
30 93
30 94
30 95
30 97
31 33
31 34
31 36
31 37
31 39
31 40
31 41
31 42
31 43
31 44
31 45
31 47
31 48
31 49
31 51
31 52
31 53
31 54
31 57
31 60
31 61
31 67
31 69
31 73
31 74
31 76
31 78
31 81
31 82
31 84
31 88
31 90
31 91
31 92
31 96
31 97
31 98
32 33
32 34
32 35
32 36
32 38
32 41
32 42
32 44
32 45
32 47
32 48
32 50
32 53
32 55
32 63
32 73
32 77
32 78
32 80
32 82
32 83
32 85
32 87
32 89
32 92
32 93
33 35
33 36
33 37
33 38
33 39
33 42
33 51
33 57
33 61
33 66
33 67
33 70
33 71
33 72
33 74
33 76
33 78
33 79
33 83
33 85
33 88
33 89
33 90
33 91
33 94
33 96
33 97
33 98
33 99
34 35
34 37
34 38
34 41
34 42
34 47
34 48
34 50
34 51
34 53
34 54
34 55
34 56
34 59
34 61
34 63
34 64
34 73
34 74
34 78
34 79
34 83
34 84
34 88
34 89
34 91
34 93
34 96
34 97
34 98
34 99
35 36
35 38
35 39
35 42
35 45
35 48
35 49
35 53
35 56
35 57
35 59
35 62
35 65
35 67
35 70
35 72
35 73
35 74
35 76
35 78
35 79
35 80
35 81
35 82
35 84
35 85
35 86
35 87
35 88
35 89
35 92
35 94
35 95
36 39
36 40
36 41
36 42
36 43
36 46
36 47
36 48
36 49
36 57
36 59
36 66
36 67
36 70
36 71
36 72
36 74
36 75
36 78
36 79
36 81
36 82
36 83
36 90
36 91
36 94
36 97
36 98
36 99
37 39
37 41
37 43
37 44
37 46
37 47
37 48
37 49
37 50
37 51
37 54
37 56
37 60
37 65
37 66
37 69
37 71
37 75
37 82
37 86
37 87
37 89
37 91
37 92
37 94
37 95
38 40
38 41
38 43
38 44
38 45
38 46
38 47
38 51
38 52
38 56
38 58
38 60
38 61
38 64
38 66
38 67
38 72
38 73
38 74
38 80
38 82
38 85
38 87
38 88
38 89
38 90
38 95
38 96
39 42
39 43
39 46
39 48
39 49
39 50
39 51
39 52
39 53
39 54
39 55
39 57
39 59
39 60
39 62
39 66
39 68
39 69
39 70
39 72
39 75
39 76
39 77
39 78
39 79
39 80
39 82
39 88
39 89
39 92
39 94
39 95
39 96
40 43
40 44
40 46
40 47
40 48
40 51
40 52
40 56
40 58
40 59
40 63
40 64
40 65
40 69
40 71
40 72
40 76
40 77
40 78
40 79
40 81
40 86
40 87
40 88
40 90
40 91
40 92
40 95
40 96
40 98
40 99
41 43
41 44
41 45
41 46
41 50
41 51
41 53
41 57
41 58
41 59
41 60
41 61
41 65
41 67
41 69
41 71
41 72
41 73
41 74
41 77
41 78
41 80
41 83
41 85
41 90
41 91
41 93
41 95
41 96
41 98
42 44
42 45
42 47
42 50
42 59
42 60
42 61
42 64
42 66
42 67
42 70
42 72
42 73
42 74
42 76
42 77
42 80
42 81
42 84
42 85
42 86
42 87
42 88
42 89
42 91
42 94
42 96
42 99
43 44
43 49
43 50
43 53
43 56
43 57
43 58
43 60
43 61
43 62
43 63
43 65
43 70
43 71
43 74
43 77
43 80
43 83
43 84
43 87
43 88
43 90
43 92
43 93
43 94
43 97
43 98
43 99
44 45
44 46
44 48
44 51
44 52
44 55
44 57
44 59
44 60
44 61
44 62
44 63
44 67
44 68
44 70
44 75
44 76
44 78
44 80
44 81
44 82
44 83
44 85
44 88
44 89
44 90
44 92
44 94
44 95
44 96
44 97
44 99
45 46
45 49
45 56
45 57
45 62
45 65
45 67
45 72
45 76
45 77
45 80
45 81
45 82
45 83
45 84
45 85
45 87
45 88
45 90
45 91
45 92
45 93
45 95
45 96
45 97
45 99
46 48
46 54
46 56
46 58
46 60
46 61
46 62
46 63
46 65
46 68
46 71
46 72
46 77
46 78
46 79
46 80
46 85
46 87
46 88
46 89
46 90
46 91
46 93
46 95
47 50
47 52
47 53
47 55
47 56
47 57
47 59
47 61
47 62
47 63
47 64
47 65
47 70
47 71
47 72
47 76
47 77
47 78
47 79
47 80
47 82
47 83
47 84
47 85
47 86
47 88
47 91
47 93
47 97
47 98
48 50
48 51
48 52
48 53
48 57
48 59
48 61
48 64
48 66
48 67
48 68
48 69
48 72
48 73
48 74
48 77
48 80
48 81
48 82
48 84
48 87
48 89
48 91
48 94
48 95
48 97
49 50
49 55
49 57
49 59
49 60
49 61
49 62
49 64
49 65
49 68
49 71
49 74
49 75
49 76
49 78
49 79
49 82
49 83
49 85
49 87
49 88
49 90
49 92
49 95
49 97
49 98
50 51
50 52
50 54
50 55
50 57
50 58
50 60
50 62
50 63
50 69
50 72
50 74
50 76
50 77
50 78
50 79
50 80
50 84
50 86
50 90
50 91
50 98
50 99
51 52
51 53
51 55
51 56
51 58
51 59
51 60
51 61
51 62
51 63
51 64
51 66
51 67
51 68
51 69
51 70
51 72
51 73
51 74
51 75
51 76
51 78
51 82
51 93
51 94
51 96
51 98
52 53
52 55
52 58
52 60
52 62
52 63
52 66
52 68
52 69
52 70
52 71
52 74
52 76
52 77
52 79
52 80
52 81
52 84
52 86
52 87
52 88
52 89
52 93
52 95
52 97
52 98
52 99
53 54
53 55
53 57
53 58
53 61
53 63
53 67
53 72
53 73
53 74
53 75
53 76
53 79
53 81
53 82
53 83
53 92
53 95
53 96
53 97
53 99
54 56
54 58
54 59
54 63
54 65
54 66
54 67
54 68
54 69
54 73
54 74
54 75
54 76
54 77
54 79
54 84
54 85
54 87
54 90
54 91
54 92
54 94
55 58
55 60
55 62
55 63
55 64
55 69
55 71
55 74
55 75
55 76
55 80
55 82
55 83
55 84
55 86
55 91
55 93
55 94
55 95
55 99
56 57
56 58
56 59
56 60
56 61
56 62
56 65
56 66
56 68
56 70
56 71
56 75
56 76
56 77
56 79
56 80
56 81
56 82
56 84
56 85
56 86
56 89
56 93
56 94
56 96
56 99
57 59
57 60
57 62
57 63
57 65
57 66
57 67
57 69
57 70
57 71
57 73
57 76
57 78
57 82
57 84
57 85
57 86
57 88
57 91
57 92
57 94
57 95
57 96
58 60
58 61
58 62
58 64
58 66
58 68
58 69
58 70
58 71
58 72
58 73
58 74
58 76
58 78
58 81
58 82
58 83
58 85
58 88
58 89
58 94
58 95
58 97
59 60
59 61
59 66
59 67
59 68
59 71
59 73
59 78
59 83
59 85
59 86
59 87
59 88
59 90
59 93
59 98
60 63
60 72
60 76
60 77
60 79
60 80
60 81
60 82
60 84
60 86
60 88
60 91
60 92
60 93
60 97
61 62
61 63
61 65
61 66
61 69
61 74
61 79
61 80
61 82
61 83
61 85
61 86
61 87
61 88
61 91
61 92
61 93
61 94
61 96
61 97
61 98
61 99
62 63
62 64
62 65
62 70
62 72
62 73
62 74
62 77
62 80
62 83
62 84
62 85
62 88
62 89
62 90
62 94
62 96
62 97
63 65
63 68
63 69
63 70
63 73
63 74
63 75
63 78
63 79
63 80
63 83
63 84
63 85
63 87
63 90
63 91
63 95
63 96
63 97
64 66
64 68
64 69
64 70
64 72
64 75
64 80
64 81
64 82
64 83
64 85
64 86
64 87
64 92
64 93
64 96
65 67
65 69
65 70
65 72
65 73
65 75
65 76
65 77
65 86
65 88
65 89
65 93
65 99
66 67
66 68
66 72
66 74
66 75
66 76
66 78
66 79
66 80
66 84
66 85
66 86
66 87
66 88
66 90
66 92
66 93
67 70
67 73
67 74
67 77
67 78
67 84
67 86
67 87
67 91
67 94
67 96
67 98
67 99
68 69
68 70
68 71
68 73
68 74
68 76
68 78
68 80
68 81
68 82
68 83
68 86
68 88
68 89
68 91
68 92
68 96
68 97
68 98
68 99
69 71
69 74
69 77
69 78
69 79
69 80
69 86
69 87
69 89
69 90
69 93
69 94
69 95
69 97
69 98
69 99
70 71
70 72
70 73
70 74
70 78
70 79
70 81
70 83
70 85
70 86
70 88
70 90
70 92
70 93
70 94
70 95
71 72
71 82
71 89
71 90
71 93
71 94
71 96
71 98
72 73
72 75
72 76
72 78
72 80
72 82
72 83
72 84
72 85
72 86
72 87
72 88
72 89
72 90
72 93
72 94
72 98
73 75
73 76
73 78
73 79
73 81
73 82
73 83
73 85
73 86
73 88
73 91
73 92
73 94
73 95
73 98
74 75
74 76
74 77
74 79
74 82
74 86
74 87
74 88
74 90
74 91
74 93
74 94
74 95
74 96
74 98
75 76
75 79
75 81
75 83
75 87
75 94
75 95
75 96
75 97
75 98
76 77
76 79
76 83
76 86
76 87
76 88
76 89
76 90
76 92
76 93
76 96
76 99
77 78
77 79
77 80
77 81
77 87
77 88
77 89
77 90
77 91
77 92
77 93
77 94
77 96
77 98
78 79
78 80
78 81
78 82
78 83
78 84
78 86
78 88
78 93
78 94
78 98
78 99
79 81
79 82
79 83
79 84
79 86
79 88
79 89
79 91
79 92
79 94
79 96
79 99
80 81
80 82
80 90
80 93
80 95
80 98
80 99
81 82
81 83
81 86
81 87
81 88
81 91
81 92
81 93
81 95
81 97
82 84
82 85
82 88
82 89
82 90
82 92
82 94
82 99
83 84
83 85
83 88
83 90
83 91
83 92
83 94
83 95
83 96
83 99
84 85
84 86
84 88
84 89
84 91
84 92
84 94
84 97
85 91
85 92
85 94
85 95
85 99
86 87
86 92
86 93
86 94
86 95
86 97
87 88
87 91
87 94
87 96
87 97
87 98
88 89
88 90
88 91
88 93
88 96
88 98
89 90
89 92
89 95
89 96
89 99
90 91
90 95
90 96
90 99
91 93
91 94
91 97
91 98
91 99
92 93
92 96
92 97
92 98
93 94
93 95
93 97
93 98
93 99
94 95
94 96
95 97
95 98
