0 1
0 2
0 3
0 6
0 7
0 8
0 10
0 17
0 20
0 23
0 25
0 26
0 27
0 28
0 29
0 34
0 35
0 36
0 38
0 40
0 43
0 44
0 49
0 50
0 51
0 52
0 54
0 56
0 57
0 58
0 66
0 67
0 69
0 70
0 75
0 77
0 80
0 81
0 82
0 83
0 84
0 86
0 88
0 89
0 92
0 93
0 95
0 97
1 3
1 4
1 6
1 12
1 17
1 18
1 20
1 22
1 24
1 25
1 26
1 28
1 29
1 30
1 33
1 38
1 40
1 41
1 43
1 44
1 45
1 46
1 50
1 52
1 56
1 57
1 58
1 59
1 62
1 64
1 66
1 67
1 71
1 72
1 75
1 77
1 84
1 85
1 86
1 88
1 89
1 90
1 96
1 97
2 3
2 5
2 6
2 8
2 9
2 10
2 11
2 12
2 13
2 17
2 18
2 20
2 21
2 23
2 25
2 32
2 36
2 38
2 39
2 40
2 41
2 42
2 44
2 47
2 48
2 49
2 50
2 52
2 54
2 57
2 58
2 60
2 64
2 65
2 66
2 67
2 69
2 70
2 72
2 75
2 76
2 78
2 79
2 80
2 84
2 85
2 86
2 88
2 90
2 92
2 93
2 98
2 99
3 6
3 9
3 13
3 17
3 18
3 21
3 23
3 24
3 25
3 28
3 29
3 30
3 32
3 33
3 34
3 35
3 36
3 37
3 40
3 41
3 45
3 46
3 47
3 49
3 54
3 55
3 56
3 57
3 58
3 60
3 61
3 62
3 64
3 65
3 67
3 70
3 72
3 76
3 77
3 80
3 81
3 85
3 88
3 90
3 92
3 93
3 94
3 96
3 98
3 99
4 5
4 7
4 8
4 9
4 10
4 12
4 17
4 18
4 20
4 22
4 24
4 26
4 27
4 28
4 33
4 36
4 38
4 39
4 42
4 43
4 46
4 47
4 49
4 52
4 53
4 56
4 57
4 59
4 60
4 62
4 63
4 64
4 67
4 68
4 71
4 74
4 75
4 77
4 78
4 80
4 83
4 86
4 89
4 90
4 91
4 92
4 93
4 94
4 95
4 98
4 99
5 7
5 9
5 11
5 13
5 14
5 15
5 16
5 17
5 18
5 19
5 20
5 21
5 23
5 24
5 28
5 34
5 38
5 40
5 43
5 44
5 45
5 46
5 47
5 48
5 50
5 52
5 53
5 58
5 60
5 63
5 66
5 67
5 69
5 70
5 73
5 75
5 78
5 79
5 80
5 81
5 83
5 85
5 90
5 91
5 92
5 93
5 94
5 96
5 99
6 7
6 8
6 13
6 14
6 17
6 20
6 21
6 24
6 25
6 26
6 27
6 28
6 30
6 31
6 32
6 33
6 38
6 39
6 41
6 43
6 47
6 52
6 53
6 56
6 58
6 59
6 60
6 64
6 65
6 66
6 68
6 69
6 70
6 73
6 75
6 76
6 79
6 82
6 84
6 87
6 91
6 92
6 93
6 95
6 97
7 12
7 15
7 16
7 17
7 22
7 23
7 26
7 31
7 33
7 34
7 36
7 37
7 39
7 40
7 41
7 42
7 45
7 49
7 50
7 51
7 52
7 53
7 54
7 56
7 57
7 59
7 61
7 63
7 69
7 72
7 75
7 78
7 85
7 86
7 87
7 89
7 90
7 91
7 92
7 93
7 96
8 9
8 10
8 14
8 16
8 17
8 18
8 19
8 21
8 26
8 29
8 31
8 32
8 35
8 36
8 40
8 42
8 43
8 44
8 45
8 46
8 47
8 48
8 50
8 51
8 53
8 55
8 59
8 60
8 61
8 62
8 64
8 67
8 68
8 70
8 75
8 77
8 78
8 79
8 80
8 86
8 87
8 92
8 95
8 96
8 97
8 98
8 99
9 11
9 12
9 15
9 16
9 19
9 21
9 23
9 26
9 28
9 32
9 33
9 35
9 36
9 37
9 38
9 41
9 43
9 44
9 48
9 49
9 50
9 51
9 54
9 56
9 57
9 59
9 61
9 62
9 64
9 67
9 69
9 70
9 71
9 72
9 74
9 75
9 76
9 77
9 82
9 83
9 85
9 87
9 88
9 89
9 91
9 93
9 94
9 95
9 96
9 97
10 13
10 14
10 16
10 22
10 23
10 25
10 26
10 29
10 32
10 33
10 34
10 35
10 36
10 43
10 48
10 49
10 51
10 52
10 56
10 58
10 59
10 63
10 65
10 67
10 69
10 70
10 71
10 72
10 73
10 74
10 75
10 77
10 78
10 79
10 81
10 83
10 85
10 86
10 87
10 88
10 89
10 92
10 94
10 95
10 96
10 97
10 98
10 99
11 12
11 13
11 15
11 16
11 18
11 22
11 24
11 26
11 27
11 29
11 31
11 33
11 35
11 37
11 39
11 40
11 42
11 44
11 47
11 51
11 52
11 53
11 57
11 60
11 61
11 62
11 63
11 66
11 71
11 72
11 73
11 75
11 77
11 79
11 82
11 83
11 87
11 88
11 90
11 91
11 92
11 93
11 96
12 14
12 15
12 16
12 17
12 18
12 19
12 23
12 24
12 26
12 30
12 31
12 34
12 35
12 36
12 37
12 39
12 41
12 42
12 44
12 47
12 48
12 49
12 50
12 51
12 52
12 54
12 56
12 58
12 62
12 64
12 65
12 66
12 67
12 68
12 70
12 71
12 72
12 73
12 80
12 82
12 84
12 86
12 87
12 89
12 91
12 93
12 95
12 97
12 98
12 99
13 15
13 18
13 19
13 20
13 21
13 23
13 28
13 33
13 34
13 35
13 37
13 41
13 42
13 44
13 45
13 46
13 48
13 51
13 55
13 56
13 58
13 59
13 61
13 67
13 68
13 69
13 70
13 75
13 77
13 78
13 79
13 80
13 82
13 83
13 84
13 86
13 87
13 88
13 89
13 90
13 92
13 95
13 96
13 98
14 15
14 17
14 18
14 22
14 23
14 25
14 27
14 28
14 32
14 35
14 36
14 38
14 43
14 44
14 46
14 48
14 54
14 56
14 57
14 58
14 59
14 61
14 62
14 64
14 66
14 67
14 69
14 72
14 73
14 74
14 76
14 80
14 82
14 83
14 86
14 88
14 90
14 91
14 93
14 94
14 95
15 17
15 18
15 20
15 21
15 22
15 24
15 25
15 26
15 27
15 29
15 30
15 32
15 33
15 35
15 36
15 37
15 39
15 40
15 41
15 43
15 44
15 47
15 50
15 51
15 53
15 54
15 57
15 61
15 63
15 65
15 70
15 71
15 73
15 74
15 75
15 76
15 78
15 79
15 80
15 81
15 84
15 86
15 87
15 88
15 91
15 92
15 93
15 95
16 17
16 19
16 21
16 22
16 23
16 24
16 28
16 30
16 31
16 33
16 34
16 35
16 37
16 38
16 39
16 40
16 42
16 43
16 45
16 46
16 49
16 51
16 53
16 54
16 55
16 56
16 60
16 63
16 65
16 66
16 69
16 70
16 71
16 72
16 73
16 74
16 75
16 76
16 78
16 79
16 81
16 83
16 86
16 87
16 88
16 89
16 91
16 95
16 96
16 97
16 98
17 18
17 21
17 23
17 26
17 31
17 33
17 34
17 35
17 37
17 38
17 39
17 41
17 45
17 48
17 49
17 51
17 52
17 54
17 58
17 59
17 60
17 62
17 64
17 65
17 67
17 69
17 70
17 71
17 73
17 75
17 77
17 78
17 79
17 80
17 82
17 84
17 85
17 87
17 88
17 94
17 95
17 96
17 98
18 22
18 24
18 25
18 27
18 30
18 32
18 33
18 34
18 35
18 38
18 41
18 42
18 43
18 44
18 45
18 48
18 50
18 52
18 54
18 55
18 56
18 58
18 63
18 64
18 66
18 68
18 69
18 70
18 71
18 72
18 73
18 74
18 76
18 78
18 79
18 83
18 90
18 94
18 95
18 97
18 99
19 20
19 23
19 26
19 29
19 37
19 39
19 40
19 41
19 42
19 48
19 51
19 52
19 53
19 54
19 55
19 57
19 58
19 61
19 62
19 63
19 65
19 71
19 73
19 74
19 75
19 77
19 78
19 79
19 85
19 86
19 88
19 89
19 91
19 93
19 94
19 99
20 21
20 23
20 37
20 38
20 39
20 41
20 44
20 49
20 54
20 57
20 59
20 62
20 63
20 64
20 67
20 68
20 80
20 82
20 86
20 88
20 89
20 96
20 97
21 22
21 23
21 29
21 31
21 32
21 34
21 37
21 39
21 40
21 43
21 44
21 45
21 47
21 48
21 53
21 55
21 56
21 59
21 62
21 65
21 66
21 69
21 70
21 71
21 73
21 76
21 78
21 79
21 80
21 81
21 86
21 87
21 90
21 93
21 94
21 95
21 97
22 23
22 25
22 30
22 31
22 33
22 36
22 37
22 38
22 39
22 41
22 42
22 47
22 48
22 49
22 51
22 52
22 53
22 54
22 55
22 56
22 57
22 58
22 59
22 61
22 62
22 63
22 64
22 65
22 67
22 68
22 69
22 70
22 71
22 72
22 74
22 76
22 77
22 79
22 81
22 82
22 83
22 85
22 86
22 89
22 90
22 91
22 95
22 97
23 25
23 26
23 28
23 31
23 35
23 36
23 37
23 39
23 44
23 47
23 48
23 49
23 51
23 52
23 53
23 58
23 59
23 62
23 63
23 65
23 66
23 68
23 69
23 70
23 72
23 73
23 74
23 75
23 76
23 77
23 79
23 80
23 83
23 85
23 87
23 88
23 89
23 91
23 93
23 95
23 97
23 98
23 99
24 28
24 31
24 32
24 33
24 34
24 35
24 36
24 39
24 40
24 43
24 44
24 48
24 50
24 51
24 53
24 54
24 57
24 59
24 60
24 62
24 63
24 64
24 68
24 69
24 70
24 72
24 76
24 77
24 78
24 79
24 80
24 81
24 82
24 83
24 90
24 93
24 94
24 95
24 96
25 26
25 29
25 30
25 31
25 33
25 34
25 36
25 38
25 40
25 42
25 47
25 48
25 50
25 51
25 53
25 54
25 55
25 56
25 57
25 58
25 59
25 61
25 64
25 65
25 66
25 67
25 68
25 72
25 73
25 75
25 78
25 82
25 84
25 85
25 89
25 90
25 91
25 92
25 93
25 94
25 97
25 99
26 31
26 34
26 35
26 36
26 38
26 39
26 40
26 48
26 50
26 53
26 56
26 57
26 58
26 60
26 62
26 64
26 66
26 67
26 68
26 70
26 74
26 76
26 77
26 79
26 81
26 83
26 84
26 85
26 87
26 88
26 89
26 92
26 93
26 94
26 96
26 99
27 28
27 32
27 33
27 34
27 38
27 40
27 43
27 44
27 47
27 48
27 51
27 53
27 56
27 59
27 60
27 62
27 64
27 68
27 69
27 70
27 72
27 75
27 76
27 77
27 78
27 79
27 80
27 82
27 87
27 89
27 93
27 94
27 95
27 99
28 30
28 31
28 32
28 35
28 39
28 45
28 46
28 48
28 49
28 50
28 51
28 52
28 53
28 55
28 59
28 60
28 61
28 62
28 63
28 65
28 68
28 69
28 70
28 72
28 73
28 74
28 75
28 78
28 79
28 80
28 82
28 83
28 84
28 86
28 89
28 91
28 93
28 94
28 95
28 99
29 34
29 36
29 37
29 41
29 43
29 45
29 47
29 50
29 51
29 52
29 54
29 56
29 58
29 59
29 64
29 65
29 66
29 67
29 68
29 69
29 74
29 75
29 77
29 85
29 88
29 93
29 94
29 95
29 98
29 99
30 31
30 34
30 35
30 41
30 42
30 47
30 52
30 53
30 54
30 55
30 56
30 58
30 60
30 61
30 64
30 66
30 67
30 70
30 71
30 73
30 74
30 75
30 78
30 79
30 80
30 83
30 84
30 85
30 86
30 87
30 88
30 90
30 93
30 96
31 33
31 34
31 35
31 36
31 39
31 40
31 45
31 46
31 47
31 48
31 51
31 54
31 55
31 56
31 58
31 63
31 64
31 67
31 70
31 71
31 72
31 78
31 81
31 82
31 83
31 86
31 88
31 92
31 94
31 95
31 97
31 98
31 99
32 34
32 36
32 37
32 38
32 40
32 41
32 44
32 46
32 53
32 56
32 60
32 61
32 62
32 63
32 70
32 71
32 73
32 75
32 76
32 81
32 82
32 83
32 84
32 85
32 86
32 88
32 89
32 93
32 95
32 98
33 34
33 35
33 36
33 37
33 39
33 40
33 42
33 43
33 44
33 46
33 47
33 48
33 49
33 52
33 53
33 54
33 55
33 57
33 58
33 59
33 61
33 62
33 63
33 65
33 72
33 73
33 74
33 76
33 77
33 78
33 80
33 85
33 86
33 87
33 89
33 90
33 92
33 93
33 95
33 96
33 97
34 38
34 40
34 42
34 43
34 44
34 45
34 47
34 48
34 51
34 52
34 53
34 54
34 55
34 57
34 59
34 60
34 64
34 65
34 66
34 68
34 69
34 70
34 71
34 72
34 73
34 74
34 77
34 78
34 82
34 83
34 84
34 85
34 88
34 90
34 91
34 98
35 37
35 38
35 43
35 46
35 48
35 49
35 50
35 51
35 52
35 53
35 57
35 60
35 61
35 63
35 65
35 66
35 67
35 68
35 76
35 77
35 78
35 79
35 83
35 90
35 93
35 98
36 37
36 38
36 42
36 44
36 45
36 47
36 48
36 50
36 51
36 53
36 55
36 56
36 57
36 58
36 59
36 61
36 64
36 65
36 67
36 68
36 71
36 72
36 73
36 74
36 76
36 78
36 85
36 86
36 87
36 88
36 90
36 91
36 94
36 95
36 96
37 39
37 42
37 43
37 44
37 46
37 53
37 54
37 55
37 57
37 58
37 59
37 60
37 61
37 62
37 65
37 66
37 67
37 68
37 69
37 70
37 71
37 74
37 75
37 76
37 78
37 79
37 82
37 85
37 86
37 90
37 94
37 95
37 96
38 40
38 46
38 48
38 51
38 53
38 55
38 56
38 60
38 61
38 62
38 63
38 66
38 68
38 69
38 70
38 71
38 73
38 74
38 75
38 78
38 82
38 85
38 86
38 87
38 92
38 93
38 94
38 97
39 40
39 46
39 48
39 49
39 50
39 51
39 56
39 57
39 60
39 62
39 64
39 71
39 72
39 80
39 84
39 85
39 87
39 88
39 92
39 93
39 95
39 97
39 99
40 47
40 49
40 51
40 53
40 54
40 56
40 59
40 60
40 62
40 63
40 64
40 68
40 74
40 76
40 77
40 78
40 80
40 81
40 82
40 83
40 84
40 87
40 88
40 89
40 91
40 92
40 95
40 97
40 98
40 99
41 42
41 43
41 44
41 50
41 51
41 52
41 54
41 55
41 56
41 57
41 58
41 59
41 61
41 66
41 67
41 69
41 71
41 74
41 77
41 81
41 83
41 84
41 87
41 89
41 91
41 93
41 97
41 98
41 99
42 43
42 44
42 46
42 47
42 49
42 50
42 51
42 54
42 55
42 61
42 63
42 69
42 71
42 74
42 75
42 77
42 78
42 79
42 80
42 86
42 87
42 88
42 89
42 90
42 91
42 92
42 94
42 96
42 97
42 98
43 44
43 50
43 51
43 55
43 56
43 58
43 61
43 63
43 65
43 66
43 69
43 71
43 72
43 74
43 79
43 80
43 81
43 90
43 91
43 92
43 94
43 95
43 97
44 45
44 47
44 50
44 51
44 53
44 54
44 57
44 58
44 59
44 60
44 62
44 63
44 64
44 65
44 66
44 67
44 68
44 70
44 73
44 74
44 75
44 76
44 78
44 81
44 82
44 84
44 87
44 89
44 91
44 93
45 46
45 48
45 50
45 53
45 58
45 59
45 60
45 61
45 67
45 68
45 70
45 72
45 73
45 75
45 76
45 79
45 80
45 82
45 83
45 84
45 86
45 87
45 89
45 90
45 91
45 92
45 93
45 96
45 97
45 98
46 47
46 49
46 54
46 55
46 58
46 61
46 62
46 66
46 67
46 71
46 72
46 74
46 75
46 80
46 81
46 89
46 90
46 92
46 96
46 97
46 98
47 48
47 49
47 53
47 59
47 61
47 62
47 63
47 65
47 67
47 70
47 73
47 77
47 78
47 79
47 81
47 82
47 83
47 84
47 86
47 91
47 93
47 94
47 97
47 98
47 99
48 49
48 51
48 52
48 53
48 55
48 57
48 58
48 61
48 65
48 66
48 67
48 69
48 70
48 71
48 72
48 73
48 77
48 78
48 79
48 82
48 84
48 90
48 92
48 93
48 94
48 96
48 98
48 99
49 52
49 53
49 56
49 59
49 62
49 65
49 67
49 69
49 70
49 71
49 72
49 73
49 77
49 79
49 80
49 81
49 85
49 86
49 87
49 88
49 89
49 91
49 94
49 95
49 96
49 99
50 52
50 55
50 57
50 58
50 59
50 61
50 63
50 64
50 65
50 70
50 77
50 78
50 79
50 80
50 81
50 82
50 83
50 84
50 87
50 90
50 91
50 97
50 98
50 99
51 53
51 55
51 56
51 58
51 61
51 62
51 66
51 67
51 69
51 75
51 83
51 85
51 86
51 87
51 88
51 90
51 91
51 92
51 96
51 97
51 98
52 64
52 65
52 66
52 70
52 73
52 76
52 77
52 78
52 79
52 83
52 84
52 85
52 87
52 88
52 90
52 91
52 92
52 93
52 94
52 95
52 96
52 97
52 98
52 99
53 57
53 60
53 61
53 62
53 64
53 66
53 67
53 68
53 70
53 71
53 72
53 73
53 74
53 76
53 78
53 83
53 84
53 85
53 89
53 91
53 92
53 94
53 97
54 56
54 58
54 60
54 62
54 64
54 66
54 67
54 68
54 69
54 70
54 73
54 76
54 79
54 80
54 84
54 85
54 87
54 88
54 89
54 90
54 98
54 99
55 56
55 57
55 58
55 60
55 61
55 62
55 63
55 64
55 66
55 67
55 72
55 75
55 77
55 82
55 83
55 84
55 85
55 86
55 91
55 94
55 95
56 59
56 60
56 62
56 63
56 65
56 68
56 69
56 71
56 72
56 76
56 77
56 78
56 80
56 81
56 84
56 87
56 88
56 90
56 91
56 92
56 93
56 94
56 95
57 58
57 60
57 61
57 65
57 66
57 68
57 70
57 71
57 73
57 74
57 76
57 82
57 84
57 85
57 86
57 87
57 88
57 89
57 91
57 92
57 95
57 96
58 59
58 60
58 61
58 63
58 64
58 65
58 66
58 67
58 68
58 69
58 70
58 71
58 72
58 75
58 76
58 79
58 80
58 81
58 85
58 86
58 87
58 90
58 93
58 94
58 97
59 64
59 65
59 67
59 68
59 70
59 74
59 76
59 77
59 79
59 80
59 81
59 82
59 86
59 89
59 90
59 96
59 97
59 98
60 62
60 65
60 66
60 69
60 79
60 87
60 88
60 90
60 96
61 62
61 63
61 64
61 65
61 66
61 67
61 68
61 71
61 77
61 78
61 79
61 81
61 82
61 83
61 84
61 86
61 87
61 89
61 91
61 92
61 93
61 94
61 96
61 97
62 63
62 64
62 73
62 75
62 77
62 78
62 79
62 82
62 83
62 85
62 86
62 87
62 92
62 95
62 97
62 98
63 64
63 70
63 73
63 74
63 75
63 76
63 77
63 79
63 83
63 85
63 86
63 90
63 91
63 92
63 95
63 98
64 67
64 70
64 72
64 73
64 75
64 79
64 80
64 82
64 84
64 85
64 87
64 91
64 92
64 95
64 96
65 66
65 67
65 68
65 69
65 70
65 74
65 76
65 80
65 81
65 87
65 90
65 91
65 93
65 94
65 95
65 96
66 69
66 74
66 75
66 76
66 77
66 80
66 81
66 82
66 83
66 86
66 92
66 95
66 98
67 69
67 70
67 71
67 72
67 73
67 75
67 76
67 78
67 80
67 81
67 85
67 86
67 87
67 89
67 92
67 93
67 95
67 99
68 74
68 75
68 77
68 79
68 80
68 81
68 82
68 83
68 85
68 87
68 88
68 92
68 93
68 94
68 95
68 96
69 70
69 72
69 73
69 74
69 78
69 79
69 80
69 82
69 83
69 85
69 87
69 89
69 90
69 92
69 94
69 95
69 99
70 71
70 72
70 73
70 74
70 75
70 78
70 87
70 89
70 90
70 92
70 94
70 97
70 98
71 72
71 73
71 74
71 76
71 77
71 80
71 81
71 84
71 87
71 89
71 90
71 92
71 93
71 96
71 99
72 75
72 76
72 78
72 79
72 80
72 83
72 86
72 89
72 90
72 92
72 93
72 95
72 97
72 98
73 74
73 75
73 78
73 79
73 82
73 83
73 85
73 88
73 90
73 91
73 95
73 96
73 98
74 77
74 78
74 80
74 81
74 83
74 85
74 87
74 88
74 92
74 93
74 94
74 98
75 76
75 77
75 79
75 81
75 82
75 88
75 90
75 92
75 94
75 95
75 96
75 98
75 99
76 78
76 81
76 82
76 86
76 90
76 91
76 92
76 98
77 84
77 85
77 86
77 87
77 92
77 95
77 96
77 99
78 79
78 82
78 83
78 84
78 88
78 89
78 90
78 96
78 97
78 98
78 99
79 81
79 84
79 87
79 91
79 93
79 98
80 81
80 83
80 86
80 88
80 89
80 92
80 93
80 96
81 82
81 83
81 84
81 85
81 87
81 88
81 89
81 90
81 94
81 95
81 97
81 98
81 99
82 83
82 84
82 85
82 86
82 87
82 88
82 90
82 92
82 96
83 85
83 88
83 90
83 91
83 98
83 99
84 90
84 92
84 93
84 97
85 86
85 89
85 94
85 95
85 96
85 97
86 92
86 95
86 96
86 97
86 98
86 99
87 89
87 90
87 93
87 97
87 98
87 99
88 89
88 91
88 92
88 93
89 90
89 91
89 93
89 95
89 96
89 97
89 98
90 92
90 93
90 94
90 95
90 96
90 98
91 96
91 97
91 98
92 93
92 94
92 95
92 98
92 99
93 96
93 98
93 99
94 95
94 96
94 97
94 99
95 96
96 97
96 99
97 99
