0 2
0 5
0 6
0 10
0 11
0 12
0 16
0 17
0 18
0 21
0 22
0 23
0 25
0 28
0 29
0 30
0 31
0 32
0 33
0 36
0 37
0 40
0 41
0 42
0 44
0 45
0 47
0 48
0 49
0 50
0 51
0 53
0 57
0 58
0 59
0 61
0 68
0 74
0 75
0 77
0 81
0 84
0 86
0 88
0 89
0 90
0 91
0 92
0 93
0 97
0 99
1 6
1 8
1 11
1 13
1 14
1 15
1 20
1 21
1 27
1 28
1 33
1 34
1 39
1 40
1 41
1 44
1 45
1 46
1 47
1 49
1 50
1 51
1 53
1 54
1 55
1 60
1 62
1 68
1 73
1 75
1 77
1 79
1 80
1 82
1 83
1 86
1 87
1 88
1 89
1 90
1 91
1 94
1 96
1 99
2 5
2 6
2 7
2 10
2 14
2 15
2 16
2 19
2 21
2 22
2 24
2 25
2 26
2 28
2 29
2 30
2 31
2 34
2 35
2 39
2 40
2 45
2 46
2 48
2 50
2 53
2 54
2 55
2 56
2 61
2 63
2 65
2 67
2 71
2 72
2 74
2 75
2 76
2 77
2 83
2 84
2 86
2 88
2 90
2 91
2 92
2 94
2 95
2 96
2 98
2 99
3 5
3 6
3 10
3 17
3 18
3 19
3 20
3 21
3 23
3 24
3 28
3 29
3 30
3 33
3 34
3 35
3 36
3 39
3 41
3 44
3 46
3 47
3 48
3 51
3 52
3 53
3 54
3 59
3 62
3 65
3 67
3 71
3 73
3 74
3 76
3 78
3 80
3 84
3 85
3 86
3 87
3 88
3 90
3 91
3 93
3 95
3 97
3 98
3 99
4 7
4 9
4 10
4 14
4 15
4 17
4 18
4 19
4 20
4 21
4 23
4 28
4 29
4 31
4 36
4 37
4 40
4 41
4 43
4 45
4 46
4 48
4 49
4 51
4 52
4 55
4 57
4 58
4 59
4 60
4 67
4 68
4 69
4 70
4 72
4 74
4 75
4 76
4 78
4 81
4 85
4 87
4 88
4 91
4 92
4 93
5 7
5 10
5 12
5 14
5 16
5 17
5 18
5 19
5 21
5 27
5 29
5 33
5 34
5 35
5 36
5 37
5 40
5 43
5 44
5 48
5 49
5 50
5 53
5 54
5 55
5 59
5 60
5 61
5 62
5 66
5 68
5 69
5 70
5 71
5 72
5 73
5 74
5 75
5 77
5 80
5 81
5 82
5 88
5 90
5 92
5 96
5 97
5 98
6 12
6 13
6 17
6 18
6 20
6 22
6 25
6 26
6 29
6 31
6 32
6 37
6 42
6 43
6 44
6 45
6 46
6 47
6 51
6 52
6 53
6 56
6 57
6 58
6 59
6 60
6 61
6 62
6 63
6 64
6 66
6 68
6 70
6 73
6 77
6 78
6 79
6 82
6 83
6 85
6 86
6 94
6 97
6 98
6 99
7 8
7 11
7 13
7 17
7 21
7 23
7 25
7 26
7 27
7 28
7 29
7 32
7 33
7 36
7 37
7 39
7 42
7 45
7 46
7 48
7 49
7 52
7 53
7 56
7 59
7 64
7 67
7 68
7 70
7 71
7 73
7 75
7 77
7 78
7 84
7 87
7 88
7 90
7 93
7 94
7 97
7 98
8 10
8 11
8 15
8 17
8 18
8 23
8 24
8 25
8 31
8 32
8 33
8 35
8 36
8 37
8 40
8 44
8 46
8 47
8 49
8 50
8 52
8 53
8 58
8 61
8 62
8 64
8 65
8 68
8 73
8 75
8 78
8 80
8 85
8 95
8 96
8 97
8 98
8 99
9 11
9 12
9 14
9 16
9 17
9 18
9 21
9 22
9 23
9 24
9 29
9 30
9 31
9 33
9 34
9 35
9 38
9 41
9 44
9 46
9 48
9 49
9 50
9 52
9 53
9 54
9 56
9 58
9 62
9 63
9 64
9 65
9 70
9 71
9 72
9 74
9 76
9 81
9 83
9 84
9 87
9 88
9 89
9 90
9 91
9 92
9 93
9 94
9 95
9 96
9 97
9 99
10 11
10 13
10 14
10 16
10 17
10 22
10 23
10 29
10 30
10 34
10 35
10 37
10 39
10 41
10 43
10 46
10 48
10 52
10 53
10 54
10 55
10 56
10 58
10 59
10 60
10 61
10 64
10 65
10 67
10 68
10 69
10 70
10 73
10 74
10 76
10 77
10 79
10 80
10 81
10 82
10 83
10 86
10 90
10 94
10 99
11 13
11 16
11 18
11 22
11 27
11 29
11 30
11 31
11 32
11 33
11 34
11 39
11 40
11 45
11 47
11 48
11 51
11 52
11 54
11 55
11 56
11 57
11 58
11 59
11 63
11 67
11 68
11 69
11 70
11 71
11 72
11 73
11 77
11 78
11 80
11 81
11 83
11 88
11 89
11 92
11 94
11 95
11 96
11 97
11 99
12 14
12 16
12 17
12 18
12 19
12 20
12 23
12 24
12 25
12 30
12 32
12 34
12 35
12 39
12 40
12 42
12 43
12 46
12 57
12 58
12 66
12 67
12 68
12 70
12 72
12 75
12 76
12 77
12 79
12 81
12 82
12 83
12 84
12 89
12 90
12 93
12 94
12 95
12 98
12 99
13 14
13 15
13 18
13 21
13 23
13 24
13 27
13 28
13 29
13 30
13 35
13 37
13 38
13 40
13 41
13 43
13 44
13 46
13 50
13 51
13 52
13 54
13 55
13 62
13 63
13 64
13 65
13 66
13 67
13 69
13 73
13 74
13 75
13 77
13 79
13 80
13 82
13 83
13 84
13 86
13 92
13 95
13 96
13 98
13 99
14 16
14 18
14 23
14 25
14 26
14 27
14 28
14 33
14 36
14 37
14 38
14 39
14 40
14 43
14 44
14 46
14 50
14 52
14 56
14 57
14 58
14 59
14 60
14 61
14 64
14 65
14 66
14 69
14 71
14 74
14 75
14 77
14 78
14 81
14 82
14 83
14 84
14 85
14 91
14 94
14 95
14 97
14 99
15 16
15 17
15 18
15 19
15 20
15 24
15 25
15 28
15 30
15 31
15 33
15 34
15 36
15 37
15 38
15 39
15 40
15 43
15 46
15 48
15 49
15 50
15 56
15 65
15 66
15 67
15 68
15 69
15 71
15 74
15 76
15 79
15 81
15 82
15 84
15 85
15 90
15 91
15 92
15 93
15 95
15 97
15 99
16 19
16 20
16 22
16 25
16 28
16 29
16 33
16 34
16 38
16 39
16 40
16 41
16 42
16 44
16 47
16 48
16 49
16 50
16 52
16 55
16 56
16 61
16 63
16 64
16 65
16 66
16 69
16 71
16 72
16 73
16 74
16 77
16 78
16 82
16 84
16 86
16 87
16 88
16 89
16 91
16 93
16 96
16 97
16 98
17 19
17 21
17 22
17 24
17 25
17 26
17 27
17 37
17 38
17 39
17 42
17 43
17 48
17 49
17 52
17 55
17 56
17 59
17 60
17 61
17 62
17 66
17 69
17 70
17 73
17 75
17 79
17 83
17 84
17 86
17 88
17 91
17 92
17 93
17 94
17 95
17 97
18 19
18 20
18 24
18 26
18 27
18 29
18 30
18 32
18 33
18 34
18 36
18 37
18 39
18 41
18 45
18 46
18 47
18 50
18 52
18 55
18 56
18 61
18 62
18 66
18 67
18 69
18 74
18 75
18 76
18 78
18 79
18 80
18 82
18 83
18 84
18 87
18 88
18 89
18 90
18 91
18 94
18 95
18 97
19 22
19 23
19 24
19 25
19 26
19 28
19 30
19 34
19 38
19 42
19 43
19 45
19 49
19 51
19 53
19 54
19 55
19 56
19 58
19 59
19 75
19 76
19 78
19 79
19 82
19 86
19 89
19 91
19 92
19 94
19 96
19 97
19 98
20 21
20 24
20 25
20 28
20 30
20 31
20 32
20 34
20 35
20 36
20 38
20 40
20 42
20 46
20 47
20 51
20 55
20 57
20 59
20 62
20 63
20 65
20 66
20 72
20 75
20 77
20 79
20 80
20 82
20 83
20 88
20 89
20 91
20 93
20 94
20 95
20 97
20 99
21 24
21 25
21 26
21 28
21 31
21 32
21 34
21 38
21 42
21 43
21 45
21 46
21 47
21 48
21 55
21 56
21 59
21 65
21 66
21 67
21 71
21 73
21 74
21 77
21 79
21 81
21 83
21 84
21 86
21 87
21 88
21 89
21 90
21 91
21 94
21 96
21 97
21 98
21 99
22 23
22 24
22 26
22 28
22 29
22 30
22 31
22 32
22 33
22 38
22 40
22 43
22 44
22 45
22 46
22 51
22 52
22 55
22 56
22 57
22 58
22 59
22 60
22 61
22 71
22 72
22 74
22 75
22 76
22 77
22 79
22 80
22 81
22 82
22 83
22 85
22 86
22 88
22 90
22 92
22 93
22 94
22 95
22 96
23 24
23 29
23 31
23 32
23 33
23 34
23 35
23 36
23 37
23 41
23 42
23 45
23 47
23 50
23 51
23 53
23 58
23 59
23 60
23 64
23 65
23 66
23 67
23 68
23 70
23 71
23 72
23 74
23 77
23 79
23 82
23 83
23 84
23 86
23 88
23 92
23 96
23 97
23 98
23 99
24 27
24 31
24 32
24 33
24 34
24 35
24 40
24 44
24 45
24 47
24 48
24 49
24 51
24 56
24 58
24 59
24 61
24 62
24 68
24 69
24 72
24 73
24 76
24 81
24 82
24 83
24 84
24 86
24 88
24 89
24 90
24 91
24 93
24 97
24 98
25 26
25 27
25 29
25 31
25 32
25 36
25 37
25 39
25 41
25 42
25 43
25 45
25 46
25 47
25 48
25 49
25 50
25 51
25 54
25 55
25 56
25 59
25 61
25 62
25 64
25 65
25 68
25 73
25 74
25 76
25 79
25 80
25 81
25 84
25 87
25 90
25 93
25 95
25 96
25 97
25 99
26 28
26 30
26 35
26 37
26 39
26 40
26 41
26 46
26 47
26 48
26 50
26 52
26 53
26 55
26 57
26 58
26 59
26 60
26 61
26 62
26 66
26 68
26 69
26 70
26 71
26 73
26 76
26 80
26 81
26 84
26 85
26 86
26 87
26 89
26 90
26 93
26 94
26 96
26 98
26 99
27 28
27 29
27 30
27 34
27 35
27 36
27 37
27 39
27 40
27 42
27 43
27 44
27 47
27 50
27 51
27 53
27 54
27 56
27 58
27 59
27 63
27 64
27 65
27 68
27 69
27 71
27 78
27 80
27 81
27 83
27 84
27 85
27 87
27 90
27 91
27 92
27 97
27 98
28 29
28 30
28 31
28 32
28 38
28 42
28 44
28 48
28 50
28 51
28 53
28 54
28 56
28 59
28 69
28 70
28 71
28 72
28 73
28 74
28 75
28 77
28 78
28 79
28 84
28 85
28 87
28 92
28 93
28 94
28 95
28 97
28 99
29 30
29 31
29 32
29 34
29 36
29 37
29 39
29 40
29 41
29 44
29 45
29 46
29 47
29 49
29 50
29 51
29 52
29 54
29 55
29 58
29 59
29 61
29 65
29 66
29 67
29 68
29 70
29 74
29 75
29 76
29 77
29 79
29 83
29 84
29 86
29 88
29 91
29 95
29 96
29 98
30 32
30 37
30 39
30 40
30 42
30 47
30 48
30 49
30 52
30 53
30 55
30 56
30 59
30 61
30 62
30 63
30 64
30 65
30 67
30 68
30 77
30 78
30 79
30 80
30 81
30 83
30 87
30 94
30 95
30 97
31 34
31 35
31 37
31 38
31 39
31 40
31 41
31 46
31 47
31 49
31 50
31 51
31 54
31 55
31 56
31 59
31 64
31 65
31 67
31 68
31 69
31 73
31 77
31 82
31 83
31 86
31 87
31 88
31 90
31 92
31 93
31 97
32 33
32 34
32 35
32 40
32 41
32 47
32 49
32 55
32 56
32 57
32 59
32 61
32 62
32 64
32 65
32 66
32 67
32 70
32 72
32 73
32 74
32 77
32 78
32 79
32 81
32 84
32 90
32 91
32 92
32 94
32 96
33 35
33 38
33 40
33 45
33 47
33 52
33 54
33 56
33 57
33 58
33 59
33 62
33 63
33 68
33 71
33 72
33 73
33 75
33 76
33 77
33 80
33 82
33 83
33 84
33 88
33 89
33 90
33 92
33 93
33 95
33 96
33 99
34 39
34 41
34 42
34 46
34 47
34 48
34 49
34 51
34 52
34 53
34 54
34 56
34 59
34 64
34 66
34 67
34 68
34 69
34 70
34 71
34 73
34 74
34 76
34 78
34 81
34 83
34 85
34 86
34 88
34 91
34 95
34 97
34 99
35 36
35 37
35 38
35 41
35 43
35 44
35 45
35 48
35 50
35 52
35 55
35 56
35 57
35 58
35 59
35 61
35 62
35 65
35 67
35 68
35 70
35 72
35 73
35 74
35 78
35 81
35 83
35 86
35 88
35 90
35 96
35 98
36 37
36 39
36 41
36 42
36 45
36 47
36 48
36 49
36 50
36 51
36 53
36 54
36 55
36 56
36 57
36 58
36 61
36 62
36 64
36 68
36 71
36 72
36 73
36 75
36 76
36 77
36 78
36 80
36 81
36 86
36 87
36 92
36 93
37 39
37 40
37 43
37 44
37 49
37 51
37 52
37 54
37 57
37 58
37 59
37 62
37 65
37 66
37 70
37 71
37 72
37 73
37 74
37 76
37 79
37 83
37 88
37 89
37 90
37 91
37 94
37 95
38 41
38 43
38 44
38 47
38 48
38 50
38 51
38 55
38 56
38 59
38 64
38 65
38 66
38 67
38 71
38 72
38 73
38 74
38 77
38 78
38 79
38 80
38 84
38 86
38 87
38 89
38 90
38 91
38 92
38 93
38 94
38 96
38 99
39 40
39 43
39 47
39 48
39 51
39 52
39 54
39 55
39 56
39 58
39 59
39 61
39 64
39 66
39 67
39 68
39 71
39 74
39 76
39 79
39 82
39 83
39 85
39 87
39 88
39 90
39 92
39 93
39 95
39 97
39 99
40 47
40 48
40 49
40 52
40 53
40 54
40 56
40 61
40 66
40 68
40 70
40 72
40 75
40 76
40 80
40 84
40 87
40 88
40 89
40 91
40 92
40 93
40 94
40 95
40 96
41 44
41 45
41 47
41 49
41 57
41 58
41 59
41 62
41 64
41 65
41 68
41 70
41 71
41 72
41 74
41 75
41 76
41 77
41 79
41 81
41 82
41 83
41 86
41 87
41 88
41 92
41 93
41 95
41 97
42 43
42 44
42 46
42 47
42 48
42 49
42 55
42 56
42 57
42 58
42 60
42 61
42 64
42 65
42 66
42 67
42 68
42 69
42 72
42 74
42 76
42 77
42 78
42 79
42 80
42 82
42 84
42 86
42 87
42 89
42 90
42 92
42 93
42 94
42 95
42 96
42 98
42 99
43 44
43 48
43 53
43 55
43 57
43 59
43 63
43 64
43 65
43 67
43 70
43 72
43 75
43 76
43 77
43 80
43 81
43 82
43 83
43 88
43 89
43 90
43 92
43 94
43 95
43 96
43 98
43 99
44 47
44 50
44 52
44 54
44 55
44 56
44 57
44 58
44 62
44 63
44 67
44 68
44 71
44 72
44 73
44 75
44 76
44 77
44 78
44 80
44 84
44 85
44 90
44 91
44 93
44 95
44 96
44 98
44 99
45 51
45 53
45 55
45 56
45 60
45 61
45 63
45 65
45 76
45 78
45 80
45 81
45 82
45 87
45 88
45 89
45 92
45 95
45 96
45 97
45 99
46 48
46 49
46 52
46 53
46 54
46 55
46 57
46 58
46 62
46 63
46 65
46 66
46 69
46 74
46 75
46 76
46 77
46 79
46 81
46 85
46 86
46 90
46 92
46 93
46 94
46 96
46 99
47 48
47 50
47 52
47 54
47 55
47 60
47 63
47 64
47 65
47 68
47 69
47 72
47 73
47 76
47 77
47 78
47 80
47 81
47 85
47 86
47 87
47 88
47 90
47 93
47 95
47 97
48 51
48 52
48 53
48 56
48 57
48 58
48 59
48 60
48 61
48 64
48 67
48 68
48 70
48 73
48 74
48 76
48 79
48 80
48 82
48 84
48 85
48 87
48 90
48 91
48 93
48 94
48 96
48 97
48 98
48 99
49 50
49 51
49 52
49 60
49 62
49 66
49 67
49 69
49 71
49 72
49 73
49 75
49 76
49 78
49 83
49 86
49 87
49 89
49 90
49 91
49 92
49 93
49 95
49 96
49 99
50 51
50 53
50 58
50 59
50 60
50 61
50 62
50 63
50 64
50 65
50 69
50 72
50 74
50 76
50 80
50 88
50 90
50 91
50 92
50 94
50 95
50 97
50 98
51 54
51 62
51 64
51 65
51 67
51 68
51 69
51 70
51 72
51 74
51 75
51 79
51 80
51 81
51 84
51 87
51 90
51 92
51 93
51 94
51 95
51 98
52 53
52 57
52 59
52 60
52 62
52 63
52 65
52 69
52 71
52 74
52 75
52 77
52 83
52 84
52 88
52 89
52 94
52 97
52 98
53 59
53 61
53 62
53 63
53 64
53 66
53 67
53 70
53 73
53 74
53 75
53 80
53 84
53 86
53 89
53 91
53 92
53 93
53 96
54 55
54 57
54 58
54 61
54 62
54 63
54 64
54 66
54 67
54 69
54 70
54 72
54 81
54 83
54 84
54 85
54 87
54 93
54 94
54 96
54 97
55 56
55 57
55 59
55 62
55 66
55 67
55 70
55 74
55 75
55 77
55 81
55 83
55 84
55 85
55 90
55 92
55 93
55 98
56 57
56 58
56 59
56 61
56 62
56 63
56 65
56 68
56 70
56 71
56 73
56 74
56 77
56 78
56 79
56 80
56 81
56 82
56 84
56 85
56 86
56 90
56 94
56 96
56 97
57 59
57 61
57 63
57 64
57 65
57 67
57 68
57 70
57 71
57 72
57 73
57 74
57 76
57 77
57 80
57 82
57 85
57 86
57 88
57 90
57 92
57 93
57 95
57 96
57 97
57 98
58 59
58 61
58 66
58 68
58 69
58 74
58 75
58 78
58 81
58 82
58 83
58 84
58 85
58 87
58 88
58 90
58 91
58 92
58 94
58 96
58 98
59 65
59 68
59 69
59 70
59 73
59 74
59 76
59 78
59 79
59 80
59 81
59 88
59 91
59 93
59 94
59 96
59 97
60 61
60 63
60 64
60 65
60 70
60 71
60 74
60 76
60 77
60 78
60 80
60 81
60 83
60 84
60 86
60 88
60 89
60 90
60 91
60 92
60 97
60 98
60 99
61 62
61 63
61 64
61 66
61 67
61 68
61 69
61 70
61 71
61 74
61 75
61 78
61 80
61 81
61 84
61 85
61 87
61 88
61 89
61 90
61 91
61 92
61 93
61 95
61 98
61 99
62 63
62 65
62 71
62 73
62 76
62 79
62 82
62 83
62 85
62 86
62 87
62 88
62 89
62 90
62 93
62 94
62 96
62 98
63 64
63 67
63 72
63 75
63 78
63 79
63 80
63 83
63 87
63 88
63 90
63 91
63 92
63 95
63 97
63 99
64 65
64 66
64 70
64 71
64 75
64 77
64 78
64 79
64 80
64 81
64 89
64 93
64 94
64 98
65 67
65 68
65 73
65 76
65 77
65 79
65 80
65 81
65 82
65 84
65 91
65 92
65 95
65 97
65 98
66 67
66 68
66 69
66 71
66 73
66 75
66 78
66 83
66 84
66 86
66 94
66 95
66 96
66 98
67 68
67 71
67 72
67 73
67 74
67 75
67 77
67 78
67 83
67 86
67 87
67 88
67 89
67 91
67 94
67 96
67 97
67 98
67 99
68 70
68 75
68 77
68 86
68 88
68 90
68 93
68 97
69 70
69 71
69 72
69 73
69 75
69 76
69 78
69 84
69 87
69 88
69 89
69 91
69 94
69 96
69 98
69 99
70 71
70 73
70 74
70 75
70 76
70 78
70 80
70 81
70 86
70 90
70 93
70 94
70 95
70 96
70 97
71 72
71 73
71 74
71 75
71 77
71 78
71 80
71 81
71 83
71 84
71 85
71 88
71 90
71 91
71 94
71 95
71 96
71 98
72 73
72 77
72 78
72 80
72 88
72 89
72 90
72 91
72 92
72 94
72 97
72 99
73 75
73 77
73 78
73 80
73 85
73 86
73 88
73 89
73 93
73 94
73 97
73 98
73 99
74 76
74 79
74 80
74 81
74 85
74 87
74 88
74 89
74 92
74 95
74 96
74 98
74 99
75 77
75 78
75 80
75 81
75 83
75 85
75 87
75 88
75 90
75 91
75 92
75 95
75 96
75 98
75 99
76 79
76 81
76 83
76 86
76 90
76 92
76 94
76 97
76 98
76 99
77 79
77 80
77 81
77 85
77 87
77 88
77 89
77 90
77 93
77 98
77 99
78 80
78 84
78 87
78 88
78 89
78 91
78 93
78 94
78 96
78 97
78 99
79 81
79 82
79 88
79 89
79 90
79 92
79 95
79 96
79 97
80 82
80 84
80 86
80 87
80 88
80 90
80 94
80 98
81 83
81 84
81 85
81 86
81 87
81 89
81 90
81 91
81 92
81 93
81 97
81 99
82 84
82 85
82 88
82 90
82 92
82 94
82 95
82 97
82 98
83 84
83 85
83 86
83 88
83 90
83 93
83 95
83 96
83 98
84 85
84 87
84 89
84 91
84 93
84 95
85 87
85 88
85 90
85 91
85 92
85 93
85 94
85 97
85 99
86 88
86 91
86 93
86 97
87 88
87 89
87 90
87 91
87 92
87 94
87 96
88 97
88 98
89 95
89 96
89 97
89 98
90 94
90 95
90 96
90 98
91 92
91 95
91 96
91 98
91 99
92 95
92 98
93 95
93 96
93 97
93 98
94 95
94 97
94 98
95 96
97 99
