0 2
0 6
0 7
0 11
0 12
0 13
0 17
0 18
0 19
0 20
0 23
0 27
0 28
0 30
0 33
0 34
0 35
0 36
0 37
0 38
0 39
0 40
0 42
0 44
0 45
0 47
0 48
0 50
0 55
0 56
0 57
0 59
0 60
0 62
0 64
0 68
0 69
0 72
0 74
0 76
0 79
0 80
0 81
0 83
0 84
0 92
0 93
0 94
0 96
0 99
1 3
1 4
1 7
1 10
1 11
1 16
1 17
1 18
1 19
1 23
1 24
1 26
1 27
1 30
1 32
1 34
1 35
1 37
1 43
1 45
1 46
1 47
1 49
1 51
1 52
1 53
1 55
1 56
1 59
1 63
1 65
1 67
1 68
1 70
1 72
1 74
1 79
1 82
1 83
1 84
1 86
1 89
1 91
1 92
1 94
1 95
2 4
2 10
2 11
2 12
2 13
2 14
2 16
2 17
2 22
2 23
2 24
2 25
2 28
2 29
2 30
2 33
2 34
2 35
2 40
2 41
2 43
2 46
2 47
2 51
2 54
2 58
2 59
2 61
2 62
2 65
2 66
2 67
2 71
2 75
2 78
2 80
2 81
2 82
2 84
2 85
2 86
2 87
2 88
2 90
2 91
2 93
2 95
2 97
2 98
2 99
3 5
3 9
3 10
3 11
3 13
3 14
3 16
3 17
3 19
3 21
3 24
3 26
3 34
3 37
3 38
3 41
3 42
3 43
3 44
3 45
3 46
3 47
3 49
3 51
3 52
3 53
3 55
3 59
3 61
3 62
3 72
3 73
3 74
3 76
3 80
3 85
3 86
3 87
3 88
3 89
3 93
3 94
4 9
4 12
4 14
4 15
4 16
4 17
4 19
4 20
4 21
4 25
4 26
4 31
4 32
4 33
4 37
4 38
4 39
4 40
4 42
4 43
4 46
4 50
4 51
4 53
4 54
4 55
4 56
4 57
4 60
4 63
4 64
4 65
4 66
4 69
4 71
4 74
4 75
4 77
4 79
4 83
4 85
4 87
4 90
4 91
4 92
4 93
4 95
4 98
4 99
5 8
5 10
5 13
5 14
5 16
5 20
5 21
5 22
5 25
5 26
5 27
5 28
5 29
5 32
5 33
5 34
5 35
5 39
5 40
5 42
5 43
5 44
5 48
5 50
5 51
5 52
5 58
5 59
5 60
5 63
5 66
5 68
5 69
5 73
5 77
5 80
5 81
5 84
5 85
5 86
5 87
5 89
5 90
5 93
5 96
5 97
5 98
6 8
6 9
6 12
6 13
6 16
6 17
6 18
6 19
6 21
6 22
6 23
6 24
6 26
6 27
6 30
6 31
6 32
6 33
6 34
6 35
6 36
6 38
6 39
6 42
6 44
6 45
6 46
6 47
6 51
6 54
6 55
6 56
6 60
6 61
6 63
6 64
6 65
6 66
6 69
6 70
6 74
6 76
6 79
6 80
6 81
6 83
6 84
6 86
6 87
6 90
6 91
6 94
6 95
6 96
6 99
7 8
7 9
7 12
7 13
7 15
7 19
7 25
7 27
7 28
7 30
7 31
7 33
7 34
7 35
7 38
7 43
7 44
7 46
7 48
7 55
7 57
7 58
7 60
7 61
7 62
7 65
7 67
7 68
7 69
7 70
7 72
7 73
7 74
7 79
7 81
7 82
7 87
7 89
7 93
7 94
7 96
8 9
8 10
8 14
8 15
8 20
8 22
8 26
8 27
8 28
8 29
8 31
8 33
8 35
8 40
8 43
8 45
8 47
8 49
8 50
8 51
8 56
8 57
8 58
8 60
8 65
8 69
8 72
8 73
8 74
8 75
8 77
8 78
8 79
8 83
8 84
8 85
8 86
8 88
8 90
8 91
8 93
8 94
8 97
9 10
9 11
9 12
9 15
9 18
9 19
9 20
9 21
9 23
9 25
9 27
9 28
9 29
9 31
9 38
9 40
9 41
9 43
9 44
9 47
9 49
9 50
9 54
9 55
9 56
9 57
9 58
9 59
9 61
9 62
9 63
9 65
9 69
9 70
9 72
9 73
9 78
9 80
9 81
9 82
9 83
9 86
9 87
9 94
9 98
9 99
10 12
10 13
10 18
10 21
10 24
10 25
10 26
10 29
10 30
10 31
10 34
10 35
10 36
10 40
10 45
10 48
10 49
10 52
10 56
10 57
10 59
10 60
10 61
10 62
10 64
10 67
10 68
10 69
10 70
10 71
10 72
10 73
10 77
10 78
10 80
10 82
10 83
10 87
10 88
10 91
10 92
10 94
10 95
10 96
11 14
11 15
11 17
11 24
11 25
11 29
11 34
11 35
11 36
11 38
11 40
11 44
11 45
11 46
11 47
11 48
11 50
11 53
11 54
11 55
11 56
11 59
11 60
11 62
11 63
11 66
11 67
11 69
11 73
11 74
11 79
11 80
11 87
11 88
11 89
11 90
11 91
11 93
11 99
12 14
12 15
12 16
12 17
12 18
12 19
12 22
12 24
12 26
12 29
12 30
12 32
12 35
12 36
12 38
12 42
12 48
12 52
12 54
12 55
12 57
12 58
12 59
12 60
12 61
12 62
12 63
12 65
12 72
12 73
12 74
12 75
12 76
12 78
12 80
12 84
12 87
12 91
12 92
12 93
12 95
12 97
12 98
12 99
13 14
13 15
13 16
13 17
13 18
13 19
13 25
13 28
13 29
13 30
13 33
13 36
13 37
13 38
13 40
13 45
13 52
13 58
13 61
13 62
13 67
13 68
13 70
13 71
13 72
13 73
13 74
13 77
13 80
13 85
13 87
13 88
13 89
13 90
13 91
13 92
13 93
13 97
13 99
14 15
14 18
14 19
14 20
14 22
14 25
14 26
14 28
14 29
14 32
14 33
14 34
14 35
14 36
14 37
14 38
14 39
14 40
14 43
14 47
14 48
14 51
14 55
14 58
14 59
14 60
14 64
14 65
14 67
14 68
14 70
14 72
14 73
14 74
14 77
14 78
14 80
14 83
14 84
14 85
14 86
14 87
14 88
14 89
14 93
14 94
14 95
14 96
14 97
14 98
14 99
15 20
15 21
15 23
15 24
15 30
15 34
15 35
15 36
15 37
15 42
15 43
15 45
15 48
15 49
15 51
15 55
15 58
15 60
15 61
15 62
15 64
15 66
15 67
15 70
15 73
15 76
15 77
15 80
15 85
15 87
15 88
15 90
15 92
15 94
15 95
16 18
16 19
16 20
16 21
16 24
16 28
16 29
16 30
16 32
16 35
16 36
16 38
16 41
16 42
16 48
16 49
16 50
16 51
16 53
16 61
16 64
16 65
16 66
16 69
16 70
16 72
16 73
16 75
16 78
16 79
16 80
16 81
16 83
16 84
16 85
16 86
16 88
16 90
16 91
16 94
16 95
16 98
17 18
17 19
17 20
17 21
17 22
17 24
17 25
17 26
17 27
17 28
17 32
17 36
17 37
17 44
17 45
17 48
17 50
17 51
17 59
17 61
17 66
17 70
17 72
17 73
17 74
17 75
17 76
17 78
17 80
17 85
17 86
17 87
17 89
17 90
17 91
17 94
17 95
17 97
18 19
18 20
18 22
18 24
18 27
18 28
18 30
18 31
18 33
18 34
18 35
18 36
18 39
18 40
18 41
18 44
18 48
18 49
18 51
18 52
18 53
18 54
18 55
18 56
18 57
18 58
18 62
18 64
18 67
18 68
18 69
18 70
18 72
18 73
18 74
18 76
18 80
18 82
18 83
18 86
18 87
18 88
18 89
18 90
18 91
18 93
18 95
18 99
19 23
19 24
19 25
19 28
19 29
19 30
19 31
19 32
19 33
19 35
19 37
19 40
19 41
19 42
19 44
19 45
19 46
19 47
19 51
19 52
19 53
19 54
19 55
19 56
19 57
19 58
19 60
19 61
19 62
19 63
19 65
19 66
19 68
19 69
19 70
19 72
19 73
19 76
19 79
19 80
19 87
19 88
19 90
19 91
19 95
19 96
19 98
20 22
20 26
20 27
20 28
20 29
20 34
20 36
20 37
20 38
20 40
20 41
20 43
20 44
20 45
20 47
20 48
20 53
20 57
20 58
20 60
20 62
20 67
20 68
20 69
20 71
20 73
20 74
20 75
20 77
20 79
20 81
20 82
20 83
20 84
20 85
20 95
20 96
20 99
21 23
21 27
21 28
21 29
21 31
21 32
21 33
21 34
21 35
21 36
21 39
21 40
21 44
21 45
21 48
21 50
21 51
21 52
21 54
21 58
21 60
21 61
21 62
21 65
21 66
21 67
21 69
21 71
21 72
21 73
21 75
21 80
21 83
21 84
21 87
21 90
21 91
21 96
21 97
21 98
21 99
22 23
22 25
22 26
22 29
22 31
22 34
22 35
22 36
22 38
22 40
22 41
22 44
22 52
22 54
22 55
22 56
22 57
22 58
22 60
22 64
22 67
22 70
22 72
22 73
22 74
22 75
22 78
22 79
22 81
22 84
22 87
22 89
22 92
22 94
22 95
22 99
23 24
23 26
23 30
23 32
23 33
23 35
23 39
23 40
23 43
23 44
23 46
23 47
23 50
23 51
23 52
23 55
23 62
23 63
23 65
23 67
23 68
23 69
23 70
23 71
23 73
23 75
23 76
23 78
23 82
23 84
23 85
23 91
23 96
24 25
24 28
24 30
24 31
24 33
24 35
24 36
24 37
24 38
24 39
24 40
24 41
24 45
24 50
24 52
24 54
24 58
24 59
24 61
24 63
24 64
24 70
24 71
24 72
24 73
24 76
24 77
24 78
24 80
24 81
24 82
24 84
24 86
24 93
24 98
24 99
25 26
25 29
25 30
25 37
25 38
25 40
25 42
25 43
25 45
25 46
25 49
25 55
25 57
25 64
25 66
25 67
25 68
25 69
25 71
25 72
25 73
25 74
25 78
25 83
25 84
25 90
25 91
25 92
25 94
25 95
25 96
25 97
25 99
26 27
26 29
26 36
26 37
26 39
26 40
26 45
26 47
26 50
26 52
26 54
26 57
26 59
26 60
26 62
26 64
26 66
26 68
26 71
26 72
26 73
26 76
26 80
26 81
26 85
26 87
26 91
26 92
26 95
26 96
26 97
26 98
27 29
27 30
27 32
27 34
27 37
27 42
27 43
27 44
27 48
27 50
27 52
27 53
27 57
27 59
27 63
27 65
27 66
27 69
27 70
27 71
27 72
27 73
27 75
27 78
27 79
27 82
27 83
27 86
27 93
27 94
27 95
27 99
28 30
28 31
28 37
28 38
28 39
28 40
28 42
28 43
28 44
28 45
28 47
28 48
28 50
28 53
28 55
28 58
28 59
28 61
28 62
28 63
28 64
28 66
28 67
28 68
28 70
28 72
28 74
28 77
28 79
28 80
28 81
28 84
28 85
28 86
28 87
28 89
28 92
28 94
28 95
28 97
28 98
28 99
29 30
29 33
29 36
29 37
29 39
29 43
29 47
29 48
29 49
29 52
29 53
29 57
29 59
29 60
29 62
29 63
29 64
29 65
29 68
29 70
29 71
29 78
29 79
29 81
29 83
29 84
29 85
29 87
29 90
29 91
29 96
29 99
30 31
30 32
30 33
30 35
30 36
30 37
30 38
30 40
30 43
30 44
30 45
30 50
30 56
30 58
30 60
30 67
30 68
30 69
30 73
30 76
30 78
30 79
30 83
30 86
30 87
30 89
30 90
30 91
30 93
30 96
30 97
30 98
31 32
31 33
31 36
31 37
31 46
31 48
31 49
31 52
31 55
31 56
31 60
31 63
31 64
31 65
31 66
31 67
31 68
31 73
31 74
31 77
31 81
31 86
31 92
31 94
31 96
31 97
31 98
32 35
32 39
32 43
32 48
32 49
32 51
32 55
32 57
32 58
32 59
32 60
32 62
32 68
32 69
32 70
32 71
32 75
32 76
32 77
32 80
32 81
32 84
32 85
32 87
32 88
32 89
32 90
32 92
32 93
32 94
32 95
32 97
32 98
32 99
33 34
33 35
33 38
33 40
33 45
33 46
33 47
33 48
33 51
33 53
33 54
33 55
33 58
33 60
33 61
33 62
33 65
33 66
33 68
33 69
33 70
33 71
33 73
33 76
33 80
33 81
33 82
33 83
33 85
33 86
33 87
33 88
33 92
33 93
33 94
33 96
33 99
34 36
34 37
34 38
34 41
34 42
34 43
34 44
34 45
34 46
34 47
34 50
34 52
34 53
34 54
34 57
34 58
34 61
34 63
34 64
34 65
34 69
34 71
34 73
34 75
34 76
34 77
34 85
34 86
34 91
34 92
34 95
34 97
35 36
35 37
35 40
35 41
35 44
35 45
35 46
35 47
35 48
35 50
35 51
35 52
35 54
35 55
35 57
35 58
35 61
35 62
35 63
35 67
35 68
35 69
35 71
35 72
35 79
35 80
35 81
35 83
35 89
35 90
35 91
35 92
35 94
35 95
35 96
35 97
35 98
36 37
36 38
36 42
36 43
36 44
36 45
36 46
36 47
36 49
36 50
36 51
36 53
36 54
36 56
36 57
36 58
36 59
36 61
36 63
36 67
36 68
36 70
36 72
36 73
36 75
36 76
36 78
36 82
36 83
36 86
36 90
36 91
36 93
36 95
36 98
37 38
37 40
37 42
37 43
37 47
37 48
37 51
37 52
37 53
37 54
37 57
37 59
37 61
37 62
37 64
37 65
37 67
37 68
37 70
37 71
37 73
37 76
37 78
37 81
37 82
37 86
37 88
37 89
37 90
37 91
37 93
37 96
38 40
38 42
38 43
38 45
38 46
38 47
38 50
38 52
38 57
38 59
38 61
38 64
38 66
38 67
38 70
38 71
38 73
38 74
38 76
38 78
38 82
38 84
38 86
38 88
38 89
38 91
38 97
38 98
38 99
39 45
39 47
39 48
39 50
39 51
39 53
39 56
39 57
39 58
39 61
39 63
39 64
39 65
39 66
39 67
39 68
39 70
39 71
39 76
39 77
39 78
39 79
39 81
39 82
39 83
39 84
39 86
39 91
39 92
39 94
39 95
39 96
39 98
40 42
40 43
40 48
40 53
40 54
40 55
40 56
40 59
40 61
40 62
40 63
40 67
40 69
40 70
40 71
40 73
40 78
40 79
40 82
40 83
40 88
40 95
40 97
41 44
41 45
41 46
41 47
41 49
41 50
41 51
41 52
41 53
41 54
41 56
41 57
41 59
41 62
41 63
41 66
41 68
41 70
41 71
41 75
41 80
41 84
41 85
41 87
41 88
41 92
41 93
41 94
41 96
41 97
41 99
42 44
42 49
42 50
42 51
42 52
42 56
42 60
42 61
42 64
42 69
42 70
42 71
42 72
42 73
42 77
42 80
42 81
42 83
42 85
42 86
42 88
42 90
42 91
42 92
42 93
42 94
42 95
42 96
42 97
42 99
43 45
43 46
43 50
43 51
43 52
43 55
43 57
43 61
43 62
43 66
43 68
43 69
43 70
43 72
43 74
43 79
43 80
43 84
43 88
43 91
43 92
43 94
43 96
43 99
44 52
44 56
44 60
44 63
44 64
44 67
44 70
44 73
44 74
44 76
44 78
44 79
44 81
44 84
44 85
44 87
44 89
44 90
44 91
44 92
44 93
44 94
45 46
45 50
45 52
45 55
45 57
45 58
45 61
45 63
45 64
45 68
45 73
45 74
45 79
45 80
45 81
45 82
45 83
45 85
45 86
45 87
45 88
45 92
45 96
46 47
46 50
46 52
46 57
46 60
46 61
46 62
46 64
46 65
46 66
46 68
46 70
46 73
46 74
46 76
46 78
46 79
46 82
46 85
46 87
46 88
46 89
46 92
46 93
46 95
46 97
46 98
46 99
47 50
47 51
47 52
47 54
47 55
47 56
47 57
47 58
47 62
47 63
47 65
47 67
47 70
47 71
47 73
47 74
47 78
47 79
47 81
47 83
47 84
47 86
47 87
47 92
47 93
47 97
48 50
48 51
48 54
48 58
48 59
48 60
48 64
48 65
48 68
48 69
48 70
48 72
48 74
48 75
48 79
48 80
48 83
48 85
48 87
48 89
48 91
48 92
48 93
48 97
49 51
49 57
49 59
49 60
49 61
49 62
49 64
49 66
49 69
49 70
49 71
49 74
49 75
49 76
49 77
49 78
49 79
49 80
49 81
49 82
49 85
49 86
49 87
49 88
49 90
49 91
49 92
49 94
49 95
49 96
49 99
50 52
50 54
50 56
50 58
50 61
50 62
50 65
50 66
50 68
50 69
50 71
50 73
50 75
50 76
50 80
50 81
50 85
50 86
50 88
50 89
50 90
50 93
50 94
50 97
51 55
51 57
51 58
51 61
51 64
51 65
51 66
51 67
51 68
51 69
51 71
51 75
51 76
51 78
51 79
51 84
51 85
51 86
51 87
51 90
51 92
51 93
51 94
51 96
51 97
51 98
52 53
52 55
52 57
52 58
52 61
52 64
52 65
52 66
52 68
52 72
52 76
52 78
52 82
52 83
52 85
52 89
52 91
52 93
52 96
52 98
52 99
53 55
53 57
53 59
53 62
53 63
53 64
53 66
53 67
53 70
53 72
53 73
53 75
53 76
53 86
53 88
53 89
53 93
53 94
53 95
53 96
53 98
54 56
54 57
54 59
54 63
54 65
54 67
54 72
54 74
54 77
54 80
54 81
54 83
54 84
54 89
54 93
54 94
54 95
54 97
54 99
55 56
55 58
55 59
55 60
55 62
55 63
55 65
55 67
55 68
55 70
55 72
55 76
55 77
55 78
55 79
55 83
55 86
55 87
55 88
55 89
55 90
55 91
55 93
55 95
55 98
56 57
56 58
56 65
56 67
56 68
56 70
56 71
56 72
56 73
56 74
56 75
56 76
56 79
56 82
56 83
56 88
56 91
56 92
56 96
56 97
56 98
56 99
57 62
57 64
57 65
57 66
57 67
57 70
57 72
57 73
57 74
57 75
57 78
57 81
57 83
57 86
57 87
57 88
57 90
57 92
57 93
57 98
57 99
58 59
58 64
58 67
58 70
58 73
58 76
58 77
58 78
58 81
58 84
58 86
58 89
58 90
58 91
58 92
58 93
58 95
58 96
58 97
58 98
58 99
59 60
59 61
59 62
59 63
59 65
59 69
59 74
59 78
59 81
59 82
59 84
59 86
59 88
59 90
59 91
59 94
59 95
59 96
59 97
59 99
60 61
60 64
60 65
60 68
60 70
60 72
60 73
60 74
60 76
60 77
60 78
60 79
60 80
60 81
60 84
60 85
60 87
60 88
60 91
60 93
60 98
61 62
61 63
61 64
61 65
61 66
61 67
61 72
61 74
61 76
61 77
61 79
61 82
61 84
61 85
61 87
61 89
61 92
61 93
61 98
61 99
62 63
62 65
62 68
62 69
62 72
62 75
62 76
62 77
62 79
62 80
62 85
62 86
62 87
62 89
62 91
62 92
62 94
62 95
62 96
62 97
63 64
63 69
63 70
63 72
63 73
63 77
63 79
63 80
63 82
63 83
63 85
63 89
63 91
63 94
63 95
63 97
64 66
64 68
64 69
64 70
64 71
64 73
64 77
64 79
64 82
64 84
64 85
64 87
64 88
64 89
64 91
64 93
64 94
64 95
64 97
64 98
64 99
65 68
65 71
65 72
65 73
65 75
65 76
65 80
65 84
65 85
65 88
65 91
65 93
65 95
65 96
65 98
65 99
66 67
66 70
66 72
66 73
66 74
66 75
66 77
66 78
66 79
66 80
66 81
66 82
66 83
66 84
66 86
66 87
66 88
66 92
66 93
66 94
66 95
66 96
66 98
67 68
67 69
67 70
67 72
67 73
67 74
67 77
67 78
67 79
67 80
67 83
67 84
67 85
67 87
67 92
68 71
68 74
68 75
68 78
68 79
68 80
68 82
68 83
68 85
68 87
68 90
68 93
68 94
68 99
69 70
69 71
69 72
69 75
69 76
69 77
69 79
69 80
69 82
69 83
69 85
69 86
69 87
69 88
69 90
69 91
69 93
69 96
69 97
69 98
69 99
70 71
70 76
70 82
70 83
70 85
70 86
70 87
70 89
70 92
70 95
70 96
70 97
70 98
70 99
71 73
71 77
71 81
71 82
71 83
71 86
71 88
71 93
71 94
71 96
72 74
72 76
72 77
72 78
72 81
72 82
72 86
72 88
72 93
72 94
73 76
73 77
73 80
73 81
73 83
73 84
73 86
73 87
73 89
73 91
73 93
73 94
73 95
73 96
73 97
73 98
73 99
74 75
74 76
74 77
74 78
74 79
74 81
74 84
74 86
74 87
74 88
74 90
74 91
74 92
74 93
74 94
74 95
74 98
75 77
75 80
75 81
75 82
75 83
75 84
75 85
75 88
75 89
75 90
75 93
75 94
75 95
75 98
76 77
76 78
76 81
76 82
76 83
76 84
76 85
76 87
76 88
76 90
76 91
76 93
76 95
76 96
76 97
76 98
76 99
77 78
77 79
77 80
77 81
77 83
77 87
77 88
77 89
77 90
77 95
77 97
78 81
78 83
78 84
78 85
78 86
78 87
78 88
78 91
78 95
78 97
78 98
79 80
79 82
79 84
79 85
79 86
79 87
79 90
79 91
79 94
79 95
79 96
79 97
79 98
79 99
80 81
80 82
80 83
80 84
80 85
80 86
80 87
80 91
80 93
80 96
81 82
81 85
81 90
81 92
81 93
81 94
81 95
81 98
81 99
82 83
82 84
82 87
82 88
82 89
82 90
82 91
82 92
82 94
82 95
82 96
83 84
83 86
83 87
83 88
83 90
83 91
83 92
83 94
83 98
84 88
84 89
84 90
84 98
84 99
85 87
85 90
85 91
85 94
85 97
85 98
86 89
86 90
86 91
86 93
86 96
86 97
86 98
86 99
87 88
87 95
87 96
87 98
87 99
88 89
88 90
88 91
88 92
88 93
88 95
88 97
88 98
88 99
89 90
89 91
89 92
89 93
89 94
89 95
89 99
90 91
90 93
90 95
90 96
90 98
91 92
91 95
91 98
92 95
92 98
92 99
93 97
95 97
95 99
96 97
97 99
