0 1
0 2
0 3
0 5
0 8
0 10
0 13
0 14
0 15
0 21
0 22
0 26
0 29
0 30
0 31
0 32
0 35
0 36
0 38
0 39
0 43
0 45
0 47
0 49
0 50
0 54
0 58
0 59
0 61
0 64
0 66
0 67
0 68
0 70
0 71
0 72
0 73
0 74
0 77
0 78
0 79
0 80
0 81
0 82
0 83
0 84
0 86
0 87
0 90
0 92
0 93
0 94
0 96
0 98
0 99
1 4
1 6
1 8
1 9
1 11
1 17
1 18
1 20
1 23
1 26
1 28
1 29
1 30
1 33
1 36
1 37
1 38
1 40
1 44
1 48
1 49
1 53
1 57
1 60
1 63
1 65
1 71
1 74
1 75
1 77
1 80
1 81
1 83
1 86
1 87
1 89
1 91
1 92
1 93
2 7
2 8
2 9
2 10
2 11
2 16
2 17
2 20
2 22
2 24
2 26
2 27
2 28
2 29
2 30
2 38
2 39
2 40
2 44
2 47
2 48
2 50
2 52
2 53
2 54
2 56
2 57
2 58
2 59
2 62
2 63
2 64
2 70
2 76
2 80
2 82
2 84
2 86
2 88
2 89
2 92
2 98
3 5
3 7
3 8
3 10
3 12
3 13
3 14
3 17
3 24
3 26
3 27
3 28
3 37
3 41
3 48
3 50
3 54
3 56
3 61
3 62
3 65
3 67
3 68
3 73
3 79
3 82
3 84
3 85
3 86
3 89
3 90
3 92
3 93
3 95
3 99
4 6
4 8
4 9
4 13
4 14
4 16
4 19
4 20
4 21
4 22
4 23
4 25
4 27
4 28
4 29
4 31
4 32
4 36
4 37
4 40
4 44
4 45
4 47
4 50
4 51
4 53
4 54
4 55
4 60
4 63
4 64
4 65
4 66
4 77
4 78
4 79
4 80
4 82
4 86
4 87
4 88
4 91
4 93
4 94
4 96
4 97
4 98
4 99
5 6
5 8
5 9
5 11
5 15
5 17
5 18
5 19
5 22
5 23
5 25
5 26
5 27
5 28
5 29
5 30
5 33
5 37
5 38
5 39
5 40
5 41
5 42
5 44
5 46
5 47
5 50
5 51
5 52
5 53
5 57
5 58
5 59
5 60
5 61
5 65
5 66
5 68
5 70
5 72
5 74
5 75
5 76
5 80
5 81
5 82
5 83
5 84
5 86
5 87
5 89
5 90
5 92
5 93
5 95
5 97
6 7
6 9
6 10
6 11
6 12
6 15
6 20
6 24
6 25
6 26
6 27
6 28
6 30
6 32
6 33
6 34
6 35
6 36
6 37
6 38
6 39
6 41
6 44
6 45
6 46
6 47
6 48
6 49
6 50
6 52
6 56
6 57
6 59
6 63
6 64
6 70
6 71
6 74
6 75
6 79
6 80
6 81
6 82
6 84
6 86
6 88
6 89
6 92
6 93
6 94
6 95
6 96
6 97
6 98
6 99
7 8
7 9
7 10
7 12
7 13
7 15
7 17
7 19
7 21
7 23
7 26
7 31
7 32
7 37
7 40
7 43
7 46
7 47
7 48
7 49
7 51
7 52
7 57
7 58
7 59
7 60
7 64
7 66
7 67
7 68
7 72
7 74
7 75
7 76
7 79
7 80
7 83
7 86
7 87
7 88
7 89
7 92
7 95
7 96
7 97
8 9
8 10
8 11
8 12
8 13
8 16
8 17
8 21
8 25
8 26
8 27
8 33
8 35
8 36
8 37
8 38
8 39
8 44
8 46
8 52
8 54
8 56
8 57
8 60
8 61
8 63
8 64
8 65
8 66
8 69
8 71
8 73
8 76
8 77
8 78
8 80
8 81
8 82
8 84
8 86
8 87
8 90
8 94
8 96
8 97
8 99
9 12
9 13
9 15
9 18
9 20
9 23
9 24
9 26
9 27
9 28
9 29
9 30
9 33
9 35
9 36
9 37
9 38
9 41
9 45
9 47
9 49
9 50
9 51
9 57
9 58
9 59
9 63
9 64
9 65
9 66
9 72
9 73
9 78
9 82
9 83
9 84
9 85
9 86
9 88
9 89
9 90
9 91
9 92
9 96
9 99
10 12
10 13
10 16
10 20
10 23
10 26
10 32
10 34
10 37
10 38
10 41
10 46
10 47
10 49
10 50
10 52
10 54
10 55
10 58
10 62
10 65
10 71
10 73
10 74
10 75
10 76
10 80
10 87
10 88
10 89
10 91
10 95
10 96
10 97
11 16
11 18
11 19
11 20
11 22
11 27
11 30
11 31
11 32
11 34
11 35
11 36
11 37
11 43
11 44
11 47
11 49
11 51
11 54
11 56
11 58
11 59
11 61
11 62
11 63
11 64
11 65
11 66
11 70
11 72
11 73
11 74
11 77
11 79
11 80
11 82
11 83
11 84
11 85
11 87
11 88
11 89
11 92
11 95
11 97
11 98
11 99
12 13
12 15
12 17
12 19
12 20
12 25
12 26
12 27
12 29
12 31
12 32
12 33
12 35
12 36
12 39
12 40
12 41
12 42
12 45
12 46
12 47
12 50
12 51
12 54
12 56
12 57
12 60
12 61
12 64
12 66
12 71
12 73
12 76
12 78
12 79
12 80
12 84
12 85
12 87
12 88
12 94
12 95
12 96
12 97
12 98
13 16
13 18
13 19
13 21
13 22
13 23
13 25
13 27
13 29
13 30
13 31
13 34
13 35
13 37
13 38
13 39
13 40
13 41
13 42
13 43
13 44
13 45
13 46
13 47
13 48
13 50
13 51
13 54
13 55
13 56
13 58
13 59
13 61
13 64
13 65
13 67
13 71
13 73
13 74
13 78
13 80
13 81
13 83
13 88
13 90
13 92
13 93
13 95
14 20
14 21
14 22
14 27
14 28
14 29
14 32
14 33
14 34
14 35
14 36
14 40
14 42
14 44
14 45
14 47
14 49
14 50
14 52
14 53
14 55
14 57
14 58
14 59
14 61
14 63
14 64
14 65
14 66
14 67
14 69
14 72
14 73
14 75
14 77
14 78
14 79
14 83
14 86
14 87
14 88
14 89
14 90
14 91
14 92
14 93
14 98
14 99
15 18
15 19
15 20
15 21
15 24
15 25
15 26
15 27
15 29
15 31
15 32
15 37
15 38
15 39
15 42
15 44
15 48
15 51
15 52
15 53
15 54
15 56
15 57
15 58
15 61
15 62
15 69
15 71
15 72
15 76
15 78
15 79
15 81
15 82
15 83
15 84
15 85
15 92
15 96
15 98
15 99
16 17
16 18
16 19
16 20
16 21
16 22
16 24
16 27
16 28
16 30
16 37
16 39
16 41
16 42
16 43
16 44
16 45
16 46
16 49
16 52
16 53
16 55
16 60
16 61
16 63
16 66
16 68
16 71
16 76
16 79
16 84
16 88
16 90
16 91
16 98
17 20
17 22
17 23
17 24
17 25
17 26
17 27
17 28
17 31
17 34
17 35
17 40
17 41
17 43
17 45
17 49
17 51
17 52
17 53
17 55
17 56
17 59
17 63
17 67
17 68
17 69
17 70
17 71
17 75
17 78
17 79
17 80
17 82
17 84
17 85
17 87
17 92
17 94
17 96
17 98
17 99
18 24
18 26
18 27
18 28
18 34
18 35
18 36
18 37
18 38
18 40
18 44
18 45
18 52
18 54
18 56
18 59
18 60
18 65
18 66
18 67
18 68
18 69
18 70
18 71
18 72
18 76
18 78
18 80
18 85
18 86
18 87
18 91
18 92
18 93
18 97
18 99
19 20
19 24
19 30
19 31
19 32
19 35
19 38
19 39
19 42
19 46
19 49
19 51
19 52
19 54
19 55
19 57
19 58
19 61
19 62
19 64
19 66
19 67
19 69
19 71
19 73
19 75
19 76
19 78
19 84
19 87
19 91
19 94
19 95
19 96
19 97
19 98
19 99
20 22
20 24
20 29
20 33
20 35
20 36
20 40
20 41
20 45
20 46
20 47
20 53
20 56
20 57
20 58
20 60
20 65
20 66
20 68
20 70
20 71
20 73
20 75
20 77
20 81
20 82
20 83
20 85
20 86
20 88
20 89
20 90
20 94
20 95
20 96
20 97
20 98
21 22
21 23
21 24
21 26
21 29
21 31
21 33
21 34
21 35
21 36
21 38
21 39
21 42
21 43
21 46
21 47
21 51
21 52
21 54
21 55
21 56
21 57
21 58
21 59
21 61
21 65
21 66
21 69
21 70
21 71
21 74
21 78
21 81
21 84
21 88
21 89
21 90
21 91
21 92
21 94
22 24
22 26
22 27
22 28
22 31
22 32
22 40
22 44
22 46
22 51
22 52
22 55
22 58
22 60
22 61
22 62
22 63
22 64
22 65
22 67
22 70
22 71
22 72
22 75
22 78
22 79
22 82
22 94
22 95
22 99
23 26
23 27
23 30
23 31
23 32
23 35
23 36
23 38
23 40
23 41
23 42
23 47
23 50
23 53
23 55
23 56
23 65
23 67
23 68
23 70
23 72
23 74
23 76
23 77
23 79
23 80
23 81
23 83
23 92
23 94
23 96
24 27
24 30
24 33
24 34
24 35
24 36
24 39
24 44
24 45
24 46
24 48
24 51
24 52
24 53
24 55
24 62
24 63
24 64
24 65
24 66
24 67
24 68
24 71
24 72
24 76
24 77
24 78
24 79
24 80
24 87
24 88
24 89
24 90
24 91
24 92
24 93
24 96
24 98
25 33
25 35
25 44
25 49
25 52
25 54
25 56
25 57
25 58
25 60
25 61
25 63
25 64
25 67
25 68
25 69
25 70
25 72
25 75
25 76
25 78
25 81
25 85
25 86
25 88
25 90
25 94
25 96
26 28
26 34
26 35
26 36
26 41
26 44
26 45
26 46
26 49
26 50
26 51
26 52
26 53
26 56
26 60
26 62
26 63
26 67
26 69
26 71
26 75
26 76
26 79
26 80
26 85
26 86
26 87
26 90
26 92
26 95
26 97
26 98
26 99
27 28
27 30
27 31
27 32
27 33
27 34
27 37
27 38
27 39
27 42
27 43
27 44
27 47
27 49
27 52
27 55
27 56
27 57
27 58
27 59
27 60
27 62
27 65
27 66
27 67
27 68
27 70
27 73
27 74
27 75
27 79
27 80
27 84
27 85
27 86
27 87
27 90
27 91
27 94
27 96
27 98
28 29
28 34
28 36
28 37
28 38
28 40
28 43
28 46
28 48
28 52
28 53
28 54
28 55
28 57
28 58
28 59
28 63
28 66
28 68
28 79
28 83
28 84
28 85
28 86
28 89
28 90
28 91
28 93
28 94
28 96
28 97
28 98
28 99
29 30
29 32
29 33
29 35
29 36
29 37
29 38
29 39
29 42
29 43
29 46
29 47
29 51
29 53
29 57
29 58
29 59
29 60
29 63
29 64
29 65
29 70
29 71
29 74
29 75
29 77
29 78
29 79
29 80
29 84
29 85
29 86
29 89
29 91
29 92
29 94
30 31
30 32
30 34
30 35
30 36
30 38
30 39
30 40
30 42
30 46
30 48
30 49
30 50
30 52
30 53
30 54
30 62
30 64
30 65
30 67
30 69
30 70
30 71
30 73
30 75
30 77
30 78
30 81
30 88
30 91
30 92
30 94
30 95
30 98
30 99
31 33
31 34
31 37
31 38
31 43
31 46
31 47
31 51
31 56
31 58
31 63
31 64
31 65
31 66
31 68
31 70
31 72
31 75
31 78
31 79
31 80
31 81
31 85
31 87
31 89
31 90
31 91
31 93
31 94
31 95
31 96
31 97
32 34
32 36
32 37
32 38
32 39
32 40
32 41
32 43
32 44
32 45
32 46
32 52
32 53
32 55
32 56
32 58
32 61
32 63
32 66
32 67
32 68
32 69
32 74
32 75
32 76
32 77
32 79
32 80
32 84
32 86
32 88
32 89
32 92
32 93
32 94
32 95
32 96
32 97
33 34
33 35
33 36
33 40
33 41
33 43
33 46
33 49
33 51
33 53
33 55
33 56
33 57
33 59
33 61
33 62
33 65
33 68
33 69
33 71
33 74
33 75
33 78
33 79
33 80
33 81
33 83
33 84
33 92
33 93
33 95
33 97
33 99
34 35
34 38
34 44
34 46
34 49
34 50
34 51
34 52
34 55
34 56
34 58
34 62
34 64
34 69
34 72
34 73
34 75
34 79
34 82
34 86
34 87
34 88
34 89
34 92
34 94
34 95
35 37
35 38
35 43
35 47
35 48
35 49
35 51
35 53
35 57
35 59
35 60
35 64
35 65
35 70
35 71
35 72
35 74
35 75
35 77
35 81
35 82
35 83
35 86
35 88
35 91
35 92
35 95
35 96
35 97
35 99
36 37
36 40
36 41
36 42
36 43
36 46
36 47
36 48
36 49
36 51
36 53
36 54
36 55
36 56
36 57
36 59
36 60
36 61
36 65
36 66
36 67
36 70
36 75
36 76
36 77
36 80
36 81
36 84
36 85
36 88
36 89
36 90
36 91
36 93
36 96
36 99
37 39
37 40
37 43
37 45
37 46
37 47
37 48
37 51
37 53
37 60
37 61
37 63
37 67
37 71
37 75
37 76
37 77
37 78
37 79
37 81
37 84
37 85
37 86
37 87
37 88
37 90
37 92
37 95
37 96
37 98
37 99
38 42
38 43
38 44
38 48
38 50
38 54
38 55
38 57
38 58
38 59
38 60
38 63
38 64
38 65
38 72
38 73
38 74
38 75
38 76
38 79
38 81
38 82
38 83
38 86
38 89
38 90
38 91
38 92
38 93
38 95
38 96
38 97
39 41
39 42
39 44
39 46
39 47
39 49
39 51
39 52
39 53
39 55
39 56
39 59
39 60
39 61
39 63
39 64
39 67
39 69
39 70
39 72
39 73
39 74
39 75
39 77
39 82
39 85
39 86
39 87
39 90
39 92
39 96
39 97
39 98
40 41
40 43
40 44
40 48
40 49
40 50
40 51
40 53
40 55
40 62
40 63
40 69
40 70
40 74
40 75
40 77
40 78
40 79
40 82
40 83
40 84
40 85
40 86
40 89
40 90
40 92
40 93
40 95
41 43
41 52
41 59
41 60
41 62
41 63
41 64
41 65
41 66
41 67
41 70
41 75
41 80
41 81
41 84
41 86
41 87
41 89
41 90
41 93
41 98
42 44
42 45
42 46
42 47
42 48
42 50
42 51
42 52
42 54
42 57
42 59
42 61
42 63
42 68
42 70
42 71
42 72
42 73
42 74
42 75
42 79
42 80
42 82
42 83
42 84
42 86
42 88
42 89
42 91
42 92
42 93
42 96
42 97
42 98
43 45
43 48
43 49
43 52
43 53
43 54
43 56
43 57
43 60
43 61
43 64
43 71
43 74
43 75
43 76
43 80
43 81
43 85
43 87
43 97
44 49
44 50
44 52
44 53
44 54
44 56
44 59
44 60
44 67
44 68
44 69
44 70
44 73
44 75
44 79
44 81
44 82
44 83
44 86
44 90
44 93
44 95
44 98
45 47
45 54
45 55
45 57
45 64
45 66
45 67
45 68
45 69
45 70
45 71
45 72
45 73
45 75
45 77
45 82
45 84
45 85
45 89
45 90
45 94
46 47
46 48
46 49
46 52
46 54
46 56
46 59
46 60
46 62
46 63
46 65
46 66
46 69
46 70
46 71
46 73
46 79
46 80
46 81
46 82
46 84
46 85
46 90
46 91
46 92
46 94
46 95
46 99
47 48
47 51
47 52
47 54
47 55
47 56
47 58
47 59
47 61
47 62
47 63
47 69
47 75
47 76
47 78
47 79
47 80
47 82
47 84
47 85
47 86
47 88
47 89
47 90
47 91
47 92
47 93
47 94
47 95
47 96
47 97
47 99
48 49
48 51
48 52
48 53
48 56
48 57
48 58
48 59
48 62
48 63
48 64
48 65
48 67
48 69
48 73
48 75
48 76
48 78
48 80
48 83
48 84
48 85
48 86
48 87
48 89
48 93
48 97
48 98
48 99
49 50
49 51
49 52
49 53
49 54
49 55
49 56
49 60
49 61
49 63
49 66
49 70
49 72
49 73
49 74
49 75
49 77
49 80
49 81
49 82
49 84
49 85
49 86
49 93
49 94
49 95
49 96
50 51
50 53
50 54
50 56
50 59
50 64
50 67
50 68
50 73
50 74
50 75
50 76
50 77
50 81
50 82
50 84
50 85
50 86
50 87
50 88
50 89
50 90
50 95
50 96
50 97
50 98
50 99
51 59
51 61
51 66
51 67
51 69
51 70
51 73
51 74
51 76
51 79
51 81
51 82
51 83
51 84
51 85
51 88
51 90
51 92
51 93
51 95
51 96
51 97
51 99
52 53
52 54
52 55
52 59
52 61
52 62
52 65
52 66
52 67
52 69
52 70
52 73
52 74
52 75
52 79
52 80
52 81
52 83
52 85
52 90
52 92
52 93
52 95
52 96
52 99
53 55
53 56
53 60
53 62
53 64
53 65
53 66
53 67
53 69
53 70
53 72
53 75
53 76
53 79
53 80
53 81
53 83
53 85
53 89
53 90
53 91
53 92
53 94
54 55
54 56
54 58
54 59
54 61
54 71
54 72
54 73
54 77
54 81
54 85
54 86
54 87
54 89
54 90
54 91
54 92
54 93
54 96
54 98
54 99
55 58
55 59
55 60
55 61
55 62
55 63
55 64
55 67
55 68
55 70
55 72
55 75
55 80
55 81
55 82
55 84
55 90
55 91
55 92
55 96
55 98
56 57
56 59
56 60
56 61
56 63
56 64
56 66
56 67
56 68
56 71
56 74
56 77
56 79
56 82
56 83
56 84
56 85
56 86
56 89
56 91
56 92
56 94
56 95
56 96
56 98
56 99
57 58
57 59
57 60
57 61
57 62
57 64
57 65
57 67
57 68
57 69
57 70
57 71
57 73
57 74
57 75
57 76
57 77
57 78
57 79
57 80
57 81
57 82
57 87
57 96
57 99
58 59
58 60
58 61
58 62
58 63
58 65
58 70
58 71
58 72
58 73
58 75
58 76
58 77
58 80
58 81
58 82
58 83
58 84
58 86
58 87
58 93
58 95
58 97
59 61
59 67
59 69
59 70
59 71
59 72
59 74
59 75
59 77
59 79
59 80
59 81
59 82
59 84
59 86
59 87
59 88
59 89
59 90
59 91
59 93
59 94
59 95
59 97
59 99
60 61
60 62
60 63
60 64
60 65
60 66
60 67
60 71
60 72
60 75
60 77
60 79
60 81
60 82
60 83
60 84
60 85
60 86
60 90
60 91
60 93
60 99
61 62
61 64
61 65
61 67
61 70
61 71
61 72
61 78
61 79
61 80
61 81
61 82
61 83
61 85
61 87
61 89
61 92
61 93
61 94
61 95
61 96
61 97
61 99
62 63
62 64
62 66
62 69
62 71
62 72
62 78
62 80
62 81
62 82
62 83
62 85
62 86
62 88
62 89
62 91
62 97
62 99
63 64
63 65
63 66
63 68
63 70
63 72
63 73
63 74
63 77
63 79
63 80
63 81
63 83
63 84
63 85
63 86
63 89
63 91
63 93
63 95
63 97
63 98
63 99
64 65
64 66
64 68
64 69
64 70
64 71
64 75
64 77
64 78
64 79
64 82
64 83
64 84
64 85
64 88
64 94
65 66
65 67
65 69
65 70
65 71
65 73
65 76
65 77
65 80
65 81
65 83
65 85
65 89
65 90
65 91
65 92
65 93
65 95
66 70
66 71
66 74
66 75
66 79
66 80
66 81
66 83
66 86
66 87
66 88
66 89
66 90
66 92
66 93
66 94
66 95
66 96
66 97
66 99
67 73
67 74
67 75
67 79
67 80
67 81
67 85
67 89
67 91
67 92
67 93
67 94
67 95
67 98
67 99
68 70
68 71
68 72
68 74
68 75
68 77
68 79
68 81
68 82
68 83
68 87
68 89
68 90
68 91
68 92
68 93
68 95
68 96
68 98
69 71
69 72
69 76
69 79
69 81
69 83
69 85
69 87
69 89
69 91
69 92
69 93
69 98
70 73
70 74
70 75
70 76
70 77
70 78
70 80
70 81
70 82
70 85
70 86
70 87
70 88
70 89
70 92
70 94
71 74
71 76
71 77
71 78
71 79
71 80
71 85
71 86
71 88
71 89
71 93
71 95
71 96
71 97
71 98
72 73
72 76
72 79
72 81
72 82
72 83
72 84
72 85
72 86
72 87
72 89
72 93
72 95
72 96
72 99
73 74
73 77
73 78
73 81
73 82
73 84
73 85
73 86
73 88
73 89
73 90
73 92
73 94
73 95
73 99
74 75
74 78
74 80
74 81
74 82
74 83
74 86
74 87
74 88
74 89
74 90
74 91
74 94
74 95
74 97
75 76
75 78
75 79
75 80
75 85
75 86
75 87
75 89
75 92
75 93
75 97
75 98
75 99
76 78
76 80
76 81
76 82
76 83
76 84
76 86
76 89
76 90
76 91
76 93
76 94
76 96
76 98
76 99
77 78
77 79
77 80
77 81
77 82
77 83
77 86
77 87
77 92
77 93
77 94
77 96
77 99
78 79
78 81
78 84
78 85
78 86
78 87
78 88
78 89
78 90
78 92
78 93
78 95
78 96
78 98
78 99
79 81
79 82
79 83
79 84
79 88
79 89
79 91
79 92
79 93
79 94
79 95
79 96
79 97
80 81
80 84
80 87
80 88
80 90
80 92
80 94
80 96
80 97
80 98
80 99
81 85
81 88
81 90
81 92
81 94
81 97
82 83
82 85
82 86
82 87
82 89
82 90
82 92
82 95
82 98
82 99
83 84
83 85
83 87
83 88
83 89
83 90
83 92
83 93
83 96
83 97
83 99
84 85
84 86
84 87
84 92
84 94
84 95
85 88
85 90
85 93
85 94
85 95
85 97
85 99
86 90
86 91
86 95
86 97
86 99
87 88
87 89
87 94
87 96
87 97
88 90
88 92
88 96
88 97
89 90
89 92
89 93
89 94
89 97
89 98
89 99
90 92
90 93
90 97
90 99
91 92
91 93
91 94
91 97
91 98
92 94
92 98
93 94
93 96
93 99
94 97
94 98
94 99
95 97
96 97
96 98
