0 1
0 2
0 3
0 9
0 12
0 15
0 16
0 19
0 20
0 21
0 24
0 29
0 31
0 34
0 35
0 36
0 38
0 39
0 41
0 43
0 48
0 49
0 50
0 51
0 60
0 63
0 64
0 65
0 67
0 69
0 71
0 72
0 73
0 76
0 77
0 78
0 79
0 82
0 86
0 87
0 88
0 89
0 90
0 91
0 95
0 96
0 97
1 3
1 7
1 11
1 15
1 16
1 17
1 18
1 19
1 20
1 21
1 23
1 25
1 28
1 29
1 31
1 33
1 35
1 36
1 40
1 41
1 42
1 44
1 45
1 46
1 49
1 50
1 57
1 60
1 61
1 62
1 63
1 64
1 65
1 66
1 68
1 72
1 75
1 79
1 81
1 89
1 90
1 91
1 93
1 97
2 3
2 4
2 5
2 6
2 8
2 10
2 11
2 12
2 13
2 14
2 16
2 17
2 18
2 19
2 20
2 21
2 22
2 24
2 25
2 26
2 27
2 28
2 33
2 39
2 43
2 44
2 45
2 48
2 49
2 50
2 51
2 52
2 54
2 56
2 57
2 60
2 61
2 62
2 63
2 67
2 68
2 71
2 72
2 73
2 74
2 75
2 77
2 81
2 82
2 84
2 86
2 89
2 90
2 91
2 93
2 97
3 6
3 8
3 9
3 10
3 11
3 12
3 13
3 14
3 15
3 18
3 24
3 25
3 26
3 30
3 31
3 32
3 36
3 37
3 42
3 44
3 45
3 49
3 51
3 52
3 53
3 56
3 57
3 62
3 64
3 65
3 66
3 71
3 72
3 78
3 79
3 80
3 81
3 84
3 85
3 89
3 90
3 91
3 92
3 95
3 97
3 99
4 6
4 7
4 11
4 12
4 13
4 14
4 15
4 17
4 18
4 19
4 22
4 24
4 25
4 27
4 31
4 33
4 34
4 37
4 39
4 42
4 45
4 47
4 49
4 50
4 51
4 55
4 56
4 57
4 59
4 61
4 64
4 65
4 66
4 69
4 70
4 72
4 74
4 76
4 78
4 79
4 81
4 82
4 84
4 86
4 87
4 91
4 92
4 93
4 95
4 96
4 98
4 99
5 6
5 7
5 8
5 9
5 10
5 11
5 17
5 19
5 21
5 23
5 27
5 28
5 31
5 33
5 34
5 36
5 39
5 41
5 42
5 43
5 46
5 47
5 48
5 52
5 54
5 56
5 59
5 60
5 61
5 70
5 71
5 72
5 74
5 75
5 77
5 78
5 79
5 82
5 83
5 85
5 86
5 87
5 88
5 89
5 91
5 92
5 95
5 98
5 99
6 9
6 10
6 17
6 18
6 21
6 22
6 23
6 25
6 28
6 32
6 33
6 35
6 36
6 38
6 40
6 46
6 47
6 48
6 49
6 50
6 53
6 54
6 55
6 56
6 57
6 58
6 59
6 62
6 63
6 64
6 65
6 67
6 71
6 73
6 74
6 80
6 81
6 85
6 86
6 87
6 88
6 90
6 91
6 92
6 93
6 96
6 97
6 98
6 99
7 10
7 12
7 13
7 14
7 15
7 16
7 18
7 19
7 21
7 22
7 28
7 29
7 32
7 36
7 40
7 41
7 42
7 43
7 45
7 50
7 52
7 53
7 54
7 55
7 57
7 60
7 61
7 68
7 69
7 70
7 71
7 74
7 75
7 80
7 84
7 85
7 87
7 90
7 91
7 93
7 95
7 96
7 99
8 10
8 11
8 14
8 18
8 19
8 21
8 22
8 24
8 28
8 30
8 31
8 33
8 34
8 38
8 40
8 42
8 43
8 46
8 48
8 50
8 59
8 60
8 61
8 62
8 63
8 65
8 69
8 70
8 72
8 74
8 76
8 77
8 79
8 82
8 90
8 91
8 93
8 95
8 98
8 99
9 13
9 14
9 16
9 17
9 18
9 19
9 21
9 22
9 25
9 26
9 29
9 30
9 31
9 35
9 38
9 41
9 43
9 44
9 46
9 47
9 48
9 49
9 52
9 54
9 56
9 57
9 60
9 61
9 63
9 65
9 67
9 68
9 69
9 71
9 73
9 74
9 76
9 78
9 79
9 80
9 82
9 83
9 86
9 88
9 91
9 92
9 94
9 96
9 98
9 99
10 11
10 14
10 18
10 19
10 23
10 26
10 29
10 31
10 32
10 33
10 34
10 37
10 38
10 41
10 42
10 43
10 45
10 46
10 48
10 50
10 51
10 52
10 53
10 54
10 63
10 67
10 68
10 69
10 71
10 74
10 75
10 76
10 78
10 80
10 84
10 85
10 88
10 89
10 90
10 91
10 93
10 95
10 96
10 97
10 98
11 13
11 14
11 16
11 19
11 20
11 21
11 24
11 25
11 26
11 27
11 29
11 33
11 34
11 36
11 38
11 39
11 40
11 42
11 43
11 44
11 46
11 47
11 51
11 53
11 54
11 55
11 56
11 61
11 62
11 64
11 65
11 66
11 67
11 71
11 72
11 75
11 76
11 79
11 80
11 83
11 84
11 85
11 88
11 89
11 94
11 97
11 98
12 14
12 18
12 19
12 21
12 22
12 29
12 32
12 33
12 34
12 35
12 38
12 39
12 42
12 44
12 46
12 47
12 51
12 52
12 54
12 55
12 58
12 60
12 62
12 65
12 66
12 68
12 69
12 70
12 77
12 78
12 80
12 82
12 83
12 85
12 86
12 92
12 93
12 95
12 97
12 99
13 16
13 18
13 24
13 26
13 27
13 28
13 29
13 30
13 32
13 36
13 37
13 38
13 39
13 40
13 42
13 43
13 44
13 51
13 54
13 58
13 61
13 62
13 65
13 67
13 68
13 71
13 73
13 75
13 77
13 79
13 80
13 81
13 88
13 90
13 92
13 94
13 98
14 15
14 18
14 22
14 25
14 28
14 29
14 31
14 32
14 33
14 34
14 36
14 37
14 38
14 43
14 49
14 56
14 58
14 63
14 64
14 65
14 66
14 68
14 71
14 72
14 74
14 75
14 78
14 79
14 80
14 81
14 82
14 84
14 88
14 89
14 90
14 95
14 97
14 98
15 19
15 24
15 26
15 29
15 30
15 31
15 33
15 39
15 41
15 42
15 43
15 44
15 45
15 46
15 47
15 49
15 53
15 54
15 55
15 56
15 57
15 61
15 62
15 64
15 65
15 66
15 70
15 72
15 74
15 75
15 76
15 79
15 83
15 84
15 85
15 89
15 90
15 92
15 95
15 97
15 99
16 18
16 19
16 20
16 23
16 25
16 30
16 34
16 49
16 54
16 55
16 56
16 57
16 59
16 60
16 61
16 62
16 64
16 65
16 67
16 68
16 71
16 72
16 74
16 75
16 76
16 80
16 81
16 82
16 88
16 91
16 93
16 97
16 99
17 21
17 22
17 24
17 26
17 30
17 31
17 32
17 33
17 36
17 37
17 39
17 40
17 41
17 42
17 43
17 44
17 45
17 46
17 47
17 52
17 54
17 56
17 57
17 58
17 59
17 61
17 62
17 63
17 67
17 69
17 70
17 73
17 75
17 78
17 79
17 82
17 87
17 91
17 92
17 93
17 95
17 97
18 19
18 22
18 24
18 26
18 30
18 32
18 35
18 39
18 41
18 46
18 47
18 48
18 49
18 50
18 53
18 54
18 56
18 58
18 61
18 62
18 65
18 66
18 69
18 70
18 72
18 73
18 75
18 76
18 78
18 79
18 80
18 81
18 82
18 83
18 88
18 89
18 91
18 93
18 95
19 21
19 23
19 24
19 25
19 28
19 30
19 31
19 32
19 36
19 42
19 44
19 46
19 47
19 49
19 50
19 51
19 52
19 53
19 54
19 55
19 57
19 58
19 62
19 64
19 65
19 68
19 72
19 73
19 74
19 77
19 78
19 79
19 81
19 82
19 86
19 88
19 90
19 91
19 93
19 96
19 97
19 99
20 21
20 22
20 23
20 24
20 25
20 26
20 28
20 29
20 30
20 32
20 33
20 34
20 35
20 39
20 41
20 43
20 44
20 45
20 46
20 48
20 52
20 54
20 55
20 58
20 63
20 65
20 66
20 68
20 69
20 71
20 72
20 76
20 77
20 80
20 81
20 82
20 84
20 85
20 86
20 89
20 91
20 93
20 95
20 96
21 22
21 23
21 31
21 32
21 35
21 36
21 38
21 40
21 45
21 46
21 47
21 49
21 51
21 53
21 55
21 56
21 57
21 58
21 60
21 63
21 65
21 67
21 68
21 70
21 73
21 74
21 79
21 81
21 82
21 87
21 89
21 90
21 93
21 94
21 95
21 97
21 98
21 99
22 24
22 28
22 29
22 30
22 31
22 32
22 33
22 34
22 35
22 36
22 37
22 38
22 40
22 42
22 43
22 44
22 45
22 47
22 49
22 50
22 52
22 54
22 55
22 63
22 65
22 68
22 69
22 71
22 72
22 73
22 74
22 78
22 79
22 80
22 81
22 82
22 83
22 86
22 87
22 89
22 91
22 93
22 94
22 95
22 96
22 97
22 98
22 99
23 24
23 25
23 30
23 32
23 33
23 35
23 36
23 37
23 39
23 42
23 45
23 52
23 53
23 56
23 57
23 60
23 61
23 62
23 63
23 65
23 67
23 68
23 69
23 70
23 72
23 73
23 76
23 79
23 81
23 84
23 85
23 86
23 87
23 89
23 90
23 92
23 95
23 97
23 98
23 99
24 26
24 27
24 29
24 32
24 43
24 46
24 47
24 53
24 54
24 57
24 60
24 61
24 63
24 64
24 65
24 66
24 68
24 69
24 70
24 73
24 74
24 79
24 80
24 81
24 82
24 83
24 84
24 86
24 87
24 88
24 89
24 90
24 91
24 93
24 99
25 26
25 27
25 29
25 34
25 35
25 36
25 37
25 40
25 41
25 43
25 44
25 45
25 46
25 50
25 51
25 53
25 54
25 55
25 57
25 58
25 59
25 60
25 61
25 63
25 65
25 66
25 69
25 70
25 72
25 74
25 75
25 76
25 80
25 81
25 83
25 84
25 88
25 90
25 91
25 93
25 96
25 97
25 98
26 28
26 33
26 34
26 36
26 38
26 40
26 41
26 44
26 45
26 47
26 49
26 57
26 59
26 64
26 65
26 67
26 69
26 73
26 74
26 75
26 77
26 78
26 79
26 80
26 87
26 88
26 89
26 90
26 94
26 96
26 97
27 33
27 34
27 38
27 40
27 41
27 42
27 43
27 44
27 45
27 47
27 50
27 52
27 54
27 59
27 60
27 61
27 62
27 63
27 64
27 65
27 66
27 70
27 71
27 76
27 78
27 82
27 84
27 86
27 89
27 93
27 95
28 31
28 32
28 37
28 38
28 39
28 40
28 43
28 46
28 48
28 49
28 53
28 54
28 55
28 56
28 60
28 62
28 65
28 67
28 71
28 75
28 76
28 81
28 82
28 85
28 86
28 88
28 89
28 90
28 92
28 93
28 96
28 97
28 98
29 30
29 31
29 33
29 34
29 35
29 37
29 40
29 41
29 42
29 44
29 45
29 50
29 51
29 54
29 55
29 56
29 57
29 61
29 62
29 64
29 65
29 68
29 71
29 72
29 74
29 77
29 92
29 97
29 98
30 33
30 34
30 35
30 36
30 37
30 40
30 42
30 43
30 46
30 47
30 49
30 52
30 53
30 55
30 56
30 57
30 58
30 60
30 61
30 65
30 66
30 72
30 74
30 75
30 76
30 77
30 82
30 83
30 85
30 86
30 87
30 88
30 91
30 92
30 94
30 97
31 34
31 36
31 39
31 40
31 43
31 44
31 46
31 48
31 49
31 51
31 53
31 55
31 58
31 61
31 63
31 68
31 71
31 73
31 76
31 79
31 81
31 82
31 83
31 84
31 85
31 86
31 88
31 92
31 94
31 96
31 97
31 98
31 99
32 35
32 36
32 37
32 38
32 44
32 45
32 47
32 49
32 52
32 53
32 54
32 55
32 56
32 57
32 58
32 59
32 61
32 63
32 66
32 67
32 68
32 71
32 73
32 74
32 77
32 79
32 80
32 81
32 83
32 84
32 85
32 86
32 87
32 88
32 89
32 90
32 92
32 94
32 95
32 96
32 97
33 37
33 38
33 39
33 40
33 41
33 43
33 44
33 45
33 48
33 49
33 50
33 53
33 54
33 55
33 58
33 59
33 61
33 62
33 63
33 64
33 66
33 67
33 71
33 72
33 76
33 77
33 82
33 83
33 86
33 87
33 88
33 91
33 92
33 93
33 95
33 98
33 99
34 37
34 38
34 41
34 42
34 43
34 46
34 47
34 48
34 49
34 52
34 55
34 57
34 60
34 62
34 63
34 65
34 66
34 67
34 69
34 70
34 73
34 77
34 79
34 83
34 86
34 87
34 89
34 90
34 92
34 93
34 94
34 95
34 96
34 97
35 36
35 37
35 38
35 40
35 41
35 44
35 45
35 46
35 55
35 56
35 57
35 58
35 59
35 60
35 61
35 62
35 63
35 64
35 66
35 69
35 71
35 72
35 73
35 74
35 75
35 76
35 78
35 79
35 80
35 82
35 85
35 87
35 88
35 90
35 92
35 95
35 96
35 98
35 99
36 37
36 42
36 44
36 45
36 46
36 49
36 50
36 51
36 53
36 56
36 58
36 60
36 61
36 62
36 70
36 72
36 73
36 74
36 75
36 76
36 77
36 78
36 79
36 84
36 87
36 88
36 90
36 93
36 95
36 97
36 98
36 99
37 38
37 39
37 40
37 44
37 47
37 48
37 49
37 50
37 53
37 54
37 56
37 57
37 59
37 61
37 62
37 63
37 64
37 65
37 67
37 70
37 73
37 74
37 75
37 76
37 77
37 78
37 79
37 81
37 82
37 83
37 85
37 88
37 89
37 90
37 93
37 98
37 99
38 40
38 43
38 46
38 49
38 52
38 53
38 56
38 60
38 63
38 65
38 68
38 71
38 72
38 74
38 75
38 84
38 85
38 86
38 89
38 90
38 94
38 95
38 96
38 97
39 40
39 42
39 43
39 46
39 49
39 50
39 51
39 53
39 54
39 55
39 56
39 59
39 60
39 68
39 69
39 70
39 71
39 74
39 75
39 78
39 80
39 81
39 83
39 84
39 87
39 89
39 90
39 91
39 92
39 93
39 94
40 42
40 43
40 49
40 50
40 51
40 54
40 58
40 65
40 71
40 74
40 75
40 76
40 79
40 82
40 84
40 85
40 86
40 89
40 90
40 92
40 95
40 97
40 98
41 42
41 43
41 46
41 49
41 51
41 53
41 56
41 57
41 58
41 62
41 63
41 64
41 65
41 68
41 70
41 71
41 72
41 74
41 76
41 77
41 78
41 85
41 88
41 92
41 93
41 94
41 96
41 97
41 98
42 44
42 45
42 46
42 53
42 54
42 58
42 59
42 60
42 63
42 64
42 65
42 68
42 69
42 70
42 71
42 73
42 74
42 75
42 77
42 78
42 79
42 80
42 81
42 84
42 85
42 86
42 89
42 90
42 91
42 92
42 93
42 94
42 95
42 96
42 99
43 44
43 46
43 47
43 48
43 50
43 51
43 52
43 53
43 55
43 57
43 58
43 60
43 61
43 73
43 75
43 78
43 84
43 86
43 87
43 90
43 94
43 95
43 96
43 99
44 46
44 52
44 55
44 56
44 57
44 60
44 63
44 64
44 66
44 67
44 68
44 71
44 76
44 78
44 82
44 85
44 86
44 97
44 99
45 46
45 47
45 50
45 51
45 52
45 55
45 56
45 57
45 60
45 62
45 63
45 67
45 68
45 69
45 73
45 74
45 75
45 76
45 78
45 80
45 81
45 84
45 85
45 89
45 91
45 93
45 98
45 99
46 49
46 53
46 55
46 57
46 59
46 61
46 62
46 63
46 64
46 65
46 66
46 68
46 71
46 72
46 76
46 77
46 78
46 79
46 81
46 82
46 83
46 84
46 85
46 86
46 88
46 90
46 93
46 94
46 95
46 96
46 98
47 51
47 52
47 53
47 56
47 58
47 61
47 66
47 67
47 68
47 69
47 70
47 71
47 73
47 74
47 76
47 77
47 80
47 84
47 85
47 87
47 91
47 93
47 94
47 96
47 97
47 98
48 49
48 50
48 53
48 57
48 58
48 59
48 60
48 61
48 71
48 74
48 75
48 76
48 83
48 85
48 88
48 89
48 90
48 91
48 92
48 96
49 50
49 52
49 55
49 56
49 57
49 59
49 61
49 63
49 64
49 67
49 68
49 71
49 72
49 74
49 77
49 78
49 79
49 81
49 85
49 86
49 87
49 89
49 90
49 91
49 92
49 94
49 95
49 97
49 98
49 99
50 51
50 53
50 55
50 56
50 59
50 61
50 62
50 63
50 66
50 67
50 70
50 71
50 72
50 73
50 75
50 76
50 78
50 79
50 81
50 85
50 87
50 91
50 96
50 97
50 98
51 52
51 57
51 60
51 61
51 62
51 63
51 67
51 69
51 71
51 72
51 75
51 76
51 77
51 82
51 85
51 88
51 89
51 93
51 96
52 53
52 61
52 63
52 64
52 65
52 68
52 70
52 72
52 76
52 79
52 83
52 84
52 86
52 88
52 89
52 91
52 92
52 93
52 98
53 54
53 55
53 56
53 59
53 64
53 66
53 67
53 68
53 69
53 70
53 73
53 75
53 76
53 77
53 82
53 87
53 88
53 89
53 90
53 91
53 92
53 96
53 98
54 56
54 61
54 63
54 65
54 66
54 69
54 70
54 75
54 76
54 80
54 81
54 82
54 83
54 88
54 89
54 90
54 91
54 92
54 95
54 96
54 97
55 58
55 59
55 60
55 68
55 69
55 70
55 73
55 74
55 76
55 78
55 82
55 84
55 85
55 90
55 91
55 97
55 98
56 57
56 58
56 61
56 63
56 66
56 69
56 72
56 78
56 79
56 82
56 83
56 86
56 88
56 89
56 90
56 91
56 92
56 93
56 94
56 95
56 96
56 97
57 62
57 63
57 64
57 65
57 66
57 67
57 68
57 69
57 72
57 73
57 74
57 79
57 80
57 85
57 86
57 87
57 88
57 89
57 90
57 92
57 93
57 94
57 95
57 96
57 97
57 98
57 99
58 59
58 62
58 64
58 65
58 66
58 67
58 69
58 70
58 72
58 73
58 74
58 81
58 85
58 86
58 91
58 92
58 96
58 99
59 61
59 62
59 64
59 65
59 70
59 71
59 72
59 73
59 74
59 75
59 77
59 78
59 79
59 81
59 82
59 88
59 89
59 90
59 91
59 93
59 96
59 97
59 99
60 61
60 62
60 69
60 71
60 73
60 74
60 75
60 77
60 79
60 81
60 83
60 84
60 86
60 89
60 91
60 94
60 99
61 62
61 65
61 69
61 70
61 73
61 74
61 76
61 78
61 80
61 81
61 82
61 86
61 87
61 88
61 89
61 90
61 91
61 94
61 96
62 63
62 64
62 66
62 67
62 69
62 70
62 71
62 73
62 76
62 78
62 83
62 85
62 88
62 90
62 92
62 95
62 96
62 97
63 67
63 69
63 70
63 71
63 76
63 77
63 78
63 79
63 80
63 82
63 83
63 85
63 86
63 88
63 89
63 93
63 97
63 98
64 65
64 68
64 71
64 72
64 73
64 77
64 78
64 80
64 82
64 83
64 88
64 90
64 92
64 93
64 94
64 95
64 96
64 97
65 66
65 72
65 74
65 77
65 79
65 82
65 84
65 85
65 86
65 90
65 94
65 98
65 99
66 69
66 70
66 72
66 73
66 74
66 75
66 77
66 82
66 83
66 84
66 85
66 86
66 88
66 89
66 90
66 91
66 93
66 94
66 96
66 99
67 68
67 69
67 75
67 76
67 79
67 80
67 83
67 84
67 88
67 89
67 90
67 92
67 93
67 95
67 98
67 99
68 69
68 70
68 71
68 72
68 73
68 76
68 77
68 79
68 81
68 83
68 84
68 85
68 86
68 87
68 88
68 90
68 92
68 93
68 94
68 95
68 96
68 97
68 98
69 74
69 76
69 78
69 80
69 81
69 84
69 87
69 90
69 93
69 94
69 97
70 72
70 73
70 77
70 78
70 80
70 82
70 87
70 88
70 90
70 91
70 92
70 93
70 96
71 73
71 77
71 83
71 89
71 92
71 94
71 97
72 73
72 74
72 75
72 76
72 79
72 82
72 83
72 84
72 88
72 89
72 93
72 97
73 74
73 75
73 76
73 77
73 79
73 81
73 82
73 83
73 85
73 86
73 87
73 88
73 92
73 93
73 95
73 98
73 99
74 76
74 77
74 78
74 80
74 84
74 85
74 86
74 88
74 89
74 90
74 93
74 94
74 95
74 96
74 97
75 76
75 80
75 82
75 83
75 85
75 88
75 89
75 90
75 95
75 96
75 98
75 99
76 79
76 80
76 84
76 86
76 87
76 89
76 91
76 92
76 94
76 95
76 98
77 79
77 82
77 83
77 85
77 88
77 90
77 91
77 92
77 94
77 96
77 97
77 99
78 79
78 80
78 83
78 84
78 85
78 86
78 87
78 89
78 91
78 92
78 93
78 95
79 83
79 84
79 87
79 90
79 91
79 94
79 96
79 97
80 82
80 85
80 87
80 90
80 92
80 94
80 95
80 96
80 98
81 83
81 84
81 85
81 86
81 87
81 88
81 89
81 97
82 83
82 84
82 87
82 88
82 89
82 91
82 92
82 95
82 96
82 98
83 88
83 91
83 94
83 95
83 96
83 97
83 99
84 85
84 86
84 87
84 88
84 90
84 92
84 93
84 97
84 99
85 86
85 88
85 89
85 91
85 92
85 93
85 94
85 95
85 96
85 98
86 87
86 89
86 90
86 91
86 92
86 93
86 95
86 96
86 97
86 98
87 88
87 93
87 95
87 97
87 98
88 89
88 90
88 91
88 95
88 96
89 91
89 92
89 94
89 95
89 97
89 98
90 91
90 92
90 93
90 95
90 96
91 92
91 94
91 97
91 99
92 94
92 96
92 98
92 99
93 94
93 95
93 99
94 97
94 98
94 99
95 96
96 99
97 99
98 99
