0 1
0 2
0 3
0 4
0 5
0 7
0 8
0 9
0 11
0 12
0 13
0 14
0 16
0 18
0 21
0 27
0 32
0 34
0 36
0 39
0 42
0 44
0 45
0 49
0 50
0 52
0 54
0 56
0 57
0 59
0 60
0 61
0 63
0 68
0 70
0 71
0 73
0 74
0 75
0 76
0 77
0 79
0 84
0 85
0 87
0 88
0 93
0 95
0 97
0 98
0 99
1 2
1 4
1 5
1 7
1 10
1 11
1 12
1 18
1 20
1 21
1 25
1 28
1 29
1 30
1 32
1 34
1 35
1 36
1 37
1 39
1 40
1 41
1 43
1 45
1 46
1 49
1 50
1 52
1 54
1 57
1 60
1 67
1 69
1 71
1 72
1 73
1 74
1 75
1 76
1 77
1 78
1 83
1 85
1 86
1 88
1 91
1 94
1 95
1 99
2 5
2 6
2 8
2 10
2 12
2 13
2 15
2 16
2 22
2 25
2 26
2 28
2 31
2 32
2 33
2 35
2 42
2 43
2 45
2 48
2 49
2 52
2 55
2 57
2 59
2 60
2 63
2 65
2 66
2 69
2 72
2 73
2 76
2 77
2 79
2 81
2 82
2 87
2 88
2 91
2 93
2 94
2 95
2 96
2 97
2 98
2 99
3 5
3 8
3 9
3 11
3 14
3 15
3 19
3 20
3 21
3 26
3 30
3 32
3 33
3 34
3 36
3 37
3 38
3 39
3 40
3 41
3 47
3 48
3 50
3 51
3 53
3 54
3 55
3 56
3 58
3 61
3 63
3 64
3 65
3 66
3 67
3 73
3 74
3 76
3 77
3 81
3 82
3 83
3 86
3 90
3 91
3 94
3 96
3 97
3 98
4 6
4 7
4 8
4 9
4 10
4 11
4 12
4 13
4 14
4 16
4 20
4 21
4 22
4 23
4 24
4 26
4 28
4 30
4 35
4 36
4 38
4 41
4 42
4 46
4 48
4 50
4 51
4 53
4 54
4 55
4 56
4 57
4 61
4 62
4 64
4 65
4 69
4 70
4 71
4 74
4 75
4 78
4 81
4 83
4 84
4 85
4 87
4 88
4 92
4 95
5 6
5 11
5 14
5 15
5 16
5 17
5 20
5 21
5 22
5 23
5 26
5 27
5 28
5 29
5 32
5 33
5 34
5 36
5 37
5 39
5 42
5 43
5 45
5 46
5 47
5 49
5 51
5 52
5 53
5 59
5 60
5 61
5 62
5 63
5 66
5 67
5 68
5 70
5 71
5 73
5 74
5 75
5 80
5 82
5 86
5 88
5 90
5 91
5 95
5 97
5 99
6 8
6 10
6 12
6 13
6 15
6 16
6 17
6 18
6 19
6 22
6 23
6 24
6 27
6 28
6 30
6 35
6 36
6 39
6 40
6 41
6 42
6 44
6 47
6 51
6 56
6 57
6 59
6 60
6 62
6 64
6 67
6 68
6 71
6 72
6 73
6 74
6 75
6 76
6 77
6 78
6 79
6 80
6 82
6 83
6 84
6 85
6 86
6 88
6 89
6 91
6 93
6 95
6 99
7 8
7 9
7 10
7 15
7 16
7 17
7 19
7 20
7 22
7 23
7 24
7 27
7 33
7 34
7 40
7 42
7 44
7 48
7 49
7 51
7 52
7 53
7 56
7 58
7 59
7 60
7 61
7 65
7 67
7 68
7 69
7 71
7 72
7 73
7 74
7 75
7 78
7 82
7 84
7 85
7 88
7 89
7 90
7 91
7 92
7 95
8 10
8 12
8 13
8 14
8 17
8 19
8 21
8 22
8 27
8 28
8 29
8 30
8 32
8 35
8 36
8 37
8 38
8 39
8 41
8 42
8 43
8 44
8 49
8 51
8 52
8 55
8 57
8 59
8 60
8 62
8 63
8 65
8 68
8 72
8 73
8 74
8 80
8 81
8 82
8 84
8 85
8 87
8 91
8 92
8 96
8 97
8 99
9 11
9 14
9 16
9 21
9 22
9 24
9 27
9 29
9 30
9 31
9 33
9 35
9 38
9 41
9 43
9 44
9 51
9 52
9 53
9 56
9 57
9 58
9 59
9 61
9 63
9 64
9 66
9 68
9 72
9 74
9 76
9 77
9 78
9 80
9 81
9 82
9 83
9 85
9 87
9 88
9 90
9 91
9 93
9 95
9 97
10 13
10 15
10 17
10 19
10 20
10 24
10 25
10 26
10 27
10 28
10 29
10 32
10 36
10 38
10 39
10 40
10 41
10 43
10 44
10 49
10 51
10 52
10 53
10 56
10 59
10 60
10 61
10 64
10 66
10 69
10 71
10 75
10 76
10 78
10 80
10 81
10 86
10 87
10 89
10 93
10 94
10 95
11 13
11 15
11 16
11 18
11 21
11 22
11 23
11 26
11 30
11 31
11 36
11 38
11 40
11 41
11 44
11 49
11 52
11 53
11 57
11 58
11 59
11 60
11 61
11 63
11 64
11 65
11 67
11 68
11 71
11 72
11 73
11 77
11 82
11 83
11 92
11 94
11 95
11 96
11 98
12 14
12 16
12 17
12 18
12 20
12 21
12 23
12 24
12 28
12 29
12 33
12 35
12 36
12 37
12 39
12 40
12 41
12 43
12 44
12 49
12 50
12 52
12 53
12 54
12 55
12 56
12 57
12 58
12 59
12 60
12 61
12 63
12 65
12 67
12 69
12 70
12 73
12 75
12 77
12 79
12 80
12 85
12 87
12 90
12 92
12 94
12 95
12 96
12 97
12 98
13 15
13 17
13 18
13 20
13 21
13 22
13 29
13 30
13 31
13 33
13 34
13 35
13 36
13 37
13 39
13 40
13 42
13 44
13 46
13 48
13 50
13 51
13 55
13 56
13 57
13 59
13 61
13 62
13 63
13 64
13 65
13 66
13 68
13 69
13 71
13 73
13 74
13 77
13 80
13 81
13 82
13 84
13 86
13 87
13 89
13 90
13 91
13 92
13 93
13 96
14 16
14 17
14 18
14 20
14 23
14 24
14 26
14 28
14 30
14 31
14 34
14 35
14 42
14 43
14 44
14 45
14 46
14 47
14 48
14 49
14 50
14 56
14 58
14 60
14 62
14 63
14 64
14 65
14 70
14 73
14 74
14 75
14 76
14 78
14 79
14 80
14 81
14 82
14 84
14 86
14 87
14 88
14 92
14 93
14 94
14 96
14 97
15 18
15 20
15 21
15 22
15 25
15 29
15 30
15 31
15 33
15 34
15 36
15 37
15 39
15 44
15 46
15 53
15 54
15 55
15 56
15 57
15 61
15 63
15 68
15 69
15 70
15 75
15 76
15 80
15 84
15 87
15 89
15 91
15 93
15 94
15 95
16 19
16 22
16 23
16 24
16 28
16 30
16 31
16 33
16 36
16 41
16 44
16 47
16 48
16 49
16 57
16 59
16 62
16 63
16 64
16 65
16 66
16 68
16 72
16 75
16 76
16 78
16 79
16 80
16 81
16 89
16 91
16 92
16 94
16 96
16 97
16 98
16 99
17 19
17 22
17 25
17 26
17 27
17 35
17 36
17 37
17 39
17 40
17 41
17 44
17 47
17 50
17 51
17 53
17 54
17 55
17 56
17 57
17 60
17 63
17 64
17 67
17 68
17 69
17 72
17 73
17 74
17 75
17 76
17 79
17 83
17 84
17 86
17 87
17 88
17 90
17 96
18 20
18 22
18 24
18 25
18 26
18 29
18 30
18 32
18 33
18 35
18 38
18 39
18 40
18 41
18 42
18 44
18 45
18 47
18 49
18 50
18 53
18 56
18 58
18 61
18 62
18 65
18 67
18 69
18 71
18 72
18 76
18 78
18 80
18 81
18 82
18 83
18 85
18 86
18 87
18 97
18 98
19 20
19 25
19 27
19 30
19 31
19 32
19 33
19 34
19 35
19 40
19 43
19 44
19 48
19 49
19 50
19 51
19 52
19 53
19 55
19 56
19 57
19 58
19 59
19 61
19 62
19 64
19 66
19 68
19 69
19 71
19 75
19 76
19 79
19 80
19 82
19 83
19 84
19 86
19 87
19 88
19 89
19 91
19 94
19 96
19 97
19 98
19 99
20 25
20 26
20 27
20 29
20 31
20 34
20 35
20 36
20 37
20 38
20 40
20 41
20 42
20 43
20 45
20 48
20 49
20 51
20 52
20 53
20 55
20 57
20 59
20 60
20 63
20 68
20 72
20 73
20 76
20 77
20 82
20 90
20 92
20 96
20 98
21 24
21 27
21 28
21 29
21 30
21 32
21 33
21 35
21 36
21 38
21 39
21 40
21 41
21 44
21 47
21 48
21 49
21 51
21 52
21 58
21 59
21 60
21 65
21 66
21 68
21 70
21 71
21 73
21 75
21 78
21 79
21 81
21 83
21 84
21 85
21 89
21 95
21 96
21 97
21 98
21 99
22 23
22 25
22 27
22 32
22 33
22 35
22 37
22 38
22 39
22 40
22 41
22 42
22 43
22 44
22 46
22 47
22 48
22 49
22 54
22 57
22 58
22 67
22 69
22 70
22 75
22 82
22 83
22 84
22 85
22 86
22 89
22 91
22 93
22 94
22 95
22 97
23 24
23 27
23 31
23 32
23 33
23 34
23 35
23 37
23 38
23 43
23 46
23 47
23 48
23 49
23 50
23 51
23 52
23 54
23 55
23 56
23 57
23 59
23 61
23 62
23 64
23 65
23 69
23 70
23 71
23 78
23 79
23 81
23 82
23 86
23 87
23 89
23 91
23 94
23 95
23 97
23 98
23 99
24 25
24 27
24 30
24 31
24 34
24 37
24 38
24 39
24 43
24 45
24 46
24 47
24 48
24 52
24 53
24 55
24 58
24 59
24 61
24 63
24 64
24 65
24 66
24 67
24 68
24 70
24 72
24 73
24 74
24 76
24 77
24 78
24 82
24 83
24 85
24 86
24 87
24 88
24 93
24 94
24 95
24 96
24 97
25 33
25 34
25 35
25 37
25 38
25 40
25 44
25 46
25 49
25 50
25 51
25 52
25 53
25 59
25 65
25 66
25 67
25 68
25 72
25 75
25 76
25 77
25 78
25 80
25 81
25 82
25 88
25 90
25 92
25 95
25 96
25 97
25 98
26 28
26 31
26 32
26 34
26 35
26 36
26 37
26 40
26 43
26 45
26 48
26 49
26 50
26 51
26 56
26 57
26 58
26 59
26 63
26 64
26 66
26 68
26 69
26 72
26 73
26 78
26 79
26 81
26 83
26 85
26 88
26 89
26 90
26 91
26 92
26 94
26 95
26 96
26 97
27 28
27 29
27 31
27 32
27 33
27 37
27 39
27 40
27 41
27 46
27 50
27 52
27 53
27 54
27 56
27 57
27 58
27 59
27 64
27 66
27 67
27 69
27 72
27 73
27 76
27 78
27 84
27 85
27 86
27 87
27 88
27 94
27 97
27 98
28 29
28 32
28 34
28 37
28 41
28 43
28 44
28 46
28 47
28 50
28 51
28 54
28 58
28 59
28 61
28 62
28 68
28 69
28 70
28 71
28 77
28 79
28 83
28 84
28 85
28 88
28 92
28 93
28 94
28 96
28 97
28 99
29 30
29 32
29 34
29 35
29 36
29 39
29 41
29 42
29 44
29 45
29 46
29 49
29 53
29 54
29 55
29 58
29 62
29 63
29 64
29 66
29 67
29 68
29 71
29 75
29 77
29 78
29 80
29 81
29 85
29 86
29 87
29 88
29 89
29 90
29 94
29 95
29 96
29 97
29 99
30 31
30 33
30 34
30 36
30 38
30 39
30 40
30 42
30 43
30 47
30 49
30 50
30 51
30 53
30 54
30 56
30 57
30 59
30 60
30 61
30 62
30 65
30 69
30 70
30 74
30 77
30 78
30 80
30 82
30 83
30 84
30 89
30 92
30 94
30 95
30 98
31 33
31 34
31 35
31 36
31 37
31 38
31 40
31 45
31 47
31 51
31 54
31 56
31 57
31 58
31 60
31 63
31 64
31 68
31 71
31 74
31 75
31 80
31 82
31 88
31 90
31 91
31 92
31 93
31 94
31 99
32 37
32 38
32 40
32 43
32 47
32 48
32 50
32 51
32 52
32 54
32 56
32 57
32 60
32 61
32 62
32 63
32 65
32 66
32 68
32 69
32 73
32 74
32 76
32 78
32 82
32 86
32 87
32 88
32 89
32 96
32 98
33 36
33 38
33 39
33 41
33 42
33 44
33 45
33 46
33 48
33 49
33 52
33 54
33 56
33 57
33 58
33 59
33 60
33 62
33 69
33 71
33 72
33 73
33 78
33 80
33 85
33 86
33 87
33 92
33 93
33 96
33 97
33 98
33 99
34 36
34 37
34 38
34 39
34 40
34 43
34 44
34 45
34 47
34 49
34 51
34 54
34 55
34 57
34 58
34 62
34 63
34 64
34 65
34 69
34 74
34 81
34 82
34 83
34 84
34 85
34 87
34 90
34 91
34 94
34 95
34 96
35 37
35 48
35 50
35 55
35 59
35 62
35 63
35 64
35 66
35 67
35 71
35 72
35 74
35 75
35 79
35 81
35 86
35 89
35 93
35 95
35 97
35 98
35 99
36 40
36 41
36 42
36 47
36 48
36 49
36 52
36 53
36 54
36 56
36 57
36 62
36 63
36 64
36 65
36 66
36 67
36 69
36 74
36 76
36 78
36 80
36 82
36 84
36 86
36 88
36 91
36 92
36 93
36 95
36 96
36 99
37 38
37 41
37 45
37 46
37 47
37 49
37 50
37 55
37 57
37 58
37 60
37 62
37 65
37 66
37 67
37 70
37 71
37 76
37 77
37 78
37 80
37 82
37 86
37 87
37 88
37 90
37 92
37 93
37 96
37 98
37 99
38 39
38 41
38 42
38 46
38 51
38 53
38 54
38 55
38 56
38 57
38 60
38 62
38 66
38 67
38 70
38 71
38 73
38 74
38 78
38 79
38 80
38 81
38 82
38 83
38 84
38 85
38 90
38 96
38 97
38 98
39 40
39 41
39 44
39 45
39 46
39 49
39 50
39 51
39 52
39 55
39 61
39 63
39 65
39 68
39 70
39 71
39 73
39 76
39 78
39 82
39 83
39 84
39 86
39 87
39 88
39 89
39 91
39 92
39 93
40 42
40 44
40 45
40 47
40 50
40 53
40 55
40 58
40 60
40 64
40 65
40 67
40 70
40 72
40 75
40 76
40 77
40 78
40 80
40 82
40 88
40 89
40 90
40 91
40 92
40 93
40 94
40 95
40 97
40 98
41 42
41 43
41 44
41 47
41 51
41 53
41 54
41 57
41 58
41 60
41 61
41 62
41 63
41 66
41 68
41 75
41 76
41 77
41 79
41 81
41 84
41 86
41 89
41 90
41 94
41 95
41 97
41 99
42 43
42 47
42 48
42 51
42 52
42 55
42 56
42 59
42 60
42 61
42 62
42 64
42 67
42 68
42 71
42 72
42 76
42 77
42 78
42 79
42 83
42 84
42 87
42 88
42 92
42 93
42 95
42 98
42 99
43 44
43 47
43 48
43 50
43 51
43 52
43 53
43 54
43 55
43 57
43 58
43 59
43 61
43 62
43 65
43 67
43 68
43 70
43 73
43 74
43 76
43 78
43 79
43 80
43 83
43 85
43 86
43 88
43 89
43 95
43 96
43 97
43 99
44 45
44 47
44 48
44 51
44 56
44 67
44 68
44 70
44 74
44 75
44 76
44 78
44 83
44 86
44 87
44 88
44 89
44 90
44 94
44 95
44 97
45 46
45 48
45 49
45 50
45 52
45 53
45 54
45 55
45 57
45 59
45 63
45 65
45 72
45 74
45 75
45 77
45 78
45 79
45 82
45 83
45 84
45 86
45 87
45 88
45 89
45 90
45 91
45 94
45 95
45 96
45 98
45 99
46 47
46 48
46 50
46 51
46 52
46 54
46 58
46 60
46 64
46 67
46 68
46 69
46 71
46 72
46 73
46 76
46 77
46 78
46 80
46 84
46 85
46 93
46 98
47 49
47 50
47 51
47 53
47 55
47 57
47 59
47 62
47 64
47 67
47 70
47 76
47 77
47 79
47 81
47 82
47 83
47 84
47 85
47 86
47 92
47 93
47 94
47 95
47 96
47 97
47 99
48 49
48 50
48 51
48 55
48 57
48 58
48 59
48 62
48 63
48 64
48 66
48 67
48 68
48 69
48 74
48 75
48 76
48 78
48 81
48 86
48 89
48 93
48 94
48 95
48 96
48 97
48 99
49 52
49 56
49 58
49 59
49 60
49 61
49 64
49 67
49 68
49 70
49 71
49 73
49 74
49 75
49 78
49 79
49 80
49 83
49 84
49 87
49 88
49 89
49 93
49 95
49 97
49 98
49 99
50 52
50 54
50 56
50 57
50 60
50 61
50 63
50 65
50 70
50 74
50 75
50 78
50 82
50 84
50 85
50 86
50 87
50 90
50 91
50 92
50 93
50 97
50 98
50 99
51 57
51 59
51 60
51 61
51 62
51 65
51 66
51 69
51 70
51 74
51 76
51 77
51 78
51 79
51 81
51 85
51 86
51 89
51 90
51 92
51 94
51 98
51 99
52 57
52 58
52 61
52 62
52 67
52 72
52 73
52 74
52 75
52 76
52 81
52 85
52 86
52 87
52 89
52 90
52 91
52 92
52 95
52 96
52 97
52 98
53 55
53 56
53 59
53 60
53 61
53 62
53 63
53 64
53 68
53 70
53 74
53 75
53 78
53 79
53 81
53 83
53 86
53 90
53 92
53 94
53 95
53 99
54 55
54 59
54 63
54 65
54 66
54 67
54 70
54 72
54 76
54 77
54 78
54 80
54 81
54 82
54 83
54 85
54 86
54 87
54 88
54 93
54 94
54 95
54 97
55 56
55 57
55 59
55 60
55 61
55 62
55 65
55 67
55 68
55 70
55 73
55 75
55 76
55 77
55 81
55 84
55 85
55 88
55 89
55 93
55 94
56 57
56 58
56 59
56 61
56 63
56 64
56 65
56 68
56 69
56 70
56 71
56 72
56 73
56 75
56 78
56 81
56 82
56 85
56 88
56 91
56 93
56 95
56 97
56 98
56 99
57 58
57 63
57 65
57 67
57 68
57 72
57 74
57 75
57 78
57 81
57 83
57 86
57 87
57 88
57 89
57 90
57 96
58 61
58 64
58 65
58 66
58 68
58 69
58 70
58 71
58 72
58 73
58 74
58 76
58 77
58 78
58 80
58 81
58 85
58 87
58 89
58 90
58 93
58 96
58 98
58 99
59 60
59 62
59 63
59 64
59 66
59 68
59 69
59 72
59 75
59 77
59 80
59 82
59 84
59 88
59 90
59 92
59 94
59 95
59 96
59 98
59 99
60 62
60 63
60 64
60 65
60 66
60 67
60 68
60 69
60 70
60 71
60 73
60 74
60 77
60 81
60 85
60 88
60 89
60 91
60 92
60 95
60 96
60 97
60 98
60 99
61 62
61 63
61 65
61 68
61 72
61 75
61 78
61 81
61 82
61 90
61 92
61 93
61 94
61 95
61 99
62 65
62 66
62 68
62 72
62 73
62 77
62 78
62 79
62 80
62 87
62 88
62 89
62 90
62 94
62 99
63 64
63 66
63 67
63 69
63 73
63 74
63 75
63 76
63 77
63 78
63 80
63 81
63 82
63 85
63 86
63 87
63 88
63 89
63 90
63 91
63 96
63 97
63 99
64 65
64 68
64 69
64 71
64 72
64 73
64 74
64 76
64 77
64 78
64 81
64 83
64 86
64 88
64 89
64 92
64 95
64 96
64 97
65 67
65 69
65 73
65 74
65 76
65 80
65 83
65 86
65 89
65 90
65 92
65 95
65 97
66 67
66 71
66 72
66 76
66 77
66 79
66 81
66 82
66 86
66 88
66 89
66 90
66 93
66 94
66 99
67 68
67 71
67 73
67 74
67 83
67 85
67 86
67 93
67 94
67 96
67 97
68 70
68 73
68 75
68 76
68 77
68 78
68 79
68 81
68 82
68 84
68 85
68 86
68 87
68 89
68 92
68 93
68 94
68 95
68 96
68 98
69 73
69 75
69 76
69 78
69 79
69 81
69 84
69 86
69 87
69 89
69 93
69 94
69 95
69 96
69 97
70 73
70 76
70 77
70 78
70 81
70 82
70 83
70 84
70 88
70 91
70 93
70 94
70 99
71 74
71 76
71 77
71 78
71 81
71 82
71 84
71 85
71 87
71 88
71 89
71 90
71 92
71 95
71 96
71 98
71 99
72 74
72 76
72 78
72 79
72 80
72 81
72 82
72 89
72 91
72 92
72 95
72 97
72 98
72 99
73 76
73 77
73 78
73 80
73 83
73 89
73 90
73 91
73 92
73 93
73 94
73 98
73 99
74 75
74 76
74 79
74 80
74 82
74 83
74 85
74 86
74 88
74 89
74 92
74 98
74 99
75 76
75 79
75 81
75 83
75 85
75 86
75 88
75 92
75 93
75 95
75 96
75 97
75 99
76 78
76 80
76 81
76 83
76 85
76 87
76 92
76 93
76 94
76 95
76 96
76 97
76 99
77 80
77 81
77 83
77 86
77 88
77 90
77 91
77 92
77 95
77 96
77 97
77 98
78 81
78 84
78 87
78 91
78 92
78 98
79 83
79 85
79 87
79 90
79 91
79 94
79 95
79 97
79 98
80 82
80 84
80 86
80 88
80 91
80 93
80 94
80 95
81 83
81 85
81 87
81 91
81 94
81 95
81 98
82 84
82 85
82 90
82 91
82 92
82 93
82 94
83 84
83 85
83 88
83 89
83 91
83 92
83 93
83 96
83 97
83 98
84 85
84 86
84 87
84 88
84 91
84 96
84 99
85 86
85 87
85 90
85 91
85 93
85 95
85 97
85 99
86 90
86 91
86 93
86 94
86 97
86 98
87 88
87 91
87 92
87 93
87 94
87 96
87 97
87 99
88 93
88 94
88 96
88 97
88 99
89 92
89 93
89 95
89 96
89 97
90 93
90 94
90 95
91 92
91 93
91 94
91 95
91 96
91 99
92 93
92 95
92 97
92 98
92 99
93 94
93 96
94 97
94 99
95 97
95 98
95 99
96 97
97 99
98 99
