0 4
0 5
0 8
0 9
0 10
0 11
0 12
0 14
0 18
0 19
0 20
0 21
0 23
0 25
0 29
0 31
0 32
0 34
0 35
0 36
0 41
0 42
0 43
0 44
0 48
0 49
0 50
0 53
0 54
0 55
0 58
0 59
0 60
0 61
0 62
0 63
0 64
0 65
0 68
0 69
0 71
0 73
0 74
0 75
0 76
0 81
0 82
0 83
0 84
0 87
0 89
0 90
0 91
0 92
0 94
0 95
1 3
1 7
1 8
1 11
1 18
1 19
1 24
1 25
1 26
1 27
1 30
1 31
1 36
1 37
1 38
1 39
1 42
1 44
1 45
1 46
1 48
1 49
1 50
1 52
1 54
1 55
1 56
1 57
1 58
1 63
1 65
1 68
1 70
1 71
1 73
1 74
1 76
1 77
1 78
1 79
1 86
1 87
1 91
1 92
1 93
1 94
2 4
2 5
2 6
2 8
2 9
2 10
2 11
2 12
2 13
2 17
2 19
2 20
2 21
2 23
2 25
2 26
2 27
2 29
2 33
2 34
2 36
2 39
2 42
2 45
2 49
2 50
2 51
2 53
2 54
2 55
2 56
2 57
2 61
2 65
2 66
2 68
2 70
2 71
2 72
2 73
2 76
2 77
2 78
2 82
2 85
2 87
2 89
2 91
2 92
2 95
2 96
2 97
2 99
3 4
3 7
3 8
3 9
3 13
3 14
3 15
3 16
3 17
3 18
3 20
3 21
3 23
3 25
3 26
3 27
3 28
3 31
3 32
3 38
3 39
3 40
3 46
3 48
3 49
3 50
3 51
3 52
3 54
3 55
3 57
3 59
3 60
3 62
3 63
3 65
3 68
3 69
3 74
3 77
3 78
3 79
3 82
3 85
3 86
3 91
3 94
3 98
3 99
4 5
4 6
4 8
4 9
4 10
4 12
4 15
4 16
4 17
4 18
4 19
4 21
4 23
4 24
4 26
4 29
4 30
4 32
4 34
4 35
4 37
4 38
4 39
4 40
4 42
4 43
4 46
4 48
4 50
4 51
4 52
4 55
4 56
4 58
4 59
4 64
4 65
4 68
4 69
4 71
4 72
4 73
4 75
4 77
4 79
4 80
4 82
4 83
4 85
4 86
4 88
4 91
4 93
4 94
4 97
5 6
5 9
5 10
5 11
5 14
5 19
5 20
5 23
5 25
5 28
5 30
5 33
5 35
5 36
5 38
5 41
5 43
5 45
5 46
5 49
5 50
5 51
5 53
5 54
5 55
5 57
5 59
5 61
5 62
5 63
5 64
5 69
5 70
5 74
5 75
5 76
5 77
5 78
5 86
5 87
5 89
5 90
5 94
5 95
5 96
5 99
6 8
6 9
6 12
6 14
6 15
6 17
6 18
6 19
6 23
6 24
6 27
6 28
6 29
6 31
6 35
6 38
6 39
6 40
6 41
6 47
6 49
6 52
6 54
6 55
6 57
6 60
6 61
6 62
6 65
6 66
6 69
6 72
6 75
6 76
6 77
6 78
6 80
6 83
6 84
6 86
6 88
6 89
6 94
6 97
6 99
7 8
7 10
7 12
7 14
7 17
7 20
7 22
7 24
7 25
7 26
7 27
7 29
7 30
7 31
7 34
7 38
7 41
7 43
7 44
7 47
7 48
7 50
7 51
7 53
7 55
7 60
7 61
7 62
7 64
7 66
7 67
7 68
7 69
7 74
7 75
7 76
7 77
7 78
7 79
7 80
7 81
7 82
7 83
7 84
7 86
7 89
7 90
7 92
7 95
7 97
7 98
8 10
8 12
8 14
8 18
8 19
8 21
8 22
8 23
8 26
8 27
8 28
8 30
8 33
8 35
8 36
8 39
8 40
8 44
8 46
8 48
8 49
8 50
8 52
8 53
8 54
8 59
8 61
8 62
8 64
8 67
8 69
8 71
8 73
8 75
8 77
8 78
8 79
8 80
8 81
8 83
8 84
8 86
8 88
8 91
8 93
8 98
8 99
9 10
9 11
9 15
9 16
9 19
9 21
9 22
9 23
9 25
9 27
9 29
9 30
9 31
9 33
9 35
9 36
9 42
9 43
9 44
9 47
9 50
9 57
9 59
9 60
9 61
9 64
9 68
9 70
9 74
9 76
9 80
9 81
9 83
9 84
9 87
9 88
9 90
9 91
9 92
9 93
9 95
9 97
9 99
10 11
10 14
10 17
10 18
10 19
10 21
10 24
10 26
10 30
10 37
10 39
10 40
10 41
10 42
10 45
10 48
10 49
10 50
10 52
10 54
10 55
10 56
10 63
10 64
10 66
10 67
10 68
10 71
10 72
10 73
10 74
10 75
10 77
10 79
10 80
10 86
10 92
10 93
10 94
10 95
10 96
11 12
11 13
11 15
11 17
11 18
11 21
11 23
11 24
11 25
11 27
11 29
11 31
11 32
11 34
11 35
11 38
11 43
11 45
11 49
11 53
11 54
11 55
11 57
11 58
11 60
11 61
11 62
11 63
11 64
11 66
11 71
11 75
11 77
11 82
11 84
11 87
11 88
11 89
11 91
11 93
12 14
12 15
12 17
12 24
12 26
12 31
12 34
12 35
12 36
12 37
12 40
12 41
12 42
12 43
12 45
12 52
12 53
12 55
12 58
12 61
12 64
12 65
12 67
12 68
12 70
12 71
12 72
12 74
12 76
12 77
12 79
12 80
12 81
12 84
12 85
12 86
12 87
12 89
12 90
12 91
12 92
12 93
12 95
12 96
13 14
13 15
13 16
13 18
13 20
13 21
13 22
13 24
13 25
13 26
13 28
13 29
13 31
13 34
13 35
13 36
13 37
13 40
13 41
13 43
13 47
13 50
13 52
13 54
13 55
13 56
13 57
13 60
13 61
13 62
13 63
13 64
13 65
13 67
13 69
13 73
13 74
13 77
13 78
13 80
13 81
13 85
13 89
13 90
13 92
13 93
13 94
13 95
13 99
14 16
14 19
14 21
14 28
14 31
14 32
14 33
14 34
14 35
14 38
14 42
14 43
14 45
14 48
14 51
14 52
14 53
14 54
14 60
14 62
14 64
14 66
14 67
14 74
14 75
14 76
14 78
14 79
14 80
14 81
14 82
14 84
14 85
14 86
14 87
14 88
14 91
14 93
14 94
14 95
14 97
14 98
15 17
15 18
15 21
15 22
15 23
15 24
15 26
15 30
15 32
15 33
15 36
15 39
15 41
15 42
15 45
15 46
15 47
15 48
15 50
15 51
15 52
15 54
15 55
15 59
15 60
15 62
15 63
15 65
15 66
15 73
15 75
15 76
15 77
15 78
15 79
15 81
15 84
15 88
15 89
15 91
15 92
15 93
15 94
15 96
15 97
16 17
16 20
16 21
16 24
16 25
16 26
16 29
16 34
16 35
16 36
16 37
16 39
16 40
16 41
16 43
16 44
16 46
16 47
16 51
16 52
16 55
16 56
16 60
16 62
16 66
16 68
16 71
16 72
16 73
16 74
16 76
16 80
16 81
16 82
16 83
16 84
16 85
16 86
16 89
16 91
16 92
16 95
16 97
16 99
17 18
17 19
17 20
17 21
17 23
17 25
17 26
17 33
17 34
17 38
17 43
17 44
17 49
17 50
17 51
17 52
17 53
17 55
17 56
17 64
17 71
17 73
17 79
17 80
17 82
17 83
17 85
17 91
17 95
17 96
17 97
18 23
18 27
18 28
18 30
18 31
18 32
18 34
18 36
18 38
18 39
18 40
18 41
18 43
18 44
18 46
18 49
18 50
18 52
18 53
18 56
18 57
18 59
18 60
18 62
18 64
18 65
18 67
18 68
18 73
18 77
18 78
18 80
18 81
18 83
18 84
18 86
18 87
18 88
18 90
18 91
18 92
18 93
18 97
18 99
19 23
19 24
19 26
19 28
19 29
19 32
19 33
19 34
19 40
19 44
19 45
19 46
19 48
19 49
19 51
19 52
19 54
19 55
19 56
19 58
19 60
19 61
19 62
19 63
19 67
19 68
19 70
19 72
19 73
19 74
19 76
19 77
19 79
19 83
19 86
19 88
19 89
19 94
19 95
19 97
20 23
20 24
20 25
20 28
20 29
20 30
20 31
20 32
20 34
20 35
20 37
20 40
20 41
20 45
20 46
20 47
20 48
20 50
20 51
20 52
20 55
20 57
20 58
20 59
20 60
20 62
20 63
20 64
20 65
20 69
20 70
20 71
20 74
20 77
20 79
20 81
20 82
20 87
20 88
20 89
20 90
20 93
20 96
20 98
20 99
21 22
21 23
21 24
21 26
21 29
21 30
21 31
21 33
21 34
21 35
21 37
21 38
21 39
21 43
21 44
21 46
21 53
21 55
21 56
21 57
21 59
21 61
21 62
21 64
21 68
21 69
21 70
21 72
21 73
21 74
21 77
21 80
21 82
21 83
21 91
21 93
21 95
21 96
21 97
21 99
22 27
22 29
22 34
22 35
22 36
22 38
22 39
22 40
22 42
22 45
22 46
22 50
22 52
22 53
22 54
22 59
22 61
22 62
22 64
22 65
22 67
22 68
22 70
22 71
22 73
22 74
22 75
22 76
22 77
22 78
22 79
22 82
22 86
22 88
22 89
22 91
22 94
22 96
22 97
23 24
23 25
23 26
23 28
23 29
23 30
23 32
23 33
23 35
23 36
23 38
23 39
23 40
23 42
23 44
23 45
23 49
23 51
23 55
23 57
23 61
23 63
23 66
23 67
23 68
23 74
23 75
23 77
23 78
23 82
23 86
23 88
23 90
23 92
23 94
23 96
23 97
23 98
23 99
24 29
24 33
24 34
24 35
24 36
24 37
24 38
24 40
24 42
24 44
24 45
24 46
24 48
24 50
24 51
24 52
24 55
24 56
24 57
24 59
24 64
24 65
24 70
24 71
24 72
24 76
24 77
24 79
24 80
24 81
24 82
24 85
24 86
24 88
24 90
24 94
24 95
25 26
25 27
25 29
25 30
25 31
25 34
25 35
25 36
25 39
25 41
25 44
25 45
25 47
25 48
25 49
25 50
25 51
25 52
25 53
25 54
25 57
25 58
25 59
25 61
25 62
25 64
25 71
25 74
25 75
25 78
25 80
25 81
25 82
25 84
25 86
25 87
25 89
25 90
25 91
25 92
25 94
25 98
25 99
26 27
26 28
26 31
26 33
26 34
26 40
26 42
26 43
26 45
26 46
26 47
26 49
26 50
26 52
26 53
26 54
26 63
26 64
26 66
26 67
26 70
26 73
26 76
26 78
26 79
26 81
26 82
26 83
26 85
26 86
26 87
26 89
26 91
26 92
26 93
26 94
26 95
26 98
26 99
27 30
27 31
27 35
27 36
27 39
27 40
27 41
27 44
27 45
27 46
27 47
27 51
27 53
27 55
27 61
27 62
27 66
27 69
27 72
27 74
27 77
27 78
27 79
27 82
27 85
27 86
27 90
27 91
27 92
27 95
27 97
28 33
28 34
28 35
28 36
28 40
28 44
28 48
28 53
28 54
28 55
28 57
28 58
28 59
28 60
28 64
28 65
28 67
28 68
28 70
28 72
28 79
28 80
28 82
28 86
28 88
28 89
28 90
28 94
28 95
28 96
28 98
29 30
29 32
29 33
29 37
29 44
29 45
29 49
29 52
29 54
29 60
29 65
29 66
29 71
29 73
29 77
29 78
29 80
29 84
29 85
29 86
29 90
29 93
29 97
30 31
30 32
30 35
30 36
30 37
30 38
30 39
30 40
30 45
30 48
30 49
30 50
30 57
30 61
30 62
30 63
30 64
30 65
30 67
30 74
30 75
30 76
30 77
30 78
30 79
30 85
30 88
30 89
30 90
30 92
30 96
30 97
30 98
31 33
31 36
31 38
31 40
31 41
31 44
31 45
31 46
31 50
31 51
31 52
31 53
31 54
31 55
31 58
31 60
31 62
31 64
31 65
31 66
31 67
31 68
31 70
31 72
31 73
31 74
31 75
31 76
31 79
31 87
31 88
31 90
31 92
31 93
31 96
31 99
32 36
32 40
32 42
32 44
32 47
32 49
32 52
32 59
32 60
32 62
32 64
32 65
32 71
32 72
32 73
32 77
32 78
32 79
32 80
32 82
32 83
32 84
32 85
32 87
32 89
32 92
32 93
32 94
32 95
32 96
32 97
32 98
33 36
33 39
33 41
33 44
33 45
33 46
33 47
33 48
33 49
33 50
33 53
33 55
33 56
33 57
33 58
33 59
33 61
33 63
33 65
33 68
33 69
33 70
33 71
33 72
33 73
33 74
33 76
33 78
33 79
33 80
33 81
33 82
33 83
33 84
33 85
33 89
33 92
33 95
33 96
34 36
34 43
34 46
34 49
34 50
34 51
34 52
34 55
34 56
34 57
34 58
34 59
34 60
34 62
34 63
34 65
34 66
34 68
34 69
34 70
34 74
34 75
34 76
34 77
34 80
34 82
34 84
34 85
34 87
34 88
34 89
34 95
34 97
34 98
35 42
35 43
35 49
35 50
35 51
35 53
35 54
35 55
35 56
35 57
35 59
35 60
35 62
35 65
35 66
35 67
35 70
35 73
35 75
35 76
35 77
35 79
35 80
35 82
35 85
35 87
35 89
35 92
35 93
35 98
35 99
36 39
36 43
36 46
36 47
36 49
36 50
36 52
36 56
36 57
36 60
36 61
36 62
36 63
36 65
36 67
36 68
36 73
36 77
36 78
36 79
36 80
36 84
36 86
36 90
36 91
36 94
36 96
36 98
36 99
37 38
37 39
37 40
37 42
37 45
37 46
37 47
37 48
37 49
37 50
37 52
37 53
37 54
37 56
37 59
37 60
37 61
37 62
37 63
37 65
37 67
37 68
37 69
37 72
37 73
37 77
37 79
37 80
37 81
37 84
37 88
37 89
37 90
37 91
37 93
37 94
37 95
37 98
37 99
38 41
38 46
38 49
38 50
38 51
38 53
38 54
38 55
38 58
38 60
38 64
38 65
38 67
38 70
38 71
38 74
38 77
38 80
38 85
38 86
38 90
38 95
38 97
38 98
39 41
39 42
39 43
39 47
39 48
39 51
39 52
39 54
39 55
39 56
39 60
39 61
39 62
39 64
39 65
39 66
39 69
39 70
39 71
39 72
39 74
39 75
39 77
39 79
39 81
39 83
39 86
39 88
39 91
39 92
39 94
39 97
39 99
40 41
40 43
40 44
40 48
40 49
40 50
40 52
40 54
40 56
40 57
40 58
40 61
40 63
40 64
40 71
40 72
40 73
40 74
40 75
40 78
40 81
40 82
40 85
40 86
40 87
40 88
40 91
40 92
40 93
40 94
40 98
40 99
41 42
41 43
41 44
41 45
41 48
41 50
41 51
41 55
41 58
41 61
41 63
41 64
41 65
41 68
41 69
41 70
41 71
41 73
41 77
41 78
41 81
41 83
41 84
41 93
41 95
41 96
41 98
42 43
42 44
42 45
42 46
42 49
42 52
42 53
42 55
42 56
42 57
42 61
42 65
42 67
42 68
42 70
42 72
42 75
42 77
42 78
42 82
42 84
42 85
42 88
42 91
42 93
42 94
42 95
42 96
43 44
43 46
43 50
43 51
43 52
43 54
43 55
43 56
43 59
43 60
43 62
43 63
43 65
43 66
43 67
43 69
43 73
43 76
43 77
43 83
43 85
43 86
43 87
43 88
43 95
43 96
44 45
44 47
44 48
44 49
44 51
44 52
44 53
44 56
44 61
44 63
44 64
44 66
44 67
44 69
44 70
44 73
44 74
44 77
44 82
44 86
44 89
44 90
44 94
44 97
44 98
45 47
45 57
45 59
45 60
45 61
45 65
45 66
45 67
45 70
45 74
45 75
45 76
45 81
45 82
45 84
45 85
45 86
45 89
45 90
45 91
45 97
45 99
46 53
46 54
46 58
46 59
46 61
46 62
46 63
46 64
46 66
46 68
46 69
46 70
46 75
46 76
46 77
46 78
46 79
46 80
46 81
46 83
46 84
46 85
46 86
46 87
46 90
46 91
46 92
46 96
46 97
46 98
47 48
47 49
47 51
47 55
47 56
47 57
47 58
47 59
47 60
47 64
47 67
47 70
47 77
47 79
47 81
47 89
47 90
47 95
47 96
47 97
47 98
48 54
48 57
48 59
48 62
48 63
48 64
48 65
48 66
48 68
48 69
48 71
48 72
48 74
48 78
48 83
48 84
48 85
48 88
48 90
48 92
48 93
48 94
48 95
48 98
48 99
49 50
49 52
49 57
49 58
49 59
49 62
49 65
49 66
49 67
49 68
49 69
49 72
49 74
49 75
49 76
49 77
49 79
49 80
49 81
49 82
49 83
49 84
49 85
49 91
49 93
49 96
49 98
49 99
50 51
50 53
50 57
50 58
50 63
50 65
50 66
50 67
50 68
50 70
50 71
50 74
50 76
50 79
50 80
50 82
50 85
50 87
50 88
50 90
50 92
50 93
50 94
50 98
50 99
51 52
51 53
51 54
51 55
51 58
51 59
51 60
51 61
51 62
51 63
51 64
51 65
51 67
51 69
51 74
51 76
51 81
51 83
51 84
51 85
51 90
51 95
51 97
51 99
52 53
52 55
52 56
52 57
52 58
52 61
52 63
52 64
52 65
52 69
52 73
52 74
52 75
52 77
52 79
52 80
52 81
52 83
52 85
52 87
52 90
52 91
52 92
52 93
52 96
52 98
53 54
53 55
53 56
53 57
53 58
53 61
53 62
53 69
53 70
53 71
53 72
53 75
53 79
53 80
53 81
53 84
53 85
53 87
53 88
53 90
53 93
53 98
53 99
54 55
54 57
54 61
54 63
54 64
54 65
54 67
54 70
54 71
54 72
54 73
54 74
54 82
54 84
54 85
54 86
54 87
54 88
54 92
54 94
54 95
54 96
54 97
54 98
55 56
55 58
55 61
55 63
55 68
55 69
55 71
55 72
55 77
55 78
55 79
55 83
55 88
55 90
55 92
55 93
55 94
55 95
55 97
55 99
56 57
56 59
56 60
56 61
56 62
56 63
56 64
56 65
56 66
56 68
56 69
56 70
56 71
56 74
56 76
56 78
56 85
56 87
56 89
56 91
56 92
56 93
56 94
56 95
56 96
56 97
56 98
56 99
57 58
57 62
57 64
57 65
57 68
57 69
57 73
57 80
57 81
57 83
57 84
57 85
57 86
57 87
57 88
57 89
57 90
57 91
57 92
57 93
57 94
57 96
57 97
57 99
58 61
58 64
58 65
58 66
58 68
58 70
58 71
58 73
58 83
58 84
58 87
58 90
58 91
58 94
58 98
59 60
59 61
59 63
59 64
59 65
59 67
59 68
59 72
59 74
59 75
59 77
59 80
59 83
59 85
59 86
59 88
59 91
59 95
59 97
59 98
60 61
60 62
60 66
60 67
60 70
60 72
60 74
60 76
60 77
60 78
60 79
60 81
60 83
60 87
60 90
60 92
60 94
60 97
60 99
61 67
61 68
61 69
61 71
61 74
61 77
61 80
61 81
61 82
61 83
61 84
61 87
61 88
61 91
61 93
61 96
61 98
62 64
62 65
62 67
62 68
62 70
62 72
62 73
62 77
62 78
62 82
62 83
62 86
62 88
62 89
62 91
62 93
62 94
62 95
62 98
63 64
63 69
63 70
63 71
63 74
63 81
63 82
63 84
63 85
63 88
63 93
63 94
63 96
63 97
64 68
64 69
64 71
64 74
64 77
64 79
64 81
64 82
64 83
64 87
64 89
64 94
64 95
64 96
64 97
64 98
64 99
65 66
65 69
65 70
65 72
65 74
65 75
65 76
65 78
65 79
65 81
65 82
65 83
65 84
65 86
65 87
65 88
65 90
65 92
65 94
65 95
65 97
65 99
66 67
66 68
66 69
66 71
66 72
66 74
66 76
66 77
66 79
66 80
66 81
66 85
66 87
66 88
66 89
66 90
66 92
66 94
66 97
67 68
67 69
67 70
67 72
67 74
67 76
67 77
67 79
67 80
67 85
67 92
67 94
67 98
68 70
68 72
68 73
68 75
68 76
68 80
68 81
68 82
68 85
68 86
68 89
68 90
68 94
68 96
68 99
69 72
69 73
69 75
69 76
69 77
69 79
69 83
69 84
69 86
69 88
69 90
69 91
69 94
69 95
69 96
69 97
69 98
70 72
70 75
70 76
70 77
70 80
70 85
70 86
70 87
70 89
70 92
70 94
70 97
70 98
70 99
71 73
71 76
71 77
71 79
71 81
71 82
71 83
71 86
71 87
71 91
71 92
71 93
71 95
71 96
71 99
72 78
72 80
72 81
72 82
72 83
72 86
72 87
72 92
72 93
72 94
72 96
73 75
73 78
73 79
73 84
73 89
73 90
73 91
73 93
73 96
73 99
74 77
74 78
74 79
74 81
74 82
74 87
74 88
74 90
74 94
74 96
74 97
75 80
75 82
75 84
75 86
75 90
75 91
75 93
75 97
76 78
76 79
76 80
76 83
76 85
76 88
76 89
76 90
76 92
76 96
76 97
76 98
76 99
77 79
77 80
77 83
77 87
77 88
77 90
77 91
77 92
77 95
77 98
77 99
78 79
78 80
78 83
78 84
78 85
78 87
78 91
78 92
78 93
78 94
78 95
78 96
78 98
79 80
79 81
79 88
79 89
79 90
79 91
79 93
79 94
79 95
79 98
79 99
80 81
80 82
80 84
80 85
80 87
80 88
80 90
80 93
80 95
80 96
80 97
80 98
81 85
81 86
81 89
81 90
81 93
81 97
82 83
82 86
82 88
82 89
82 90
82 91
82 93
82 94
82 95
82 97
83 84
83 88
83 89
83 92
83 94
83 96
83 97
83 98
84 85
84 86
84 87
84 88
84 89
84 90
84 92
84 96
84 97
84 98
85 86
85 87
85 89
85 90
85 96
85 97
85 99
86 87
86 90
86 96
87 92
87 94
87 98
87 99
88 90
88 91
88 94
88 95
88 96
88 99
89 91
89 92
89 93
89 97
89 99
90 94
90 95
90 97
90 98
91 92
91 94
91 97
91 99
92 94
92 96
93 95
93 96
94 98
95 96
95 98
95 99
97 99
