0 1
0 3
0 5
0 6
0 7
0 8
0 9
0 10
0 13
0 16
0 17
0 18
0 20
0 22
0 25
0 26
0 28
0 31
0 33
0 34
0 39
0 40
0 42
0 45
0 46
0 49
0 56
0 59
0 61
0 63
0 64
0 65
0 66
0 69
0 71
0 75
0 77
0 78
0 84
0 87
0 90
0 91
0 94
0 96
0 99
1 4
1 6
1 7
1 10
1 12
1 15
1 18
1 19
1 20
1 21
1 24
1 26
1 27
1 30
1 32
1 33
1 37
1 38
1 39
1 43
1 46
1 47
1 48
1 49
1 56
1 57
1 60
1 62
1 63
1 64
1 68
1 69
1 71
1 73
1 74
1 76
1 79
1 81
1 82
1 84
1 85
1 88
1 89
1 92
1 93
1 94
1 95
1 99
2 4
2 10
2 11
2 14
2 15
2 16
2 17
2 18
2 19
2 20
2 21
2 22
2 23
2 24
2 25
2 29
2 33
2 35
2 43
2 47
2 49
2 52
2 54
2 65
2 66
2 67
2 71
2 72
2 73
2 76
2 79
2 81
2 84
2 85
2 86
2 89
2 91
2 93
2 97
2 98
3 5
3 6
3 7
3 9
3 10
3 15
3 21
3 22
3 28
3 29
3 30
3 32
3 33
3 35
3 39
3 42
3 43
3 44
3 45
3 47
3 48
3 49
3 51
3 52
3 55
3 57
3 58
3 66
3 68
3 70
3 73
3 74
3 75
3 76
3 78
3 81
3 82
3 83
3 84
3 85
3 91
3 92
3 98
4 5
4 7
4 9
4 10
4 11
4 13
4 14
4 22
4 26
4 27
4 28
4 29
4 30
4 31
4 35
4 36
4 38
4 40
4 41
4 44
4 49
4 51
4 52
4 56
4 57
4 59
4 62
4 64
4 65
4 68
4 69
4 71
4 72
4 74
4 75
4 77
4 78
4 79
4 80
4 84
4 85
4 86
4 87
4 90
4 94
4 99
5 6
5 7
5 8
5 9
5 10
5 12
5 13
5 14
5 15
5 16
5 17
5 21
5 23
5 24
5 26
5 28
5 29
5 30
5 32
5 33
5 36
5 40
5 43
5 44
5 47
5 48
5 49
5 51
5 53
5 54
5 55
5 57
5 60
5 63
5 64
5 65
5 71
5 74
5 76
5 80
5 83
5 84
5 86
5 88
5 90
5 93
5 94
5 96
5 97
5 98
6 9
6 10
6 12
6 13
6 14
6 19
6 24
6 28
6 30
6 33
6 36
6 37
6 38
6 39
6 41
6 46
6 49
6 51
6 52
6 53
6 55
6 56
6 57
6 58
6 61
6 62
6 63
6 64
6 66
6 67
6 68
6 69
6 70
6 71
6 72
6 73
6 75
6 76
6 79
6 81
6 83
6 84
6 85
6 87
6 88
6 89
6 90
6 92
6 95
6 96
6 97
6 99
7 11
7 13
7 16
7 18
7 19
7 20
7 24
7 25
7 29
7 32
7 33
7 34
7 35
7 36
7 41
7 42
7 43
7 45
7 46
7 47
7 49
7 50
7 51
7 54
7 55
7 56
7 57
7 58
7 59
7 65
7 71
7 74
7 76
7 77
7 80
7 83
7 84
7 85
7 86
7 87
7 89
7 90
7 92
7 95
7 97
7 99
8 9
8 10
8 11
8 13
8 16
8 17
8 19
8 21
8 22
8 23
8 25
8 26
8 28
8 30
8 32
8 35
8 36
8 42
8 44
8 46
8 47
8 49
8 50
8 51
8 52
8 53
8 54
8 56
8 57
8 59
8 61
8 62
8 66
8 72
8 74
8 76
8 77
8 78
8 79
8 84
8 85
8 89
8 90
8 91
8 93
8 95
8 96
8 97
8 98
9 12
9 13
9 15
9 18
9 23
9 26
9 27
9 28
9 29
9 30
9 32
9 36
9 37
9 38
9 39
9 42
9 43
9 44
9 45
9 46
9 47
9 48
9 53
9 56
9 57
9 58
9 61
9 64
9 65
9 67
9 68
9 69
9 71
9 73
9 75
9 76
9 78
9 80
9 81
9 82
9 84
9 85
9 86
9 88
9 89
9 92
9 93
9 96
9 97
9 99
10 11
10 12
10 15
10 18
10 19
10 20
10 21
10 22
10 23
10 24
10 27
10 32
10 34
10 39
10 41
10 42
10 45
10 46
10 49
10 51
10 53
10 56
10 57
10 58
10 60
10 61
10 63
10 64
10 66
10 67
10 68
10 71
10 72
10 73
10 74
10 75
10 78
10 79
10 80
10 81
10 82
10 83
10 85
10 89
10 91
10 92
10 94
10 99
11 12
11 13
11 19
11 28
11 30
11 31
11 36
11 38
11 41
11 42
11 44
11 47
11 50
11 52
11 53
11 54
11 55
11 57
11 59
11 61
11 63
11 67
11 68
11 70
11 72
11 75
11 77
11 82
11 84
11 88
11 89
11 92
11 95
11 97
11 98
11 99
12 18
12 19
12 20
12 22
12 26
12 29
12 31
12 34
12 35
12 38
12 42
12 43
12 47
12 48
12 50
12 51
12 52
12 53
12 54
12 55
12 57
12 59
12 60
12 62
12 63
12 66
12 67
12 78
12 82
12 85
12 86
12 88
12 89
12 90
12 96
12 98
13 15
13 17
13 19
13 20
13 23
13 25
13 28
13 30
13 37
13 38
13 46
13 49
13 50
13 51
13 54
13 57
13 61
13 62
13 65
13 69
13 71
13 72
13 74
13 75
13 76
13 77
13 80
13 81
13 82
13 83
13 85
13 87
13 89
13 91
13 93
13 94
13 96
13 98
14 15
14 18
14 19
14 20
14 21
14 22
14 23
14 24
14 26
14 30
14 31
14 32
14 33
14 34
14 35
14 38
14 39
14 40
14 41
14 44
14 47
14 49
14 51
14 57
14 60
14 62
14 63
14 65
14 67
14 70
14 72
14 73
14 74
14 76
14 77
14 79
14 82
14 83
14 84
14 85
14 87
14 88
14 89
14 90
14 92
14 93
14 94
14 95
14 96
14 99
15 18
15 19
15 20
15 21
15 22
15 24
15 25
15 27
15 28
15 29
15 32
15 34
15 35
15 36
15 37
15 38
15 39
15 40
15 41
15 43
15 44
15 48
15 52
15 53
15 54
15 56
15 57
15 61
15 62
15 64
15 66
15 67
15 69
15 71
15 72
15 79
15 80
15 82
15 83
15 86
15 87
15 88
15 89
15 90
15 92
15 94
15 97
15 98
16 17
16 18
16 22
16 23
16 24
16 25
16 28
16 29
16 30
16 33
16 35
16 36
16 37
16 40
16 41
16 42
16 44
16 46
16 48
16 49
16 52
16 53
16 54
16 55
16 59
16 60
16 63
16 65
16 66
16 68
16 69
16 70
16 72
16 73
16 75
16 77
16 78
16 80
16 82
16 85
16 87
16 88
16 89
16 90
16 93
16 94
16 95
16 96
16 98
17 18
17 19
17 20
17 24
17 27
17 30
17 31
17 33
17 37
17 38
17 40
17 41
17 43
17 44
17 45
17 46
17 47
17 50
17 53
17 57
17 60
17 61
17 62
17 63
17 64
17 65
17 67
17 71
17 74
17 75
17 78
17 80
17 81
17 82
17 83
17 84
17 85
17 87
17 88
17 90
17 91
17 92
17 93
17 95
18 20
18 21
18 22
18 24
18 37
18 38
18 39
18 42
18 43
18 44
18 45
18 46
18 47
18 48
18 49
18 51
18 52
18 53
18 54
18 56
18 58
18 60
18 61
18 62
18 65
18 66
18 68
18 69
18 73
18 74
18 80
18 82
18 85
18 87
18 88
18 91
18 94
18 95
18 96
18 97
19 23
19 24
19 26
19 29
19 30
19 33
19 35
19 36
19 38
19 39
19 40
19 41
19 42
19 43
19 44
19 47
19 49
19 51
19 53
19 55
19 57
19 58
19 60
19 61
19 62
19 64
19 68
19 70
19 76
19 78
19 83
19 84
19 86
19 87
19 89
19 98
20 23
20 24
20 27
20 29
20 30
20 31
20 33
20 36
20 37
20 38
20 40
20 41
20 44
20 48
20 56
20 58
20 60
20 63
20 66
20 67
20 68
20 69
20 70
20 71
20 72
20 75
20 76
20 78
20 84
20 86
20 87
20 89
20 91
20 92
20 96
20 98
21 22
21 24
21 27
21 28
21 29
21 30
21 35
21 36
21 37
21 39
21 40
21 41
21 42
21 43
21 47
21 49
21 55
21 57
21 58
21 60
21 61
21 62
21 64
21 72
21 75
21 76
21 78
21 79
21 81
21 82
21 86
21 88
21 89
21 90
21 97
21 98
21 99
22 23
22 24
22 28
22 29
22 31
22 33
22 34
22 38
22 40
22 41
22 43
22 45
22 46
22 47
22 52
22 53
22 54
22 57
22 61
22 62
22 63
22 65
22 68
22 69
22 70
22 72
22 74
22 77
22 78
22 81
22 84
22 85
22 87
22 88
22 89
22 93
22 98
22 99
23 24
23 25
23 27
23 29
23 32
23 33
23 36
23 37
23 40
23 44
23 46
23 48
23 51
23 52
23 53
23 58
23 61
23 63
23 64
23 65
23 66
23 68
23 70
23 71
23 72
23 77
23 78
23 81
23 82
23 84
23 86
23 87
23 88
23 91
23 95
23 96
23 97
23 98
23 99
24 27
24 28
24 29
24 31
24 32
24 33
24 34
24 36
24 38
24 39
24 40
24 41
24 44
24 46
24 47
24 50
24 51
24 53
24 54
24 55
24 56
24 61
24 62
24 64
24 66
24 69
24 70
24 71
24 74
24 77
24 79
24 80
24 84
24 85
24 88
24 94
24 96
24 98
25 27
25 28
25 31
25 33
25 34
25 35
25 37
25 38
25 39
25 40
25 46
25 47
25 48
25 49
25 54
25 60
25 61
25 62
25 64
25 65
25 66
25 67
25 69
25 73
25 86
25 88
25 89
25 91
25 92
25 94
25 95
25 97
25 98
25 99
26 27
26 28
26 30
26 31
26 33
26 35
26 36
26 37
26 38
26 39
26 42
26 43
26 44
26 45
26 47
26 48
26 49
26 50
26 53
26 55
26 56
26 59
26 61
26 62
26 65
26 66
26 69
26 70
26 71
26 72
26 75
26 78
26 80
26 84
26 85
26 86
26 93
26 94
26 95
26 96
26 97
26 98
27 28
27 29
27 30
27 34
27 35
27 36
27 38
27 39
27 42
27 43
27 46
27 47
27 48
27 55
27 56
27 61
27 63
27 64
27 67
27 68
27 70
27 71
27 74
27 79
27 80
27 82
27 83
27 85
27 86
27 88
27 91
28 30
28 32
28 35
28 37
28 38
28 40
28 44
28 45
28 47
28 51
28 53
28 54
28 59
28 61
28 62
28 63
28 64
28 65
28 66
28 67
28 71
28 72
28 73
28 75
28 78
28 79
28 80
28 84
28 86
28 88
28 89
28 91
28 93
28 94
28 96
28 98
29 31
29 32
29 35
29 36
29 37
29 38
29 39
29 41
29 43
29 44
29 45
29 47
29 48
29 50
29 52
29 53
29 54
29 61
29 62
29 65
29 66
29 67
29 68
29 70
29 71
29 73
29 76
29 79
29 82
29 86
29 87
29 88
29 94
30 32
30 38
30 41
30 42
30 43
30 52
30 53
30 55
30 56
30 57
30 58
30 59
30 62
30 63
30 65
30 68
30 69
30 75
30 76
30 78
30 79
30 80
30 83
30 84
30 85
30 86
30 90
30 92
30 93
30 94
30 97
30 98
30 99
31 32
31 33
31 35
31 36
31 37
31 38
31 42
31 45
31 50
31 51
31 53
31 54
31 55
31 57
31 58
31 61
31 63
31 64
31 67
31 69
31 76
31 77
31 80
31 82
31 84
31 89
31 92
31 93
31 94
31 95
31 96
31 99
32 34
32 36
32 39
32 40
32 42
32 43
32 46
32 50
32 51
32 54
32 57
32 58
32 59
32 60
32 62
32 64
32 65
32 68
32 69
32 75
32 76
32 78
32 80
32 81
32 84
32 89
32 91
32 92
32 94
32 97
33 34
33 35
33 36
33 37
33 38
33 40
33 41
33 43
33 44
33 45
33 48
33 49
33 50
33 52
33 53
33 57
33 59
33 63
33 64
33 68
33 69
33 70
33 71
33 72
33 74
33 76
33 78
33 79
33 80
33 81
33 82
33 83
33 85
33 88
33 90
33 92
33 97
33 99
34 35
34 38
34 39
34 40
34 42
34 46
34 49
34 50
34 52
34 54
34 55
34 56
34 57
34 60
34 62
34 63
34 64
34 66
34 72
34 73
34 75
34 77
34 85
34 90
34 94
34 96
34 99
35 36
35 37
35 38
35 40
35 42
35 43
35 44
35 46
35 50
35 54
35 55
35 58
35 59
35 60
35 61
35 62
35 63
35 65
35 66
35 67
35 70
35 72
35 73
35 75
35 76
35 78
35 79
35 80
35 82
35 83
35 84
35 85
35 87
35 88
35 90
35 97
35 99
36 37
36 41
36 42
36 44
36 47
36 49
36 50
36 52
36 53
36 61
36 63
36 65
36 66
36 68
36 70
36 72
36 73
36 74
36 79
36 81
36 83
36 84
36 85
36 86
36 91
36 92
36 94
37 38
37 40
37 41
37 42
37 48
37 51
37 53
37 54
37 59
37 61
37 64
37 66
37 71
37 73
37 75
37 77
37 82
37 84
37 85
37 88
37 89
37 91
37 94
37 97
37 99
38 39
38 40
38 41
38 42
38 43
38 44
38 46
38 47
38 49
38 55
38 57
38 58
38 60
38 62
38 64
38 66
38 68
38 73
38 74
38 75
38 79
38 80
38 84
38 85
38 87
38 90
38 92
38 96
38 97
38 99
39 41
39 42
39 43
39 44
39 45
39 46
39 48
39 50
39 51
39 54
39 56
39 58
39 64
39 68
39 69
39 73
39 75
39 76
39 78
39 79
39 80
39 81
39 83
39 86
39 87
39 88
39 90
39 91
39 93
39 95
39 99
40 41
40 44
40 45
40 47
40 49
40 52
40 54
40 62
40 63
40 68
40 70
40 71
40 72
40 73
40 75
40 76
40 78
40 79
40 81
40 82
40 86
40 87
40 88
40 89
40 93
40 94
40 95
40 96
40 99
41 44
41 49
41 51
41 52
41 55
41 60
41 61
41 62
41 63
41 64
41 65
41 66
41 67
41 68
41 69
41 70
41 71
41 73
41 75
41 81
41 83
41 87
41 89
41 90
41 93
41 94
41 95
41 97
41 99
42 44
42 47
42 48
42 49
42 55
42 61
42 62
42 64
42 65
42 67
42 69
42 77
42 78
42 79
42 80
42 81
42 82
42 83
42 85
42 86
42 88
42 89
42 91
42 92
42 93
42 94
42 95
42 96
42 98
42 99
43 44
43 45
43 47
43 51
43 55
43 58
43 60
43 61
43 63
43 68
43 69
43 70
43 72
43 73
43 74
43 76
43 78
43 81
43 82
43 83
43 84
43 85
43 88
43 89
43 90
43 91
43 93
43 94
43 95
43 98
43 99
44 46
44 48
44 50
44 51
44 53
44 57
44 62
44 64
44 65
44 67
44 75
44 81
44 82
44 83
44 86
44 87
44 89
44 90
44 92
44 93
44 94
44 95
44 97
45 48
45 49
45 50
45 51
45 52
45 54
45 56
45 57
45 61
45 62
45 65
45 68
45 70
45 71
45 73
45 75
45 76
45 77
45 80
45 81
45 84
45 86
45 87
45 88
45 89
45 90
45 91
45 92
45 93
45 94
45 97
45 98
46 49
46 52
46 53
46 54
46 56
46 59
46 61
46 62
46 63
46 64
46 65
46 67
46 69
46 70
46 71
46 72
46 73
46 76
46 77
46 79
46 80
46 81
46 82
46 83
46 88
46 92
46 93
46 95
46 96
46 97
47 50
47 51
47 53
47 54
47 57
47 62
47 63
47 64
47 66
47 68
47 71
47 72
47 74
47 76
47 77
47 78
47 80
47 81
47 87
47 89
47 96
47 99
48 49
48 51
48 52
48 56
48 63
48 66
48 68
48 74
48 75
48 76
48 77
48 79
48 81
48 84
48 85
48 86
48 92
48 93
48 94
48 96
48 97
48 98
48 99
49 50
49 53
49 55
49 59
49 62
49 64
49 65
49 67
49 68
49 70
49 73
49 76
49 83
49 85
49 86
49 87
49 88
49 89
49 91
49 92
49 95
49 96
50 51
50 54
50 57
50 58
50 59
50 60
50 63
50 64
50 65
50 69
50 71
50 72
50 73
50 80
50 81
50 83
50 86
50 87
50 90
50 92
50 94
50 95
50 98
50 99
51 53
51 55
51 56
51 57
51 60
51 63
51 66
51 67
51 68
51 75
51 79
51 81
51 82
51 84
51 85
51 87
51 88
51 89
51 91
51 93
51 96
51 97
51 99
52 53
52 56
52 57
52 58
52 61
52 62
52 63
52 64
52 66
52 68
52 70
52 71
52 72
52 75
52 76
52 80
52 81
52 83
52 85
52 86
52 87
52 88
52 90
52 91
52 93
52 94
52 95
52 96
52 98
53 54
53 55
53 59
53 60
53 63
53 65
53 68
53 74
53 75
53 78
53 79
53 80
53 83
53 84
53 88
53 90
53 91
53 92
53 94
53 96
53 97
53 99
54 55
54 56
54 57
54 58
54 63
54 64
54 65
54 67
54 69
54 72
54 74
54 76
54 80
54 81
54 82
54 83
54 85
54 86
54 88
54 89
54 91
54 98
55 58
55 59
55 60
55 61
55 62
55 64
55 66
55 67
55 68
55 74
55 75
55 78
55 81
55 93
55 94
55 95
55 99
56 59
56 60
56 62
56 65
56 66
56 68
56 69
56 71
56 73
56 76
56 77
56 78
56 79
56 80
56 82
56 84
57 63
57 65
57 73
57 74
57 75
57 76
57 77
57 79
57 80
57 81
57 83
57 85
57 87
57 88
57 90
57 92
57 93
57 94
58 59
58 69
58 71
58 72
58 74
58 77
58 78
58 82
58 86
58 87
58 90
58 92
58 94
58 95
58 97
59 60
59 63
59 65
59 66
59 68
59 69
59 71
59 75
59 76
59 78
59 80
59 81
59 83
59 84
59 86
59 87
59 89
59 91
59 92
59 94
59 95
59 96
59 97
59 99
60 62
60 63
60 65
60 66
60 67
60 68
60 69
60 71
60 74
60 76
60 78
60 79
60 81
60 83
60 85
60 87
60 88
60 94
60 95
60 96
60 97
60 99
61 62
61 63
61 64
61 68
61 69
61 70
61 74
61 75
61 77
61 78
61 80
61 81
61 82
61 83
61 84
61 85
61 86
61 87
61 88
61 89
61 90
61 95
61 96
61 97
61 98
62 63
62 64
62 69
62 71
62 77
62 79
62 81
62 83
62 85
62 90
62 91
62 92
62 95
62 97
62 98
62 99
63 65
63 67
63 69
63 70
63 73
63 74
63 75
63 77
63 78
63 81
63 83
63 84
63 87
63 89
63 91
63 93
63 94
63 98
63 99
64 67
64 68
64 69
64 70
64 72
64 75
64 76
64 80
64 82
64 83
64 84
64 85
64 87
64 89
64 90
64 91
64 94
64 95
64 96
64 98
65 71
65 73
65 77
65 86
65 87
65 89
65 91
65 95
65 97
65 98
66 67
66 68
66 71
66 72
66 74
66 78
66 81
66 83
66 84
66 87
66 89
66 90
66 91
66 92
66 93
66 97
67 70
67 71
67 72
67 75
67 76
67 77
67 79
67 81
67 82
67 83
67 84
67 87
67 91
67 93
67 95
67 96
67 97
67 98
68 70
68 71
68 72
68 75
68 76
68 84
68 85
68 88
68 91
68 92
68 94
68 95
68 96
68 97
68 98
69 74
69 75
69 76
69 78
69 81
69 82
69 83
69 86
69 89
69 92
69 93
69 96
69 97
70 71
70 72
70 73
70 74
70 79
70 80
70 81
70 85
70 86
70 89
70 90
70 93
70 95
70 97
70 98
71 72
71 74
71 75
71 76
71 77
71 78
71 81
71 82
71 84
71 85
71 87
71 89
71 94
71 95
71 96
71 97
71 98
71 99
72 75
72 76
72 78
72 79
72 80
72 84
72 85
72 87
72 89
72 91
72 95
72 96
72 97
72 99
73 75
73 76
73 78
73 79
73 80
73 81
73 82
73 84
73 85
73 87
73 88
73 90
73 95
73 99
74 77
74 82
74 83
74 85
74 86
74 87
74 89
74 90
74 96
74 98
75 76
75 77
75 80
75 82
75 83
75 84
75 85
75 86
75 88
75 89
75 90
75 93
75 96
76 78
76 79
76 80
76 81
76 82
76 83
76 84
76 85
76 86
76 89
76 91
76 92
76 93
76 94
76 95
76 96
77 81
77 82
77 85
77 87
77 90
77 93
77 94
77 96
78 80
78 81
78 82
78 86
78 92
78 94
78 96
78 97
78 98
78 99
79 81
79 82
79 85
79 91
79 92
79 97
79 99
80 81
80 82
80 84
80 85
80 95
80 96
80 97
80 98
80 99
81 84
81 85
81 86
81 88
81 89
81 90
81 94
81 95
81 96
81 98
82 83
82 91
82 92
82 93
82 96
82 97
82 98
82 99
83 84
83 86
83 87
83 89
83 94
83 97
83 98
84 86
84 87
84 88
84 91
84 92
84 94
84 96
84 97
84 99
85 86
85 87
85 88
85 89
85 90
85 91
85 93
85 94
85 96
85 97
85 98
85 99
86 87
86 91
86 96
86 97
86 98
87 89
87 90
87 94
87 98
88 89
88 91
88 92
88 96
88 97
88 98
89 90
89 91
89 94
89 96
89 97
90 94
91 92
91 95
91 99
92 93
92 94
92 98
92 99
93 95
93 96
94 97
95 96
95 98
95 99
98 99
