0 2
0 5
0 9
0 11
0 12
0 13
0 14
0 16
0 17
0 18
0 19
0 23
0 24
0 25
0 26
0 28
0 30
0 31
0 32
0 33
0 35
0 36
0 39
0 42
0 43
0 44
0 49
0 50
0 54
0 63
0 65
0 67
0 68
0 69
0 71
0 72
0 73
0 75
0 78
0 81
0 85
0 87
0 90
0 91
0 92
0 93
0 94
0 95
0 98
0 99
1 4
1 8
1 12
1 13
1 16
1 21
1 24
1 25
1 30
1 32
1 36
1 38
1 39
1 41
1 42
1 46
1 47
1 49
1 52
1 54
1 57
1 63
1 64
1 65
1 68
1 75
1 77
1 79
1 83
1 84
1 86
1 87
1 88
1 90
1 91
1 93
1 94
1 95
1 98
2 3
2 4
2 5
2 7
2 8
2 13
2 14
2 16
2 20
2 22
2 23
2 24
2 26
2 30
2 36
2 37
2 42
2 43
2 46
2 47
2 48
2 49
2 52
2 58
2 59
2 60
2 61
2 65
2 66
2 67
2 70
2 71
2 72
2 73
2 76
2 78
2 80
2 83
2 96
2 99
3 5
3 7
3 8
3 11
3 12
3 14
3 17
3 18
3 19
3 20
3 21
3 22
3 25
3 26
3 27
3 28
3 30
3 31
3 33
3 35
3 37
3 39
3 41
3 42
3 49
3 50
3 51
3 53
3 54
3 55
3 56
3 58
3 62
3 63
3 65
3 66
3 67
3 72
3 74
3 76
3 79
3 80
3 81
3 82
3 86
3 89
3 91
3 92
3 95
3 97
3 98
4 5
4 6
4 9
4 12
4 14
4 15
4 16
4 19
4 20
4 22
4 23
4 28
4 29
4 30
4 31
4 33
4 35
4 37
4 38
4 39
4 40
4 41
4 43
4 44
4 45
4 46
4 49
4 50
4 51
4 58
4 59
4 60
4 62
4 66
4 72
4 73
4 77
4 78
4 79
4 84
4 85
4 87
4 89
4 90
4 91
4 95
4 97
4 98
4 99
5 6
5 9
5 11
5 12
5 13
5 16
5 17
5 19
5 22
5 25
5 28
5 30
5 33
5 35
5 36
5 37
5 39
5 40
5 42
5 43
5 45
5 48
5 53
5 55
5 56
5 57
5 67
5 71
5 74
5 75
5 79
5 80
5 82
5 83
5 87
5 89
5 90
5 92
5 93
5 94
5 95
5 96
5 97
5 98
5 99
6 7
6 9
6 12
6 14
6 15
6 16
6 20
6 21
6 27
6 28
6 30
6 33
6 34
6 35
6 37
6 40
6 45
6 46
6 47
6 48
6 51
6 52
6 53
6 54
6 55
6 57
6 58
6 59
6 61
6 64
6 67
6 69
6 70
6 71
6 72
6 74
6 76
6 77
6 78
6 79
6 80
6 81
6 83
6 84
6 86
6 87
6 88
6 89
6 91
6 92
6 93
6 95
6 96
6 98
6 99
7 11
7 12
7 13
7 15
7 16
7 19
7 23
7 24
7 25
7 26
7 30
7 31
7 34
7 37
7 40
7 42
7 43
7 48
7 51
7 52
7 53
7 54
7 55
7 62
7 63
7 64
7 65
7 66
7 67
7 68
7 70
7 71
7 72
7 73
7 74
7 75
7 76
7 77
7 79
7 80
7 84
7 88
7 89
7 92
7 94
7 95
7 98
7 99
8 10
8 12
8 14
8 15
8 18
8 19
8 20
8 21
8 22
8 23
8 24
8 26
8 27
8 29
8 30
8 33
8 36
8 39
8 40
8 45
8 47
8 51
8 52
8 55
8 56
8 57
8 58
8 59
8 60
8 61
8 65
8 68
8 75
8 77
8 78
8 80
8 81
8 83
8 85
8 89
8 91
8 93
8 95
8 96
8 98
8 99
9 11
9 13
9 16
9 17
9 18
9 19
9 20
9 22
9 23
9 24
9 25
9 26
9 27
9 29
9 30
9 32
9 41
9 43
9 44
9 48
9 49
9 53
9 60
9 62
9 64
9 65
9 66
9 69
9 70
9 71
9 73
9 74
9 75
9 77
9 78
9 79
9 80
9 81
9 82
9 83
9 85
9 87
9 88
9 91
9 92
9 95
9 99
10 12
10 14
10 15
10 16
10 26
10 27
10 28
10 29
10 32
10 33
10 34
10 37
10 38
10 40
10 42
10 45
10 46
10 47
10 48
10 51
10 53
10 54
10 60
10 66
10 67
10 68
10 69
10 75
10 76
10 77
10 79
10 81
10 82
10 83
10 85
10 87
10 88
10 89
10 96
10 98
11 12
11 13
11 14
11 16
11 20
11 24
11 28
11 30
11 31
11 33
11 34
11 35
11 36
11 37
11 38
11 41
11 42
11 52
11 53
11 55
11 59
11 60
11 64
11 65
11 68
11 73
11 77
11 80
11 90
11 93
11 99
12 13
12 14
12 16
12 18
12 20
12 21
12 22
12 24
12 27
12 28
12 30
12 35
12 36
12 37
12 39
12 40
12 41
12 42
12 43
12 44
12 45
12 51
12 52
12 53
12 57
12 58
12 61
12 64
12 65
12 67
12 69
12 70
12 72
12 73
12 79
12 80
12 81
12 82
12 86
12 87
12 89
12 91
12 93
12 98
13 15
13 16
13 17
13 21
13 22
13 26
13 28
13 33
13 34
13 36
13 40
13 45
13 48
13 49
13 50
13 52
13 55
13 56
13 58
13 59
13 60
13 61
13 64
13 66
13 74
13 75
13 77
13 79
13 80
13 81
13 83
13 86
13 87
13 88
13 91
13 92
13 98
13 99
14 16
14 18
14 20
14 21
14 23
14 24
14 26
14 29
14 31
14 32
14 33
14 39
14 41
14 42
14 43
14 45
14 46
14 51
14 54
14 58
14 60
14 65
14 66
14 67
14 68
14 70
14 71
14 73
14 78
14 80
14 82
14 83
14 87
14 92
14 93
14 96
14 99
15 16
15 17
15 18
15 19
15 20
15 23
15 25
15 27
15 30
15 32
15 33
15 37
15 38
15 43
15 45
15 49
15 51
15 53
15 56
15 58
15 60
15 62
15 63
15 64
15 72
15 74
15 75
15 77
15 79
15 82
15 85
15 88
15 89
15 91
15 92
15 96
15 98
15 99
16 18
16 20
16 24
16 26
16 28
16 31
16 32
16 35
16 36
16 39
16 40
16 41
16 43
16 45
16 46
16 47
16 49
16 50
16 54
16 55
16 56
16 57
16 58
16 60
16 61
16 62
16 64
16 65
16 66
16 68
16 72
16 73
16 74
16 77
16 78
16 79
16 81
16 83
16 87
16 89
16 90
16 91
16 93
16 96
16 97
16 98
17 18
17 21
17 23
17 27
17 28
17 30
17 31
17 32
17 34
17 35
17 37
17 39
17 42
17 43
17 44
17 46
17 49
17 52
17 53
17 55
17 56
17 57
17 59
17 61
17 63
17 65
17 66
17 67
17 69
17 71
17 73
17 74
17 75
17 76
17 82
17 87
17 88
17 89
17 90
17 93
17 95
17 96
17 99
18 19
18 21
18 22
18 23
18 25
18 26
18 29
18 31
18 32
18 35
18 36
18 38
18 40
18 41
18 42
18 43
18 45
18 46
18 47
18 48
18 53
18 55
18 56
18 60
18 62
18 63
18 65
18 66
18 68
18 69
18 71
18 72
18 73
18 74
18 75
18 77
18 78
18 80
18 81
18 84
18 87
18 88
18 89
18 92
18 94
18 95
18 97
18 98
18 99
19 20
19 24
19 25
19 26
19 27
19 28
19 29
19 33
19 34
19 35
19 37
19 39
19 42
19 44
19 45
19 47
19 49
19 50
19 51
19 52
19 55
19 57
19 58
19 61
19 63
19 64
19 66
19 70
19 73
19 75
19 78
19 80
19 81
19 84
19 87
19 91
19 94
19 95
19 96
19 98
19 99
20 21
20 25
20 31
20 33
20 34
20 36
20 42
20 43
20 44
20 46
20 49
20 51
20 53
20 57
20 58
20 59
20 60
20 62
20 66
20 67
20 70
20 71
20 72
20 73
20 75
20 79
20 82
20 84
20 85
20 86
20 87
20 90
20 91
20 94
20 95
20 97
20 98
21 22
21 23
21 26
21 27
21 28
21 30
21 31
21 33
21 34
21 35
21 36
21 38
21 39
21 45
21 51
21 52
21 53
21 56
21 57
21 58
21 59
21 60
21 63
21 65
21 72
21 73
21 75
21 80
21 81
21 82
21 83
21 85
21 87
21 88
21 90
21 95
21 97
21 98
22 23
22 28
22 32
22 33
22 37
22 38
22 40
22 44
22 48
22 52
22 56
22 61
22 62
22 65
22 66
22 69
22 72
22 73
22 74
22 81
22 86
22 87
22 88
22 89
22 90
22 92
22 94
22 95
22 98
22 99
23 24
23 25
23 27
23 29
23 31
23 32
23 33
23 34
23 37
23 41
23 43
23 44
23 45
23 46
23 48
23 49
23 50
23 52
23 54
23 56
23 57
23 58
23 59
23 60
23 64
23 65
23 67
23 68
23 69
23 72
23 74
23 75
23 76
23 78
23 80
23 82
23 84
23 85
23 90
23 91
23 93
23 95
23 97
24 25
24 28
24 30
24 36
24 37
24 38
24 43
24 44
24 47
24 48
24 49
24 50
24 54
24 55
24 56
24 58
24 61
24 62
24 63
24 64
24 67
24 69
24 70
24 71
24 73
24 74
24 76
24 79
24 81
24 83
24 84
24 89
24 90
24 92
24 93
24 96
24 97
24 98
24 99
25 26
25 27
25 28
25 29
25 31
25 33
25 34
25 35
25 36
25 38
25 39
25 42
25 45
25 46
25 48
25 50
25 51
25 52
25 53
25 54
25 56
25 59
25 60
25 70
25 72
25 75
25 76
25 78
25 79
25 84
25 87
25 93
25 95
25 96
25 97
25 98
25 99
26 30
26 31
26 34
26 35
26 36
26 38
26 39
26 40
26 43
26 45
26 46
26 47
26 49
26 53
26 54
26 55
26 58
26 60
26 62
26 64
26 67
26 70
26 71
26 73
26 75
26 77
26 78
26 80
26 81
26 82
26 84
26 85
26 86
26 89
26 91
26 92
26 96
26 97
26 98
27 29
27 31
27 32
27 35
27 36
27 37
27 40
27 41
27 43
27 44
27 46
27 48
27 50
27 52
27 53
27 54
27 55
27 60
27 64
27 65
27 66
27 67
27 68
27 74
27 81
27 83
27 84
27 87
27 88
27 89
27 93
27 98
27 99
28 30
28 32
28 33
28 34
28 38
28 45
28 51
28 52
28 54
28 55
28 57
28 59
28 61
28 62
28 64
28 65
28 66
28 70
28 74
28 75
28 78
28 79
28 83
28 84
28 85
28 90
28 91
28 92
28 94
28 96
28 98
28 99
29 30
29 31
29 33
29 34
29 37
29 38
29 40
29 41
29 45
29 46
29 50
29 53
29 54
29 57
29 59
29 60
29 63
29 64
29 65
29 66
29 67
29 69
29 72
29 74
29 75
29 76
29 77
29 78
29 80
29 82
29 84
29 86
29 87
29 89
29 91
29 93
29 94
29 95
29 97
29 98
30 31
30 33
30 36
30 37
30 38
30 39
30 40
30 41
30 42
30 47
30 48
30 49
30 50
30 51
30 57
30 58
30 59
30 60
30 62
30 63
30 64
30 65
30 66
30 67
30 69
30 70
30 74
30 75
30 76
30 77
30 78
30 80
30 83
30 84
30 88
30 90
30 91
30 97
31 33
31 36
31 39
31 41
31 47
31 51
31 56
31 57
31 58
31 60
31 62
31 67
31 69
31 70
31 71
31 72
31 73
31 77
31 79
31 81
31 82
31 83
31 84
31 87
31 91
31 92
31 94
31 96
31 98
32 33
32 34
32 36
32 37
32 39
32 41
32 44
32 47
32 49
32 51
32 55
32 57
32 59
32 60
32 61
32 62
32 63
32 64
32 65
32 66
32 67
32 69
32 70
32 71
32 73
32 74
32 75
32 77
32 80
32 81
32 82
32 84
32 86
32 87
32 88
32 89
32 92
32 93
32 94
32 95
32 96
32 97
32 99
33 37
33 39
33 40
33 41
33 45
33 46
33 48
33 51
33 52
33 54
33 55
33 58
33 59
33 60
33 61
33 63
33 65
33 66
33 68
33 69
33 70
33 71
33 78
33 80
33 81
33 82
33 83
33 84
33 86
33 88
33 91
33 92
33 93
33 94
33 96
34 36
34 37
34 38
34 39
34 40
34 41
34 44
34 46
34 47
34 48
34 53
34 55
34 56
34 58
34 59
34 62
34 63
34 64
34 65
34 66
34 68
34 69
34 71
34 72
34 75
34 76
34 79
34 80
34 82
34 83
34 85
34 87
34 89
34 93
34 94
34 96
34 99
35 36
35 39
35 42
35 45
35 47
35 48
35 49
35 50
35 54
35 57
35 58
35 60
35 61
35 62
35 63
35 64
35 66
35 68
35 69
35 70
35 71
35 73
35 74
35 78
35 79
35 82
35 83
35 84
35 86
35 87
35 89
35 90
35 94
35 95
35 96
35 97
35 98
35 99
36 38
36 39
36 40
36 43
36 46
36 47
36 50
36 52
36 53
36 54
36 55
36 57
36 59
36 60
36 62
36 63
36 64
36 65
36 66
36 67
36 70
36 76
36 77
36 80
36 83
36 85
36 86
36 88
36 89
36 90
36 91
36 93
36 95
36 96
36 98
37 39
37 41
37 49
37 52
37 53
37 54
37 56
37 58
37 59
37 62
37 65
37 66
37 77
37 80
37 81
37 82
37 86
37 90
37 94
37 96
37 99
38 40
38 42
38 44
38 45
38 48
38 49
38 50
38 53
38 54
38 57
38 58
38 59
38 60
38 62
38 66
38 68
38 70
38 71
38 72
38 75
38 77
38 80
38 82
38 83
38 84
38 86
38 87
38 88
38 89
38 90
38 91
38 92
38 96
38 98
39 42
39 43
39 45
39 50
39 51
39 52
39 53
39 54
39 55
39 57
39 60
39 61
39 63
39 64
39 65
39 67
39 68
39 69
39 70
39 71
39 73
39 76
39 77
39 78
39 80
39 81
39 82
39 83
39 84
39 85
39 88
39 89
39 92
39 93
39 96
39 97
39 99
40 41
40 43
40 45
40 47
40 50
40 52
40 53
40 54
40 55
40 61
40 63
40 65
40 66
40 67
40 68
40 69
40 77
40 79
40 82
40 86
40 87
40 88
40 89
40 91
40 94
40 95
40 96
40 99
41 43
41 47
41 48
41 50
41 51
41 54
41 57
41 58
41 59
41 60
41 61
41 65
41 69
41 72
41 78
41 81
41 84
41 87
41 90
41 91
41 92
41 99
42 44
42 45
42 47
42 48
42 49
42 53
42 54
42 57
42 60
42 61
42 62
42 64
42 65
42 68
42 69
42 70
42 71
42 74
42 75
42 77
42 82
42 84
42 86
42 92
42 93
42 94
42 97
42 98
42 99
43 44
43 45
43 48
43 49
43 51
43 52
43 59
43 64
43 66
43 67
43 74
43 77
43 79
43 81
43 87
43 90
43 92
43 96
43 97
43 98
43 99
44 45
44 47
44 48
44 49
44 50
44 51
44 53
44 54
44 55
44 59
44 60
44 62
44 63
44 64
44 65
44 66
44 68
44 69
44 70
44 71
44 72
44 74
44 77
44 78
44 80
44 82
44 83
44 87
44 90
44 93
44 94
44 96
44 97
44 98
44 99
45 46
45 47
45 48
45 49
45 50
45 53
45 54
45 59
45 60
45 63
45 66
45 70
45 71
45 72
45 74
45 75
45 76
45 77
45 78
45 80
45 82
45 84
45 89
45 92
45 94
45 96
45 97
45 98
45 99
46 48
46 52
46 54
46 56
46 59
46 60
46 62
46 63
46 65
46 66
46 68
46 69
46 74
46 75
46 76
46 77
46 80
46 83
46 84
46 87
46 89
46 90
46 92
46 93
46 97
47 49
47 50
47 53
47 54
47 56
47 62
47 64
47 65
47 67
47 68
47 69
47 72
47 73
47 74
47 76
47 77
47 79
47 80
47 82
47 90
47 93
47 94
47 95
48 49
48 50
48 54
48 55
48 57
48 58
48 60
48 61
48 63
48 66
48 68
48 69
48 70
48 72
48 73
48 75
48 76
48 81
48 88
48 89
48 92
48 93
48 95
48 96
48 97
49 52
49 56
49 59
49 60
49 61
49 63
49 66
49 68
49 70
49 72
49 73
49 75
49 78
49 81
49 82
49 84
49 85
49 86
49 87
49 89
49 93
49 95
49 96
49 98
49 99
50 53
50 54
50 55
50 57
50 58
50 61
50 62
50 65
50 66
50 67
50 69
50 71
50 74
50 76
50 79
50 80
50 81
50 82
50 83
50 84
50 86
50 87
50 91
50 92
50 94
50 95
50 96
50 99
51 53
51 54
51 55
51 59
51 63
51 64
51 67
51 69
51 70
51 72
51 81
51 83
51 89
51 90
51 91
51 92
51 94
51 96
51 97
52 55
52 59
52 60
52 62
52 63
52 66
52 72
52 75
52 78
52 79
52 81
52 82
52 87
52 88
52 89
52 90
52 93
52 97
52 98
53 54
53 55
53 57
53 58
53 59
53 61
53 63
53 64
53 67
53 68
53 76
53 78
53 79
53 81
53 82
53 88
53 90
53 93
53 95
54 55
54 56
54 61
54 66
54 67
54 68
54 69
54 70
54 71
54 72
54 75
54 76
54 80
54 81
54 84
54 85
54 86
54 87
54 88
54 89
54 90
54 96
54 97
54 98
55 56
55 57
55 59
55 61
55 63
55 64
55 67
55 68
55 69
55 70
55 73
55 74
55 76
55 78
55 80
55 81
55 82
55 83
55 84
55 85
55 87
55 90
55 91
55 93
55 96
55 98
56 65
56 66
56 67
56 69
56 70
56 75
56 76
56 78
56 83
56 84
56 85
56 86
56 87
56 88
56 90
56 94
56 95
56 96
56 97
56 98
57 58
57 59
57 60
57 63
57 64
57 65
57 67
57 68
57 69
57 71
57 72
57 73
57 75
57 77
57 78
57 79
57 80
57 81
57 82
57 83
57 88
57 90
57 92
57 94
57 96
57 98
58 60
58 61
58 62
58 63
58 64
58 66
58 69
58 70
58 71
58 72
58 74
58 76
58 77
58 80
58 81
58 82
58 83
58 86
58 87
58 89
58 90
58 91
58 92
58 94
58 96
58 98
58 99
59 60
59 62
59 68
59 70
59 72
59 73
59 79
59 80
59 81
59 83
59 84
59 86
59 87
59 88
59 89
59 92
60 61
60 64
60 68
60 69
60 71
60 72
60 74
60 77
60 78
60 79
60 80
60 81
60 83
60 84
60 85
60 86
60 90
60 91
60 96
60 97
61 62
61 63
61 65
61 66
61 70
61 71
61 72
61 73
61 77
61 82
61 83
61 84
61 86
61 89
61 91
61 92
61 93
61 96
61 99
62 63
62 65
62 66
62 68
62 71
62 72
62 74
62 75
62 78
62 81
62 84
62 86
62 88
62 89
62 92
62 93
62 94
62 95
63 67
63 70
63 73
63 74
63 77
63 79
63 81
63 82
63 83
63 86
63 87
63 88
63 89
63 90
63 94
63 95
63 96
63 97
63 98
63 99
64 65
64 66
64 68
64 70
64 71
64 73
64 74
64 75
64 76
64 78
64 79
64 82
64 83
64 84
64 87
64 88
64 91
64 92
64 93
64 94
64 98
65 68
65 69
65 70
65 75
65 76
65 77
65 78
65 79
65 80
65 81
65 82
65 85
65 86
65 88
65 89
65 92
65 94
65 97
65 98
66 67
66 68
66 76
66 77
66 78
66 79
66 80
66 81
66 86
66 87
66 88
66 89
66 90
66 91
66 92
66 94
66 95
67 72
67 73
67 74
67 76
67 77
67 79
67 82
67 83
67 84
67 85
67 87
67 88
67 90
67 92
67 93
67 96
68 69
68 72
68 74
68 76
68 81
68 84
68 85
68 86
68 88
68 89
68 90
68 91
68 92
69 78
69 79
69 81
69 83
69 84
69 86
69 90
69 93
69 95
69 96
69 98
69 99
70 73
70 78
70 80
70 82
70 84
70 85
70 86
70 87
70 90
70 92
70 93
70 96
70 97
70 98
70 99
71 74
71 76
71 78
71 79
71 80
71 81
71 84
71 88
71 89
71 91
71 92
71 94
71 96
71 97
71 99
72 73
72 77
72 78
72 83
72 85
72 86
72 87
72 88
72 89
72 93
72 94
72 96
72 97
72 98
73 74
73 75
73 76
73 77
73 78
73 79
73 80
73 81
73 82
73 83
73 84
73 85
73 87
73 88
73 89
73 90
73 93
73 97
73 98
74 75
74 76
74 77
74 78
74 79
74 82
74 83
74 85
74 91
74 93
74 94
74 95
74 99
75 77
75 81
75 82
75 83
75 84
75 86
75 88
75 91
75 92
75 93
75 94
75 96
75 98
75 99
76 77
76 78
76 79
76 81
76 83
76 84
76 89
76 90
76 91
76 92
76 94
76 95
76 98
77 79
77 80
77 82
77 83
77 86
77 87
77 89
77 91
77 92
77 96
77 99
78 79
78 81
78 83
78 85
78 88
78 92
78 93
78 96
79 82
79 86
79 88
79 90
79 91
79 92
79 95
79 99
80 81
80 82
80 83
80 84
80 87
80 92
80 93
80 94
80 97
80 99
81 83
81 84
81 85
81 86
81 87
81 89
81 94
81 95
81 97
81 99
82 83
82 84
82 87
82 88
82 89
82 90
82 92
82 94
82 98
83 84
83 85
83 86
83 87
83 88
83 89
83 92
83 93
83 95
84 86
84 87
84 88
84 90
84 91
84 93
84 95
84 97
85 86
85 88
85 93
85 96
85 97
85 98
86 87
86 90
86 91
86 94
86 96
86 97
86 98
87 89
87 91
87 94
87 95
87 96
87 97
87 98
87 99
88 89
88 91
88 92
88 94
88 95
88 99
89 90
89 91
89 94
89 95
89 97
90 92
90 94
90 95
90 97
90 99
91 96
91 98
91 99
92 95
92 96
92 98
92 99
93 94
93 95
93 96
93 98
93 99
94 95
95 96
95 99
98 99
