0 2
0 5
0 6
0 7
0 8
0 10
0 11
0 16
0 22
0 23
0 29
0 30
0 33
0 34
0 35
0 36
0 38
0 39
0 40
0 42
0 43
0 45
0 47
0 49
0 50
0 52
0 53
0 56
0 58
0 59
0 61
0 62
0 63
0 68
0 69
0 70
0 72
0 73
0 74
0 75
0 77
0 78
0 79
0 80
0 82
0 84
0 87
0 89
0 90
0 91
0 92
0 93
0 95
0 96
0 97
1 2
1 3
1 4
1 5
1 7
1 9
1 10
1 12
1 13
1 15
1 16
1 19
1 20
1 23
1 25
1 27
1 30
1 31
1 35
1 38
1 39
1 43
1 44
1 49
1 50
1 51
1 53
1 55
1 56
1 57
1 59
1 60
1 61
1 62
1 64
1 65
1 66
1 67
1 68
1 69
1 72
1 73
1 74
1 75
1 77
1 79
1 80
1 81
1 82
1 83
1 84
1 85
1 91
1 93
1 94
1 96
1 98
2 6
2 9
2 11
2 13
2 14
2 16
2 19
2 23
2 24
2 31
2 33
2 34
2 35
2 37
2 38
2 39
2 40
2 41
2 42
2 43
2 44
2 46
2 47
2 48
2 52
2 54
2 55
2 56
2 58
2 60
2 62
2 63
2 66
2 67
2 68
2 70
2 72
2 73
2 75
2 78
2 81
2 85
2 87
2 88
2 90
2 91
2 95
2 97
2 98
3 9
3 11
3 12
3 13
3 14
3 16
3 17
3 18
3 19
3 20
3 21
3 24
3 28
3 31
3 34
3 37
3 38
3 43
3 44
3 48
3 49
3 51
3 56
3 57
3 58
3 62
3 67
3 68
3 69
3 70
3 72
3 74
3 77
3 79
3 80
3 81
3 82
3 83
3 86
3 90
3 93
3 94
3 95
3 96
3 97
3 98
4 5
4 6
4 11
4 13
4 14
4 15
4 16
4 17
4 18
4 21
4 22
4 25
4 26
4 28
4 30
4 31
4 33
4 34
4 35
4 36
4 38
4 40
4 42
4 43
4 46
4 47
4 50
4 52
4 55
4 57
4 59
4 63
4 65
4 67
4 71
4 73
4 75
4 76
4 78
4 79
4 81
4 82
4 88
4 89
4 90
4 93
4 98
4 99
5 6
5 7
5 9
5 10
5 11
5 12
5 13
5 14
5 17
5 19
5 21
5 22
5 25
5 28
5 30
5 31
5 32
5 33
5 34
5 35
5 38
5 39
5 40
5 41
5 43
5 45
5 47
5 49
5 50
5 51
5 54
5 55
5 57
5 59
5 60
5 62
5 63
5 64
5 65
5 66
5 67
5 68
5 70
5 74
5 75
5 77
5 79
5 84
5 85
5 86
5 87
5 88
5 89
5 91
5 93
5 95
5 96
5 97
5 98
5 99
6 7
6 9
6 12
6 13
6 16
6 17
6 18
6 21
6 22
6 23
6 25
6 30
6 32
6 33
6 37
6 40
6 43
6 44
6 45
6 46
6 48
6 49
6 52
6 54
6 55
6 56
6 57
6 60
6 61
6 62
6 63
6 64
6 66
6 67
6 68
6 69
6 70
6 71
6 72
6 77
6 79
6 80
6 82
6 84
6 85
6 88
6 89
6 94
6 97
6 98
6 99
7 10
7 12
7 13
7 15
7 16
7 20
7 22
7 26
7 29
7 32
7 33
7 34
7 35
7 36
7 37
7 38
7 39
7 44
7 48
7 49
7 50
7 51
7 53
7 56
7 63
7 65
7 68
7 70
7 78
7 82
7 85
7 88
7 89
7 90
7 91
7 92
7 94
7 96
7 99
8 11
8 13
8 15
8 16
8 20
8 21
8 22
8 23
8 24
8 27
8 30
8 31
8 34
8 36
8 37
8 39
8 41
8 42
8 43
8 44
8 46
8 51
8 52
8 53
8 54
8 56
8 57
8 60
8 61
8 63
8 65
8 66
8 69
8 70
8 71
8 72
8 77
8 78
8 79
8 80
8 81
8 83
8 85
8 89
8 91
8 92
8 93
8 94
8 97
8 98
9 10
9 11
9 13
9 15
9 16
9 17
9 18
9 19
9 20
9 22
9 23
9 24
9 28
9 29
9 34
9 35
9 38
9 43
9 44
9 46
9 49
9 50
9 51
9 53
9 55
9 57
9 62
9 63
9 66
9 67
9 69
9 71
9 73
9 75
9 76
9 77
9 78
9 86
9 88
9 96
9 98
10 11
10 12
10 13
10 14
10 16
10 17
10 18
10 19
10 21
10 22
10 25
10 28
10 29
10 30
10 32
10 34
10 35
10 37
10 38
10 40
10 43
10 48
10 49
10 50
10 51
10 52
10 54
10 55
10 56
10 57
10 60
10 64
10 65
10 70
10 71
10 72
10 75
10 76
10 77
10 80
10 81
10 84
10 85
10 86
10 89
10 91
10 94
10 97
10 99
11 12
11 16
11 23
11 25
11 28
11 29
11 30
11 33
11 37
11 38
11 41
11 42
11 48
11 50
11 53
11 54
11 55
11 57
11 58
11 59
11 60
11 66
11 67
11 68
11 70
11 71
11 72
11 74
11 75
11 76
11 79
11 82
11 83
11 84
11 88
11 91
11 93
11 95
12 13
12 14
12 19
12 22
12 23
12 24
12 27
12 28
12 29
12 32
12 35
12 36
12 37
12 39
12 40
12 41
12 47
12 48
12 49
12 55
12 58
12 61
12 62
12 63
12 71
12 73
12 74
12 76
12 78
12 79
12 80
12 81
12 82
12 83
12 86
12 87
12 88
12 90
12 91
12 92
12 94
12 95
12 96
12 97
13 15
13 16
13 17
13 18
13 19
13 20
13 22
13 23
13 24
13 25
13 26
13 28
13 29
13 30
13 32
13 34
13 35
13 40
13 43
13 44
13 45
13 46
13 49
13 51
13 53
13 54
13 55
13 57
13 61
13 64
13 66
13 70
13 71
13 72
13 73
13 74
13 78
13 83
13 86
13 87
13 88
13 90
13 91
13 93
13 94
13 95
13 97
14 16
14 17
14 21
14 23
14 24
14 25
14 26
14 27
14 29
14 32
14 34
14 37
14 38
14 40
14 41
14 42
14 43
14 45
14 47
14 51
14 52
14 54
14 56
14 59
14 61
14 64
14 67
14 68
14 70
14 71
14 72
14 73
14 79
14 80
14 82
14 83
14 88
14 89
14 90
14 93
14 94
14 95
14 96
14 98
15 17
15 18
15 22
15 23
15 24
15 25
15 28
15 29
15 31
15 32
15 36
15 38
15 40
15 46
15 48
15 49
15 51
15 52
15 55
15 56
15 58
15 61
15 62
15 63
15 64
15 65
15 66
15 68
15 70
15 71
15 74
15 75
15 76
15 77
15 79
15 80
15 85
15 87
15 89
15 90
15 91
15 92
15 94
15 95
15 97
15 98
15 99
16 17
16 25
16 27
16 28
16 29
16 31
16 32
16 33
16 34
16 35
16 36
16 38
16 39
16 41
16 43
16 45
16 46
16 47
16 50
16 52
16 53
16 56
16 64
16 65
16 67
16 69
16 72
16 74
16 75
16 76
16 77
16 80
16 82
16 84
16 89
16 90
16 92
16 94
16 95
16 96
17 18
17 21
17 25
17 27
17 30
17 31
17 33
17 35
17 38
17 40
17 47
17 49
17 51
17 56
17 57
17 58
17 59
17 62
17 65
17 70
17 71
17 73
17 74
17 77
17 78
17 79
17 81
17 84
17 86
17 87
17 89
17 90
17 95
17 98
17 99
18 19
18 21
18 25
18 26
18 27
18 35
18 36
18 37
18 39
18 40
18 41
18 42
18 45
18 47
18 48
18 50
18 52
18 54
18 58
18 59
18 60
18 62
18 63
18 64
18 67
18 69
18 70
18 71
18 72
18 73
18 74
18 75
18 76
18 78
18 79
18 81
18 83
18 84
18 85
18 86
18 89
18 91
18 93
18 97
18 98
18 99
19 21
19 22
19 25
19 26
19 28
19 29
19 30
19 32
19 33
19 34
19 38
19 41
19 42
19 44
19 47
19 53
19 56
19 57
19 58
19 62
19 64
19 65
19 67
19 68
19 69
19 70
19 72
19 73
19 77
19 78
19 80
19 81
19 83
19 85
19 87
19 88
19 90
19 93
19 96
19 97
19 98
20 21
20 22
20 25
20 26
20 27
20 28
20 31
20 32
20 34
20 37
20 40
20 41
20 42
20 44
20 45
20 46
20 48
20 50
20 53
20 54
20 55
20 59
20 62
20 69
20 74
20 79
20 81
20 82
20 86
20 87
20 89
20 90
20 94
20 95
20 96
20 98
21 22
21 25
21 26
21 27
21 28
21 29
21 30
21 31
21 32
21 36
21 37
21 38
21 43
21 47
21 48
21 50
21 52
21 53
21 54
21 61
21 62
21 63
21 67
21 69
21 70
21 71
21 72
21 73
21 74
21 77
21 79
21 81
21 83
21 86
21 87
21 89
21 93
21 98
21 99
22 23
22 26
22 28
22 31
22 32
22 33
22 34
22 35
22 36
22 37
22 40
22 41
22 42
22 43
22 44
22 45
22 46
22 49
22 50
22 54
22 55
22 59
22 60
22 64
22 66
22 69
22 70
22 71
22 73
22 77
22 79
22 80
22 81
22 82
22 83
22 84
22 85
22 87
22 88
22 90
22 91
22 93
22 94
22 97
23 25
23 26
23 29
23 38
23 42
23 43
23 44
23 45
23 47
23 48
23 50
23 51
23 52
23 53
23 55
23 56
23 61
23 63
23 65
23 68
23 72
23 73
23 76
23 77
23 80
23 81
23 86
23 89
23 91
23 92
23 93
23 96
23 97
23 98
23 99
24 25
24 26
24 27
24 30
24 32
24 33
24 35
24 38
24 39
24 40
24 42
24 45
24 46
24 47
24 48
24 49
24 50
24 52
24 56
24 57
24 59
24 60
24 62
24 64
24 68
24 72
24 73
24 74
24 75
24 79
24 80
24 82
24 83
24 84
24 87
24 88
24 89
24 93
24 94
24 95
24 98
24 99
25 26
25 28
25 30
25 33
25 34
25 38
25 39
25 40
25 41
25 42
25 43
25 48
25 52
25 55
25 56
25 57
25 58
25 61
25 62
25 64
25 65
25 66
25 67
25 70
25 71
25 73
25 74
25 80
25 81
25 84
25 86
25 87
25 91
25 94
25 95
25 97
25 99
26 27
26 28
26 29
26 30
26 31
26 37
26 39
26 40
26 41
26 47
26 48
26 49
26 50
26 51
26 53
26 54
26 56
26 59
26 60
26 62
26 63
26 65
26 69
26 72
26 73
26 74
26 75
26 77
26 81
26 88
26 90
26 93
26 94
26 97
26 98
26 99
27 28
27 29
27 33
27 36
27 38
27 39
27 42
27 43
27 44
27 47
27 53
27 55
27 58
27 59
27 63
27 65
27 69
27 71
27 72
27 79
27 82
27 83
27 85
27 89
27 90
27 91
27 93
27 96
27 97
27 98
28 29
28 32
28 34
28 35
28 37
28 41
28 42
28 43
28 47
28 49
28 50
28 51
28 54
28 55
28 56
28 59
28 61
28 63
28 66
28 71
28 72
28 73
28 74
28 76
28 77
28 78
28 81
28 82
28 83
28 84
28 86
28 87
28 88
28 89
28 90
28 91
28 92
28 96
28 97
28 98
28 99
29 30
29 32
29 33
29 35
29 37
29 39
29 42
29 43
29 44
29 45
29 46
29 47
29 50
29 51
29 52
29 54
29 57
29 58
29 60
29 61
29 62
29 63
29 67
29 68
29 72
29 73
29 74
29 75
29 76
29 77
29 78
29 79
29 83
29 84
29 85
29 89
29 91
29 93
29 94
29 97
29 99
30 32
30 33
30 34
30 37
30 39
30 40
30 41
30 46
30 47
30 51
30 53
30 54
30 55
30 57
30 61
30 65
30 67
30 68
30 69
30 72
30 73
30 77
30 78
30 79
30 80
30 81
30 82
30 83
30 84
30 85
30 89
30 90
30 96
30 97
31 32
31 35
31 38
31 41
31 42
31 44
31 47
31 49
31 53
31 54
31 57
31 58
31 59
31 60
31 61
31 63
31 66
31 71
31 72
31 74
31 75
31 76
31 78
31 79
31 81
31 83
31 88
31 89
31 90
31 91
31 99
32 33
32 35
32 38
32 43
32 45
32 47
32 53
32 57
32 58
32 63
32 66
32 70
32 71
32 73
32 74
32 76
32 79
32 80
32 82
32 85
32 86
32 87
32 89
32 90
32 92
32 93
32 95
32 98
32 99
33 34
33 35
33 37
33 38
33 40
33 41
33 42
33 44
33 45
33 46
33 47
33 48
33 51
33 53
33 55
33 57
33 58
33 59
33 65
33 67
33 69
33 71
33 74
33 76
33 78
33 81
33 82
33 84
33 86
33 88
33 90
33 92
33 93
33 94
33 96
33 99
34 36
34 38
34 39
34 41
34 42
34 46
34 47
34 48
34 51
34 53
34 55
34 60
34 61
34 62
34 63
34 66
34 67
34 68
34 69
34 73
34 75
34 79
34 80
34 83
34 85
34 87
34 88
34 91
34 93
34 95
34 96
34 97
34 98
35 36
35 37
35 38
35 39
35 42
35 43
35 44
35 45
35 48
35 49
35 50
35 51
35 52
35 53
35 54
35 55
35 57
35 59
35 66
35 67
35 72
35 74
35 75
35 80
35 81
35 86
35 87
35 88
35 89
35 90
35 91
35 95
35 96
35 99
36 37
36 40
36 42
36 43
36 45
36 46
36 47
36 48
36 51
36 53
36 54
36 56
36 57
36 61
36 62
36 67
36 68
36 69
36 70
36 71
36 73
36 77
36 78
36 79
36 81
36 82
36 84
36 85
36 86
36 87
36 88
36 90
36 93
36 94
36 96
36 98
36 99
37 38
37 40
37 43
37 45
37 48
37 53
37 57
37 59
37 61
37 62
37 64
37 66
37 68
37 69
37 71
37 72
37 75
37 76
37 77
37 78
37 83
37 85
37 86
37 87
37 94
37 97
37 99
38 42
38 44
38 47
38 51
38 52
38 61
38 64
38 66
38 69
38 70
38 72
38 73
38 78
38 80
38 82
38 83
38 84
38 86
38 87
38 88
38 90
38 91
38 92
38 96
38 97
39 40
39 42
39 43
39 44
39 45
39 46
39 47
39 48
39 50
39 54
39 55
39 59
39 62
39 63
39 64
39 68
39 69
39 71
39 72
39 75
39 77
39 80
39 82
39 83
39 84
39 85
39 86
39 88
39 89
39 91
39 96
39 99
40 41
40 42
40 43
40 45
40 46
40 47
40 48
40 50
40 51
40 52
40 55
40 56
40 57
40 59
40 60
40 61
40 64
40 65
40 66
40 67
40 69
40 70
40 71
40 72
40 73
40 75
40 76
40 78
40 79
40 81
40 82
40 84
40 86
40 88
40 90
40 92
40 93
40 97
40 99
41 46
41 47
41 48
41 53
41 54
41 55
41 56
41 58
41 64
41 65
41 66
41 68
41 69
41 70
41 71
41 72
41 75
41 78
41 79
41 80
41 83
41 86
41 88
41 91
41 94
41 95
41 96
41 97
41 98
42 46
42 47
42 48
42 49
42 50
42 52
42 55
42 56
42 58
42 61
42 63
42 64
42 68
42 69
42 70
42 71
42 73
42 75
42 76
42 77
42 78
42 79
42 80
42 81
42 83
42 84
42 87
42 88
42 92
42 96
42 97
42 99
43 45
43 46
43 48
43 50
43 51
43 53
43 57
43 58
43 59
43 60
43 66
43 68
43 70
43 71
43 72
43 73
43 74
43 76
43 77
43 78
43 81
43 82
43 84
43 85
43 86
43 90
43 91
43 97
43 98
43 99
44 45
44 46
44 47
44 50
44 57
44 60
44 61
44 62
44 63
44 65
44 66
44 69
44 75
44 77
44 80
44 84
44 86
44 87
44 88
44 89
44 90
44 96
44 98
45 46
45 47
45 49
45 50
45 53
45 54
45 55
45 57
45 58
45 59
45 60
45 61
45 63
45 65
45 66
45 67
45 68
45 71
45 72
45 73
45 80
45 82
45 85
45 88
45 89
45 90
45 93
45 95
45 96
45 97
45 98
46 47
46 48
46 49
46 52
46 53
46 55
46 63
46 64
46 65
46 67
46 70
46 72
46 73
46 75
46 77
46 80
46 83
46 85
46 87
46 89
46 90
46 94
46 96
46 97
47 49
47 51
47 53
47 54
47 56
47 57
47 59
47 62
47 63
47 64
47 71
47 73
47 74
47 75
47 76
47 83
47 84
47 86
47 87
47 88
47 90
47 93
47 95
47 97
48 49
48 51
48 62
48 63
48 65
48 67
48 68
48 69
48 70
48 71
48 72
48 73
48 75
48 77
48 79
48 81
48 85
48 87
48 88
48 90
48 94
48 95
48 96
48 98
49 50
49 52
49 56
49 58
49 59
49 62
49 63
49 64
49 68
49 71
49 76
49 82
49 83
49 86
49 87
49 88
49 89
49 92
49 94
49 96
49 97
49 99
50 56
50 59
50 61
50 62
50 64
50 66
50 70
50 71
50 73
50 75
50 77
50 78
50 81
50 86
50 88
50 93
50 95
50 96
50 97
51 52
51 53
51 56
51 59
51 60
51 61
51 62
51 64
51 65
51 68
51 70
51 72
51 74
51 76
51 77
51 81
51 84
51 87
51 89
51 90
51 93
51 94
51 96
51 98
51 99
52 54
52 55
52 56
52 57
52 58
52 59
52 60
52 61
52 62
52 63
52 64
52 69
52 72
52 73
52 75
52 76
52 77
52 80
52 81
52 82
52 88
52 89
52 90
52 92
52 97
53 55
53 56
53 58
53 60
53 62
53 63
53 65
53 70
53 71
53 73
53 74
53 76
53 79
53 80
53 82
53 86
53 87
53 89
53 90
53 92
53 97
54 56
54 57
54 59
54 62
54 64
54 65
54 67
54 68
54 69
54 70
54 71
54 78
54 81
54 83
54 85
54 86
54 89
54 90
54 97
54 98
54 99
55 58
55 59
55 62
55 65
55 66
55 70
55 71
55 73
55 77
55 78
55 79
55 81
55 82
55 83
55 84
55 86
55 89
55 90
55 91
55 93
55 94
55 96
55 98
56 58
56 59
56 63
56 64
56 67
56 69
56 71
56 74
56 75
56 76
56 77
56 78
56 80
56 83
56 84
56 85
56 90
56 91
56 92
56 93
56 96
57 58
57 62
57 63
57 66
57 68
57 69
57 71
57 72
57 73
57 74
57 75
57 81
57 83
57 87
57 88
57 89
57 92
57 94
57 95
57 97
57 98
57 99
58 63
58 65
58 68
58 69
58 70
58 71
58 73
58 74
58 76
58 77
58 78
58 79
58 80
58 83
58 84
58 85
58 88
58 92
58 96
58 97
58 99
59 60
59 73
59 74
59 76
59 77
59 78
59 80
59 82
59 85
59 87
59 88
59 89
59 90
59 91
59 92
59 93
59 96
59 97
60 65
60 71
60 72
60 74
60 76
60 78
60 79
60 81
60 84
60 86
60 90
60 91
60 95
60 96
61 62
61 64
61 65
61 66
61 67
61 69
61 70
61 72
61 73
61 74
61 75
61 76
61 78
61 79
61 81
61 82
61 84
61 87
61 89
61 92
61 93
62 65
62 67
62 68
62 69
62 71
62 72
62 73
62 74
62 77
62 79
62 80
62 81
62 84
62 86
62 87
62 89
62 91
62 92
62 93
62 94
62 97
62 99
63 65
63 68
63 71
63 76
63 77
63 78
63 79
63 84
63 85
63 86
63 87
63 88
63 90
63 91
63 92
63 96
63 98
63 99
64 65
64 67
64 68
64 69
64 70
64 71
64 73
64 74
64 76
64 79
64 81
64 82
64 88
64 93
64 96
64 98
64 99
65 66
65 68
65 73
65 80
65 85
65 86
65 87
65 88
65 89
65 90
65 91
65 92
65 94
65 96
65 97
65 99
66 67
66 68
66 73
66 75
66 78
66 79
66 82
66 83
66 85
66 87
66 88
66 89
66 90
66 93
66 95
66 96
66 97
66 99
67 68
67 71
67 72
67 75
67 77
67 81
67 85
67 86
67 89
67 90
67 91
67 92
67 93
67 95
67 96
67 98
67 99
68 70
68 73
68 77
68 78
68 79
68 81
68 83
68 84
68 86
68 88
68 89
68 90
68 93
68 95
68 98
69 72
69 74
69 80
69 81
69 82
69 86
69 87
69 90
69 91
69 93
70 72
70 73
70 74
70 80
70 85
70 86
70 87
70 88
70 89
70 91
70 92
70 93
70 94
70 97
71 73
71 74
71 77
71 79
71 80
71 81
71 83
71 84
71 85
71 86
71 88
71 93
71 94
71 96
71 98
71 99
72 74
72 75
72 76
72 78
72 79
72 83
72 85
72 87
72 88
72 90
72 91
72 93
72 94
72 95
72 96
72 99
73 74
73 75
73 76
73 77
73 79
73 81
73 83
73 85
73 87
73 88
73 89
73 90
73 95
73 98
74 76
74 77
74 78
74 80
74 83
74 85
74 91
74 92
75 79
75 80
75 81
75 82
75 83
75 84
75 87
75 89
75 95
75 98
76 77
76 78
76 79
76 80
76 81
76 82
76 84
76 85
76 86
76 87
76 88
76 91
76 96
76 98
77 78
77 79
77 80
77 83
77 85
77 87
77 88
77 90
77 92
77 98
77 99
78 79
78 82
78 83
78 86
78 88
78 89
78 91
78 92
78 93
78 94
78 95
78 96
78 97
78 99
79 83
79 84
79 85
79 86
79 87
79 88
79 89
79 90
79 92
79 93
79 99
80 81
80 84
80 85
80 86
80 87
80 88
80 90
80 91
80 92
80 93
80 94
80 97
80 99
81 82
81 85
81 86
81 88
81 89
81 90
81 91
81 92
81 93
81 94
81 95
81 99
82 83
82 84
82 86
82 87
82 89
82 90
82 91
82 95
82 97
82 98
83 85
83 89
83 94
83 95
83 97
83 99
84 86
84 87
84 91
84 99
85 86
85 89
85 91
85 93
85 98
85 99
86 87
86 88
86 89
86 93
86 94
86 97
86 99
87 89
87 90
87 91
87 96
87 97
88 92
88 93
88 96
88 98
88 99
89 92
89 93
89 94
89 95
90 92
90 96
90 99
91 93
91 95
91 97
91 98
91 99
92 93
92 94
92 95
92 96
92 97
92 99
93 95
93 96
93 97
93 99
94 95
94 96
94 99
95 96
95 99
96 97
97 98
97 99
