0 1
0 2
0 3
0 5
0 6
0 8
0 11
0 12
0 13
0 14
0 15
0 16
0 17
0 19
0 21
0 22
0 23
0 24
0 27
0 28
0 31
0 33
0 35
0 36
0 38
0 40
0 41
0 43
0 45
0 46
0 47
0 48
0 49
0 51
0 52
0 53
0 54
0 55
0 56
0 59
0 61
0 64
0 65
0 69
0 74
0 75
0 79
0 81
0 84
0 86
0 88
0 89
0 94
0 97
0 98
1 2
1 6
1 7
1 8
1 9
1 12
1 14
1 15
1 17
1 18
1 19
1 20
1 23
1 29
1 31
1 32
1 33
1 34
1 35
1 36
1 37
1 38
1 40
1 41
1 46
1 48
1 51
1 53
1 54
1 56
1 58
1 64
1 66
1 68
1 69
1 70
1 72
1 75
1 76
1 79
1 80
1 84
1 85
1 89
1 90
1 93
1 97
1 98
2 7
2 8
2 10
2 13
2 14
2 15
2 16
2 17
2 20
2 24
2 25
2 26
2 27
2 30
2 31
2 36
2 37
2 40
2 43
2 47
2 51
2 52
2 53
2 55
2 56
2 57
2 61
2 62
2 63
2 72
2 73
2 74
2 75
2 76
2 78
2 79
2 81
2 85
2 86
2 87
2 91
2 93
2 94
2 95
2 96
2 97
2 98
3 4
3 5
3 6
3 8
3 10
3 12
3 14
3 15
3 16
3 17
3 22
3 23
3 24
3 25
3 28
3 29
3 31
3 32
3 33
3 35
3 36
3 38
3 39
3 40
3 41
3 42
3 44
3 45
3 47
3 50
3 52
3 53
3 54
3 56
3 60
3 62
3 64
3 66
3 68
3 69
3 72
3 74
3 78
3 79
3 80
3 85
3 88
3 89
3 90
3 91
3 92
3 94
3 97
3 98
4 5
4 6
4 9
4 11
4 12
4 15
4 16
4 17
4 18
4 19
4 22
4 24
4 26
4 27
4 32
4 33
4 36
4 42
4 43
4 44
4 46
4 50
4 53
4 56
4 58
4 59
4 65
4 66
4 67
4 69
4 71
4 73
4 74
4 75
4 77
4 78
4 81
4 82
4 83
4 85
4 86
4 87
4 89
4 93
4 96
4 97
4 98
4 99
5 6
5 7
5 10
5 11
5 15
5 18
5 19
5 22
5 23
5 26
5 27
5 31
5 33
5 34
5 35
5 36
5 37
5 38
5 39
5 40
5 41
5 42
5 44
5 46
5 48
5 49
5 50
5 51
5 53
5 55
5 56
5 57
5 58
5 60
5 61
5 62
5 63
5 64
5 67
5 69
5 70
5 74
5 77
5 78
5 81
5 83
5 85
5 88
5 89
5 92
5 94
5 95
5 96
5 97
5 99
6 9
6 11
6 12
6 13
6 17
6 20
6 21
6 22
6 27
6 28
6 29
6 32
6 33
6 34
6 35
6 36
6 38
6 40
6 41
6 44
6 45
6 48
6 49
6 50
6 51
6 52
6 56
6 57
6 58
6 60
6 62
6 63
6 65
6 66
6 67
6 68
6 69
6 70
6 72
6 73
6 79
6 81
6 83
6 84
6 85
6 89
6 92
6 95
6 96
6 99
7 8
7 11
7 12
7 15
7 18
7 19
7 20
7 21
7 22
7 23
7 25
7 27
7 29
7 31
7 33
7 34
7 37
7 38
7 41
7 42
7 44
7 45
7 49
7 50
7 52
7 53
7 55
7 56
7 58
7 63
7 64
7 66
7 67
7 71
7 73
7 74
7 75
7 77
7 79
7 83
7 85
7 86
7 87
7 90
7 92
7 93
7 97
8 9
8 11
8 18
8 20
8 21
8 24
8 26
8 30
8 32
8 34
8 35
8 37
8 38
8 39
8 43
8 44
8 48
8 51
8 54
8 55
8 56
8 64
8 65
8 66
8 72
8 81
8 82
8 89
8 91
8 93
8 95
8 97
9 10
9 12
9 13
9 14
9 15
9 16
9 20
9 22
9 23
9 29
9 30
9 33
9 34
9 37
9 38
9 39
9 40
9 42
9 43
9 46
9 47
9 48
9 50
9 51
9 52
9 53
9 54
9 55
9 56
9 58
9 62
9 63
9 66
9 70
9 71
9 76
9 77
9 81
9 82
9 83
9 84
9 85
9 88
9 92
9 94
9 95
10 11
10 14
10 15
10 16
10 18
10 21
10 23
10 25
10 27
10 29
10 32
10 33
10 34
10 35
10 39
10 40
10 41
10 42
10 45
10 48
10 53
10 57
10 58
10 62
10 64
10 65
10 68
10 69
10 71
10 73
10 75
10 76
10 77
10 78
10 80
10 83
10 84
10 85
10 88
10 89
10 90
10 94
10 97
11 15
11 17
11 18
11 19
11 20
11 21
11 22
11 23
11 27
11 28
11 29
11 34
11 35
11 36
11 39
11 40
11 42
11 43
11 46
11 47
11 49
11 51
11 53
11 55
11 59
11 60
11 62
11 63
11 64
11 66
11 69
11 70
11 75
11 76
11 77
11 79
11 80
11 81
11 85
11 86
11 87
11 93
11 95
11 97
11 98
11 99
12 18
12 19
12 22
12 23
12 24
12 27
12 31
12 33
12 34
12 37
12 40
12 41
12 42
12 44
12 45
12 49
12 50
12 51
12 52
12 53
12 54
12 56
12 57
12 58
12 59
12 61
12 62
12 64
12 65
12 66
12 68
12 70
12 73
12 78
12 83
12 84
12 87
12 88
12 94
12 96
13 14
13 16
13 19
13 21
13 26
13 27
13 28
13 29
13 30
13 31
13 34
13 38
13 41
13 45
13 46
13 47
13 48
13 49
13 53
13 55
13 57
13 58
13 59
13 62
13 63
13 64
13 66
13 73
13 74
13 76
13 78
13 80
13 83
13 84
13 87
13 88
13 89
13 90
13 91
13 92
13 93
13 95
13 96
13 98
14 16
14 20
14 21
14 22
14 23
14 26
14 29
14 31
14 32
14 33
14 37
14 39
14 40
14 41
14 42
14 43
14 46
14 48
14 49
14 51
14 53
14 56
14 57
14 59
14 60
14 63
14 66
14 68
14 70
14 71
14 72
14 76
14 77
14 78
14 81
14 83
14 86
14 88
14 90
14 92
14 97
14 98
14 99
15 17
15 21
15 23
15 24
15 26
15 28
15 29
15 30
15 31
15 32
15 33
15 34
15 35
15 36
15 38
15 40
15 42
15 44
15 45
15 47
15 48
15 49
15 52
15 53
15 54
15 55
15 58
15 60
15 61
15 62
15 65
15 66
15 67
15 68
15 69
15 71
15 72
15 73
15 74
15 77
15 78
15 79
15 84
15 85
15 86
15 87
15 89
15 92
15 94
15 95
15 97
15 99
16 18
16 20
16 21
16 25
16 29
16 30
16 31
16 33
16 34
16 36
16 37
16 41
16 44
16 47
16 48
16 51
16 52
16 54
16 55
16 57
16 59
16 60
16 61
16 62
16 63
16 65
16 69
16 72
16 73
16 74
16 76
16 81
16 82
16 84
16 89
16 92
17 20
17 21
17 25
17 26
17 29
17 31
17 32
17 37
17 38
17 40
17 41
17 45
17 46
17 47
17 52
17 53
17 56
17 57
17 60
17 62
17 65
17 68
17 69
17 71
17 72
17 74
17 77
17 78
17 80
17 81
17 83
17 85
17 86
17 87
17 88
17 89
17 93
17 96
17 99
18 19
18 22
18 25
18 26
18 28
18 30
18 31
18 32
18 33
18 34
18 38
18 40
18 41
18 42
18 43
18 46
18 47
18 49
18 50
18 51
18 52
18 53
18 55
18 57
18 58
18 60
18 61
18 65
18 66
18 68
18 69
18 72
18 75
18 76
18 78
18 80
18 84
18 85
18 88
18 94
18 95
18 96
18 97
19 20
19 22
19 25
19 32
19 34
19 36
19 37
19 41
19 42
19 44
19 46
19 48
19 49
19 52
19 53
19 55
19 57
19 58
19 62
19 64
19 65
19 66
19 68
19 69
19 71
19 73
19 79
19 80
19 81
19 86
19 87
19 89
19 91
19 92
19 93
19 95
19 97
19 98
19 99
20 23
20 25
20 26
20 28
20 30
20 33
20 34
20 36
20 37
20 39
20 40
20 41
20 44
20 45
20 51
20 52
20 53
20 56
20 57
20 58
20 61
20 64
20 65
20 70
20 71
20 73
20 74
20 75
20 76
20 77
20 78
20 80
20 81
20 83
20 89
20 91
20 92
20 93
20 95
20 97
20 98
21 22
21 23
21 27
21 28
21 29
21 30
21 32
21 33
21 35
21 36
21 37
21 38
21 40
21 41
21 42
21 47
21 50
21 51
21 56
21 58
21 59
21 60
21 62
21 64
21 65
21 66
21 67
21 68
21 69
21 74
21 75
21 77
21 78
21 83
21 85
21 91
21 93
21 94
21 96
21 99
22 23
22 25
22 26
22 27
22 28
22 29
22 30
22 32
22 35
22 37
22 38
22 39
22 42
22 43
22 46
22 47
22 50
22 52
22 53
22 54
22 56
22 57
22 59
22 62
22 65
22 68
22 69
22 70
22 71
22 72
22 73
22 74
22 76
22 79
22 80
22 81
22 82
22 83
22 84
22 89
22 91
22 92
22 93
22 95
22 96
22 97
22 98
22 99
23 26
23 28
23 29
23 31
23 33
23 35
23 37
23 38
23 39
23 40
23 42
23 43
23 44
23 46
23 47
23 48
23 50
23 51
23 52
23 53
23 54
23 61
23 62
23 64
23 65
23 68
23 70
23 71
23 73
23 75
23 79
23 82
23 84
23 86
23 87
23 88
23 89
23 90
23 91
23 94
23 95
23 99
24 25
24 27
24 28
24 29
24 30
24 31
24 32
24 33
24 34
24 35
24 42
24 43
24 44
24 45
24 47
24 49
24 50
24 51
24 53
24 58
24 60
24 61
24 63
24 65
24 67
24 69
24 70
24 73
24 74
24 75
24 78
24 79
24 81
24 83
24 86
24 90
24 91
24 92
24 93
24 94
24 96
24 99
25 26
25 27
25 29
25 30
25 33
25 34
25 35
25 36
25 37
25 40
25 41
25 44
25 46
25 49
25 53
25 55
25 57
25 58
25 60
25 65
25 66
25 67
25 69
25 70
25 71
25 72
25 73
25 74
25 77
25 79
25 81
25 82
25 84
25 88
25 89
25 92
25 96
25 97
26 27
26 29
26 31
26 33
26 34
26 37
26 38
26 40
26 41
26 46
26 47
26 49
26 51
26 53
26 55
26 56
26 57
26 60
26 61
26 62
26 63
26 64
26 65
26 66
26 69
26 71
26 75
26 78
26 80
26 82
26 83
26 93
26 95
26 96
27 30
27 31
27 32
27 33
27 34
27 35
27 36
27 37
27 39
27 40
27 41
27 42
27 46
27 47
27 49
27 50
27 52
27 55
27 56
27 57
27 58
27 60
27 62
27 63
27 68
27 69
27 71
27 72
27 76
27 78
27 81
27 83
27 84
27 85
27 86
27 88
27 89
27 91
27 93
27 94
27 95
27 96
27 98
28 30
28 31
28 32
28 33
28 34
28 39
28 40
28 42
28 43
28 45
28 46
28 48
28 49
28 50
28 51
28 56
28 57
28 58
28 59
28 61
28 62
28 64
28 66
28 67
28 68
28 69
28 71
28 73
28 79
28 80
28 81
28 82
28 87
28 90
28 91
28 93
28 94
28 96
28 97
28 99
29 30
29 36
29 37
29 46
29 47
29 48
29 49
29 50
29 51
29 52
29 53
29 55
29 60
29 61
29 63
29 64
29 65
29 66
29 67
29 69
29 70
29 71
29 76
29 77
29 79
29 80
29 87
29 88
29 90
29 92
29 93
29 96
29 97
29 98
30 34
30 36
30 37
30 39
30 40
30 46
30 47
30 50
30 51
30 55
30 62
30 64
30 65
30 68
30 70
30 71
30 72
30 75
30 76
30 77
30 80
30 85
30 86
30 87
30 88
30 89
30 90
30 97
30 98
31 32
31 33
31 38
31 41
31 43
31 44
31 45
31 49
31 51
31 52
31 53
31 54
31 59
31 60
31 61
31 64
31 68
31 72
31 74
31 75
31 77
31 78
31 83
31 84
31 87
31 89
31 91
31 92
31 93
31 96
31 98
32 33
32 37
32 38
32 41
32 42
32 44
32 46
32 48
32 49
32 50
32 52
32 53
32 54
32 57
32 58
32 59
32 60
32 66
32 67
32 68
32 70
32 71
32 72
32 76
32 79
32 82
32 83
32 84
32 85
32 87
32 88
32 90
32 92
32 93
32 97
32 98
32 99
33 35
33 36
33 37
33 38
33 39
33 43
33 45
33 48
33 51
33 53
33 56
33 57
33 58
33 59
33 65
33 66
33 70
33 71
33 72
33 74
33 75
33 77
33 80
33 81
33 82
33 89
33 91
33 93
33 94
33 95
33 96
33 98
33 99
34 35
34 37
34 38
34 41
34 43
34 47
34 48
34 49
34 50
34 53
34 55
34 57
34 59
34 60
34 62
34 65
34 66
34 67
34 68
34 69
34 72
34 73
34 76
34 78
34 79
34 80
34 83
34 85
34 87
34 89
34 90
34 91
34 92
34 93
34 97
35 36
35 37
35 40
35 41
35 44
35 47
35 49
35 51
35 53
35 54
35 55
35 61
35 62
35 66
35 67
35 69
35 71
35 73
35 75
35 76
35 77
35 80
35 81
35 83
35 85
35 86
35 87
35 88
35 89
35 92
35 93
35 95
35 96
35 98
36 37
36 43
36 45
36 53
36 55
36 58
36 60
36 62
36 64
36 66
36 67
36 69
36 70
36 71
36 72
36 74
36 76
36 77
36 78
36 80
36 82
36 83
36 85
36 86
36 89
36 90
36 91
36 92
36 93
36 94
36 96
36 97
36 98
36 99
37 38
37 39
37 40
37 41
37 45
37 49
37 52
37 53
37 57
37 60
37 63
37 66
37 67
37 69
37 70
37 71
37 73
37 75
37 76
37 82
37 84
37 87
37 88
37 89
37 91
37 93
37 94
37 95
37 96
37 98
37 99
38 39
38 40
38 44
38 47
38 48
38 49
38 51
38 58
38 59
38 60
38 61
38 62
38 63
38 64
38 65
38 66
38 67
38 69
38 71
38 72
38 73
38 74
38 77
38 79
38 80
38 82
38 83
38 85
38 86
38 87
38 88
38 91
38 99
39 40
39 41
39 42
39 44
39 45
39 46
39 48
39 49
39 52
39 54
39 56
39 59
39 63
39 64
39 66
39 68
39 70
39 71
39 72
39 75
39 76
39 79
39 82
39 83
39 84
39 86
39 88
39 90
39 91
39 94
39 96
39 97
39 98
40 42
40 45
40 46
40 49
40 50
40 53
40 55
40 57
40 58
40 60
40 61
40 62
40 63
40 66
40 68
40 69
40 71
40 72
40 73
40 77
40 78
40 79
40 81
40 83
40 86
40 87
40 88
40 89
40 90
40 91
40 96
40 97
41 42
41 43
41 44
41 46
41 47
41 49
41 53
41 54
41 55
41 58
41 59
41 60
41 61
41 62
41 66
41 74
41 75
41 76
41 79
41 80
41 82
41 83
41 85
41 87
41 88
41 91
41 93
41 95
42 43
42 45
42 52
42 54
42 57
42 58
42 60
42 61
42 62
42 63
42 65
42 72
42 74
42 76
42 77
42 79
42 81
42 82
42 85
42 86
42 88
42 89
42 91
42 93
42 96
43 46
43 47
43 48
43 49
43 52
43 55
43 57
43 58
43 59
43 64
43 65
43 67
43 69
43 70
43 71
43 72
43 74
43 76
43 77
43 78
43 81
43 82
43 84
43 85
43 87
43 88
43 89
43 94
43 95
43 96
44 48
44 52
44 54
44 56
44 58
44 61
44 65
44 67
44 70
44 71
44 73
44 74
44 75
44 76
44 77
44 79
44 83
44 84
44 90
44 91
44 92
44 93
44 95
44 96
44 98
45 47
45 48
45 49
45 50
45 51
45 53
45 54
45 56
45 58
45 59
45 63
45 68
45 69
45 72
45 73
45 76
45 78
45 79
45 80
45 81
45 83
45 85
45 92
45 94
45 96
45 97
45 98
46 47
46 48
46 49
46 55
46 56
46 61
46 64
46 66
46 67
46 69
46 75
46 76
46 78
46 79
46 80
46 81
46 83
46 84
46 87
46 88
46 91
46 92
46 95
46 96
46 99
47 48
47 49
47 52
47 53
47 54
47 55
47 56
47 58
47 59
47 61
47 62
47 63
47 65
47 67
47 68
47 69
47 70
47 72
47 73
47 74
47 77
47 78
47 82
47 85
47 87
47 89
47 95
48 53
48 55
48 56
48 57
48 58
48 59
48 62
48 63
48 70
48 73
48 74
48 78
48 82
48 84
48 85
48 86
48 87
48 88
48 89
48 90
48 91
48 92
48 93
48 94
48 95
48 96
48 98
49 57
49 58
49 61
49 63
49 64
49 66
49 69
49 72
49 76
49 77
49 79
49 80
49 86
49 87
49 88
49 90
49 92
49 93
49 95
49 99
50 51
50 56
50 57
50 61
50 62
50 65
50 66
50 67
50 70
50 72
50 73
50 76
50 77
50 79
50 91
50 93
50 95
51 53
51 54
51 57
51 59
51 60
51 61
51 62
51 64
51 68
51 70
51 71
51 72
51 73
51 74
51 77
51 78
51 80
51 83
51 84
51 87
51 88
51 91
51 93
51 94
51 97
52 54
52 59
52 61
52 64
52 66
52 67
52 69
52 71
52 73
52 75
52 76
52 77
52 78
52 79
52 84
52 86
52 87
52 88
52 89
52 92
52 95
52 98
52 99
53 55
53 56
53 57
53 58
53 59
53 60
53 62
53 64
53 69
53 71
53 72
53 74
53 75
53 76
53 79
53 81
53 84
53 87
53 96
53 97
54 55
54 58
54 59
54 62
54 65
54 66
54 67
54 71
54 72
54 77
54 80
54 81
54 86
54 87
54 88
54 89
54 91
54 93
54 95
54 96
55 57
55 61
55 63
55 65
55 67
55 71
55 72
55 73
55 74
55 75
55 79
55 81
55 83
55 86
55 88
55 89
55 91
55 92
55 94
55 95
55 96
55 98
55 99
56 58
56 59
56 61
56 65
56 66
56 67
56 68
56 69
56 70
56 71
56 73
56 74
56 75
56 77
56 79
56 80
56 84
56 86
56 89
56 90
56 92
56 97
57 58
57 60
57 61
57 62
57 64
57 65
57 66
57 68
57 69
57 71
57 72
57 73
57 75
57 76
57 77
57 79
57 81
57 83
57 84
57 86
57 87
57 92
57 93
57 97
57 98
57 99
58 59
58 62
58 64
58 67
58 68
58 69
58 70
58 71
58 76
58 77
58 78
58 80
58 84
58 88
58 89
58 91
58 92
58 94
58 96
58 98
59 60
59 62
59 66
59 69
59 73
59 74
59 76
59 78
59 80
59 82
59 83
59 87
59 91
59 92
59 93
59 96
59 97
59 98
59 99
60 61
60 62
60 64
60 65
60 67
60 70
60 71
60 72
60 74
60 76
60 77
60 78
60 81
60 82
60 84
60 88
60 90
60 91
60 93
60 94
60 95
60 97
60 98
60 99
61 62
61 63
61 65
61 66
61 70
61 71
61 72
61 74
61 78
61 79
61 81
61 82
61 83
61 84
61 89
61 90
61 91
61 96
61 97
62 64
62 66
62 67
62 69
62 71
62 73
62 74
62 76
62 77
62 78
62 79
62 81
62 84
62 85
62 86
62 90
62 94
62 96
62 97
62 98
63 65
63 67
63 68
63 69
63 71
63 74
63 76
63 79
63 82
63 84
63 88
63 89
63 90
63 91
63 92
63 93
63 95
63 96
63 98
64 65
64 66
64 69
64 71
64 72
64 73
64 77
64 79
64 82
64 84
64 85
64 86
64 88
64 90
64 93
64 95
65 67
65 68
65 69
65 70
65 73
65 75
65 76
65 80
65 81
65 87
65 89
65 90
65 92
65 94
65 96
65 99
66 67
66 68
66 72
66 73
66 76
66 79
66 80
66 81
66 83
66 84
66 85
66 86
66 88
66 89
66 90
66 91
66 92
66 93
66 94
66 95
66 98
67 69
67 70
67 71
67 72
67 73
67 74
67 75
67 77
67 78
67 79
67 80
67 81
67 83
67 84
67 85
67 87
67 88
67 93
67 95
67 96
67 97
67 99
68 69
68 71
68 73
68 74
68 77
68 81
68 83
68 86
68 87
68 88
68 93
68 97
68 99
69 73
69 74
69 75
69 76
69 84
69 85
69 86
69 88
69 89
69 91
69 92
69 94
69 95
69 99
70 71
70 74
70 75
70 77
70 78
70 80
70 82
70 87
70 88
70 90
70 93
70 95
70 96
70 97
70 98
70 99
71 72
71 73
71 76
71 77
71 79
71 83
71 84
71 85
71 87
71 88
71 89
71 92
71 95
71 97
71 98
72 74
72 80
72 82
72 83
72 87
72 92
72 93
72 94
72 95
72 96
72 97
73 74
73 75
73 78
73 80
73 82
73 84
73 85
73 86
73 87
73 88
73 91
73 92
73 93
73 96
73 97
73 99
74 75
74 77
74 80
74 82
74 83
74 85
74 86
74 87
74 88
74 90
74 91
74 94
74 95
74 96
74 97
74 98
75 77
75 78
75 79
75 82
75 84
75 85
75 87
75 88
75 90
75 91
75 93
75 96
75 98
75 99
76 79
76 83
76 84
76 85
76 89
76 90
76 93
76 96
76 98
77 78
77 80
77 81
77 83
77 84
77 86
77 88
77 91
77 92
77 93
77 95
77 97
77 99
78 82
78 83
78 84
78 88
78 90
78 92
78 94
78 95
78 97
78 98
79 80
79 84
79 85
79 87
79 89
79 92
79 93
79 94
79 95
79 98
79 99
80 81
80 86
80 87
80 90
80 93
80 96
80 98
81 82
81 84
81 86
81 87
81 89
81 90
81 91
81 92
81 93
81 97
81 98
81 99
82 83
82 84
82 85
82 89
82 92
82 93
82 94
82 97
82 98
83 84
83 85
83 86
83 87
83 90
83 91
83 93
83 94
83 95
83 96
83 97
83 98
84 89
84 90
84 92
84 94
84 95
84 96
85 89
85 91
85 94
85 96
85 97
86 87
86 88
86 89
86 96
86 97
87 88
87 92
87 97
87 99
88 90
88 93
88 96
88 99
89 90
89 91
89 92
89 95
89 98
90 91
90 92
90 93
90 95
90 96
90 97
90 99
91 92
91 94
91 96
92 93
92 96
92 98
93 94
93 95
93 98
93 99
94 95
94 96
94 97
94 98
95 99
96 97
96 99
97 99
