0 1
0 2
0 3
0 4
0 5
0 8
0 14
0 15
0 18
0 20
0 22
0 23
0 25
0 26
0 28
0 30
0 31
0 34
0 36
0 40
0 41
0 43
0 44
0 51
0 52
0 53
0 54
0 56
0 57
0 59
0 61
0 62
0 66
0 67
0 70
0 71
0 74
0 79
0 81
0 85
0 87
0 88
0 90
0 94
0 95
1 2
1 4
1 6
1 10
1 11
1 16
1 17
1 18
1 21
1 24
1 25
1 27
1 28
1 29
1 31
1 33
1 34
1 35
1 37
1 38
1 40
1 41
1 42
1 43
1 44
1 49
1 50
1 51
1 53
1 54
1 55
1 56
1 57
1 58
1 61
1 63
1 64
1 65
1 67
1 68
1 70
1 72
1 73
1 76
1 80
1 81
1 84
1 85
1 86
1 87
1 88
1 90
1 91
1 98
2 3
2 10
2 11
2 12
2 13
2 16
2 18
2 19
2 23
2 25
2 27
2 28
2 31
2 32
2 33
2 34
2 37
2 42
2 44
2 45
2 46
2 48
2 49
2 50
2 52
2 61
2 63
2 64
2 65
2 66
2 68
2 69
2 71
2 72
2 76
2 80
2 82
2 83
2 86
2 87
2 89
2 90
2 91
2 93
2 94
2 96
2 97
2 98
3 5
3 6
3 7
3 8
3 10
3 12
3 13
3 14
3 16
3 17
3 20
3 23
3 24
3 28
3 31
3 33
3 34
3 35
3 38
3 40
3 43
3 44
3 47
3 48
3 50
3 52
3 54
3 55
3 57
3 61
3 62
3 65
3 68
3 71
3 73
3 75
3 77
3 78
3 79
3 82
3 85
3 86
3 87
3 88
3 96
3 97
4 7
4 9
4 14
4 15
4 18
4 20
4 21
4 23
4 25
4 28
4 29
4 30
4 31
4 34
4 35
4 37
4 38
4 40
4 41
4 45
4 48
4 49
4 53
4 54
4 55
4 57
4 60
4 61
4 62
4 65
4 66
4 68
4 69
4 73
4 74
4 75
4 77
4 78
4 79
4 80
4 82
4 83
4 85
4 87
4 89
4 90
4 93
4 95
4 96
4 99
5 6
5 8
5 10
5 11
5 13
5 19
5 20
5 23
5 25
5 26
5 30
5 32
5 34
5 35
5 37
5 39
5 41
5 42
5 47
5 48
5 54
5 56
5 57
5 58
5 60
5 63
5 64
5 65
5 66
5 69
5 70
5 71
5 72
5 76
5 77
5 78
5 81
5 82
5 83
5 84
5 92
5 94
5 95
5 96
5 97
5 99
6 9
6 10
6 11
6 14
6 15
6 16
6 20
6 24
6 26
6 27
6 28
6 29
6 30
6 31
6 32
6 35
6 42
6 44
6 47
6 48
6 49
6 55
6 56
6 58
6 59
6 60
6 65
6 66
6 68
6 71
6 73
6 75
6 76
6 78
6 79
6 81
6 84
6 85
6 86
6 88
6 91
6 92
6 94
6 97
6 98
6 99
7 8
7 9
7 13
7 14
7 15
7 17
7 18
7 20
7 22
7 23
7 25
7 26
7 28
7 30
7 32
7 34
7 35
7 37
7 39
7 41
7 42
7 43
7 44
7 47
7 48
7 51
7 54
7 57
7 58
7 59
7 60
7 62
7 63
7 64
7 66
7 69
7 70
7 71
7 73
7 75
7 77
7 79
7 82
7 83
7 85
7 87
7 88
7 90
7 91
7 92
7 93
7 94
7 98
7 99
8 9
8 11
8 12
8 13
8 14
8 16
8 17
8 18
8 21
8 22
8 23
8 24
8 26
8 27
8 29
8 31
8 34
8 36
8 40
8 41
8 42
8 48
8 51
8 57
8 59
8 60
8 65
8 66
8 70
8 71
8 73
8 77
8 78
8 79
8 80
8 82
8 84
8 88
8 91
8 92
8 93
9 12
9 13
9 14
9 15
9 16
9 17
9 18
9 19
9 20
9 22
9 23
9 24
9 26
9 34
9 35
9 39
9 42
9 45
9 46
9 48
9 50
9 52
9 55
9 56
9 58
9 64
9 66
9 69
9 71
9 72
9 76
9 80
9 84
9 86
9 87
9 88
9 91
9 92
9 94
9 95
9 96
9 99
10 14
10 16
10 17
10 20
10 21
10 23
10 24
10 27
10 31
10 32
10 37
10 41
10 44
10 47
10 48
10 50
10 51
10 56
10 57
10 58
10 59
10 61
10 63
10 65
10 66
10 67
10 69
10 74
10 77
10 79
10 80
10 81
10 84
10 86
10 87
10 88
10 89
10 92
10 94
10 95
10 96
10 99
11 13
11 15
11 16
11 18
11 19
11 21
11 22
11 24
11 25
11 26
11 27
11 29
11 31
11 32
11 33
11 35
11 36
11 37
11 38
11 41
11 42
11 43
11 44
11 45
11 48
11 49
11 50
11 51
11 52
11 53
11 57
11 63
11 66
11 67
11 68
11 73
11 74
11 80
11 81
11 83
11 86
11 87
11 90
11 91
11 93
11 94
11 95
11 96
11 97
11 99
12 14
12 16
12 17
12 18
12 22
12 23
12 25
12 29
12 30
12 32
12 35
12 36
12 37
12 38
12 42
12 45
12 50
12 51
12 52
12 57
12 59
12 61
12 63
12 65
12 66
12 67
12 73
12 74
12 78
12 80
12 83
12 85
12 90
12 95
12 96
12 98
12 99
13 15
13 17
13 21
13 22
13 27
13 29
13 30
13 31
13 32
13 34
13 35
13 37
13 39
13 41
13 42
13 44
13 45
13 50
13 51
13 54
13 56
13 58
13 60
13 61
13 62
13 63
13 64
13 65
13 66
13 68
13 69
13 72
13 74
13 75
13 76
13 80
13 81
13 82
13 83
13 84
13 85
13 89
13 91
13 92
13 94
13 97
13 99
14 18
14 19
14 20
14 21
14 23
14 28
14 30
14 33
14 37
14 38
14 41
14 46
14 49
14 51
14 52
14 53
14 58
14 59
14 61
14 62
14 64
14 65
14 73
14 77
14 78
14 80
14 81
14 84
14 86
14 88
14 90
14 91
14 92
14 96
14 98
14 99
15 17
15 18
15 19
15 20
15 23
15 24
15 27
15 28
15 29
15 31
15 32
15 33
15 34
15 36
15 38
15 39
15 41
15 43
15 44
15 47
15 48
15 50
15 51
15 52
15 60
15 61
15 62
15 63
15 64
15 66
15 70
15 71
15 73
15 74
15 76
15 80
15 81
15 83
15 85
15 86
15 87
15 90
15 95
15 99
16 17
16 20
16 21
16 22
16 23
16 24
16 26
16 27
16 31
16 32
16 35
16 37
16 39
16 42
16 45
16 48
16 50
16 57
16 58
16 59
16 60
16 62
16 63
16 66
16 67
16 68
16 71
16 73
16 77
16 82
16 84
16 85
16 87
16 89
16 90
16 94
16 96
16 97
16 99
17 20
17 22
17 25
17 26
17 29
17 30
17 31
17 32
17 35
17 36
17 37
17 38
17 41
17 43
17 44
17 45
17 47
17 48
17 49
17 51
17 54
17 55
17 60
17 62
17 63
17 64
17 67
17 69
17 72
17 77
17 80
17 81
17 82
17 83
17 84
17 87
17 89
17 90
17 91
17 93
17 95
17 98
18 20
18 21
18 25
18 26
18 28
18 29
18 30
18 31
18 32
18 34
18 35
18 37
18 40
18 43
18 44
18 46
18 48
18 50
18 53
18 56
18 64
18 66
18 69
18 72
18 74
18 76
18 77
18 78
18 79
18 82
18 83
18 85
18 86
18 87
18 88
18 89
18 90
18 92
18 94
18 95
18 96
18 97
18 99
19 20
19 23
19 25
19 29
19 30
19 34
19 38
19 39
19 40
19 44
19 45
19 48
19 50
19 52
19 54
19 56
19 57
19 60
19 61
19 63
19 65
19 66
19 68
19 70
19 73
19 75
19 76
19 77
19 79
19 82
19 83
19 88
19 89
19 90
19 91
19 94
19 96
19 97
19 98
19 99
20 21
20 23
20 24
20 28
20 29
20 31
20 33
20 34
20 36
20 41
20 42
20 45
20 46
20 48
20 49
20 53
20 55
20 59
20 60
20 63
20 65
20 67
20 69
20 71
20 72
20 73
20 75
20 80
20 81
20 82
20 83
20 84
20 87
20 91
20 92
20 94
20 95
20 96
20 98
21 26
21 29
21 30
21 32
21 33
21 34
21 35
21 36
21 37
21 38
21 41
21 42
21 44
21 46
21 47
21 50
21 51
21 53
21 54
21 55
21 56
21 57
21 61
21 62
21 65
21 66
21 67
21 71
21 72
21 73
21 74
21 75
21 76
21 77
21 78
21 81
21 82
21 83
21 84
21 85
21 89
21 90
21 91
21 94
22 24
22 26
22 27
22 28
22 30
22 31
22 32
22 33
22 37
22 38
22 40
22 41
22 44
22 52
22 53
22 54
22 55
22 56
22 59
22 60
22 61
22 66
22 67
22 68
22 71
22 72
22 73
22 75
22 78
22 79
22 82
22 84
22 85
22 89
22 91
22 94
22 95
22 97
23 26
23 31
23 39
23 41
23 43
23 45
23 48
23 49
23 50
23 52
23 53
23 54
23 56
23 57
23 60
23 61
23 62
23 63
23 64
23 66
23 67
23 68
23 69
23 71
23 72
23 74
23 75
23 76
23 78
23 80
23 81
23 85
23 87
23 88
23 89
23 90
23 91
23 92
23 93
23 94
23 95
23 96
23 98
23 99
24 26
24 27
24 28
24 29
24 30
24 32
24 34
24 35
24 39
24 41
24 42
24 45
24 46
24 47
24 49
24 50
24 51
24 52
24 55
24 56
24 57
24 58
24 61
24 64
24 66
24 67
24 68
24 70
24 71
24 72
24 73
24 74
24 79
24 81
24 82
24 83
24 84
24 89
24 90
24 97
25 28
25 29
25 30
25 32
25 33
25 37
25 38
25 39
25 40
25 43
25 46
25 47
25 50
25 51
25 52
25 53
25 55
25 56
25 58
25 60
25 62
25 63
25 64
25 65
25 66
25 67
25 68
25 70
25 71
25 73
25 76
25 80
25 82
25 84
25 86
25 87
25 88
25 90
25 91
25 93
25 94
25 97
25 98
26 29
26 31
26 34
26 35
26 36
26 38
26 39
26 41
26 42
26 45
26 51
26 54
26 57
26 61
26 62
26 63
26 64
26 67
26 69
26 70
26 72
26 73
26 77
26 78
26 85
26 86
26 90
26 91
26 93
26 94
26 95
26 97
27 30
27 32
27 33
27 34
27 38
27 40
27 42
27 43
27 45
27 47
27 48
27 53
27 57
27 62
27 63
27 64
27 68
27 69
27 71
27 75
27 78
27 82
27 86
27 88
27 89
27 91
27 94
27 96
27 98
27 99
28 29
28 33
28 34
28 35
28 37
28 39
28 41
28 44
28 48
28 49
28 51
28 52
28 54
28 56
28 58
28 59
28 62
28 63
28 66
28 67
28 69
28 70
28 71
28 72
28 74
28 76
28 77
28 80
28 82
28 83
28 85
28 86
28 88
28 90
28 91
28 92
28 95
28 96
29 32
29 33
29 34
29 36
29 38
29 39
29 40
29 42
29 43
29 45
29 48
29 49
29 50
29 51
29 53
29 54
29 57
29 58
29 59
29 61
29 63
29 64
29 66
29 70
29 72
29 75
29 76
29 77
29 82
29 84
29 86
29 87
29 89
29 92
29 93
29 96
29 97
29 98
29 99
30 35
30 37
30 41
30 43
30 46
30 48
30 49
30 50
30 57
30 59
30 60
30 63
30 75
30 76
30 78
30 81
30 82
30 88
30 91
30 92
30 96
31 32
31 33
31 35
31 36
31 38
31 41
31 42
31 43
31 47
31 49
31 51
31 52
31 53
31 54
31 55
31 57
31 58
31 61
31 62
31 63
31 65
31 66
31 67
31 68
31 69
31 70
31 71
31 73
31 74
31 75
31 77
31 78
31 79
31 82
31 83
31 86
31 87
31 88
31 94
31 97
31 99
32 33
32 34
32 35
32 40
32 41
32 42
32 43
32 45
32 46
32 47
32 48
32 49
32 50
32 51
32 52
32 56
32 57
32 58
32 60
32 62
32 63
32 65
32 66
32 67
32 69
32 70
32 71
32 75
32 78
32 79
32 80
32 84
32 85
32 87
32 88
32 92
32 93
32 96
32 97
32 98
32 99
33 34
33 37
33 39
33 40
33 41
33 42
33 45
33 46
33 50
33 51
33 53
33 56
33 58
33 59
33 60
33 61
33 62
33 63
33 64
33 65
33 69
33 70
33 71
33 72
33 74
33 76
33 77
33 79
33 83
33 84
33 85
33 86
33 92
33 93
33 95
33 96
33 98
34 37
34 38
34 39
34 41
34 43
34 47
34 50
34 52
34 53
34 54
34 56
34 57
34 60
34 61
34 62
34 63
34 64
34 65
34 71
34 73
34 74
34 78
34 79
34 80
34 84
34 89
34 91
34 92
34 93
34 94
34 95
34 97
34 99
35 38
35 40
35 41
35 42
35 43
35 44
35 45
35 46
35 48
35 52
35 53
35 54
35 56
35 57
35 61
35 64
35 66
35 68
35 72
35 73
35 77
35 83
35 86
35 87
35 89
35 90
35 95
35 96
35 97
35 98
35 99
36 37
36 39
36 44
36 45
36 47
36 48
36 50
36 53
36 55
36 56
36 59
36 60
36 61
36 66
36 70
36 71
36 72
36 75
36 77
36 80
36 82
36 83
36 85
36 87
36 89
36 91
36 93
36 98
36 99
37 39
37 41
37 43
37 44
37 45
37 48
37 49
37 50
37 51
37 52
37 53
37 59
37 60
37 61
37 63
37 66
37 68
37 69
37 71
37 75
37 76
37 78
37 79
37 81
37 85
37 87
37 90
37 92
37 94
37 96
37 97
37 98
38 39
38 42
38 43
38 46
38 47
38 48
38 49
38 52
38 54
38 58
38 59
38 61
38 64
38 65
38 71
38 72
38 75
38 78
38 79
38 80
38 84
38 90
38 91
38 93
38 96
38 97
38 99
39 40
39 41
39 43
39 44
39 48
39 51
39 52
39 53
39 56
39 58
39 62
39 63
39 64
39 66
39 67
39 70
39 74
39 75
39 76
39 78
39 79
39 82
39 84
39 85
39 86
39 90
39 91
39 92
39 95
39 96
40 41
40 46
40 47
40 50
40 52
40 54
40 56
40 57
40 61
40 67
40 68
40 73
40 74
40 76
40 77
40 78
40 83
40 84
40 85
40 87
40 89
40 90
40 94
40 97
41 42
41 48
41 52
41 54
41 58
41 59
41 61
41 62
41 65
41 68
41 69
41 72
41 73
41 74
41 76
41 77
41 78
41 79
41 86
41 89
41 90
41 96
42 45
42 50
42 51
42 52
42 53
42 54
42 55
42 56
42 63
42 68
42 71
42 74
42 75
42 79
42 80
42 84
42 88
42 90
42 98
43 46
43 48
43 49
43 52
43 54
43 56
43 60
43 61
43 62
43 63
43 68
43 69
43 70
43 72
43 73
43 74
43 75
43 76
43 77
43 78
43 79
43 80
43 82
43 84
43 86
43 87
43 88
43 90
43 91
43 94
43 99
44 45
44 50
44 51
44 53
44 54
44 58
44 59
44 63
44 66
44 68
44 69
44 71
44 72
44 74
44 76
44 80
44 83
44 84
44 86
44 87
44 88
44 89
44 92
44 93
44 94
45 46
45 48
45 49
45 51
45 54
45 57
45 58
45 59
45 61
45 62
45 63
45 65
45 67
45 68
45 71
45 72
45 73
45 74
45 77
45 78
45 79
45 82
45 84
45 86
45 87
45 93
45 95
45 98
46 50
46 56
46 58
46 59
46 60
46 61
46 63
46 65
46 71
46 73
46 74
46 78
46 80
46 81
46 85
46 87
46 89
46 91
46 92
46 96
46 99
47 48
47 49
47 50
47 52
47 53
47 57
47 61
47 62
47 63
47 64
47 67
47 68
47 72
47 74
47 75
47 78
47 79
47 80
47 83
47 87
47 88
47 89
47 90
47 91
47 92
47 95
47 96
47 99
48 50
48 52
48 53
48 54
48 55
48 56
48 58
48 61
48 62
48 63
48 65
48 67
48 68
48 69
48 70
48 72
48 73
48 81
48 83
48 85
48 86
48 92
48 93
48 94
48 95
48 97
48 98
48 99
49 56
49 57
49 58
49 61
49 62
49 65
49 68
49 69
49 70
49 73
49 75
49 76
49 78
49 79
49 80
49 81
49 83
49 85
49 88
49 89
49 92
49 94
49 95
49 97
49 98
50 51
50 53
50 55
50 56
50 58
50 59
50 60
50 61
50 63
50 64
50 65
50 66
50 69
50 70
50 73
50 78
50 79
50 82
50 84
50 85
50 86
50 88
50 89
50 90
50 91
50 93
50 94
50 96
50 97
51 52
51 53
51 56
51 58
51 60
51 65
51 68
51 69
51 70
51 71
51 75
51 76
51 77
51 81
51 82
51 84
51 85
51 86
51 88
51 89
51 90
51 91
51 93
51 96
51 97
51 98
51 99
52 53
52 54
52 55
52 58
52 59
52 60
52 61
52 62
52 65
52 68
52 69
52 70
52 71
52 72
52 73
52 74
52 78
52 80
52 83
52 86
52 87
52 93
52 95
52 96
52 97
52 98
52 99
53 55
53 57
53 59
53 60
53 61
53 63
53 71
53 72
53 74
53 75
53 77
53 78
53 84
53 87
53 88
53 89
53 92
53 96
53 98
53 99
54 55
54 57
54 61
54 65
54 66
54 67
54 70
54 71
54 73
54 74
54 75
54 83
54 84
54 86
54 87
54 89
54 90
54 91
54 92
54 93
54 99
55 56
55 57
55 59
55 63
55 64
55 67
55 68
55 69
55 71
55 72
55 73
55 77
55 78
55 83
55 85
55 86
55 88
55 90
55 94
55 97
55 99
56 57
56 58
56 59
56 60
56 62
56 63
56 67
56 68
56 71
56 72
56 75
56 76
56 77
56 78
56 80
56 82
56 83
56 86
56 89
56 90
56 93
56 95
57 59
57 62
57 63
57 66
57 67
57 69
57 73
57 74
57 76
57 77
57 79
57 80
57 86
57 88
57 93
57 94
57 96
57 98
57 99
58 60
58 67
58 68
58 69
58 73
58 76
58 78
58 79
58 80
58 83
58 84
58 85
58 86
58 87
58 88
58 91
58 92
58 93
58 97
58 98
58 99
59 60
59 62
59 63
59 68
59 75
59 76
59 77
59 80
59 81
59 82
59 83
59 84
59 85
59 86
59 87
59 89
59 91
59 92
59 93
59 95
59 96
59 97
59 98
60 70
60 72
60 73
60 75
60 76
60 77
60 78
60 79
60 80
60 81
60 82
60 85
60 87
60 89
60 90
60 91
60 97
61 63
61 64
61 66
61 68
61 69
61 70
61 73
61 78
61 80
61 82
61 83
61 84
61 85
61 86
61 87
61 89
61 93
61 98
62 63
62 68
62 70
62 72
62 73
62 74
62 75
62 76
62 78
62 80
62 81
62 83
62 84
62 88
62 89
62 90
62 92
62 93
62 94
62 95
62 96
62 98
62 99
63 65
63 66
63 68
63 69
63 74
63 75
63 76
63 77
63 78
63 79
63 81
63 82
63 84
63 86
63 90
63 91
63 93
63 95
63 97
63 98
63 99
64 65
64 70
64 72
64 73
64 78
64 80
64 82
64 84
64 88
64 90
64 91
64 93
64 94
64 95
64 96
64 97
64 98
64 99
65 67
65 68
65 69
65 70
65 72
65 73
65 74
65 76
65 78
65 79
65 80
65 82
65 83
65 84
65 85
65 87
65 89
65 92
65 94
65 97
65 99
66 67
66 70
66 71
66 73
66 74
66 76
66 78
66 79
66 80
66 81
66 82
66 84
66 86
66 88
66 89
66 94
66 96
66 97
66 98
67 73
67 76
67 81
67 84
67 86
67 88
67 89
67 90
68 70
68 72
68 73
68 74
68 76
68 77
68 78
68 83
68 85
68 87
68 90
68 91
68 94
68 98
69 70
69 73
69 75
69 77
69 78
69 80
69 81
69 83
69 84
69 86
69 89
69 94
69 96
69 99
70 71
70 74
70 75
70 78
70 79
70 81
70 84
70 86
70 88
70 89
70 93
70 94
70 98
71 72
71 73
71 74
71 75
71 76
71 77
71 78
71 84
71 86
71 89
71 91
71 92
71 93
71 94
71 96
71 97
72 73
72 74
72 75
72 76
72 78
72 80
72 83
72 84
72 85
72 87
72 88
72 89
72 95
72 96
72 98
72 99
73 74
73 76
73 79
73 81
73 84
73 85
73 86
73 88
73 89
73 92
73 93
73 95
73 97
73 99
74 75
74 76
74 77
74 82
74 83
74 85
74 86
74 88
74 89
74 90
74 93
74 94
74 95
74 97
74 98
74 99
75 78
75 80
75 81
75 83
75 84
75 89
75 94
76 78
76 79
76 83
76 84
76 88
76 90
76 94
76 96
76 97
77 80
77 81
77 84
77 88
77 89
77 90
77 92
77 94
77 96
77 97
78 79
78 83
78 84
78 85
78 87
78 89
78 90
78 91
78 93
78 95
78 97
78 98
78 99
79 81
79 82
79 86
79 89
79 96
79 98
80 81
80 82
80 83
80 84
80 85
80 87
80 89
80 92
80 93
80 95
80 96
80 98
80 99
81 84
81 85
81 87
81 90
81 92
81 94
81 95
81 96
81 99
82 84
82 86
82 87
82 89
82 91
82 92
82 94
82 95
82 96
82 97
83 85
83 86
83 87
83 88
83 89
83 91
83 94
83 95
83 96
83 98
84 85
84 88
84 89
84 91
84 94
84 96
84 98
84 99
85 86
85 87
85 88
85 89
85 91
85 93
85 96
85 98
86 87
86 88
86 90
86 91
86 92
86 96
86 98
86 99
87 89
87 90
87 91
87 93
87 94
87 99
88 91
88 93
88 94
88 99
89 92
89 93
89 95
89 99
90 91
90 92
90 94
91 93
91 94
91 96
91 97
91 98
92 96
92 99
93 96
93 97
93 98
94 95
94 96
94 97
95 97
95 98
95 99
96 98
96 99
97 98
97 99
