0 1
0 2
0 4
0 6
0 7
0 8
0 9
0 14
0 15
0 21
0 22
0 24
0 26
0 27
0 28
0 31
0 32
0 36
0 37
0 38
0 41
0 42
0 47
0 48
0 52
0 55
0 56
0 58
0 61
0 62
0 64
0 65
0 67
0 78
0 79
0 80
0 83
0 84
0 85
0 86
0 87
0 88
0 91
0 93
0 98
1 2
1 4
1 7
1 10
1 19
1 23
1 24
1 27
1 28
1 29
1 32
1 33
1 36
1 37
1 40
1 44
1 45
1 47
1 48
1 54
1 56
1 65
1 66
1 67
1 68
1 70
1 72
1 74
1 75
1 77
1 78
1 79
1 80
1 81
1 82
1 83
1 86
1 89
1 90
1 91
1 94
1 95
1 96
1 99
2 3
2 6
2 7
2 12
2 15
2 16
2 18
2 20
2 21
2 24
2 26
2 29
2 30
2 34
2 36
2 39
2 40
2 41
2 42
2 44
2 45
2 48
2 49
2 50
2 51
2 53
2 54
2 57
2 58
2 59
2 60
2 61
2 62
2 63
2 65
2 67
2 68
2 69
2 72
2 77
2 79
2 81
2 82
2 83
2 84
2 85
2 87
2 91
2 92
2 93
2 94
2 99
3 5
3 6
3 7
3 10
3 13
3 16
3 17
3 20
3 21
3 23
3 28
3 29
3 30
3 31
3 32
3 33
3 34
3 37
3 38
3 39
3 40
3 46
3 52
3 53
3 57
3 60
3 61
3 62
3 63
3 65
3 67
3 68
3 69
3 71
3 73
3 74
3 79
3 80
3 81
3 83
3 85
3 86
3 89
3 92
3 96
3 98
4 5
4 6
4 8
4 10
4 11
4 12
4 13
4 14
4 15
4 19
4 21
4 22
4 23
4 24
4 32
4 38
4 43
4 45
4 46
4 47
4 49
4 52
4 53
4 55
4 58
4 59
4 61
4 64
4 65
4 67
4 71
4 72
4 74
4 75
4 76
4 77
4 81
4 82
4 87
4 89
4 90
4 92
4 93
4 95
4 97
4 98
5 10
5 12
5 16
5 18
5 23
5 24
5 29
5 30
5 34
5 36
5 37
5 39
5 41
5 42
5 43
5 44
5 47
5 50
5 51
5 52
5 54
5 55
5 56
5 57
5 59
5 60
5 62
5 64
5 65
5 68
5 70
5 71
5 72
5 75
5 76
5 77
5 80
5 83
5 84
5 86
5 88
5 89
5 91
5 92
5 93
5 94
5 95
5 99
6 7
6 12
6 16
6 19
6 21
6 22
6 23
6 25
6 27
6 29
6 30
6 31
6 33
6 35
6 37
6 40
6 43
6 44
6 47
6 51
6 53
6 55
6 57
6 59
6 63
6 65
6 67
6 69
6 70
6 72
6 74
6 77
6 78
6 81
6 82
6 83
6 85
6 86
6 87
6 89
6 90
6 91
6 92
6 93
6 94
6 95
6 96
6 97
6 98
6 99
7 13
7 23
7 24
7 26
7 27
7 28
7 29
7 30
7 33
7 35
7 36
7 37
7 39
7 41
7 43
7 44
7 45
7 46
7 47
7 50
7 53
7 55
7 56
7 57
7 59
7 61
7 62
7 65
7 66
7 67
7 70
7 71
7 73
7 74
7 76
7 77
7 78
7 79
7 85
7 86
7 88
7 89
7 90
7 92
7 94
7 97
8 10
8 12
8 13
8 15
8 16
8 17
8 21
8 23
8 26
8 30
8 31
8 32
8 34
8 35
8 36
8 37
8 38
8 41
8 42
8 43
8 45
8 46
8 49
8 50
8 52
8 53
8 54
8 56
8 57
8 59
8 60
8 63
8 66
8 70
8 75
8 76
8 77
8 80
8 82
8 83
8 85
8 86
8 87
8 88
8 89
8 90
8 93
8 94
8 97
8 98
8 99
9 10
9 12
9 15
9 16
9 19
9 20
9 21
9 22
9 27
9 28
9 29
9 30
9 33
9 34
9 38
9 40
9 41
9 47
9 48
9 55
9 58
9 62
9 65
9 66
9 67
9 71
9 72
9 73
9 74
9 80
9 81
9 83
9 85
9 87
9 88
9 89
9 90
9 93
9 97
9 99
10 11
10 12
10 13
10 14
10 17
10 18
10 22
10 28
10 31
10 33
10 34
10 37
10 38
10 39
10 41
10 42
10 44
10 45
10 50
10 51
10 52
10 54
10 57
10 59
10 60
10 61
10 62
10 66
10 67
10 71
10 73
10 78
10 85
10 86
10 87
10 89
10 90
10 92
10 95
10 96
10 97
10 98
11 15
11 20
11 22
11 23
11 27
11 30
11 31
11 32
11 34
11 35
11 36
11 37
11 38
11 39
11 40
11 41
11 45
11 46
11 47
11 48
11 50
11 52
11 53
11 57
11 58
11 60
11 63
11 64
11 66
11 68
11 69
11 70
11 71
11 75
11 77
11 78
11 81
11 85
11 86
11 87
11 88
11 89
11 90
11 91
11 92
11 93
11 94
11 96
12 13
12 14
12 15
12 16
12 17
12 19
12 21
12 22
12 24
12 25
12 26
12 27
12 30
12 32
12 39
12 40
12 41
12 42
12 43
12 50
12 56
12 57
12 59
12 60
12 61
12 62
12 63
12 68
12 69
12 70
12 71
12 73
12 75
12 83
12 85
12 86
12 87
12 89
12 90
12 91
12 93
12 94
12 95
13 14
13 18
13 19
13 22
13 23
13 24
13 27
13 33
13 35
13 38
13 41
13 43
13 44
13 45
13 46
13 48
13 49
13 50
13 51
13 52
13 58
13 59
13 60
13 62
13 63
13 64
13 66
13 69
13 70
13 71
13 73
13 76
13 78
13 82
13 83
13 86
13 87
13 91
13 92
13 96
13 98
14 26
14 27
14 28
14 29
14 30
14 32
14 33
14 36
14 38
14 40
14 41
14 44
14 45
14 48
14 52
14 53
14 54
14 55
14 56
14 60
14 61
14 62
14 64
14 65
14 66
14 68
14 69
14 70
14 71
14 73
14 77
14 78
14 79
14 81
14 82
14 84
14 85
14 86
14 87
14 88
14 94
14 96
14 97
15 22
15 23
15 27
15 28
15 30
15 36
15 37
15 38
15 39
15 42
15 44
15 48
15 49
15 53
15 55
15 56
15 57
15 58
15 60
15 62
15 64
15 66
15 68
15 69
15 70
15 71
15 74
15 77
15 80
15 82
15 84
15 85
15 86
15 87
15 90
15 91
15 92
15 93
15 94
15 95
15 96
15 99
16 19
16 22
16 28
16 29
16 32
16 34
16 37
16 39
16 41
16 42
16 45
16 48
16 49
16 51
16 52
16 58
16 59
16 61
16 62
16 64
16 68
16 70
16 71
16 72
16 73
16 74
16 76
16 87
16 89
16 90
16 91
16 93
16 95
16 99
17 19
17 20
17 22
17 23
17 24
17 25
17 34
17 37
17 40
17 42
17 43
17 45
17 48
17 53
17 55
17 56
17 58
17 59
17 62
17 63
17 64
17 73
17 76
17 77
17 78
17 80
17 83
17 84
17 86
17 90
17 91
17 92
17 95
17 96
17 98
17 99
18 19
18 24
18 25
18 26
18 27
18 29
18 30
18 31
18 32
18 35
18 36
18 38
18 39
18 40
18 41
18 43
18 44
18 45
18 46
18 47
18 48
18 50
18 51
18 54
18 56
18 57
18 58
18 60
18 62
18 66
18 70
18 71
18 74
18 75
18 76
18 78
18 79
18 81
18 82
18 83
18 84
18 85
18 86
18 89
18 90
18 91
18 92
18 93
18 94
18 95
18 97
19 21
19 23
19 25
19 26
19 27
19 29
19 30
19 31
19 34
19 35
19 36
19 40
19 42
19 44
19 46
19 50
19 51
19 52
19 56
19 58
19 61
19 63
19 64
19 66
19 67
19 71
19 72
19 73
19 76
19 78
19 79
19 81
19 86
19 87
19 88
19 90
19 91
19 92
19 93
19 94
19 97
19 98
19 99
20 21
20 23
20 25
20 26
20 29
20 30
20 32
20 37
20 38
20 46
20 51
20 56
20 57
20 60
20 61
20 63
20 65
20 66
20 76
20 78
20 83
20 85
20 86
20 87
20 90
20 91
20 92
20 93
20 96
20 98
21 23
21 26
21 31
21 32
21 33
21 39
21 40
21 42
21 45
21 46
21 47
21 48
21 51
21 53
21 56
21 57
21 63
21 65
21 70
21 71
21 75
21 76
21 83
21 85
21 88
21 91
21 94
21 97
21 98
21 99
22 24
22 25
22 31
22 37
22 39
22 41
22 42
22 44
22 47
22 50
22 51
22 52
22 57
22 58
22 59
22 62
22 65
22 66
22 67
22 68
22 69
22 71
22 73
22 74
22 75
22 77
22 78
22 79
22 81
22 82
22 83
22 84
22 86
22 88
22 95
22 97
22 99
23 25
23 26
23 34
23 35
23 37
23 38
23 39
23 40
23 41
23 42
23 46
23 48
23 50
23 51
23 52
23 53
23 54
23 60
23 61
23 63
23 66
23 67
23 69
23 70
23 71
23 72
23 74
23 75
23 76
23 79
23 85
23 88
23 89
23 91
23 92
23 93
23 95
23 96
23 98
24 25
24 26
24 27
24 29
24 30
24 34
24 39
24 40
24 41
24 43
24 44
24 45
24 49
24 52
24 54
24 56
24 57
24 59
24 60
24 61
24 63
24 65
24 68
24 69
24 72
24 74
24 75
24 77
24 85
24 87
24 91
24 92
24 94
24 99
25 26
25 32
25 33
25 37
25 40
25 45
25 49
25 55
25 56
25 59
25 60
25 61
25 62
25 64
25 71
25 72
25 75
25 78
25 80
25 82
25 84
25 89
25 94
25 96
26 28
26 29
26 31
26 32
26 33
26 34
26 36
26 40
26 42
26 43
26 46
26 48
26 49
26 53
26 55
26 56
26 58
26 61
26 64
26 65
26 66
26 68
26 69
26 70
26 71
26 72
26 76
26 78
26 79
26 82
26 83
26 84
26 85
26 87
26 88
26 89
26 94
26 98
26 99
27 32
27 36
27 41
27 43
27 44
27 46
27 47
27 49
27 51
27 53
27 55
27 57
27 59
27 61
27 62
27 63
27 64
27 68
27 69
27 71
27 72
27 74
27 78
27 79
27 80
27 83
27 85
27 86
27 88
27 89
27 90
27 93
27 94
27 98
28 30
28 34
28 38
28 41
28 42
28 43
28 45
28 47
28 48
28 50
28 52
28 53
28 54
28 58
28 59
28 60
28 62
28 63
28 67
28 68
28 72
28 73
28 75
28 80
28 82
28 83
28 84
28 86
28 87
28 89
28 93
28 96
28 98
29 30
29 32
29 33
29 38
29 41
29 44
29 45
29 46
29 49
29 51
29 53
29 54
29 58
29 60
29 63
29 64
29 65
29 66
29 68
29 70
29 71
29 74
29 77
29 79
29 80
29 82
29 85
29 87
29 93
29 96
29 98
29 99
30 31
30 36
30 37
30 40
30 41
30 42
30 44
30 46
30 51
30 52
30 54
30 55
30 56
30 57
30 59
30 61
30 65
30 68
30 72
30 73
30 75
30 77
30 79
30 80
30 81
30 82
30 83
30 84
30 86
30 87
30 92
30 93
30 94
30 95
30 97
30 99
31 32
31 38
31 41
31 44
31 47
31 48
31 54
31 55
31 56
31 57
31 60
31 61
31 63
31 65
31 68
31 70
31 71
31 77
31 83
31 87
31 88
31 89
31 91
31 94
31 98
31 99
32 35
32 37
32 40
32 41
32 42
32 43
32 44
32 45
32 48
32 50
32 53
32 54
32 55
32 56
32 57
32 58
32 60
32 61
32 62
32 69
32 70
32 71
32 72
32 73
32 75
32 76
32 77
32 80
32 84
32 85
32 86
32 88
32 89
32 90
32 91
32 94
32 99
33 34
33 35
33 36
33 39
33 41
33 43
33 44
33 47
33 50
33 53
33 57
33 63
33 64
33 65
33 66
33 67
33 68
33 70
33 71
33 75
33 76
33 77
33 79
33 81
33 86
33 87
33 88
33 89
33 91
33 94
33 95
33 98
34 36
34 37
34 38
34 41
34 42
34 44
34 46
34 47
34 49
34 50
34 51
34 53
34 54
34 55
34 58
34 60
34 62
34 65
34 67
34 70
34 74
34 76
34 78
34 79
34 81
34 84
34 88
34 89
34 90
34 92
34 96
34 97
34 98
34 99
35 36
35 41
35 42
35 45
35 52
35 53
35 57
35 58
35 60
35 61
35 62
35 63
35 64
35 67
35 68
35 73
35 77
35 79
35 81
35 82
35 86
35 87
35 89
35 90
35 91
35 92
35 93
35 94
35 95
35 97
35 98
36 41
36 43
36 45
36 46
36 48
36 51
36 52
36 55
36 57
36 58
36 62
36 63
36 66
36 67
36 70
36 75
36 77
36 78
36 79
36 81
36 82
36 85
36 86
36 87
36 91
36 94
36 95
36 96
36 97
37 40
37 41
37 42
37 43
37 44
37 48
37 49
37 51
37 52
37 53
37 54
37 55
37 56
37 57
37 58
37 60
37 65
37 66
37 67
37 69
37 71
37 72
37 74
37 75
37 76
37 78
37 80
37 81
37 83
37 86
37 87
37 90
37 92
37 93
37 95
37 97
38 39
38 40
38 46
38 50
38 54
38 56
38 57
38 60
38 63
38 64
38 66
38 69
38 71
38 72
38 73
38 79
38 80
38 81
38 82
38 83
38 84
38 85
38 86
38 88
38 90
38 92
38 95
38 97
38 98
39 41
39 46
39 47
39 48
39 49
39 53
39 54
39 55
39 57
39 58
39 60
39 63
39 64
39 67
39 70
39 72
39 77
39 78
39 79
39 81
39 86
39 92
39 93
39 95
39 98
39 99
40 41
40 43
40 46
40 50
40 51
40 56
40 57
40 59
40 61
40 63
40 67
40 70
40 74
40 76
40 78
40 80
40 81
40 82
40 83
40 84
40 89
40 96
40 97
40 99
41 42
41 45
41 48
41 49
41 50
41 52
41 53
41 54
41 56
41 59
41 60
41 65
41 67
41 68
41 69
41 70
41 71
41 73
41 74
41 75
41 76
41 77
41 81
41 82
41 83
41 84
41 85
41 86
41 87
41 88
41 89
41 90
41 98
42 43
42 45
42 46
42 47
42 49
42 55
42 56
42 57
42 58
42 59
42 60
42 64
42 66
42 67
42 68
42 69
42 70
42 73
42 77
42 79
42 80
42 82
42 83
42 84
42 85
42 86
42 87
42 88
42 89
42 91
42 92
42 94
42 97
42 98
42 99
43 44
43 46
43 47
43 48
43 54
43 55
43 56
43 61
43 62
43 64
43 65
43 68
43 72
43 73
43 77
43 78
43 80
43 81
43 85
43 87
43 88
43 89
43 90
43 92
43 93
43 94
43 97
44 47
44 50
44 52
44 53
44 56
44 57
44 58
44 61
44 63
44 69
44 71
44 72
44 73
44 75
44 76
44 77
44 78
44 80
44 83
44 84
44 91
44 92
44 93
44 94
44 95
44 96
44 97
44 99
45 49
45 50
45 52
45 56
45 61
45 62
45 64
45 65
45 66
45 68
45 69
45 72
45 75
45 76
45 78
45 81
45 86
45 88
45 90
45 92
45 93
45 94
45 97
45 98
45 99
46 51
46 54
46 56
46 57
46 58
46 60
46 61
46 62
46 63
46 65
46 66
46 69
46 73
46 74
46 76
46 77
46 79
46 80
46 82
46 83
46 84
46 87
46 91
46 93
46 94
46 96
46 97
47 50
47 51
47 52
47 53
47 54
47 55
47 57
47 58
47 59
47 61
47 65
47 72
47 74
47 77
47 78
47 84
47 85
47 86
47 88
47 89
47 90
47 92
47 94
47 96
47 99
48 49
48 52
48 53
48 54
48 55
48 58
48 60
48 62
48 63
48 65
48 67
48 69
48 70
48 73
48 74
48 79
48 82
48 83
48 84
48 85
48 88
48 89
48 92
48 93
48 97
48 98
49 50
49 51
49 53
49 54
49 55
49 56
49 57
49 60
49 64
49 65
49 66
49 67
49 68
49 71
49 72
49 74
49 75
49 77
49 78
49 79
49 80
49 81
49 84
49 87
49 89
49 90
49 91
49 92
49 95
49 96
49 97
49 98
50 51
50 52
50 54
50 55
50 56
50 58
50 61
50 63
50 65
50 67
50 69
50 71
50 72
50 73
50 74
50 75
50 76
50 77
50 78
50 79
50 80
50 85
50 90
50 92
50 93
50 95
50 97
50 98
50 99
51 54
51 56
51 58
51 61
51 62
51 63
51 64
51 65
51 67
51 68
51 69
51 73
51 77
51 80
51 82
51 84
51 85
51 86
51 87
51 90
51 91
51 92
51 98
51 99
52 57
52 59
52 61
52 62
52 63
52 64
52 65
52 67
52 68
52 69
52 70
52 71
52 72
52 74
52 76
52 79
52 90
52 91
52 92
52 94
52 96
52 97
52 98
53 58
53 61
53 65
53 66
53 70
53 72
53 75
53 78
53 79
53 81
53 83
53 84
53 85
53 86
53 87
53 88
53 89
53 90
53 91
53 93
53 94
53 95
53 96
53 98
53 99
54 58
54 59
54 62
54 63
54 64
54 69
54 70
54 72
54 74
54 75
54 79
54 81
54 82
54 86
54 90
54 91
54 96
54 99
55 58
55 65
55 66
55 67
55 69
55 70
55 71
55 72
55 74
55 75
55 77
55 78
55 80
55 84
55 85
55 87
55 88
55 89
55 96
56 58
56 59
56 60
56 62
56 63
56 64
56 65
56 69
56 70
56 71
56 72
56 75
56 80
56 81
56 83
56 84
56 91
56 92
56 93
56 96
57 58
57 61
57 63
57 65
57 66
57 67
57 68
57 69
57 71
57 73
57 75
57 78
57 79
57 81
57 83
57 84
57 89
57 91
57 93
57 94
57 95
57 97
58 60
58 63
58 66
58 68
58 69
58 71
58 72
58 73
58 77
58 78
58 79
58 81
58 83
58 88
58 90
58 91
58 92
58 93
58 94
58 96
59 60
59 66
59 69
59 70
59 72
59 73
59 76
59 77
59 79
59 80
59 81
59 86
59 87
59 88
59 89
59 93
59 96
59 97
59 98
60 64
60 65
60 68
60 69
60 71
60 73
60 74
60 76
60 77
60 80
60 81
60 84
60 85
60 87
60 88
60 92
60 93
60 94
60 96
60 97
60 98
61 62
61 63
61 64
61 65
61 66
61 67
61 68
61 70
61 71
61 73
61 74
61 81
61 82
61 85
61 86
61 89
61 91
61 92
61 94
62 64
62 66
62 69
62 71
62 72
62 73
62 75
62 76
62 78
62 80
62 82
62 83
62 84
62 89
62 92
62 94
62 95
62 99
63 68
63 69
63 72
63 73
63 75
63 76
63 79
63 80
63 82
63 83
63 85
63 86
63 88
63 89
63 91
63 93
63 94
63 95
63 96
63 98
63 99
64 66
64 67
64 68
64 71
64 73
64 74
64 75
64 78
64 82
64 83
64 85
64 86
64 87
64 88
64 89
64 90
64 92
64 94
64 96
64 97
65 67
65 71
65 73
65 76
65 78
65 79
65 80
65 84
65 86
65 88
65 92
65 94
65 98
66 68
66 69
66 70
66 71
66 72
66 73
66 74
66 75
66 77
66 78
66 80
66 81
66 82
66 85
66 86
66 87
66 92
66 93
66 94
66 95
66 98
67 70
67 71
67 74
67 75
67 78
67 80
67 86
67 88
67 89
67 91
67 92
67 93
67 96
67 98
68 69
68 70
68 71
68 73
68 74
68 75
68 76
68 78
68 79
68 82
68 84
68 85
68 86
68 92
68 93
68 94
68 95
68 96
68 97
68 99
69 71
69 72
69 73
69 76
69 77
69 79
69 82
69 86
69 88
69 92
69 93
69 94
69 95
69 97
69 99
70 71
70 73
70 75
70 76
70 77
70 78
70 79
70 81
70 85
70 86
70 87
70 88
70 89
70 93
70 94
70 95
70 97
71 72
71 73
71 75
71 79
71 80
71 81
71 83
71 85
71 87
71 88
71 89
71 90
71 91
71 93
71 96
71 98
72 77
72 78
72 79
72 80
72 81
72 82
72 83
72 84
72 86
72 87
72 88
72 93
72 94
72 96
72 98
72 99
73 76
73 77
73 78
73 81
73 84
73 85
73 87
73 90
73 92
73 94
73 96
74 77
74 78
74 81
74 82
74 83
74 84
74 85
74 87
74 91
74 92
74 94
74 95
74 96
74 98
74 99
75 76
75 77
75 79
75 80
75 86
75 90
75 92
75 93
75 94
75 95
75 97
75 98
75 99
76 78
76 80
76 83
76 84
76 86
76 87
76 90
76 92
76 93
76 94
76 96
77 82
77 84
77 86
77 87
77 88
77 89
77 90
77 91
77 92
77 93
77 94
77 96
77 97
77 98
78 79
78 82
78 83
78 86
78 89
78 90
78 92
78 93
78 94
78 96
78 98
78 99
79 80
79 83
79 84
79 85
79 86
79 88
79 90
79 91
79 92
79 93
79 96
79 97
79 99
80 81
80 83
80 84
80 88
80 90
80 92
80 93
80 94
80 95
80 96
80 98
81 83
81 84
81 86
81 87
81 89
81 90
81 91
81 92
81 96
81 98
81 99
82 85
82 87
82 88
82 91
82 92
82 93
82 95
82 96
82 97
83 85
83 87
83 90
83 92
83 93
83 95
83 96
84 86
84 87
84 91
84 93
84 96
84 97
84 99
85 86
85 88
85 90
85 91
85 93
85 95
85 96
86 87
86 89
86 91
86 92
86 94
86 95
86 97
86 98
86 99
87 88
87 89
87 90
87 92
87 95
87 96
87 97
88 90
88 91
88 92
88 94
88 95
88 96
88 97
88 98
88 99
89 90
89 91
89 92
89 94
89 95
89 96
89 97
90 91
90 92
90 93
90 94
90 97
90 99
91 93
91 94
91 95
91 96
92 95
92 96
92 99
93 96
93 97
93 99
94 96
94 97
95 97
95 98
95 99
96 98
97 99
98 99
