0 1
0 3
0 7
0 9
0 11
0 12
0 14
0 15
0 16
0 17
0 18
0 20
0 21
0 22
0 23
0 24
0 28
0 30
0 36
0 38
0 40
0 41
0 42
0 43
0 46
0 47
0 48
0 51
0 53
0 55
0 57
0 58
0 63
0 64
0 66
0 68
0 73
0 76
0 77
0 78
0 85
0 88
0 91
0 93
0 96
0 97
0 99
1 8
1 10
1 12
1 13
1 15
1 16
1 18
1 19
1 21
1 23
1 26
1 27
1 28
1 32
1 34
1 38
1 39
1 43
1 45
1 47
1 50
1 51
1 53
1 54
1 55
1 56
1 57
1 58
1 59
1 62
1 63
1 64
1 66
1 67
1 69
1 70
1 71
1 73
1 74
1 75
1 76
1 78
1 79
1 81
1 82
1 83
1 84
1 87
1 88
1 89
1 94
1 95
1 97
1 99
2 3
2 5
2 6
2 10
2 11
2 12
2 14
2 16
2 18
2 19
2 21
2 23
2 26
2 28
2 30
2 31
2 33
2 35
2 36
2 37
2 38
2 40
2 41
2 42
2 45
2 48
2 49
2 52
2 53
2 55
2 56
2 58
2 60
2 62
2 63
2 65
2 66
2 69
2 70
2 71
2 72
2 79
2 80
2 81
2 83
2 85
2 95
2 96
2 97
2 98
3 4
3 5
3 6
3 7
3 9
3 11
3 14
3 16
3 17
3 18
3 22
3 26
3 27
3 29
3 31
3 32
3 34
3 38
3 40
3 46
3 48
3 49
3 50
3 52
3 54
3 55
3 56
3 59
3 60
3 61
3 62
3 63
3 64
3 67
3 69
3 72
3 74
3 75
3 76
3 78
3 80
3 81
3 85
3 87
3 88
3 90
3 91
3 93
3 94
3 95
3 96
3 97
3 98
4 7
4 8
4 10
4 12
4 13
4 15
4 16
4 17
4 18
4 20
4 22
4 25
4 26
4 27
4 29
4 30
4 31
4 32
4 35
4 38
4 39
4 40
4 43
4 44
4 48
4 51
4 53
4 54
4 59
4 60
4 62
4 63
4 67
4 69
4 73
4 74
4 75
4 76
4 79
4 82
4 83
4 86
4 88
4 90
4 91
4 92
4 96
4 97
4 98
4 99
5 7
5 9
5 14
5 16
5 19
5 21
5 22
5 25
5 27
5 28
5 29
5 30
5 31
5 33
5 36
5 37
5 38
5 39
5 40
5 41
5 42
5 43
5 44
5 45
5 46
5 47
5 49
5 54
5 55
5 58
5 61
5 63
5 68
5 71
5 72
5 74
5 75
5 77
5 78
5 79
5 83
5 84
5 87
5 93
5 98
6 7
6 8
6 10
6 16
6 20
6 21
6 22
6 23
6 26
6 28
6 30
6 31
6 32
6 33
6 34
6 37
6 40
6 41
6 43
6 46
6 47
6 50
6 51
6 53
6 54
6 56
6 57
6 62
6 66
6 68
6 69
6 71
6 74
6 75
6 76
6 79
6 80
6 85
6 86
6 88
6 91
6 92
6 93
6 94
6 95
6 96
6 97
6 98
7 10
7 12
7 15
7 16
7 19
7 23
7 24
7 27
7 28
7 32
7 34
7 37
7 40
7 41
7 45
7 49
7 57
7 59
7 62
7 63
7 64
7 68
7 69
7 72
7 73
7 76
7 77
7 79
7 80
7 81
7 84
7 85
7 87
7 90
7 91
7 97
8 11
8 12
8 14
8 15
8 16
8 19
8 21
8 22
8 24
8 27
8 28
8 29
8 32
8 33
8 35
8 36
8 38
8 39
8 40
8 41
8 44
8 45
8 47
8 51
8 52
8 53
8 54
8 58
8 59
8 60
8 62
8 64
8 65
8 68
8 70
8 72
8 74
8 77
8 79
8 82
8 83
8 86
8 87
8 88
8 89
8 90
8 93
8 97
8 99
9 10
9 15
9 18
9 19
9 20
9 25
9 27
9 32
9 33
9 36
9 37
9 39
9 40
9 41
9 42
9 47
9 48
9 49
9 50
9 52
9 54
9 55
9 56
9 57
9 61
9 62
9 64
9 65
9 66
9 67
9 68
9 70
9 73
9 75
9 79
9 82
9 83
9 84
9 86
9 87
9 89
9 90
9 91
9 92
9 94
9 99
10 11
10 12
10 13
10 15
10 17
10 20
10 22
10 30
10 31
10 33
10 34
10 35
10 36
10 38
10 39
10 40
10 41
10 42
10 43
10 44
10 46
10 49
10 52
10 54
10 56
10 57
10 60
10 61
10 62
10 67
10 70
10 72
10 73
10 74
10 80
10 82
10 84
10 90
10 97
10 98
11 13
11 15
11 16
11 17
11 20
11 22
11 25
11 27
11 28
11 29
11 30
11 31
11 32
11 34
11 35
11 41
11 42
11 46
11 47
11 48
11 50
11 51
11 55
11 56
11 59
11 61
11 62
11 65
11 67
11 71
11 77
11 78
11 81
11 83
11 84
11 85
11 86
11 88
11 89
11 90
11 91
11 93
11 94
11 95
11 96
11 97
12 14
12 20
12 21
12 23
12 24
12 25
12 26
12 27
12 29
12 30
12 33
12 34
12 35
12 38
12 39
12 42
12 43
12 44
12 46
12 47
12 48
12 49
12 51
12 52
12 53
12 54
12 55
12 56
12 58
12 59
12 61
12 62
12 63
12 65
12 67
12 68
12 70
12 72
12 74
12 76
12 77
12 80
12 82
12 83
12 85
12 86
12 91
12 92
12 94
12 95
12 98
13 15
13 20
13 23
13 29
13 30
13 31
13 33
13 34
13 35
13 36
13 40
13 41
13 44
13 46
13 47
13 49
13 51
13 52
13 53
13 55
13 56
13 64
13 65
13 66
13 68
13 70
13 72
13 73
13 74
13 75
13 77
13 78
13 80
13 81
13 83
13 84
13 85
13 86
13 87
13 89
13 90
13 95
13 96
13 97
13 99
14 15
14 16
14 17
14 18
14 19
14 21
14 24
14 26
14 28
14 29
14 31
14 35
14 38
14 39
14 41
14 42
14 44
14 46
14 49
14 50
14 51
14 52
14 53
14 54
14 55
14 56
14 57
14 58
14 62
14 65
14 66
14 69
14 70
14 74
14 76
14 77
14 78
14 81
14 82
14 86
14 89
14 92
14 93
14 94
14 95
14 97
14 98
14 99
15 16
15 17
15 18
15 20
15 21
15 22
15 29
15 30
15 32
15 35
15 36
15 37
15 41
15 43
15 44
15 45
15 48
15 50
15 51
15 52
15 55
15 57
15 60
15 62
15 63
15 66
15 67
15 71
15 72
15 73
15 74
15 79
15 83
15 85
15 86
15 88
15 89
15 90
15 91
15 92
15 93
15 94
15 95
15 97
15 98
15 99
16 17
16 18
16 21
16 22
16 23
16 25
16 28
16 30
16 31
16 33
16 34
16 35
16 37
16 39
16 40
16 41
16 42
16 44
16 46
16 49
16 50
16 51
16 52
16 60
16 62
16 64
16 65
16 66
16 68
16 72
16 77
16 79
16 82
16 84
16 85
16 86
16 88
16 89
16 92
16 93
16 95
16 98
16 99
17 19
17 20
17 22
17 23
17 24
17 26
17 28
17 29
17 31
17 34
17 35
17 36
17 38
17 39
17 41
17 42
17 43
17 44
17 47
17 49
17 50
17 52
17 53
17 55
17 57
17 60
17 62
17 67
17 68
17 71
17 73
17 74
17 75
17 78
17 79
17 82
17 84
17 86
17 88
17 91
17 92
17 93
17 94
17 95
17 98
17 99
18 23
18 24
18 25
18 26
18 29
18 30
18 31
18 38
18 39
18 40
18 42
18 43
18 45
18 46
18 54
18 55
18 58
18 59
18 67
18 69
18 70
18 72
18 75
18 76
18 78
18 80
18 81
18 82
18 85
18 86
18 88
18 89
18 95
18 96
18 98
19 21
19 24
19 26
19 27
19 28
19 30
19 35
19 43
19 44
19 45
19 46
19 49
19 53
19 54
19 55
19 56
19 61
19 62
19 66
19 68
19 69
19 73
19 74
19 77
19 79
19 80
19 81
19 83
19 84
19 85
19 88
19 89
19 99
20 23
20 25
20 28
20 29
20 30
20 31
20 32
20 33
20 34
20 37
20 39
20 40
20 41
20 42
20 43
20 45
20 47
20 48
20 50
20 53
20 54
20 57
20 58
20 59
20 63
20 64
20 65
20 67
20 82
20 84
20 85
20 86
20 87
20 89
20 90
20 93
20 95
20 96
20 97
20 98
21 23
21 25
21 27
21 28
21 31
21 32
21 35
21 36
21 40
21 41
21 42
21 43
21 45
21 47
21 48
21 51
21 53
21 56
21 61
21 63
21 64
21 67
21 69
21 72
21 75
21 80
21 82
21 83
21 85
21 86
21 89
21 92
21 93
21 94
21 96
21 98
21 99
22 23
22 24
22 25
22 26
22 27
22 32
22 33
22 34
22 35
22 37
22 38
22 39
22 43
22 44
22 45
22 48
22 49
22 51
22 52
22 56
22 59
22 60
22 61
22 65
22 66
22 70
22 72
22 73
22 76
22 77
22 81
22 84
22 88
22 89
22 93
22 94
22 95
22 96
22 98
23 26
23 30
23 31
23 33
23 36
23 38
23 39
23 47
23 50
23 51
23 56
23 58
23 60
23 61
23 62
23 64
23 65
23 66
23 67
23 68
23 69
23 70
23 73
23 74
23 78
23 83
23 85
23 86
23 87
23 88
23 94
23 95
23 96
23 97
23 99
24 25
24 26
24 27
24 28
24 30
24 32
24 34
24 37
24 40
24 42
24 47
24 52
24 54
24 56
24 59
24 60
24 64
24 66
24 67
24 68
24 69
24 70
24 73
24 75
24 77
24 78
24 80
24 82
24 85
24 86
24 87
24 92
24 93
24 95
24 96
24 98
24 99
25 28
25 30
25 33
25 35
25 38
25 39
25 44
25 45
25 46
25 47
25 48
25 51
25 61
25 65
25 66
25 67
25 68
25 70
25 71
25 72
25 73
25 74
25 77
25 80
25 81
25 85
25 89
25 90
25 91
25 92
25 94
25 96
25 98
25 99
26 29
26 31
26 32
26 33
26 35
26 39
26 41
26 42
26 43
26 44
26 45
26 46
26 47
26 48
26 50
26 51
26 52
26 53
26 56
26 60
26 62
26 63
26 68
26 69
26 70
26 72
26 75
26 76
26 77
26 79
26 80
26 82
26 84
26 86
26 89
26 91
26 92
26 93
26 97
26 98
26 99
27 30
27 31
27 33
27 36
27 39
27 40
27 41
27 43
27 46
27 47
27 49
27 50
27 51
27 53
27 54
27 55
27 56
27 58
27 62
27 63
27 65
27 67
27 68
27 69
27 70
27 72
27 75
27 78
27 79
27 81
27 83
27 85
27 86
27 87
27 90
27 91
27 92
27 93
27 95
27 96
27 98
28 29
28 30
28 31
28 35
28 36
28 38
28 42
28 43
28 46
28 49
28 50
28 52
28 54
28 55
28 56
28 60
28 61
28 64
28 65
28 67
28 68
28 69
28 70
28 72
28 79
28 81
28 83
28 84
28 85
28 86
28 89
28 90
28 91
28 92
28 95
28 98
28 99
29 30
29 31
29 32
29 33
29 34
29 36
29 43
29 44
29 46
29 48
29 49
29 50
29 51
29 53
29 55
29 57
29 58
29 59
29 60
29 61
29 62
29 65
29 70
29 71
29 72
29 74
29 77
29 78
29 79
29 81
29 82
29 85
29 86
29 87
29 89
29 93
29 96
29 99
30 36
30 38
30 41
30 46
30 47
30 49
30 51
30 52
30 53
30 54
30 56
30 58
30 61
30 64
30 69
30 70
30 73
30 74
30 77
30 80
30 81
30 82
30 83
30 87
30 88
30 91
30 92
30 95
30 97
30 99
31 33
31 35
31 36
31 37
31 38
31 40
31 42
31 47
31 48
31 49
31 50
31 52
31 54
31 56
31 60
31 62
31 68
31 70
31 72
31 75
31 77
31 81
31 82
31 83
31 87
31 89
31 92
31 93
31 94
31 99
32 33
32 34
32 36
32 38
32 39
32 40
32 42
32 44
32 45
32 47
32 52
32 53
32 54
32 55
32 56
32 58
32 59
32 62
32 63
32 64
32 65
32 66
32 67
32 70
32 74
32 75
32 76
32 79
32 81
32 82
32 83
32 85
32 89
32 93
32 94
32 95
32 97
32 99
33 37
33 38
33 39
33 40
33 43
33 44
33 45
33 47
33 48
33 51
33 53
33 55
33 57
33 61
33 63
33 66
33 68
33 70
33 72
33 80
33 81
33 85
33 88
33 89
33 91
33 92
33 95
33 97
33 99
34 35
34 36
34 38
34 39
34 40
34 43
34 44
34 49
34 50
34 51
34 53
34 56
34 62
34 64
34 66
34 69
34 72
34 74
34 78
34 80
34 81
34 82
34 85
34 86
34 87
34 88
34 93
34 94
34 95
34 96
34 97
34 98
34 99
35 36
35 37
35 40
35 41
35 42
35 46
35 47
35 49
35 51
35 55
35 65
35 67
35 68
35 69
35 71
35 75
35 76
35 78
35 79
35 80
35 81
35 83
35 85
35 86
35 87
35 88
35 89
35 90
35 95
35 98
35 99
36 38
36 39
36 40
36 42
36 44
36 46
36 48
36 55
36 60
36 61
36 63
36 65
36 68
36 69
36 72
36 80
36 83
36 87
36 88
36 94
36 95
36 96
36 97
36 98
37 38
37 40
37 41
37 43
37 44
37 45
37 46
37 47
37 48
37 49
37 50
37 51
37 53
37 54
37 55
37 56
37 60
37 65
37 66
37 67
37 68
37 70
37 72
37 76
37 77
37 78
37 80
37 82
37 83
37 84
37 86
37 87
37 93
37 98
38 39
38 41
38 43
38 46
38 47
38 50
38 53
38 55
38 56
38 61
38 63
38 65
38 68
38 70
38 71
38 72
38 75
38 77
38 79
38 82
38 83
38 84
38 85
38 86
38 87
38 88
38 89
38 90
38 94
38 96
38 97
38 99
39 40
39 42
39 43
39 44
39 49
39 52
39 53
39 54
39 55
39 57
39 59
39 60
39 63
39 70
39 71
39 72
39 74
39 77
39 78
39 79
39 81
39 83
39 85
39 87
39 89
39 90
39 91
39 93
39 96
40 41
40 43
40 46
40 48
40 49
40 51
40 52
40 53
40 54
40 60
40 61
40 63
40 65
40 66
40 69
40 70
40 73
40 74
40 75
40 79
40 80
40 81
40 82
40 84
40 86
40 87
40 88
40 91
40 92
40 93
40 95
40 98
40 99
41 44
41 46
41 48
41 50
41 52
41 53
41 54
41 56
41 58
41 60
41 64
41 65
41 66
41 69
41 70
41 73
41 75
41 76
41 78
41 80
41 81
41 82
41 83
41 88
41 91
41 93
41 97
42 45
42 46
42 47
42 48
42 49
42 51
42 52
42 56
42 58
42 59
42 61
42 62
42 64
42 66
42 67
42 68
42 69
42 76
42 79
42 83
42 85
42 87
42 88
42 90
42 91
42 94
42 96
42 97
43 44
43 46
43 49
43 55
43 57
43 62
43 66
43 71
43 72
43 75
43 76
43 77
43 79
43 80
43 85
43 86
43 87
43 88
43 90
43 91
43 93
43 95
43 98
44 46
44 47
44 49
44 50
44 51
44 52
44 53
44 55
44 60
44 62
44 64
44 68
44 69
44 70
44 71
44 72
44 74
44 75
44 77
44 78
44 79
44 80
44 81
44 84
44 85
44 86
44 91
44 93
44 95
44 97
45 46
45 47
45 49
45 51
45 52
45 53
45 55
45 57
45 58
45 59
45 60
45 63
45 66
45 68
45 74
45 75
45 79
45 80
45 82
45 85
45 89
45 91
45 94
45 96
45 98
45 99
46 47
46 48
46 49
46 50
46 51
46 52
46 53
46 55
46 58
46 59
46 61
46 63
46 65
46 67
46 69
46 70
46 71
46 72
46 74
46 78
46 79
46 82
46 83
46 84
46 85
46 87
46 88
46 89
46 95
46 97
46 98
46 99
47 48
47 49
47 50
47 53
47 56
47 60
47 61
47 63
47 64
47 66
47 67
47 69
47 72
47 73
47 74
47 77
47 78
47 79
47 80
47 82
47 85
47 86
47 88
47 90
47 93
47 94
47 95
47 97
48 51
48 53
48 54
48 57
48 59
48 61
48 67
48 72
48 74
48 78
48 80
48 85
48 88
48 89
48 90
48 92
48 97
48 98
48 99
49 53
49 54
49 58
49 60
49 61
49 63
49 67
49 71
49 72
49 73
49 74
49 75
49 76
49 79
49 80
49 81
49 82
49 84
49 88
49 93
49 94
49 95
49 96
49 97
50 52
50 55
50 56
50 60
50 61
50 62
50 66
50 68
50 71
50 75
50 76
50 79
50 81
50 82
50 84
50 85
50 86
50 87
50 88
50 90
50 93
50 94
50 97
51 52
51 57
51 59
51 62
51 63
51 64
51 66
51 67
51 75
51 76
51 78
51 79
51 80
51 81
51 85
51 86
51 87
51 89
51 90
51 91
51 92
51 93
51 98
51 99
52 53
52 55
52 56
52 60
52 62
52 63
52 67
52 68
52 69
52 70
52 71
52 72
52 73
52 76
52 77
52 78
52 79
52 80
52 81
52 82
52 83
52 85
52 86
52 87
52 88
52 89
52 91
52 92
52 95
52 97
52 99
53 57
53 58
53 60
53 62
53 63
53 65
53 67
53 69
53 73
53 81
53 82
53 86
53 90
53 92
53 93
53 94
53 97
53 99
54 56
54 57
54 58
54 60
54 61
54 62
54 65
54 68
54 72
54 74
54 75
54 77
54 78
54 80
54 81
54 82
54 83
54 91
54 94
54 96
54 99
55 57
55 60
55 62
55 63
55 65
55 72
55 77
55 80
55 81
55 82
55 84
55 87
55 88
55 89
55 92
55 93
55 97
55 98
55 99
56 58
56 61
56 67
56 68
56 69
56 70
56 71
56 72
56 75
56 78
56 80
56 81
56 82
56 83
56 89
56 91
56 92
56 95
57 58
57 59
57 60
57 61
57 63
57 65
57 66
57 67
57 68
57 69
57 75
57 77
57 78
57 81
57 83
57 85
57 89
57 93
57 95
57 96
57 99
58 60
58 61
58 62
58 64
58 66
58 69
58 70
58 71
58 73
58 77
58 79
58 81
58 83
58 84
58 85
58 87
58 91
58 92
58 93
58 94
58 95
58 97
58 98
59 60
59 63
59 64
59 66
59 68
59 69
59 72
59 74
59 76
59 77
59 79
59 80
59 81
59 82
59 83
59 84
59 86
59 90
59 91
59 93
59 95
59 97
59 98
59 99
60 63
60 68
60 71
60 72
60 75
60 78
60 79
60 80
60 87
60 89
60 92
60 93
60 95
60 96
60 99
61 62
61 63
61 65
61 66
61 69
61 71
61 72
61 73
61 74
61 75
61 76
61 77
61 79
61 81
61 82
61 85
61 86
61 87
61 88
61 89
61 90
61 93
61 94
61 98
61 99
62 63
62 64
62 65
62 67
62 69
62 71
62 72
62 73
62 75
62 77
62 79
62 80
62 81
62 85
62 86
62 89
62 92
62 95
62 97
62 98
62 99
63 65
63 66
63 68
63 69
63 70
63 71
63 72
63 73
63 74
63 75
63 79
63 80
63 81
63 82
63 83
63 84
63 87
63 88
63 89
63 94
64 67
64 69
64 72
64 73
64 77
64 79
64 80
64 81
64 83
64 86
64 91
64 92
64 93
64 94
64 95
64 96
64 97
65 66
65 67
65 72
65 75
65 76
65 78
65 79
65 85
65 86
65 87
65 88
65 90
65 92
65 96
65 98
65 99
66 68
66 71
66 72
66 73
66 76
66 78
66 81
66 82
66 85
66 88
66 89
66 90
66 91
66 92
66 93
66 94
66 95
66 96
66 98
66 99
67 70
67 72
67 77
67 80
67 81
67 82
67 83
67 90
67 94
67 95
67 97
67 99
68 70
68 71
68 74
68 75
68 78
68 80
68 82
68 87
68 88
68 90
68 91
68 95
68 96
68 98
68 99
69 75
69 77
69 78
69 80
69 81
69 82
69 83
69 84
69 86
69 87
69 89
69 91
69 93
69 94
69 95
69 99
70 72
70 73
70 75
70 77
70 79
70 80
70 89
70 91
70 92
70 93
70 94
70 97
71 76
71 77
71 78
71 82
71 84
71 85
71 87
71 89
71 91
71 93
71 94
71 95
71 97
71 99
72 73
72 74
72 83
72 85
72 86
72 89
72 94
72 95
72 96
72 97
72 98
72 99
73 75
73 78
73 79
73 81
73 82
73 83
73 86
73 87
73 91
73 92
73 93
73 94
73 96
74 75
74 76
74 78
74 84
74 86
74 87
74 89
74 91
74 92
74 93
74 94
74 95
74 96
74 97
75 76
75 77
75 78
75 79
75 80
75 81
75 82
75 83
75 84
75 85
75 86
75 90
75 93
75 95
75 96
75 97
75 98
76 80
76 81
76 84
76 85
76 86
76 88
76 89
76 92
76 94
76 96
76 98
77 79
77 84
77 85
77 86
77 88
77 90
77 91
77 93
77 95
77 96
77 97
77 99
78 79
78 81
78 83
78 84
78 85
78 86
78 88
78 90
78 92
78 94
78 95
78 97
78 99
79 80
79 81
79 84
79 85
79 86
79 87
79 88
79 90
79 93
79 94
79 98
80 81
80 83
80 85
80 87
80 88
80 93
80 96
80 97
80 98
80 99
81 82
81 83
81 84
81 85
81 86
81 88
81 90
81 91
81 97
82 83
82 85
82 86
82 87
82 91
82 93
82 95
82 96
83 84
83 85
83 86
83 92
83 94
83 95
83 99
84 87
84 88
84 89
84 91
84 92
84 95
84 96
84 98
84 99
85 86
85 88
85 89
85 91
85 92
85 96
86 89
86 90
86 93
86 96
87 91
87 92
87 94
87 95
87 97
87 98
87 99
88 89
88 90
88 91
88 96
88 98
89 90
89 93
89 94
89 95
89 99
90 93
90 97
90 99
91 93
91 94
91 95
91 98
91 99
92 93
92 95
92 98
93 94
93 95
94 95
94 98
95 96
95 97
95 99
96 98
96 99
97 99
