0 1
0 4
0 6
0 9
0 13
0 14
0 16
0 17
0 18
0 20
0 21
0 22
0 24
0 25
0 26
0 27
0 28
0 29
0 30
0 31
0 32
0 33
0 34
0 35
0 36
0 40
0 41
0 42
0 47
0 48
0 51
0 52
0 53
0 58
0 59
0 61
0 64
0 65
0 66
0 67
0 68
0 69
0 70
0 71
0 73
0 74
0 75
0 77
0 79
0 83
0 84
0 85
0 86
0 95
0 96
0 97
0 98
0 99
1 6
1 8
1 9
1 10
1 13
1 14
1 15
1 20
1 21
1 23
1 24
1 25
1 27
1 30
1 31
1 32
1 33
1 34
1 35
1 40
1 41
1 42
1 45
1 49
1 51
1 52
1 54
1 57
1 58
1 59
1 61
1 62
1 64
1 65
1 66
1 67
1 68
1 69
1 71
1 73
1 76
1 78
1 79
1 81
1 84
1 86
1 88
1 91
1 92
1 93
1 94
1 96
1 97
2 3
2 6
2 7
2 9
2 11
2 12
2 15
2 16
2 17
2 20
2 21
2 27
2 30
2 33
2 34
2 37
2 38
2 39
2 44
2 45
2 49
2 51
2 55
2 56
2 58
2 59
2 61
2 62
2 65
2 66
2 69
2 71
2 73
2 78
2 81
2 84
2 86
2 90
2 92
2 93
2 95
2 99
3 4
3 5
3 6
3 7
3 8
3 10
3 12
3 13
3 14
3 15
3 16
3 17
3 18
3 19
3 21
3 23
3 27
3 30
3 31
3 34
3 35
3 38
3 40
3 41
3 42
3 44
3 47
3 50
3 52
3 54
3 55
3 56
3 58
3 59
3 65
3 66
3 68
3 72
3 73
3 74
3 77
3 78
3 79
3 80
3 81
3 83
3 86
3 88
3 89
3 90
3 91
3 93
3 94
3 96
3 97
4 6
4 7
4 11
4 13
4 14
4 15
4 17
4 20
4 21
4 23
4 25
4 26
4 27
4 28
4 29
4 31
4 33
4 35
4 36
4 37
4 38
4 42
4 43
4 46
4 49
4 53
4 55
4 56
4 65
4 69
4 70
4 73
4 74
4 78
4 80
4 82
4 83
4 84
4 85
4 87
4 89
4 91
4 93
4 97
4 99
5 6
5 13
5 15
5 17
5 18
5 19
5 23
5 26
5 27
5 30
5 32
5 33
5 34
5 36
5 37
5 38
5 41
5 42
5 48
5 49
5 50
5 54
5 55
5 57
5 58
5 59
5 61
5 62
5 64
5 67
5 71
5 74
5 75
5 76
5 77
5 78
5 79
5 83
5 87
5 91
5 92
5 99
6 8
6 10
6 12
6 14
6 16
6 20
6 22
6 23
6 24
6 26
6 29
6 31
6 33
6 35
6 36
6 37
6 38
6 41
6 42
6 44
6 46
6 47
6 51
6 52
6 53
6 54
6 58
6 59
6 60
6 62
6 65
6 66
6 67
6 70
6 71
6 73
6 75
6 76
6 79
6 80
6 81
6 82
6 83
6 84
6 85
6 88
6 93
6 94
6 95
6 96
6 98
7 8
7 9
7 12
7 13
7 14
7 15
7 18
7 19
7 21
7 23
7 24
7 26
7 33
7 34
7 37
7 41
7 42
7 44
7 45
7 47
7 50
7 53
7 54
7 56
7 58
7 59
7 60
7 63
7 64
7 65
7 69
7 70
7 71
7 72
7 73
7 74
7 76
7 78
7 82
7 87
7 90
7 93
7 95
7 96
7 98
8 9
8 10
8 13
8 14
8 17
8 18
8 19
8 22
8 23
8 24
8 29
8 33
8 34
8 35
8 36
8 37
8 40
8 42
8 43
8 46
8 47
8 50
8 51
8 56
8 59
8 60
8 62
8 63
8 64
8 66
8 67
8 70
8 72
8 73
8 74
8 75
8 78
8 79
8 80
8 88
8 89
8 90
8 92
8 93
8 99
9 10
9 11
9 12
9 15
9 18
9 19
9 21
9 24
9 27
9 29
9 30
9 31
9 33
9 34
9 35
9 36
9 37
9 38
9 39
9 40
9 42
9 43
9 44
9 46
9 48
9 50
9 51
9 52
9 53
9 54
9 55
9 59
9 60
9 62
9 64
9 67
9 69
9 72
9 74
9 76
9 78
9 81
9 83
9 86
9 87
9 88
9 89
9 90
9 93
9 94
9 97
9 98
10 15
10 19
10 22
10 23
10 26
10 28
10 30
10 32
10 34
10 35
10 38
10 41
10 43
10 44
10 47
10 49
10 50
10 51
10 52
10 54
10 57
10 61
10 64
10 65
10 66
10 67
10 69
10 70
10 71
10 72
10 75
10 77
10 78
10 80
10 81
10 83
10 85
10 86
10 88
10 90
10 94
10 95
10 98
11 13
11 14
11 15
11 18
11 19
11 21
11 23
11 24
11 25
11 29
11 31
11 33
11 34
11 35
11 36
11 37
11 41
11 42
11 47
11 48
11 50
11 51
11 57
11 58
11 59
11 60
11 67
11 68
11 69
11 70
11 71
11 72
11 73
11 74
11 76
11 80
11 83
11 85
11 86
11 87
11 89
11 91
11 92
11 98
12 13
12 15
12 20
12 23
12 24
12 26
12 27
12 29
12 31
12 35
12 37
12 41
12 42
12 45
12 46
12 51
12 56
12 57
12 59
12 60
12 62
12 65
12 66
12 67
12 72
12 73
12 74
12 79
12 80
12 82
12 83
12 84
12 85
12 87
12 89
12 90
12 96
13 15
13 17
13 18
13 19
13 23
13 25
13 32
13 33
13 34
13 35
13 36
13 38
13 40
13 42
13 43
13 46
13 47
13 50
13 51
13 52
13 53
13 56
13 57
13 60
13 63
13 64
13 65
13 66
13 70
13 71
13 72
13 73
13 74
13 80
13 82
13 84
13 87
13 88
13 89
13 91
13 93
13 98
14 15
14 17
14 18
14 19
14 20
14 21
14 22
14 23
14 26
14 27
14 34
14 35
14 37
14 38
14 39
14 42
14 44
14 45
14 47
14 49
14 50
14 51
14 54
14 55
14 56
14 57
14 60
14 62
14 64
14 65
14 68
14 69
14 71
14 73
14 74
14 77
14 81
14 85
14 86
14 88
14 89
14 90
14 91
14 96
14 97
15 16
15 17
15 19
15 21
15 22
15 23
15 24
15 25
15 34
15 36
15 39
15 40
15 41
15 42
15 43
15 44
15 46
15 48
15 50
15 52
15 53
15 54
15 55
15 57
15 59
15 60
15 64
15 65
15 66
15 68
15 71
15 73
15 77
15 78
15 81
15 84
15 89
15 92
15 93
15 94
15 98
16 17
16 19
16 20
16 21
16 22
16 26
16 29
16 31
16 34
16 35
16 37
16 39
16 40
16 41
16 45
16 46
16 50
16 52
16 53
16 54
16 56
16 57
16 60
16 65
16 66
16 68
16 71
16 74
16 76
16 78
16 79
16 80
16 85
16 86
16 87
16 88
16 90
16 92
16 94
16 96
16 97
16 99
17 20
17 23
17 24
17 28
17 29
17 30
17 31
17 33
17 34
17 35
17 39
17 41
17 42
17 43
17 46
17 47
17 48
17 50
17 53
17 56
17 57
17 59
17 63
17 65
17 68
17 70
17 71
17 72
17 74
17 76
17 81
17 84
17 88
17 92
17 93
17 94
17 96
17 99
18 19
18 21
18 22
18 26
18 27
18 28
18 29
18 30
18 31
18 37
18 38
18 39
18 41
18 46
18 48
18 49
18 51
18 54
18 56
18 58
18 60
18 62
18 63
18 65
18 66
18 67
18 70
18 71
18 76
18 77
18 80
18 84
18 86
18 88
18 90
18 92
18 95
18 96
18 98
18 99
19 20
19 21
19 22
19 23
19 25
19 28
19 30
19 31
19 34
19 35
19 36
19 37
19 38
19 39
19 40
19 41
19 43
19 44
19 46
19 48
19 49
19 51
19 53
19 55
19 56
19 57
19 58
19 62
19 64
19 65
19 66
19 73
19 75
19 76
19 77
19 78
19 79
19 80
19 81
19 84
19 85
19 86
19 87
19 88
19 91
19 93
19 94
19 96
19 99
20 21
20 22
20 23
20 24
20 25
20 27
20 28
20 29
20 30
20 31
20 32
20 33
20 34
20 35
20 37
20 38
20 39
20 40
20 41
20 43
20 44
20 46
20 47
20 49
20 51
20 52
20 53
20 54
20 55
20 59
20 60
20 62
20 65
20 68
20 71
20 73
20 75
20 77
20 78
20 79
20 83
20 84
20 85
20 86
20 88
20 89
20 90
20 93
20 94
20 95
20 97
20 98
20 99
21 22
21 24
21 26
21 27
21 28
21 29
21 30
21 31
21 32
21 38
21 41
21 42
21 44
21 45
21 48
21 49
21 50
21 52
21 57
21 63
21 64
21 65
21 66
21 69
21 75
21 77
21 78
21 82
21 83
21 84
21 85
21 88
21 89
21 90
21 94
21 96
21 97
21 99
22 23
22 24
22 29
22 30
22 31
22 35
22 36
22 39
22 40
22 41
22 43
22 44
22 45
22 47
22 52
22 53
22 56
22 58
22 59
22 60
22 61
22 62
22 68
22 69
22 70
22 72
22 73
22 74
22 75
22 77
22 78
22 82
22 85
22 86
22 90
22 93
22 94
22 95
22 96
22 99
23 24
23 25
23 28
23 30
23 31
23 34
23 36
23 40
23 45
23 48
23 51
23 52
23 53
23 54
23 57
23 59
23 60
23 61
23 62
23 64
23 66
23 70
23 71
23 73
23 74
23 78
23 80
23 81
23 82
23 83
23 85
23 89
23 91
23 92
23 94
23 95
23 96
24 25
24 27
24 28
24 32
24 33
24 34
24 35
24 38
24 40
24 41
24 42
24 44
24 46
24 47
24 48
24 51
24 53
24 54
24 56
24 58
24 60
24 61
24 62
24 66
24 67
24 68
24 74
24 76
24 83
24 84
24 85
24 86
24 87
24 88
24 89
24 90
24 91
24 95
24 96
25 27
25 28
25 30
25 31
25 33
25 34
25 36
25 37
25 39
25 40
25 41
25 44
25 46
25 51
25 53
25 55
25 57
25 58
25 69
25 71
25 72
25 73
25 74
25 77
25 79
25 85
25 86
25 88
25 90
25 91
25 95
25 96
25 98
26 29
26 34
26 39
26 40
26 42
26 45
26 46
26 47
26 50
26 51
26 54
26 56
26 57
26 58
26 59
26 60
26 64
26 66
26 68
26 69
26 70
26 74
26 75
26 76
26 78
26 79
26 81
26 82
26 86
26 87
26 88
26 91
26 95
26 96
26 98
27 30
27 34
27 35
27 37
27 38
27 40
27 42
27 44
27 45
27 46
27 48
27 49
27 51
27 52
27 56
27 57
27 58
27 59
27 60
27 63
27 64
27 67
27 68
27 72
27 74
27 76
27 77
27 78
27 82
27 83
27 85
27 88
27 90
27 91
27 92
27 94
27 97
27 98
28 29
28 30
28 33
28 35
28 41
28 45
28 47
28 48
28 49
28 53
28 59
28 60
28 62
28 64
28 69
28 70
28 71
28 72
28 73
28 74
28 76
28 77
28 78
28 79
28 80
28 81
28 84
28 85
28 89
28 90
28 95
28 96
28 99
29 32
29 37
29 39
29 41
29 42
29 46
29 47
29 48
29 49
29 50
29 51
29 52
29 53
29 56
29 57
29 58
29 59
29 61
29 62
29 63
29 72
29 74
29 76
29 82
29 84
29 85
29 86
29 88
29 94
29 95
29 96
29 97
29 99
30 31
30 33
30 40
30 43
30 49
30 50
30 52
30 55
30 58
30 60
30 61
30 62
30 66
30 69
30 70
30 72
30 74
30 75
30 76
30 77
30 79
30 84
30 92
30 95
30 96
30 97
31 33
31 34
31 35
31 36
31 39
31 40
31 42
31 44
31 46
31 48
31 49
31 50
31 52
31 53
31 54
31 56
31 59
31 62
31 63
31 64
31 65
31 66
31 68
31 71
31 73
31 74
31 75
31 76
31 77
31 83
31 85
31 92
31 94
31 96
31 99
32 33
32 37
32 38
32 41
32 44
32 45
32 46
32 47
32 49
32 50
32 51
32 53
32 56
32 57
32 58
32 59
32 60
32 62
32 65
32 69
32 71
32 74
32 75
32 78
32 80
32 81
32 85
32 86
32 89
32 90
32 92
32 94
32 96
32 97
32 99
33 36
33 37
33 38
33 39
33 42
33 44
33 45
33 46
33 49
33 50
33 53
33 55
33 57
33 58
33 59
33 63
33 64
33 66
33 67
33 68
33 70
33 73
33 74
33 78
33 80
33 81
33 84
33 86
33 87
33 89
33 90
33 93
33 94
33 95
33 96
33 99
34 38
34 39
34 46
34 49
34 50
34 52
34 56
34 57
34 59
34 67
34 71
34 73
34 74
34 78
34 80
34 82
34 84
34 87
34 92
34 93
34 95
34 96
34 98
34 99
35 36
35 37
35 40
35 41
35 44
35 46
35 47
35 50
35 52
35 53
35 54
35 59
35 63
35 64
35 68
35 70
35 73
35 76
35 77
35 78
35 81
35 83
35 86
35 87
35 89
35 90
35 93
35 95
35 96
35 98
36 37
36 38
36 41
36 44
36 49
36 50
36 56
36 60
36 61
36 62
36 63
36 66
36 67
36 71
36 73
36 74
36 77
36 79
36 80
36 82
36 83
36 84
36 85
36 86
36 87
36 89
36 90
36 93
36 96
36 97
36 99
37 38
37 43
37 44
37 45
37 48
37 49
37 51
37 53
37 55
37 57
37 59
37 62
37 65
37 68
37 70
37 71
37 73
37 74
37 78
37 79
37 80
37 81
37 82
37 86
37 88
37 89
37 90
37 93
37 94
37 96
37 98
37 99
38 40
38 45
38 46
38 47
38 49
38 50
38 51
38 52
38 54
38 56
38 63
38 65
38 66
38 70
38 72
38 76
38 79
38 85
38 89
38 90
38 92
38 93
38 97
38 98
38 99
39 40
39 44
39 45
39 47
39 49
39 50
39 53
39 54
39 55
39 60
39 64
39 66
39 68
39 71
39 74
39 76
39 78
39 79
39 82
39 83
39 84
39 85
39 88
39 90
39 96
39 98
39 99
40 41
40 43
40 45
40 46
40 47
40 50
40 61
40 62
40 67
40 69
40 70
40 72
40 73
40 74
40 75
40 77
40 79
40 81
40 82
40 83
40 84
40 87
40 88
40 92
40 94
40 95
40 96
40 97
40 98
41 42
41 43
41 44
41 49
41 50
41 51
41 52
41 54
41 56
41 58
41 62
41 65
41 66
41 67
41 68
41 70
41 71
41 72
41 77
41 80
41 84
41 85
41 87
41 88
41 89
41 90
41 91
41 93
41 94
41 96
41 99
42 43
42 47
42 49
42 51
42 53
42 54
42 55
42 58
42 61
42 62
42 66
42 67
42 68
42 70
42 71
42 74
42 75
42 76
42 77
42 79
42 80
42 81
42 82
42 83
42 85
42 89
42 90
42 92
42 93
42 94
42 99
43 44
43 46
43 48
43 49
43 51
43 53
43 54
43 55
43 57
43 59
43 61
43 65
43 66
43 67
43 69
43 71
43 72
43 74
43 75
43 81
43 83
43 84
43 85
43 86
43 89
43 90
43 91
43 92
43 93
43 94
44 45
44 49
44 50
44 51
44 52
44 53
44 54
44 55
44 56
44 57
44 59
44 61
44 62
44 63
44 64
44 65
44 70
44 71
44 72
44 76
44 77
44 79
44 81
44 83
44 85
44 88
44 89
44 91
44 92
44 93
44 99
45 46
45 48
45 50
45 52
45 53
45 54
45 55
45 56
45 57
45 59
45 63
45 66
45 68
45 70
45 72
45 75
45 76
45 77
45 80
45 85
45 86
45 88
45 90
45 92
45 93
45 94
45 96
45 97
45 98
46 50
46 51
46 52
46 55
46 58
46 59
46 61
46 66
46 67
46 68
46 69
46 71
46 73
46 74
46 75
46 76
46 78
46 79
46 80
46 81
46 82
46 83
46 84
46 85
46 86
46 93
46 95
47 52
47 55
47 56
47 59
47 63
47 64
47 67
47 69
47 70
47 71
47 72
47 73
47 74
47 75
47 77
47 79
47 80
47 82
47 85
47 88
47 90
47 97
47 98
48 50
48 51
48 53
48 54
48 55
48 56
48 60
48 62
48 63
48 66
48 68
48 70
48 72
48 74
48 75
48 79
48 82
48 85
48 88
48 89
48 94
48 96
49 50
49 52
49 53
49 54
49 59
49 63
49 64
49 65
49 67
49 68
49 69
49 70
49 73
49 74
49 76
49 77
49 79
49 81
49 82
49 85
49 86
49 87
49 89
49 93
49 94
49 95
49 96
49 97
49 99
50 51
50 54
50 57
50 58
50 59
50 60
50 64
50 65
50 67
50 68
50 71
50 72
50 73
50 74
50 75
50 78
50 81
50 82
50 83
50 84
50 86
50 88
50 95
50 98
50 99
51 52
51 55
51 56
51 57
51 59
51 60
51 61
51 62
51 63
51 65
51 69
51 70
51 71
51 74
51 77
51 80
51 82
51 86
51 95
51 96
51 98
51 99
52 54
52 55
52 57
52 58
52 61
52 65
52 68
52 69
52 71
52 72
52 73
52 74
52 75
52 76
52 78
52 79
52 83
52 87
52 90
52 91
52 92
52 93
52 96
52 97
53 55
53 58
53 59
53 61
53 62
53 63
53 64
53 66
53 67
53 69
53 71
53 72
53 73
53 82
53 83
53 84
53 85
53 86
53 87
53 88
53 89
53 93
53 95
53 96
54 55
54 56
54 57
54 58
54 59
54 62
54 63
54 65
54 67
54 68
54 69
54 70
54 71
54 75
54 78
54 81
54 83
54 87
54 89
54 91
54 92
55 57
55 59
55 60
55 62
55 64
55 67
55 70
55 73
55 75
55 76
55 78
55 83
55 84
55 88
55 89
55 90
55 92
55 93
55 94
55 96
55 99
56 57
56 58
56 61
56 62
56 63
56 65
56 66
56 67
56 75
56 78
56 80
56 81
56 83
56 85
56 89
56 90
56 93
56 94
56 97
57 59
57 60
57 61
57 62
57 63
57 65
57 66
57 67
57 68
57 70
57 71
57 73
57 74
57 77
57 80
57 81
57 82
57 83
57 86
57 88
57 92
57 95
57 96
57 98
58 60
58 61
58 62
58 63
58 64
58 67
58 68
58 73
58 75
58 76
58 77
58 79
58 80
58 84
58 85
58 86
58 88
58 90
58 92
58 93
58 95
58 96
58 97
59 60
59 61
59 63
59 66
59 73
59 74
59 76
59 80
59 81
59 83
59 84
59 85
59 86
59 87
59 89
59 90
59 91
59 92
59 94
59 95
59 96
59 97
59 98
59 99
60 64
60 65
60 66
60 67
60 71
60 73
60 74
60 76
60 79
60 81
60 82
60 83
60 84
60 87
60 88
60 89
60 90
60 92
60 93
60 95
60 96
61 62
61 64
61 66
61 68
61 73
61 74
61 80
61 81
61 84
61 85
61 86
61 87
61 88
61 90
61 96
61 97
61 98
62 68
62 69
62 71
62 73
62 76
62 77
62 78
62 79
62 81
62 83
62 84
62 86
62 87
62 88
62 89
62 91
62 95
62 97
63 64
63 68
63 70
63 72
63 73
63 74
63 75
63 77
63 81
63 83
63 86
63 87
63 92
63 95
63 96
63 99
64 66
64 67
64 69
64 70
64 71
64 72
64 73
64 74
64 76
64 77
64 79
64 80
64 82
64 83
64 86
64 87
64 88
64 90
64 91
64 93
64 94
64 95
64 96
64 97
65 67
65 69
65 71
65 73
65 75
65 77
65 78
65 79
65 82
65 83
65 84
65 86
65 87
65 88
65 92
65 94
65 98
66 71
66 75
66 76
66 78
66 79
66 80
66 87
66 89
66 93
66 96
66 98
66 99
67 68
67 70
67 71
67 72
67 75
67 76
67 77
67 78
67 79
67 80
67 81
67 84
67 86
67 88
67 89
67 91
67 93
67 95
67 97
67 98
68 70
68 71
68 72
68 73
68 78
68 79
68 81
68 85
68 87
68 90
68 91
68 94
68 96
68 97
69 71
69 72
69 73
69 75
69 76
69 78
69 81
69 82
69 85
69 89
69 90
69 91
69 94
69 98
69 99
70 72
70 74
70 77
70 78
70 80
70 81
70 84
70 87
70 89
70 91
70 93
70 94
70 95
70 97
70 98
71 72
71 73
71 74
71 75
71 76
71 81
71 82
71 83
71 84
71 86
71 87
71 89
71 92
71 94
71 95
71 96
71 98
71 99
72 73
72 74
72 75
72 77
72 78
72 82
72 84
72 85
72 89
72 90
72 95
72 98
73 75
73 76
73 83
73 92
73 95
73 96
73 97
73 98
74 77
74 81
74 84
74 87
74 89
74 90
74 91
74 93
74 94
74 95
74 97
74 98
75 85
75 86
75 88
75 89
75 90
75 92
75 95
75 98
75 99
76 79
76 81
76 83
76 84
76 86
76 87
76 91
76 92
76 93
76 96
76 97
76 98
76 99
77 78
77 81
77 84
77 87
77 96
77 98
77 99
78 82
78 83
78 87
78 90
78 91
78 93
78 95
79 84
79 85
79 86
79 87
79 89
79 90
79 91
79 92
79 95
79 96
79 99
80 82
80 84
80 87
80 88
80 96
80 97
81 83
81 84
81 89
81 90
81 93
81 94
81 95
81 96
82 83
82 87
82 88
82 89
83 85
83 86
83 87
83 88
83 89
83 90
83 91
83 93
83 94
83 99
84 86
84 87
84 89
84 91
84 92
84 93
84 94
84 96
84 97
84 98
84 99
85 88
85 89
85 90
85 93
85 94
85 95
85 97
86 90
86 92
86 93
86 94
86 96
86 97
86 99
87 88
87 89
87 90
87 92
87 93
87 94
87 98
87 99
88 89
88 90
88 91
88 93
88 95
88 96
88 97
89 91
89 92
89 93
89 94
89 95
89 96
89 97
89 99
90 91
90 93
90 95
90 96
90 99
91 92
91 93
91 95
91 98
91 99
92 94
92 95
92 98
92 99
93 94
93 95
93 97
93 99
94 95
94 96
95 96
95 97
96 97
96 98
97 99
98 99
