0 1
0 4
0 5
0 6
0 8
0 9
0 10
0 11
0 13
0 14
0 20
0 21
0 23
0 24
0 26
0 27
0 28
0 29
0 36
0 37
0 38
0 39
0 43
0 48
0 49
0 50
0 51
0 52
0 58
0 59
0 61
0 62
0 63
0 64
0 65
0 66
0 68
0 72
0 74
0 76
0 77
0 78
0 81
0 83
0 84
0 85
0 87
0 90
0 91
0 93
0 94
0 96
0 97
1 3
1 6
1 8
1 10
1 12
1 24
1 25
1 26
1 29
1 30
1 31
1 32
1 33
1 34
1 35
1 36
1 37
1 42
1 43
1 48
1 49
1 50
1 52
1 54
1 55
1 60
1 61
1 62
1 64
1 66
1 68
1 69
1 71
1 75
1 77
1 79
1 80
1 81
1 85
1 90
1 91
1 93
1 94
1 95
1 97
1 99
2 5
2 6
2 8
2 11
2 13
2 15
2 16
2 17
2 19
2 20
2 24
2 25
2 26
2 27
2 28
2 29
2 31
2 35
2 36
2 37
2 38
2 44
2 45
2 46
2 47
2 55
2 56
2 58
2 59
2 63
2 64
2 68
2 70
2 74
2 80
2 81
2 83
2 84
2 88
2 89
2 92
2 95
2 97
2 98
3 5
3 7
3 12
3 17
3 18
3 21
3 23
3 24
3 26
3 27
3 28
3 29
3 37
3 42
3 45
3 46
3 47
3 49
3 51
3 54
3 55
3 57
3 58
3 59
3 61
3 62
3 66
3 68
3 69
3 73
3 74
3 75
3 77
3 78
3 82
3 87
3 88
3 90
3 91
3 94
3 95
3 96
3 99
4 6
4 7
4 8
4 9
4 10
4 11
4 12
4 13
4 14
4 17
4 18
4 19
4 20
4 21
4 22
4 25
4 26
4 27
4 28
4 30
4 31
4 34
4 36
4 38
4 39
4 41
4 42
4 43
4 46
4 48
4 49
4 50
4 51
4 52
4 55
4 56
4 57
4 58
4 60
4 61
4 62
4 64
4 67
4 69
4 70
4 73
4 75
4 77
4 78
4 79
4 80
4 81
4 82
4 85
4 86
4 87
4 91
4 94
4 99
5 6
5 7
5 11
5 14
5 17
5 18
5 19
5 21
5 23
5 26
5 28
5 30
5 31
5 35
5 37
5 38
5 39
5 40
5 41
5 42
5 44
5 45
5 47
5 49
5 50
5 51
5 52
5 54
5 55
5 57
5 58
5 59
5 63
5 64
5 68
5 73
5 74
5 75
5 76
5 77
5 78
5 79
5 84
5 85
5 87
5 90
5 93
5 94
5 95
5 98
5 99
6 7
6 13
6 18
6 19
6 21
6 22
6 23
6 24
6 25
6 28
6 29
6 30
6 31
6 34
6 36
6 38
6 43
6 45
6 46
6 47
6 48
6 51
6 52
6 53
6 54
6 55
6 56
6 57
6 62
6 63
6 66
6 67
6 75
6 76
6 77
6 80
6 84
6 85
6 87
6 90
6 92
6 93
6 94
6 96
6 98
6 99
7 11
7 14
7 15
7 16
7 18
7 21
7 23
7 24
7 25
7 26
7 27
7 29
7 30
7 32
7 33
7 36
7 37
7 39
7 41
7 42
7 43
7 44
7 45
7 48
7 51
7 54
7 56
7 58
7 59
7 62
7 63
7 64
7 66
7 68
7 69
7 74
7 75
7 77
7 79
7 84
7 85
7 86
7 88
7 89
7 90
7 91
7 95
7 97
8 9
8 10
8 15
8 17
8 19
8 21
8 22
8 23
8 24
8 25
8 27
8 28
8 30
8 31
8 34
8 35
8 36
8 37
8 38
8 42
8 43
8 44
8 45
8 48
8 49
8 51
8 56
8 58
8 59
8 60
8 61
8 62
8 64
8 66
8 67
8 70
8 72
8 74
8 76
8 77
8 80
8 82
8 83
8 85
8 88
8 90
8 93
8 95
8 98
9 10
9 11
9 12
9 14
9 15
9 16
9 17
9 18
9 22
9 23
9 27
9 28
9 30
9 31
9 33
9 35
9 37
9 38
9 39
9 42
9 43
9 44
9 47
9 48
9 49
9 55
9 59
9 61
9 62
9 63
9 64
9 65
9 68
9 69
9 72
9 74
9 76
9 77
9 79
9 80
9 82
9 83
9 84
9 88
9 89
9 91
9 93
9 95
10 11
10 15
10 19
10 20
10 21
10 23
10 24
10 25
10 26
10 27
10 28
10 30
10 31
10 33
10 37
10 39
10 42
10 43
10 49
10 51
10 54
10 55
10 58
10 59
10 60
10 62
10 64
10 65
10 68
10 71
10 73
10 78
10 79
10 80
10 81
10 83
10 84
10 87
10 88
10 89
10 94
10 95
11 15
11 16
11 20
11 21
11 22
11 23
11 26
11 28
11 29
11 31
11 34
11 35
11 36
11 37
11 38
11 39
11 40
11 41
11 42
11 45
11 49
11 51
11 53
11 54
11 56
11 57
11 58
11 62
11 63
11 64
11 71
11 72
11 74
11 76
11 78
11 79
11 83
11 84
11 88
11 90
11 93
11 94
11 97
11 98
12 13
12 17
12 20
12 21
12 22
12 24
12 26
12 27
12 28
12 30
12 33
12 36
12 38
12 42
12 43
12 50
12 52
12 53
12 55
12 56
12 58
12 61
12 62
12 63
12 64
12 65
12 66
12 71
12 72
12 73
12 77
12 78
12 79
12 82
12 85
12 86
12 88
12 90
12 95
12 96
12 97
13 18
13 21
13 23
13 24
13 27
13 30
13 32
13 34
13 35
13 37
13 39
13 40
13 41
13 42
13 44
13 45
13 47
13 48
13 49
13 50
13 51
13 52
13 55
13 56
13 57
13 62
13 63
13 64
13 65
13 66
13 68
13 70
13 72
13 74
13 79
13 81
13 85
13 87
13 92
13 95
13 96
13 98
13 99
14 15
14 18
14 22
14 24
14 26
14 28
14 31
14 35
14 36
14 41
14 47
14 48
14 49
14 50
14 52
14 54
14 57
14 58
14 59
14 60
14 61
14 63
14 65
14 68
14 69
14 72
14 73
14 74
14 76
14 77
14 79
14 80
14 81
14 82
14 83
14 84
14 86
14 89
14 90
14 93
14 94
14 96
14 97
14 99
15 16
15 17
15 20
15 21
15 22
15 27
15 29
15 30
15 33
15 35
15 37
15 38
15 42
15 43
15 45
15 47
15 49
15 50
15 51
15 57
15 59
15 61
15 63
15 64
15 65
15 66
15 68
15 70
15 74
15 76
15 77
15 81
15 82
15 83
15 84
15 85
15 86
15 87
15 89
15 93
15 95
15 96
16 17
16 19
16 21
16 22
16 24
16 29
16 30
16 31
16 35
16 39
16 44
16 45
16 46
16 48
16 49
16 50
16 51
16 56
16 57
16 58
16 60
16 63
16 66
16 70
16 72
16 73
16 75
16 76
16 78
16 79
16 82
16 85
16 86
16 89
16 90
16 92
16 93
16 95
16 97
17 19
17 22
17 24
17 25
17 29
17 30
17 32
17 33
17 34
17 38
17 39
17 40
17 42
17 43
17 44
17 46
17 49
17 51
17 52
17 53
17 55
17 56
17 60
17 62
17 66
17 68
17 72
17 73
17 75
17 77
17 80
17 85
17 89
17 90
17 91
17 92
17 94
17 95
17 97
17 98
18 19
18 24
18 25
18 27
18 28
18 29
18 32
18 34
18 35
18 36
18 37
18 38
18 40
18 44
18 45
18 50
18 52
18 54
18 55
18 56
18 57
18 59
18 61
18 62
18 63
18 64
18 65
18 66
18 71
18 72
18 76
18 77
18 79
18 80
18 81
18 82
18 84
18 85
18 86
18 87
18 88
18 89
18 94
18 95
18 98
19 22
19 23
19 26
19 29
19 30
19 31
19 32
19 34
19 35
19 36
19 38
19 40
19 41
19 44
19 50
19 51
19 54
19 55
19 60
19 65
19 66
19 67
19 70
19 72
19 73
19 74
19 75
19 82
19 83
19 84
19 86
19 87
19 89
19 90
19 91
19 92
19 93
19 95
19 96
19 99
20 21
20 23
20 24
20 26
20 27
20 29
20 30
20 31
20 32
20 34
20 36
20 38
20 39
20 42
20 43
20 44
20 45
20 46
20 51
20 52
20 53
20 56
20 57
20 58
20 60
20 61
20 62
20 63
20 64
20 66
20 70
20 71
20 72
20 73
20 75
20 77
20 79
20 84
20 88
20 89
20 90
20 93
20 94
20 95
20 98
20 99
21 25
21 26
21 29
21 33
21 34
21 37
21 38
21 47
21 51
21 54
21 56
21 58
21 60
21 63
21 66
21 67
21 69
21 70
21 71
21 74
21 75
21 79
21 87
21 91
21 92
21 94
21 95
21 99
22 27
22 29
22 36
22 38
22 39
22 40
22 42
22 46
22 47
22 48
22 49
22 54
22 55
22 61
22 63
22 64
22 65
22 66
22 68
22 69
22 72
22 73
22 74
22 76
22 77
22 78
22 79
22 81
22 84
22 86
22 89
22 90
22 94
22 97
22 98
23 26
23 27
23 28
23 30
23 31
23 33
23 35
23 40
23 42
23 44
23 46
23 47
23 49
23 50
23 52
23 53
23 56
23 57
23 58
23 59
23 60
23 62
23 68
23 69
23 70
23 72
23 73
23 75
23 76
23 77
23 78
23 80
23 82
23 84
23 86
23 88
23 89
23 90
23 91
23 93
23 95
23 97
23 98
23 99
24 25
24 27
24 29
24 30
24 31
24 33
24 35
24 37
24 38
24 39
24 40
24 41
24 42
24 43
24 45
24 46
24 51
24 54
24 55
24 56
24 58
24 59
24 61
24 65
24 69
24 73
24 74
24 79
24 80
24 82
24 83
24 88
24 89
24 91
24 93
24 96
24 97
24 98
25 27
25 29
25 30
25 31
25 32
25 34
25 35
25 39
25 40
25 41
25 43
25 44
25 45
25 46
25 50
25 52
25 53
25 55
25 58
25 60
25 62
25 64
25 66
25 71
25 73
25 77
25 79
25 80
25 81
25 82
25 84
25 85
25 86
25 89
25 90
25 92
25 94
25 95
25 97
25 98
25 99
26 27
26 31
26 33
26 34
26 38
26 40
26 41
26 44
26 49
26 54
26 55
26 60
26 61
26 65
26 66
26 68
26 74
26 75
26 76
26 78
26 84
26 86
26 90
26 91
26 92
26 93
26 98
27 32
27 34
27 37
27 38
27 39
27 41
27 42
27 43
27 45
27 46
27 47
27 48
27 54
27 55
27 56
27 59
27 60
27 61
27 63
27 70
27 73
27 74
27 75
27 76
27 78
27 80
27 84
27 86
27 87
27 88
27 94
27 95
27 96
27 97
27 98
27 99
28 32
28 34
28 37
28 41
28 43
28 48
28 49
28 50
28 52
28 53
28 56
28 59
28 61
28 64
28 67
28 69
28 70
28 71
28 72
28 75
28 76
28 83
28 84
28 86
28 92
28 96
28 97
28 98
29 30
29 31
29 32
29 34
29 36
29 38
29 39
29 40
29 42
29 43
29 44
29 45
29 50
29 51
29 54
29 55
29 56
29 58
29 59
29 60
29 61
29 67
29 68
29 69
29 70
29 72
29 74
29 75
29 76
29 80
29 82
29 83
29 87
29 88
29 90
29 91
29 92
29 93
29 97
30 32
30 34
30 35
30 36
30 38
30 39
30 40
30 41
30 43
30 47
30 48
30 50
30 51
30 59
30 60
30 61
30 62
30 63
30 65
30 68
30 70
30 72
30 75
30 76
30 77
30 78
30 79
30 80
30 81
30 83
30 84
30 87
30 88
30 90
30 92
30 96
30 99
31 34
31 35
31 38
31 43
31 45
31 46
31 47
31 49
31 52
31 53
31 56
31 58
31 59
31 63
31 65
31 69
31 71
31 72
31 73
31 74
31 75
31 76
31 77
31 81
31 82
31 85
31 86
31 88
31 90
31 92
31 96
31 98
31 99
32 33
32 43
32 45
32 47
32 50
32 52
32 54
32 55
32 57
32 58
32 59
32 63
32 65
32 66
32 68
32 69
32 71
32 72
32 73
32 74
32 76
32 77
32 79
32 80
32 82
32 83
32 84
32 85
32 86
32 87
32 88
32 90
32 91
32 92
32 95
32 96
32 97
32 98
33 36
33 37
33 38
33 40
33 47
33 48
33 53
33 54
33 55
33 56
33 57
33 59
33 60
33 61
33 63
33 65
33 67
33 68
33 69
33 70
33 71
33 73
33 74
33 75
33 76
33 77
33 78
33 83
33 85
33 86
33 89
33 91
33 92
33 93
33 94
33 96
33 98
34 35
34 36
34 39
34 41
34 42
34 43
34 44
34 45
34 47
34 50
34 52
34 55
34 57
34 59
34 62
34 63
34 65
34 66
34 67
34 69
34 70
34 72
34 73
34 74
34 75
34 78
34 82
34 83
34 85
34 86
34 87
34 88
34 89
34 93
34 97
34 99
35 37
35 38
35 40
35 46
35 49
35 51
35 52
35 54
35 56
35 57
35 58
35 59
35 60
35 65
35 67
35 71
35 74
35 77
35 78
35 81
35 84
35 87
35 88
35 89
35 90
35 92
35 94
35 95
35 98
35 99
36 37
36 38
36 41
36 42
36 43
36 44
36 45
36 46
36 49
36 51
36 52
36 54
36 55
36 56
36 58
36 59
36 60
36 61
36 62
36 63
36 65
36 70
36 71
36 72
36 73
36 74
36 77
36 78
36 80
36 84
36 85
36 86
36 87
36 88
36 91
36 92
36 93
36 94
36 95
36 96
36 97
36 98
36 99
37 38
37 39
37 40
37 43
37 44
37 45
37 46
37 47
37 48
37 53
37 57
37 59
37 62
37 63
37 65
37 67
37 68
37 69
37 70
37 71
37 74
37 75
37 76
37 77
37 79
37 80
37 82
37 86
37 88
37 89
37 90
37 94
37 95
37 96
37 98
38 41
38 44
38 46
38 48
38 50
38 51
38 52
38 53
38 54
38 57
38 58
38 59
38 61
38 63
38 64
38 66
38 67
38 69
38 70
38 71
38 72
38 73
38 74
38 76
38 78
38 79
38 80
38 81
38 83
38 86
38 87
38 89
38 90
38 91
38 92
38 94
38 96
38 97
39 40
39 42
39 43
39 44
39 45
39 49
39 51
39 52
39 61
39 62
39 64
39 65
39 67
39 69
39 72
39 73
39 79
39 82
39 84
39 85
39 86
39 89
39 90
39 91
39 92
39 93
39 94
39 98
40 42
40 50
40 51
40 52
40 53
40 54
40 55
40 56
40 57
40 58
40 62
40 63
40 66
40 68
40 69
40 70
40 72
40 75
40 76
40 77
40 78
40 80
40 81
40 84
40 94
40 95
40 97
40 98
41 43
41 44
41 45
41 48
41 50
41 51
41 52
41 53
41 54
41 58
41 59
41 61
41 62
41 64
41 66
41 67
41 68
41 72
41 73
41 78
41 80
41 83
41 84
41 85
41 88
41 89
41 94
41 99
42 43
42 48
42 49
42 56
42 57
42 58
42 64
42 65
42 67
42 70
42 72
42 77
42 82
42 83
42 85
42 86
42 87
42 89
42 91
42 92
42 93
42 94
42 96
42 97
42 98
42 99
43 45
43 47
43 48
43 49
43 52
43 53
43 54
43 55
43 56
43 58
43 59
43 61
43 62
43 65
43 66
43 68
43 73
43 74
43 77
43 78
43 80
43 83
43 84
43 85
43 86
43 87
43 90
43 92
43 93
43 97
44 45
44 48
44 49
44 50
44 51
44 52
44 53
44 56
44 59
44 60
44 66
44 67
44 70
44 71
44 72
44 73
44 76
44 77
44 78
44 79
44 82
44 83
44 85
44 86
44 89
44 91
44 92
44 93
44 94
44 95
44 96
45 47
45 48
45 49
45 50
45 52
45 53
45 60
45 61
45 63
45 64
45 65
45 67
45 69
45 73
45 75
45 81
45 86
45 88
45 90
45 96
45 98
46 49
46 50
46 51
46 53
46 54
46 55
46 56
46 57
46 58
46 59
46 63
46 64
46 66
46 69
46 71
46 73
46 74
46 75
46 80
46 81
46 86
46 87
46 90
46 91
46 93
46 94
46 95
46 96
46 97
47 48
47 49
47 50
47 51
47 53
47 55
47 56
47 59
47 63
47 64
47 66
47 67
47 68
47 69
47 72
47 77
47 79
47 80
47 81
47 85
47 87
47 88
47 89
47 90
47 91
47 93
47 95
47 97
47 98
47 99
48 51
48 52
48 54
48 55
48 56
48 57
48 58
48 59
48 60
48 64
48 65
48 67
48 68
48 73
48 75
48 78
48 81
48 83
48 85
48 88
48 95
48 96
48 97
49 50
49 51
49 53
49 56
49 57
49 58
49 59
49 63
49 64
49 65
49 66
49 69
49 71
49 72
49 76
49 77
49 79
49 80
49 82
49 84
49 86
49 93
49 94
49 96
49 97
49 98
50 52
50 53
50 54
50 57
50 58
50 62
50 63
50 64
50 65
50 66
50 67
50 68
50 71
50 74
50 77
50 80
50 81
50 82
50 83
50 84
50 88
50 92
50 95
50 97
50 98
51 53
51 54
51 57
51 58
51 59
51 60
51 61
51 63
51 66
51 69
51 73
51 75
51 76
51 80
51 81
51 84
51 85
51 88
51 92
51 93
51 96
51 99
52 55
52 56
52 59
52 60
52 62
52 64
52 65
52 72
52 75
52 78
52 80
52 81
52 85
52 88
52 90
52 91
52 92
52 93
52 95
52 98
53 55
53 57
53 59
53 63
53 66
53 69
53 73
53 74
53 77
53 79
53 81
53 82
53 87
53 89
53 90
53 91
53 92
53 93
53 94
53 97
53 98
54 55
54 56
54 58
54 62
54 64
54 65
54 66
54 68
54 69
54 70
54 71
54 73
54 75
54 77
54 78
54 81
54 82
54 83
54 84
54 85
54 88
54 89
54 91
54 96
54 99
55 57
55 60
55 65
55 69
55 71
55 73
55 76
55 80
55 82
55 83
55 86
55 87
55 88
55 90
55 92
55 95
55 96
55 97
55 98
55 99
56 59
56 65
56 67
56 68
56 69
56 70
56 71
56 73
56 79
56 82
56 83
56 84
56 87
56 90
56 92
56 95
56 96
56 97
56 98
57 59
57 63
57 64
57 69
57 72
57 75
57 77
57 87
57 89
57 92
57 93
57 95
57 96
58 60
58 61
58 63
58 64
58 65
58 67
58 68
58 72
58 73
58 77
58 78
58 79
58 80
58 81
58 82
58 83
58 84
58 85
58 86
58 87
58 90
58 91
58 92
58 95
58 98
59 62
59 63
59 66
59 67
59 70
59 71
59 72
59 73
59 74
59 76
59 77
59 78
59 81
59 83
59 87
59 88
59 90
59 94
59 95
59 98
59 99
60 62
60 67
60 68
60 76
60 81
60 83
60 88
60 89
60 90
60 91
60 92
60 97
61 63
61 64
61 65
61 66
61 67
61 68
61 70
61 72
61 75
61 76
61 77
61 79
61 80
61 81
61 82
61 83
61 84
61 86
61 87
61 89
61 90
61 91
61 92
61 94
61 96
61 97
61 98
62 63
62 65
62 67
62 70
62 71
62 72
62 74
62 75
62 78
62 79
62 80
62 83
62 88
62 89
62 90
62 91
62 93
62 94
62 97
62 98
63 64
63 66
63 67
63 70
63 71
63 72
63 83
63 84
63 87
63 88
63 90
63 92
63 93
63 94
63 95
63 96
64 65
64 66
64 69
64 71
64 73
64 74
64 75
64 76
64 79
64 80
64 81
64 84
64 86
64 87
64 88
64 91
64 93
64 96
64 99
65 67
65 69
65 72
65 73
65 75
65 76
65 79
65 84
65 85
65 87
65 90
65 93
66 68
66 70
66 73
66 75
66 76
66 78
66 79
66 80
66 86
66 88
66 92
66 93
66 94
66 96
66 97
67 68
67 69
67 70
67 71
67 74
67 77
67 78
67 79
67 80
67 86
67 88
67 91
67 93
67 96
67 97
67 98
67 99
68 69
68 73
68 74
68 75
68 76
68 77
68 80
68 81
68 83
68 85
68 86
68 87
68 89
68 93
68 94
68 96
68 97
68 98
68 99
69 70
69 72
69 74
69 75
69 76
69 78
69 79
69 81
69 82
69 83
69 86
69 94
69 96
69 97
69 98
70 72
70 73
70 75
70 79
70 82
70 85
70 86
70 87
70 90
70 93
70 94
70 96
70 97
70 98
71 72
71 74
71 76
71 78
71 80
71 81
71 82
71 86
71 87
71 90
71 91
71 95
71 96
71 98
72 73
72 74
72 76
72 77
72 80
72 81
72 82
72 83
72 84
72 86
72 89
72 90
72 92
72 93
72 94
72 98
73 75
73 76
73 77
73 78
73 81
73 82
73 84
73 85
73 86
73 88
73 91
73 92
73 95
73 97
73 99
74 78
74 79
74 80
74 83
74 84
74 88
74 89
74 90
74 91
74 92
74 94
74 96
74 97
74 98
74 99
75 76
75 77
75 78
75 79
75 82
75 84
75 85
75 86
75 88
75 93
75 94
75 97
75 98
75 99
76 77
76 83
76 88
76 90
76 91
76 92
76 95
76 97
76 99
77 78
77 79
77 82
77 83
77 86
77 87
77 94
77 95
77 97
78 80
78 81
78 84
78 85
78 86
78 87
78 88
78 89
78 90
78 91
78 95
78 96
78 98
79 81
79 82
79 83
79 84
79 85
79 86
79 89
79 90
79 91
79 94
79 96
79 97
80 82
80 83
80 85
80 86
80 87
80 88
80 90
80 91
80 94
80 95
80 99
81 82
81 84
81 86
81 87
81 90
81 91
81 95
81 98
81 99
82 84
82 90
82 95
82 96
82 98
82 99
83 84
83 86
83 88
83 95
83 97
83 98
84 87
84 88
84 91
84 93
84 95
84 97
84 98
84 99
85 86
85 89
85 91
85 95
85 96
85 97
85 98
86 88
86 91
86 95
86 96
86 98
87 89
87 91
87 92
87 94
87 96
87 98
88 92
88 93
88 94
88 96
88 97
88 98
88 99
89 93
89 95
89 96
89 98
90 91
90 93
90 94
90 95
90 99
91 92
91 93
91 94
91 96
91 97
92 93
92 96
92 97
92 98
92 99
93 95
93 99
94 95
94 96
94 97
95 97
95 99
96 97
