0 1
0 2
0 5
0 6
0 8
0 9
0 10
0 13
0 14
0 17
0 18
0 19
0 22
0 27
0 31
0 35
0 36
0 37
0 40
0 42
0 47
0 51
0 52
0 53
0 56
0 61
0 63
0 64
0 69
0 71
0 72
0 75
0 76
0 77
0 82
0 86
0 89
0 96
0 97
0 98
1 2
1 3
1 5
1 11
1 14
1 19
1 22
1 25
1 29
1 30
1 31
1 32
1 33
1 36
1 37
1 38
1 40
1 41
1 42
1 43
1 44
1 47
1 54
1 56
1 59
1 60
1 63
1 64
1 66
1 69
1 74
1 76
1 78
1 80
1 82
1 83
1 84
1 86
1 87
1 88
1 91
1 92
1 93
1 96
1 97
1 99
2 3
2 4
2 6
2 9
2 13
2 14
2 17
2 22
2 23
2 24
2 28
2 29
2 30
2 32
2 33
2 35
2 38
2 41
2 42
2 43
2 44
2 46
2 49
2 51
2 54
2 55
2 56
2 57
2 58
2 60
2 61
2 64
2 66
2 67
2 68
2 69
2 70
2 71
2 77
2 78
2 79
2 80
2 82
2 83
2 84
2 85
2 92
2 94
2 95
2 96
2 98
2 99
3 4
3 5
3 6
3 7
3 8
3 11
3 12
3 16
3 17
3 18
3 24
3 26
3 28
3 29
3 36
3 40
3 41
3 42
3 44
3 48
3 51
3 53
3 55
3 59
3 62
3 63
3 66
3 67
3 68
3 70
3 71
3 73
3 75
3 76
3 77
3 78
3 79
3 80
3 81
3 82
3 85
3 86
3 88
3 89
3 91
3 92
3 95
3 96
3 97
3 98
3 99
4 5
4 6
4 9
4 13
4 15
4 16
4 17
4 18
4 22
4 23
4 24
4 27
4 32
4 33
4 34
4 35
4 37
4 40
4 43
4 44
4 45
4 51
4 52
4 54
4 56
4 58
4 59
4 60
4 66
4 72
4 73
4 75
4 77
4 80
4 82
4 86
4 88
4 91
4 94
4 95
5 7
5 11
5 14
5 15
5 16
5 17
5 18
5 21
5 22
5 24
5 25
5 26
5 28
5 30
5 31
5 32
5 33
5 35
5 36
5 39
5 40
5 41
5 42
5 43
5 44
5 45
5 46
5 48
5 50
5 51
5 52
5 54
5 56
5 59
5 61
5 64
5 65
5 66
5 68
5 70
5 72
5 75
5 76
5 77
5 79
5 80
5 82
5 83
5 84
5 85
5 86
5 89
5 90
5 91
5 94
5 96
5 97
5 98
6 8
6 9
6 11
6 13
6 14
6 15
6 16
6 21
6 24
6 26
6 27
6 29
6 30
6 32
6 33
6 34
6 39
6 41
6 43
6 44
6 45
6 46
6 47
6 50
6 51
6 56
6 59
6 60
6 61
6 62
6 64
6 69
6 73
6 80
6 82
6 84
6 87
6 88
6 89
6 91
6 94
6 95
6 97
6 98
6 99
7 8
7 10
7 11
7 13
7 15
7 18
7 21
7 22
7 23
7 24
7 26
7 28
7 29
7 30
7 33
7 34
7 36
7 42
7 44
7 45
7 49
7 54
7 63
7 66
7 68
7 70
7 74
7 75
7 76
7 77
7 83
7 84
7 85
7 87
7 89
7 91
7 92
7 94
7 96
7 98
8 9
8 12
8 13
8 16
8 17
8 19
8 20
8 21
8 22
8 24
8 28
8 31
8 36
8 37
8 38
8 40
8 43
8 45
8 46
8 49
8 51
8 56
8 59
8 60
8 62
8 63
8 65
8 68
8 70
8 71
8 75
8 76
8 80
8 81
8 84
8 85
8 86
8 87
8 89
8 94
8 95
8 96
8 97
8 98
8 99
9 13
9 14
9 17
9 21
9 23
9 25
9 26
9 27
9 28
9 29
9 31
9 33
9 35
9 38
9 41
9 43
9 47
9 48
9 51
9 52
9 53
9 57
9 58
9 61
9 62
9 63
9 64
9 66
9 67
9 68
9 69
9 72
9 73
9 74
9 75
9 76
9 77
9 78
9 80
9 82
9 85
9 86
9 89
9 90
9 91
9 94
9 95
9 98
9 99
10 11
10 14
10 17
10 20
10 22
10 26
10 27
10 28
10 30
10 32
10 40
10 43
10 44
10 45
10 46
10 47
10 56
10 57
10 58
10 59
10 60
10 61
10 62
10 66
10 67
10 69
10 70
10 73
10 78
10 79
10 83
10 84
10 86
10 87
10 89
10 90
10 92
10 96
10 97
10 98
10 99
11 13
11 15
11 16
11 17
11 18
11 20
11 24
11 26
11 27
11 28
11 30
11 34
11 35
11 36
11 37
11 38
11 40
11 42
11 43
11 45
11 50
11 51
11 53
11 54
11 55
11 59
11 67
11 73
11 74
11 77
11 78
11 81
11 82
11 83
11 85
11 87
11 88
11 90
11 94
12 13
12 16
12 18
12 20
12 21
12 22
12 24
12 25
12 26
12 30
12 32
12 34
12 35
12 38
12 41
12 43
12 45
12 46
12 47
12 48
12 49
12 50
12 51
12 52
12 59
12 60
12 63
12 65
12 66
12 67
12 68
12 69
12 70
12 71
12 72
12 73
12 74
12 77
12 87
12 88
12 90
12 91
12 96
13 17
13 19
13 20
13 21
13 22
13 23
13 25
13 27
13 29
13 32
13 33
13 34
13 35
13 36
13 37
13 39
13 41
13 47
13 49
13 50
13 51
13 52
13 54
13 55
13 56
13 57
13 58
13 60
13 62
13 63
13 65
13 66
13 69
13 71
13 73
13 74
13 75
13 77
13 78
13 79
13 80
13 81
13 83
13 84
13 86
13 87
13 89
13 90
13 93
14 15
14 16
14 17
14 20
14 21
14 22
14 29
14 30
14 31
14 34
14 37
14 38
14 40
14 42
14 45
14 46
14 47
14 48
14 51
14 53
14 54
14 55
14 60
14 61
14 64
14 68
14 70
14 71
14 72
14 73
14 77
14 79
14 81
14 82
14 85
14 90
14 92
14 94
14 95
14 97
14 98
15 16
15 17
15 18
15 20
15 22
15 23
15 26
15 27
15 28
15 29
15 31
15 32
15 36
15 37
15 39
15 40
15 42
15 43
15 44
15 45
15 46
15 47
15 48
15 49
15 51
15 53
15 55
15 56
15 60
15 61
15 62
15 67
15 68
15 72
15 73
15 74
15 76
15 80
15 83
15 84
15 85
15 87
15 89
15 90
15 93
15 94
15 95
15 98
16 20
16 23
16 24
16 25
16 29
16 31
16 32
16 36
16 39
16 42
16 45
16 50
16 51
16 52
16 55
16 58
16 63
16 66
16 67
16 69
16 70
16 71
16 72
16 75
16 79
16 81
16 82
16 83
16 86
16 88
16 89
16 90
16 91
16 93
16 94
16 97
16 99
17 20
17 21
17 24
17 26
17 28
17 29
17 31
17 32
17 35
17 36
17 38
17 39
17 40
17 43
17 45
17 46
17 47
17 49
17 50
17 52
17 56
17 60
17 61
17 66
17 67
17 70
17 73
17 74
17 77
17 79
17 87
17 88
17 90
17 92
17 94
17 95
17 96
17 97
18 19
18 21
18 22
18 23
18 25
18 26
18 33
18 37
18 38
18 41
18 45
18 46
18 47
18 48
18 49
18 50
18 51
18 53
18 56
18 57
18 61
18 62
18 65
18 66
18 67
18 71
18 72
18 73
18 76
18 78
18 83
18 84
18 86
18 91
18 96
18 99
19 21
19 23
19 24
19 26
19 28
19 30
19 32
19 37
19 38
19 40
19 44
19 48
19 50
19 51
19 53
19 58
19 60
19 62
19 63
19 65
19 67
19 68
19 69
19 71
19 75
19 76
19 78
19 79
19 81
19 84
19 86
19 88
19 89
19 90
19 92
19 95
19 96
19 97
20 21
20 23
20 24
20 25
20 27
20 30
20 32
20 35
20 42
20 46
20 49
20 52
20 53
20 55
20 56
20 57
20 58
20 64
20 65
20 68
20 70
20 72
20 73
20 75
20 76
20 80
20 81
20 82
20 84
20 85
20 86
20 88
20 89
20 91
20 92
20 94
20 96
20 97
21 22
21 24
21 26
21 29
21 30
21 33
21 34
21 35
21 36
21 37
21 41
21 42
21 44
21 45
21 46
21 47
21 49
21 50
21 51
21 52
21 53
21 55
21 57
21 58
21 59
21 60
21 61
21 62
21 63
21 65
21 69
21 72
21 73
21 74
21 76
21 78
21 80
21 81
21 82
21 85
21 88
21 90
21 91
21 92
21 93
21 94
21 96
21 98
21 99
22 23
22 25
22 29
22 30
22 32
22 34
22 37
22 38
22 41
22 42
22 43
22 44
22 50
22 52
22 54
22 55
22 56
22 57
22 60
22 61
22 62
22 63
22 65
22 68
22 69
22 70
22 71
22 73
22 74
22 76
22 78
22 80
22 82
22 90
22 92
22 94
22 95
22 99
23 24
23 27
23 28
23 29
23 31
23 34
23 35
23 36
23 37
23 38
23 39
23 40
23 42
23 45
23 48
23 52
23 56
23 57
23 58
23 59
23 61
23 62
23 65
23 69
23 71
23 72
23 76
23 78
23 79
23 81
23 82
23 84
23 85
23 87
23 92
23 94
23 95
23 98
23 99
24 26
24 31
24 32
24 35
24 37
24 39
24 40
24 42
24 46
24 47
24 48
24 52
24 58
24 62
24 64
24 65
24 67
24 68
24 73
24 77
24 81
24 82
24 85
24 87
24 88
24 89
24 91
24 92
24 97
24 98
24 99
25 27
25 28
25 29
25 32
25 34
25 36
25 37
25 38
25 39
25 40
25 41
25 44
25 45
25 47
25 54
25 55
25 58
25 61
25 63
25 64
25 65
25 66
25 67
25 68
25 70
25 71
25 73
25 74
25 77
25 78
25 79
25 80
25 81
25 83
25 84
25 87
25 88
25 89
25 90
25 91
25 92
25 93
25 94
25 95
25 97
25 99
26 29
26 30
26 31
26 32
26 33
26 34
26 35
26 37
26 38
26 39
26 41
26 42
26 43
26 44
26 45
26 46
26 47
26 49
26 52
26 57
26 62
26 63
26 64
26 65
26 66
26 67
26 69
26 70
26 73
26 74
26 75
26 79
26 80
26 81
26 83
26 84
26 88
26 93
26 94
26 95
26 98
26 99
27 32
27 33
27 35
27 36
27 38
27 39
27 44
27 46
27 47
27 50
27 51
27 55
27 57
27 58
27 59
27 60
27 61
27 62
27 66
27 67
27 68
27 71
27 74
27 75
27 76
27 77
27 78
27 79
27 80
27 82
27 83
27 85
27 86
27 87
27 90
27 91
27 92
27 94
27 95
27 96
27 99
28 29
28 30
28 31
28 32
28 36
28 37
28 39
28 42
28 44
28 45
28 46
28 48
28 49
28 51
28 52
28 56
28 57
28 58
28 59
28 60
28 63
28 66
28 67
28 68
28 69
28 70
28 73
28 75
28 78
28 79
28 80
28 81
28 82
28 83
28 84
28 86
28 88
28 89
28 91
28 92
28 96
28 97
28 99
29 30
29 33
29 35
29 37
29 38
29 39
29 40
29 42
29 48
29 55
29 56
29 63
29 65
29 66
29 69
29 70
29 71
29 75
29 80
29 81
29 84
29 85
29 87
29 88
29 90
29 91
29 93
29 96
29 97
30 31
30 32
30 33
30 36
30 37
30 39
30 40
30 42
30 43
30 44
30 45
30 46
30 47
30 51
30 53
30 56
30 57
30 60
30 61
30 63
30 64
30 67
30 68
30 71
30 74
30 75
30 77
30 79
30 80
30 81
30 89
30 90
30 97
30 99
31 39
31 41
31 42
31 43
31 45
31 46
31 48
31 51
31 53
31 55
31 56
31 57
31 59
31 62
31 63
31 64
31 69
31 72
31 74
31 75
31 81
31 82
31 83
31 85
31 89
31 90
31 91
31 92
31 93
31 94
31 96
31 97
31 98
32 33
32 34
32 36
32 49
32 52
32 54
32 55
32 57
32 60
32 61
32 62
32 65
32 67
32 73
32 77
32 78
32 82
32 83
32 88
32 90
32 91
32 93
32 96
32 97
32 98
33 36
33 38
33 39
33 41
33 42
33 44
33 45
33 47
33 57
33 58
33 59
33 60
33 61
33 63
33 64
33 65
33 67
33 68
33 69
33 70
33 71
33 72
33 77
33 79
33 80
33 81
33 85
33 86
33 90
33 91
33 95
33 98
34 36
34 41
34 45
34 46
34 48
34 49
34 53
34 54
34 55
34 57
34 59
34 62
34 65
34 66
34 70
34 76
34 79
34 81
34 82
34 84
34 85
34 89
34 90
34 91
34 93
34 96
34 97
34 98
35 37
35 38
35 42
35 47
35 51
35 53
35 55
35 57
35 58
35 59
35 60
35 65
35 66
35 68
35 72
35 74
35 75
35 76
35 79
35 80
35 81
35 83
35 86
35 87
35 88
35 90
35 92
35 95
35 96
35 97
35 98
36 37
36 38
36 39
36 42
36 44
36 45
36 46
36 47
36 48
36 50
36 51
36 52
36 53
36 54
36 56
36 59
36 61
36 62
36 64
36 65
36 68
36 69
36 72
36 73
36 76
36 80
36 82
36 83
36 85
36 86
36 88
36 91
36 92
36 93
36 94
36 96
36 97
36 98
37 38
37 39
37 40
37 41
37 42
37 43
37 44
37 46
37 47
37 48
37 49
37 50
37 51
37 52
37 53
37 55
37 57
37 58
37 63
37 64
37 65
37 66
37 69
37 77
37 80
37 84
37 85
37 87
37 88
37 89
37 91
37 94
37 97
37 98
38 40
38 42
38 45
38 47
38 50
38 54
38 55
38 56
38 58
38 60
38 62
38 63
38 65
38 66
38 68
38 69
38 71
38 76
38 77
38 85
38 86
38 91
38 92
38 94
38 99
39 41
39 42
39 43
39 44
39 46
39 47
39 48
39 50
39 53
39 56
39 57
39 60
39 61
39 62
39 63
39 64
39 65
39 66
39 68
39 70
39 72
39 75
39 76
39 78
39 79
39 80
39 81
39 85
39 87
39 88
39 90
39 91
39 92
39 95
39 97
39 98
39 99
40 41
40 43
40 46
40 48
40 50
40 55
40 56
40 57
40 58
40 59
40 60
40 63
40 64
40 65
40 66
40 67
40 68
40 69
40 70
40 71
40 77
40 79
40 80
40 82
40 84
40 85
40 86
40 87
40 88
40 90
40 92
40 93
40 95
40 97
41 44
41 46
41 49
41 56
41 57
41 58
41 61
41 62
41 65
41 67
41 68
41 69
41 70
41 71
41 72
41 74
41 75
41 78
41 79
41 80
41 81
41 83
41 84
41 85
41 87
41 89
41 90
41 96
41 97
41 98
42 44
42 47
42 49
42 50
42 54
42 55
42 57
42 59
42 61
42 62
42 63
42 64
42 65
42 67
42 68
42 70
42 72
42 74
42 78
42 80
42 81
42 82
42 86
42 87
42 88
42 89
42 90
42 91
42 92
42 94
42 96
42 98
42 99
43 44
43 45
43 46
43 47
43 48
43 49
43 50
43 53
43 54
43 55
43 56
43 57
43 58
43 60
43 61
43 63
43 64
43 65
43 66
43 67
43 69
43 72
43 77
43 80
43 81
43 88
43 89
43 93
43 94
43 96
43 99
44 45
44 46
44 50
44 51
44 52
44 53
44 55
44 56
44 57
44 59
44 61
44 63
44 65
44 66
44 71
44 72
44 73
44 74
44 76
44 78
44 80
44 82
44 83
44 84
44 87
44 88
44 91
44 92
44 93
44 95
44 98
45 47
45 48
45 50
45 51
45 52
45 53
45 54
45 58
45 60
45 61
45 62
45 64
45 66
45 69
45 70
45 71
45 73
45 74
45 78
45 80
45 82
45 89
45 90
45 91
45 92
45 94
45 95
45 96
45 99
46 50
46 53
46 54
46 55
46 57
46 58
46 59
46 60
46 61
46 65
46 66
46 67
46 68
46 70
46 71
46 74
46 76
46 78
46 79
46 81
46 82
46 88
46 91
46 93
46 95
46 99
47 48
47 52
47 53
47 54
47 55
47 57
47 63
47 65
47 68
47 69
47 71
47 72
47 73
47 75
47 77
47 79
47 81
47 85
47 87
47 89
47 90
47 91
47 94
47 98
48 49
48 52
48 53
48 59
48 60
48 61
48 62
48 66
48 67
48 68
48 70
48 71
48 74
48 76
48 77
48 78
48 79
48 80
48 81
48 82
48 83
48 84
48 87
48 88
48 89
48 92
48 94
48 95
48 98
48 99
49 52
49 54
49 55
49 58
49 59
49 60
49 62
49 63
49 64
49 66
49 67
49 68
49 71
49 76
49 79
49 80
49 82
49 86
49 89
49 91
49 92
49 97
49 98
50 51
50 52
50 55
50 56
50 57
50 61
50 64
50 65
50 67
50 71
50 72
50 73
50 75
50 76
50 78
50 79
50 83
50 84
50 85
50 86
50 87
50 89
50 90
50 93
50 95
50 97
50 98
51 53
51 56
51 57
51 58
51 59
51 60
51 62
51 63
51 69
51 70
51 73
51 75
51 77
51 79
51 80
51 82
51 88
51 90
51 91
51 92
51 94
51 95
51 96
51 98
51 99
52 53
52 54
52 55
52 56
52 57
52 59
52 60
52 62
52 64
52 65
52 66
52 68
52 69
52 70
52 71
52 72
52 73
52 75
52 76
52 78
52 80
52 83
52 84
52 86
52 87
52 88
52 89
52 90
52 91
52 93
52 94
52 95
52 96
52 99
53 55
53 56
53 60
53 61
53 64
53 65
53 67
53 69
53 70
53 71
53 72
53 74
53 79
53 80
53 81
53 83
53 86
53 90
53 92
53 93
53 94
54 55
54 57
54 59
54 60
54 63
54 65
54 67
54 68
54 70
54 71
54 73
54 74
54 78
54 81
54 85
54 86
54 88
54 90
54 91
54 94
54 95
54 98
54 99
55 56
55 57
55 58
55 61
55 65
55 70
55 71
55 72
55 73
55 75
55 77
55 78
55 81
55 84
55 85
55 86
55 88
55 89
55 90
55 91
55 93
55 97
55 99
56 57
56 59
56 65
56 68
56 69
56 70
56 71
56 72
56 74
56 76
56 78
56 79
56 82
56 83
56 84
56 86
56 90
56 91
56 92
56 94
56 97
56 99
57 58
57 59
57 60
57 61
57 62
57 63
57 66
57 68
57 69
57 71
57 73
57 76
57 79
57 80
57 84
57 85
57 87
57 88
57 89
57 91
57 93
57 95
57 97
57 98
58 59
58 60
58 61
58 62
58 63
58 64
58 65
58 70
58 71
58 72
58 76
58 77
58 79
58 80
58 83
58 84
58 87
58 89
58 91
58 95
58 97
58 98
58 99
59 62
59 67
59 68
59 70
59 71
59 72
59 74
59 77
59 79
59 81
59 82
59 84
59 85
59 87
59 89
59 90
59 91
59 93
59 94
59 97
59 98
59 99
60 63
60 64
60 65
60 66
60 67
60 72
60 73
60 77
60 78
60 79
60 81
60 82
60 83
60 85
60 86
60 92
60 94
60 96
60 97
60 98
61 62
61 63
61 65
61 66
61 67
61 69
61 71
61 72
61 73
61 74
61 75
61 76
61 77
61 79
61 80
61 81
61 84
61 86
61 87
61 88
61 89
61 90
61 93
61 95
61 96
61 97
61 98
61 99
62 64
62 65
62 66
62 68
62 69
62 70
62 72
62 75
62 77
62 78
62 79
62 80
62 82
62 84
62 88
62 89
62 90
62 91
62 92
62 94
62 95
62 98
62 99
63 65
63 66
63 68
63 70
63 71
63 72
63 74
63 78
63 81
63 82
63 83
63 84
63 87
63 88
63 89
63 92
63 97
63 99
64 67
64 68
64 70
64 71
64 72
64 73
64 77
64 78
64 79
64 84
64 87
64 88
64 90
64 91
64 92
64 93
64 96
64 97
65 66
65 67
65 68
65 69
65 70
65 72
65 78
65 79
65 81
65 82
65 86
65 88
65 89
65 90
65 92
65 95
65 96
65 97
65 98
66 71
66 72
66 76
66 79
66 80
66 85
66 86
66 87
66 90
66 92
66 95
66 97
67 68
67 72
67 74
67 75
67 78
67 79
67 81
67 82
67 85
67 89
67 90
67 94
67 95
67 97
67 98
67 99
68 70
68 71
68 72
68 77
68 80
68 85
68 86
68 87
68 91
68 94
68 98
69 70
69 73
69 75
69 77
69 81
69 82
69 83
69 84
69 90
69 92
69 94
69 96
69 98
69 99
70 71
70 76
70 78
70 81
70 82
70 84
70 88
70 89
70 94
70 97
70 98
70 99
71 72
71 73
71 78
71 79
71 80
71 82
71 85
71 86
71 90
71 92
71 93
71 94
71 95
71 97
72 75
72 77
72 79
72 83
72 84
72 86
72 87
72 90
72 94
72 95
72 97
72 98
73 78
73 79
73 80
73 82
73 85
73 89
73 91
73 92
73 95
73 96
73 98
73 99
74 75
74 77
74 80
74 83
74 85
74 91
74 92
74 93
74 95
75 77
75 78
75 79
75 83
75 86
75 89
75 91
75 92
75 93
75 99
76 77
76 79
76 83
76 84
76 86
76 90
76 91
76 95
76 97
76 98
77 78
77 82
77 83
77 90
77 91
77 93
77 95
77 99
78 79
78 80
78 81
78 82
78 84
78 85
78 86
78 87
78 92
78 94
78 95
78 99
79 82
79 83
79 85
79 86
79 90
79 93
79 94
79 96
79 97
80 81
80 82
80 83
80 85
80 86
80 87
80 90
80 92
80 93
80 97
80 98
80 99
81 82
81 84
81 88
81 92
81 97
81 98
82 83
82 86
82 87
82 88
82 89
82 91
82 92
82 94
82 96
82 97
83 84
83 87
83 89
83 94
83 96
83 97
83 99
84 86
84 87
84 89
84 90
84 94
84 96
85 86
85 87
85 88
85 89
85 91
85 92
85 94
85 96
85 97
85 99
86 90
86 92
86 93
86 94
86 96
86 97
86 98
86 99
87 90
87 91
87 92
87 96
87 97
87 99
88 97
89 91
89 93
89 94
89 96
89 97
89 99
90 92
90 95
90 96
90 98
91 92
91 95
91 96
91 98
91 99
92 94
92 95
92 96
92 98
92 99
93 94
93 95
93 96
93 98
93 99
94 96
94 97
95 98
96 98
97 98
97 99
