0 1
0 2
0 4
0 10
0 11
0 12
0 16
0 18
0 19
0 23
0 25
0 27
0 28
0 31
0 35
0 37
0 40
0 45
0 46
0 47
0 48
0 50
0 51
0 52
0 53
0 54
0 55
0 57
0 58
0 59
0 60
0 61
0 62
0 64
0 74
0 75
0 79
0 81
0 82
0 85
0 86
0 88
0 89
0 91
0 94
0 97
1 5
1 10
1 13
1 14
1 16
1 18
1 19
1 26
1 31
1 34
1 35
1 36
1 40
1 41
1 42
1 44
1 45
1 46
1 48
1 52
1 54
1 58
1 59
1 63
1 64
1 65
1 66
1 67
1 68
1 71
1 74
1 77
1 83
1 86
1 90
1 94
1 98
2 3
2 4
2 6
2 12
2 14
2 16
2 17
2 18
2 19
2 20
2 21
2 24
2 25
2 27
2 29
2 30
2 32
2 33
2 35
2 36
2 37
2 39
2 41
2 42
2 49
2 50
2 51
2 52
2 53
2 55
2 56
2 57
2 59
2 60
2 62
2 69
2 71
2 72
2 75
2 76
2 79
2 80
2 82
2 83
2 88
2 91
2 97
3 4
3 7
3 8
3 9
3 10
3 11
3 12
3 13
3 14
3 15
3 21
3 24
3 29
3 31
3 32
3 33
3 34
3 36
3 37
3 40
3 41
3 42
3 43
3 44
3 45
3 46
3 49
3 51
3 58
3 61
3 62
3 66
3 68
3 71
3 72
3 73
3 76
3 80
3 82
3 83
3 84
3 91
3 92
3 94
3 97
3 98
3 99
4 5
4 6
4 7
4 8
4 14
4 16
4 19
4 21
4 22
4 23
4 25
4 28
4 31
4 33
4 34
4 40
4 42
4 44
4 45
4 48
4 50
4 51
4 53
4 56
4 57
4 58
4 59
4 60
4 62
4 67
4 69
4 70
4 74
4 75
4 76
4 77
4 80
4 82
4 83
4 84
4 88
4 89
4 92
4 94
4 95
4 96
4 97
4 98
5 6
5 7
5 8
5 11
5 13
5 14
5 18
5 19
5 21
5 23
5 26
5 28
5 29
5 30
5 36
5 38
5 39
5 40
5 41
5 44
5 45
5 46
5 47
5 48
5 49
5 51
5 54
5 55
5 56
5 59
5 61
5 62
5 64
5 66
5 67
5 68
5 69
5 70
5 71
5 75
5 76
5 77
5 78
5 79
5 81
5 83
5 84
5 85
5 86
5 87
5 93
5 94
5 98
5 99
6 10
6 13
6 14
6 15
6 19
6 22
6 23
6 24
6 25
6 33
6 36
6 37
6 39
6 41
6 42
6 43
6 49
6 55
6 60
6 61
6 62
6 64
6 65
6 66
6 71
6 72
6 76
6 77
6 80
6 89
6 90
6 91
6 92
6 93
6 94
6 95
6 96
6 99
7 10
7 12
7 13
7 15
7 16
7 17
7 19
7 20
7 21
7 24
7 26
7 28
7 29
7 30
7 31
7 32
7 36
7 37
7 38
7 40
7 41
7 42
7 44
7 47
7 48
7 49
7 50
7 51
7 53
7 54
7 55
7 61
7 62
7 63
7 65
7 67
7 69
7 71
7 74
7 80
7 81
7 82
7 87
7 88
7 89
7 92
7 94
7 96
7 97
7 98
8 9
8 11
8 13
8 14
8 15
8 17
8 21
8 22
8 24
8 25
8 26
8 27
8 29
8 33
8 36
8 42
8 44
8 48
8 56
8 58
8 60
8 64
8 66
8 67
8 68
8 70
8 76
8 77
8 80
8 81
8 82
8 83
8 87
8 90
8 93
8 94
8 96
8 97
8 99
9 10
9 12
9 13
9 14
9 15
9 17
9 18
9 19
9 20
9 21
9 22
9 24
9 26
9 27
9 28
9 29
9 31
9 32
9 33
9 37
9 41
9 43
9 47
9 48
9 49
9 53
9 56
9 65
9 66
9 69
9 70
9 71
9 75
9 77
9 79
9 83
9 85
9 87
9 89
9 90
9 92
9 94
9 99
10 11
10 12
10 13
10 14
10 15
10 17
10 18
10 19
10 20
10 21
10 22
10 24
10 25
10 26
10 29
10 30
10 31
10 33
10 35
10 36
10 37
10 38
10 40
10 41
10 44
10 47
10 50
10 55
10 57
10 59
10 60
10 61
10 64
10 69
10 73
10 76
10 77
10 79
10 80
10 82
10 85
10 86
10 90
10 92
10 98
11 18
11 19
11 22
11 24
11 25
11 27
11 28
11 33
11 34
11 36
11 37
11 38
11 40
11 41
11 43
11 45
11 49
11 50
11 51
11 52
11 53
11 57
11 60
11 61
11 64
11 65
11 66
11 69
11 73
11 74
11 81
11 82
11 83
11 88
11 90
11 93
11 94
11 95
11 96
12 13
12 15
12 16
12 20
12 23
12 24
12 25
12 26
12 28
12 29
12 31
12 33
12 35
12 36
12 37
12 38
12 39
12 40
12 41
12 43
12 44
12 45
12 49
12 51
12 53
12 54
12 56
12 57
12 59
12 60
12 62
12 63
12 66
12 71
12 72
12 74
12 76
12 79
12 80
12 81
12 84
12 85
12 86
12 88
12 89
12 92
12 95
12 98
12 99
13 15
13 19
13 21
13 22
13 23
13 25
13 26
13 27
13 29
13 31
13 35
13 38
13 39
13 42
13 43
13 45
13 48
13 49
13 52
13 53
13 55
13 56
13 59
13 61
13 63
13 64
13 65
13 66
13 71
13 73
13 74
13 76
13 79
13 81
13 83
13 84
13 85
13 87
13 90
13 91
13 95
13 96
13 97
13 98
14 15
14 16
14 19
14 24
14 25
14 28
14 30
14 34
14 39
14 42
14 43
14 44
14 45
14 55
14 56
14 57
14 58
14 59
14 60
14 61
14 64
14 65
14 66
14 67
14 68
14 69
14 70
14 71
14 73
14 74
14 75
14 79
14 81
14 82
14 83
14 85
14 86
14 87
14 88
14 89
14 90
14 93
14 94
14 98
14 99
15 16
15 22
15 23
15 25
15 30
15 31
15 35
15 36
15 37
15 38
15 41
15 42
15 44
15 48
15 50
15 51
15 54
15 56
15 57
15 59
15 61
15 62
15 65
15 66
15 69
15 72
15 74
15 75
15 79
15 83
15 86
15 87
15 90
15 91
15 98
16 18
16 20
16 21
16 22
16 23
16 25
16 26
16 27
16 28
16 30
16 31
16 36
16 37
16 38
16 39
16 41
16 43
16 44
16 50
16 52
16 54
16 56
16 60
16 61
16 62
16 64
16 68
16 69
16 75
16 76
16 77
16 78
16 80
16 81
16 82
16 84
16 85
16 86
16 88
16 90
16 92
16 93
16 94
16 98
16 99
17 19
17 21
17 22
17 24
17 25
17 26
17 27
17 33
17 34
17 35
17 37
17 40
17 43
17 44
17 46
17 50
17 52
17 55
17 56
17 57
17 60
17 62
17 63
17 67
17 70
17 71
17 73
17 77
17 80
17 82
17 83
17 84
17 90
17 91
17 93
17 94
17 96
17 97
17 99
18 20
18 22
18 23
18 24
18 26
18 27
18 31
18 37
18 38
18 40
18 41
18 42
18 45
18 46
18 49
18 50
18 53
18 54
18 55
18 56
18 60
18 62
18 63
18 65
18 66
18 67
18 68
18 70
18 79
18 80
18 83
18 85
18 86
18 87
18 88
18 89
18 93
18 96
18 97
18 98
19 21
19 23
19 24
19 25
19 28
19 29
19 30
19 32
19 33
19 36
19 37
19 38
19 40
19 41
19 42
19 45
19 49
19 52
19 53
19 57
19 58
19 62
19 64
19 67
19 68
19 69
19 70
19 73
19 74
19 78
19 81
19 82
19 85
19 92
19 93
19 94
19 95
19 98
19 99
20 21
20 22
20 23
20 27
20 31
20 32
20 34
20 38
20 44
20 45
20 46
20 47
20 54
20 56
20 57
20 59
20 60
20 63
20 67
20 68
20 69
20 70
20 72
20 73
20 74
20 76
20 77
20 79
20 80
20 82
20 83
20 85
20 86
20 88
20 89
20 90
20 92
20 93
20 94
20 95
20 96
20 98
21 24
21 25
21 27
21 31
21 34
21 38
21 40
21 41
21 42
21 43
21 44
21 45
21 50
21 51
21 53
21 54
21 55
21 57
21 58
21 60
21 61
21 66
21 70
21 71
21 73
21 74
21 77
21 81
21 83
21 84
21 85
21 88
21 90
21 91
21 92
21 93
21 94
21 95
21 96
21 97
21 98
21 99
22 23
22 25
22 26
22 27
22 31
22 32
22 36
22 39
22 42
22 43
22 44
22 45
22 48
22 49
22 50
22 53
22 56
22 61
22 62
22 64
22 68
22 69
22 72
22 78
22 82
22 87
22 88
22 89
22 90
22 91
22 93
22 94
22 95
22 97
22 98
22 99
23 25
23 26
23 27
23 28
23 29
23 31
23 32
23 33
23 37
23 39
23 40
23 43
23 44
23 45
23 47
23 51
23 52
23 56
23 58
23 62
23 64
23 69
23 70
23 72
23 74
23 76
23 77
23 78
23 79
23 80
23 82
23 83
23 84
23 85
23 86
23 87
23 89
23 91
23 93
23 94
23 96
23 97
23 99
24 25
24 26
24 27
24 29
24 32
24 34
24 36
24 38
24 39
24 40
24 41
24 43
24 44
24 48
24 49
24 50
24 51
24 55
24 56
24 57
24 58
24 60
24 61
24 62
24 63
24 68
24 69
24 71
24 72
24 74
24 75
24 78
24 81
24 82
24 83
24 84
24 86
24 87
24 96
24 97
25 26
25 27
25 29
25 32
25 33
25 35
25 39
25 40
25 41
25 44
25 46
25 47
25 50
25 52
25 53
25 55
25 56
25 58
25 61
25 62
25 63
25 65
25 70
25 71
25 72
25 73
25 75
25 76
25 77
25 78
25 79
25 80
25 81
25 84
25 85
25 87
25 88
25 93
25 95
25 99
26 28
26 29
26 30
26 32
26 34
26 36
26 37
26 40
26 42
26 43
26 45
26 46
26 47
26 48
26 50
26 51
26 52
26 53
26 54
26 55
26 56
26 58
26 59
26 61
26 62
26 64
26 65
26 67
26 68
26 70
26 73
26 74
26 78
26 80
26 82
26 85
26 87
26 89
26 92
26 93
26 94
26 95
26 97
26 98
27 28
27 30
27 31
27 37
27 38
27 39
27 42
27 43
27 46
27 47
27 55
27 57
27 60
27 62
27 64
27 65
27 66
27 69
27 70
27 74
27 76
27 79
27 80
27 81
27 82
27 85
27 86
27 90
27 92
27 93
27 94
27 95
27 96
27 97
27 99
28 30
28 32
28 38
28 39
28 40
28 42
28 43
28 48
28 51
28 58
28 60
28 61
28 62
28 63
28 65
28 67
28 68
28 71
28 76
28 81
28 82
28 83
28 84
28 85
28 86
28 87
28 88
28 90
28 92
28 94
28 95
28 96
29 31
29 32
29 33
29 34
29 36
29 37
29 39
29 46
29 48
29 51
29 53
29 58
29 59
29 60
29 62
29 64
29 68
29 71
29 72
29 73
29 76
29 78
29 81
29 83
29 86
29 87
29 88
29 89
29 92
29 93
29 94
29 96
29 97
29 98
29 99
30 32
30 33
30 37
30 38
30 39
30 40
30 41
30 43
30 45
30 50
30 53
30 56
30 57
30 58
30 59
30 60
30 62
30 63
30 69
30 70
30 71
30 72
30 73
30 74
30 77
30 79
30 80
30 81
30 82
30 83
30 86
30 87
30 90
30 91
30 93
30 94
30 95
30 96
30 97
31 32
31 35
31 36
31 42
31 43
31 45
31 46
31 49
31 51
31 52
31 53
31 55
31 60
31 63
31 69
31 70
31 71
31 75
31 76
31 77
31 78
31 80
31 81
31 82
31 83
31 84
31 88
31 92
31 98
31 99
32 34
32 36
32 37
32 38
32 39
32 40
32 41
32 42
32 45
32 49
32 58
32 61
32 65
32 66
32 67
32 68
32 73
32 75
32 77
32 78
32 81
32 85
32 87
32 89
32 90
32 93
32 95
32 99
33 34
33 35
33 37
33 39
33 41
33 44
33 46
33 47
33 49
33 50
33 55
33 56
33 58
33 59
33 60
33 62
33 64
33 66
33 68
33 69
33 73
33 74
33 75
33 76
33 77
33 81
33 84
33 86
33 90
33 91
33 95
33 96
33 97
33 98
33 99
34 35
34 36
34 38
34 39
34 40
34 41
34 42
34 45
34 50
34 51
34 53
34 54
34 61
34 64
34 67
34 68
34 69
34 70
34 71
34 74
34 75
34 76
34 77
34 78
34 79
34 81
34 83
34 85
34 88
34 90
34 92
34 96
34 97
35 36
35 38
35 41
35 42
35 46
35 47
35 48
35 50
35 51
35 53
35 54
35 56
35 58
35 59
35 60
35 62
35 63
35 64
35 68
35 70
35 71
35 73
35 75
35 77
35 79
35 80
35 81
35 82
35 83
35 84
35 85
35 88
35 89
35 90
35 91
35 92
35 93
35 96
35 97
36 40
36 46
36 48
36 49
36 51
36 54
36 55
36 56
36 58
36 59
36 60
36 61
36 62
36 63
36 65
36 68
36 69
36 70
36 73
36 74
36 76
36 79
36 81
36 82
36 84
36 88
36 90
36 95
36 96
36 97
36 98
36 99
37 38
37 40
37 45
37 47
37 49
37 51
37 52
37 53
37 54
37 55
37 57
37 59
37 61
37 62
37 65
37 66
37 67
37 68
37 73
37 75
37 77
37 78
37 83
37 84
37 86
37 88
37 89
37 90
37 91
37 94
37 95
37 97
37 98
37 99
38 39
38 45
38 46
38 47
38 51
38 52
38 53
38 56
38 58
38 59
38 60
38 61
38 64
38 65
38 67
38 70
38 71
38 72
38 73
38 75
38 76
38 77
38 80
38 81
38 82
38 84
38 85
38 86
38 87
38 88
38 91
38 92
38 94
38 95
38 96
38 97
38 99
39 42
39 43
39 44
39 47
39 48
39 49
39 53
39 54
39 56
39 59
39 62
39 63
39 64
39 65
39 66
39 67
39 69
39 72
39 73
39 75
39 76
39 77
39 80
39 83
39 87
39 89
39 90
39 92
39 93
39 95
39 96
39 99
40 41
40 43
40 46
40 51
40 54
40 57
40 58
40 59
40 61
40 62
40 63
40 64
40 66
40 67
40 68
40 71
40 74
40 76
40 77
40 78
40 81
40 82
40 83
40 84
40 85
40 86
40 87
40 93
40 99
41 42
41 43
41 45
41 47
41 49
41 52
41 53
41 57
41 58
41 60
41 61
41 62
41 63
41 64
41 71
41 74
41 75
41 76
41 80
41 81
41 83
41 87
41 90
41 91
41 95
41 96
41 98
42 43
42 46
42 47
42 48
42 49
42 54
42 58
42 59
42 60
42 61
42 65
42 70
42 72
42 77
42 79
42 82
42 85
42 88
42 90
42 91
42 92
42 93
42 95
42 96
42 98
42 99
43 46
43 47
43 49
43 52
43 54
43 57
43 58
43 64
43 65
43 68
43 71
43 78
43 81
43 84
43 86
43 87
43 88
43 89
43 90
43 94
43 95
43 96
43 98
44 45
44 47
44 48
44 49
44 52
44 53
44 60
44 64
44 66
44 67
44 68
44 70
44 71
44 72
44 73
44 74
44 77
44 78
44 79
44 81
44 87
44 91
44 92
44 94
44 96
44 97
45 50
45 52
45 53
45 54
45 55
45 60
45 61
45 63
45 64
45 66
45 68
45 69
45 70
45 72
45 73
45 77
45 80
45 82
45 83
45 86
45 87
45 89
45 90
45 92
45 94
45 95
46 51
46 53
46 54
46 58
46 60
46 63
46 65
46 66
46 70
46 72
46 73
46 76
46 78
46 81
46 82
46 84
46 85
46 87
46 88
46 89
46 90
46 94
46 96
46 97
46 98
47 48
47 49
47 54
47 57
47 59
47 60
47 61
47 62
47 64
47 66
47 67
47 68
47 70
47 72
47 74
47 75
47 76
47 79
47 82
47 83
47 84
47 87
47 88
47 89
47 90
47 92
47 95
47 96
47 99
48 50
48 51
48 52
48 56
48 57
48 58
48 59
48 60
48 61
48 66
48 68
48 69
48 73
48 74
48 76
48 79
48 81
48 82
48 83
48 84
48 85
48 91
48 94
48 95
48 96
48 98
49 50
49 56
49 58
49 60
49 61
49 65
49 66
49 67
49 69
49 70
49 72
49 73
49 75
49 76
49 77
49 78
49 79
49 80
49 82
49 83
49 84
49 86
49 88
49 89
49 90
49 91
49 92
49 94
49 96
49 97
49 98
50 53
50 54
50 55
50 58
50 59
50 62
50 63
50 66
50 67
50 68
50 71
50 73
50 81
50 87
50 91
50 92
50 93
50 97
51 52
51 53
51 54
51 55
51 58
51 59
51 61
51 64
51 67
51 70
51 72
51 73
51 74
51 75
51 78
51 79
51 80
51 83
51 84
51 86
51 88
51 89
51 92
51 93
51 94
51 96
51 97
51 98
52 54
52 58
52 59
52 61
52 62
52 66
52 68
52 69
52 71
52 72
52 74
52 75
52 76
52 77
52 79
52 81
52 83
52 84
52 85
52 86
52 89
52 92
52 97
53 56
53 59
53 60
53 61
53 62
53 63
53 64
53 65
53 67
53 68
53 69
53 77
53 79
53 80
53 86
53 87
53 90
53 91
53 92
53 94
53 96
53 97
54 58
54 60
54 61
54 62
54 63
54 70
54 72
54 74
54 77
54 78
54 79
54 80
54 81
54 85
54 86
54 88
54 89
54 92
54 93
54 95
54 98
55 59
55 62
55 63
55 66
55 68
55 71
55 74
55 75
55 77
55 78
55 83
55 84
55 87
55 88
55 89
55 90
55 91
55 96
55 99
56 58
56 59
56 60
56 62
56 65
56 66
56 69
56 70
56 73
56 74
56 75
56 77
56 78
56 80
56 83
56 85
56 90
56 91
56 92
56 96
56 99
57 58
57 60
57 62
57 63
57 65
57 66
57 67
57 75
57 78
57 79
57 80
57 81
57 82
57 84
57 85
57 89
57 93
57 94
57 96
57 97
57 98
58 60
58 61
58 62
58 65
58 66
58 67
58 68
58 69
58 71
58 72
58 73
58 84
58 85
58 89
58 91
58 94
58 98
58 99
59 60
59 61
59 62
59 67
59 68
59 69
59 73
59 74
59 75
59 76
59 78
59 79
59 83
59 84
59 85
59 86
59 90
59 91
59 93
59 94
59 98
59 99
60 62
60 63
60 65
60 67
60 70
60 76
60 80
60 82
60 85
60 86
60 88
60 89
60 94
60 96
60 97
60 99
61 64
61 65
61 66
61 72
61 74
61 75
61 78
61 79
61 80
61 81
61 84
61 86
61 87
61 88
61 90
61 95
61 97
61 98
62 64
62 67
62 68
62 72
62 78
62 79
62 82
62 83
62 84
62 85
62 86
62 88
62 91
62 95
62 98
63 67
63 69
63 70
63 71
63 72
63 73
63 76
63 78
63 80
63 82
63 83
63 85
63 86
63 88
63 90
63 94
63 95
63 96
63 98
64 67
64 68
64 71
64 72
64 74
64 78
64 79
64 81
64 84
64 88
64 92
64 95
65 67
65 68
65 71
65 72
65 73
65 74
65 75
65 80
65 82
65 84
65 85
65 88
65 89
65 90
65 91
65 94
65 96
65 98
66 67
66 69
66 70
66 72
66 73
66 74
66 75
66 79
66 81
66 82
66 83
66 88
66 89
66 95
66 96
66 98
66 99
67 68
67 69
67 71
67 72
67 73
67 74
67 75
67 76
67 78
67 79
67 80
67 82
67 83
67 85
67 87
67 88
67 89
67 93
67 94
67 95
68 69
68 71
68 73
68 74
68 77
68 78
68 82
68 86
68 87
68 89
68 92
68 96
68 97
69 71
69 72
69 73
69 74
69 75
69 76
69 77
69 81
69 83
69 86
69 95
70 71
70 75
70 77
70 78
70 80
70 82
70 83
70 84
70 85
70 92
70 94
70 96
70 97
70 99
71 72
71 73
71 77
71 83
71 84
71 85
71 89
71 90
71 91
71 94
71 95
71 98
71 99
72 74
72 75
72 77
72 79
72 81
72 83
72 87
72 88
72 91
72 92
72 94
72 95
73 74
73 75
73 76
73 78
73 80
73 81
73 82
73 84
73 88
73 90
73 95
73 97
73 98
74 77
74 78
74 80
74 82
74 83
74 84
74 88
74 90
74 91
74 93
75 79
75 81
75 82
75 84
75 85
75 86
75 89
75 91
75 93
75 94
75 95
75 96
75 98
76 77
76 79
76 82
76 85
76 86
76 88
76 89
76 95
76 96
76 97
76 98
76 99
77 78
77 79
77 80
77 81
77 82
77 84
77 87
77 89
77 90
77 92
77 93
77 95
77 96
77 99
78 79
78 80
78 81
78 82
78 86
78 90
78 91
78 92
78 93
78 94
78 95
78 96
78 97
78 99
79 81
79 83
79 87
79 90
79 91
79 94
79 95
79 96
80 82
80 85
80 89
80 92
80 93
80 94
80 96
80 97
80 98
81 82
81 83
81 85
81 86
81 87
81 89
81 90
81 91
81 94
81 95
81 96
81 98
82 84
82 89
82 90
82 96
82 99
83 84
83 87
83 88
83 89
83 91
83 93
83 95
83 99
84 85
84 87
84 90
84 91
84 92
84 94
84 95
84 97
85 86
85 87
85 90
85 91
86 87
86 88
86 89
86 91
86 92
86 99
87 88
87 90
87 91
87 93
87 94
87 95
87 96
87 98
88 89
88 91
88 92
88 95
88 96
88 97
88 99
89 90
89 91
89 92
89 94
89 95
89 98
90 94
90 96
91 93
91 94
91 97
91 99
92 97
92 98
93 95
93 96
93 97
93 98
93 99
94 95
94 96
95 96
95 98
95 99
96 98
97 98
97 99
