0 2
0 3
0 5
0 6
0 11
0 14
0 15
0 17
0 18
0 22
0 24
0 26
0 29
0 32
0 34
0 35
0 36
0 42
0 43
0 45
0 46
0 47
0 52
0 54
0 56
0 63
0 64
0 65
0 66
0 69
0 75
0 78
0 84
0 85
0 88
0 89
0 91
0 95
0 96
0 98
0 99
1 2
1 3
1 4
1 6
1 7
1 8
1 9
1 10
1 12
1 15
1 18
1 21
1 22
1 23
1 24
1 25
1 27
1 28
1 29
1 31
1 33
1 34
1 39
1 43
1 46
1 47
1 48
1 50
1 51
1 55
1 56
1 57
1 59
1 64
1 66
1 68
1 69
1 72
1 74
1 76
1 78
1 79
1 80
1 82
1 85
1 88
1 93
1 96
1 97
1 98
2 7
2 8
2 9
2 10
2 11
2 12
2 14
2 15
2 16
2 17
2 18
2 19
2 20
2 26
2 28
2 29
2 30
2 31
2 38
2 39
2 44
2 46
2 48
2 49
2 51
2 52
2 53
2 54
2 55
2 56
2 58
2 61
2 62
2 63
2 66
2 69
2 70
2 73
2 74
2 75
2 76
2 78
2 80
2 81
2 82
2 85
2 87
2 88
2 91
2 94
2 97
2 98
3 4
3 5
3 8
3 9
3 10
3 13
3 14
3 16
3 18
3 22
3 24
3 25
3 26
3 27
3 29
3 30
3 33
3 34
3 38
3 39
3 40
3 45
3 46
3 51
3 53
3 54
3 55
3 57
3 58
3 60
3 61
3 62
3 63
3 64
3 65
3 68
3 69
3 71
3 78
3 81
3 83
3 84
3 85
3 86
3 87
3 88
3 91
3 92
3 94
3 95
4 5
4 7
4 9
4 11
4 12
4 14
4 15
4 16
4 17
4 19
4 27
4 28
4 29
4 32
4 33
4 34
4 36
4 38
4 43
4 46
4 48
4 49
4 52
4 53
4 54
4 55
4 60
4 61
4 64
4 66
4 67
4 68
4 69
4 72
4 74
4 75
4 77
4 78
4 79
4 80
4 82
4 83
4 84
4 86
4 88
4 89
4 90
4 91
4 92
4 93
4 94
4 95
4 96
4 97
4 98
4 99
5 6
5 10
5 11
5 12
5 13
5 15
5 16
5 17
5 18
5 20
5 21
5 26
5 28
5 32
5 35
5 37
5 39
5 40
5 41
5 46
5 47
5 48
5 50
5 51
5 52
5 53
5 55
5 59
5 63
5 64
5 65
5 66
5 68
5 70
5 72
5 78
5 81
5 83
5 84
5 86
5 87
5 88
5 90
5 94
5 95
5 97
5 98
6 7
6 8
6 10
6 11
6 13
6 15
6 16
6 17
6 18
6 19
6 22
6 23
6 24
6 25
6 28
6 29
6 30
6 34
6 35
6 37
6 39
6 42
6 45
6 46
6 47
6 49
6 50
6 52
6 54
6 55
6 57
6 61
6 63
6 64
6 67
6 68
6 70
6 71
6 72
6 75
6 76
6 77
6 82
6 83
6 84
6 85
6 87
6 89
6 92
6 95
6 96
6 97
6 99
7 8
7 9
7 10
7 13
7 14
7 16
7 17
7 20
7 24
7 27
7 28
7 29
7 30
7 31
7 32
7 34
7 35
7 36
7 39
7 40
7 49
7 51
7 52
7 53
7 56
7 57
7 59
7 62
7 63
7 64
7 66
7 68
7 69
7 74
7 78
7 79
7 80
7 81
7 84
7 86
7 87
7 88
7 91
7 93
7 94
7 96
7 99
8 10
8 12
8 14
8 16
8 22
8 25
8 30
8 32
8 33
8 34
8 35
8 36
8 39
8 40
8 43
8 46
8 47
8 48
8 50
8 52
8 53
8 57
8 59
8 60
8 64
8 67
8 70
8 73
8 76
8 77
8 79
8 80
8 85
8 87
8 88
8 89
8 90
8 92
8 93
8 94
8 95
8 98
9 10
9 12
9 13
9 14
9 16
9 17
9 18
9 19
9 20
9 22
9 26
9 27
9 29
9 31
9 32
9 33
9 34
9 37
9 38
9 40
9 41
9 44
9 46
9 47
9 48
9 50
9 51
9 54
9 57
9 58
9 61
9 62
9 63
9 65
9 66
9 69
9 71
9 74
9 75
9 77
9 79
9 84
9 86
9 91
9 92
9 94
9 95
9 99
10 13
10 15
10 16
10 18
10 20
10 21
10 22
10 24
10 26
10 27
10 29
10 30
10 31
10 32
10 34
10 35
10 36
10 39
10 45
10 46
10 52
10 58
10 60
10 62
10 63
10 67
10 69
10 70
10 71
10 73
10 75
10 76
10 77
10 78
10 79
10 82
10 83
10 87
10 88
10 94
10 99
11 13
11 16
11 17
11 20
11 21
11 22
11 25
11 26
11 28
11 29
11 30
11 31
11 32
11 34
11 35
11 37
11 43
11 44
11 46
11 47
11 51
11 53
11 56
11 57
11 59
11 60
11 63
11 65
11 66
11 67
11 76
11 78
11 81
11 82
11 83
11 85
11 86
11 88
11 90
11 92
11 98
12 15
12 18
12 19
12 20
12 21
12 22
12 24
12 25
12 26
12 28
12 29
12 30
12 31
12 32
12 33
12 36
12 38
12 39
12 42
12 43
12 46
12 48
12 49
12 50
12 51
12 52
12 55
12 59
12 60
12 61
12 62
12 67
12 71
12 74
12 75
12 77
12 80
12 83
12 86
12 88
12 89
12 90
12 92
12 93
12 94
12 96
12 97
13 14
13 15
13 16
13 17
13 20
13 22
13 23
13 26
13 27
13 28
13 30
13 31
13 34
13 36
13 38
13 39
13 40
13 43
13 44
13 45
13 46
13 48
13 49
13 54
13 55
13 56
13 60
13 63
13 66
13 67
13 68
13 69
13 71
13 74
13 77
13 80
13 81
13 82
13 84
13 85
13 88
13 89
13 94
13 96
13 97
13 99
14 17
14 19
14 22
14 23
14 24
14 26
14 28
14 29
14 31
14 32
14 35
14 36
14 37
14 39
14 41
14 42
14 46
14 50
14 51
14 52
14 53
14 56
14 61
14 63
14 64
14 65
14 66
14 68
14 69
14 74
14 76
14 77
14 80
14 81
14 82
14 86
14 87
14 88
14 92
14 95
14 97
14 98
15 17
15 18
15 21
15 23
15 26
15 27
15 28
15 30
15 31
15 32
15 34
15 36
15 37
15 39
15 40
15 41
15 43
15 44
15 46
15 47
15 48
15 50
15 52
15 54
15 55
15 57
15 58
15 59
15 62
15 63
15 64
15 68
15 71
15 73
15 74
15 77
15 78
15 80
15 82
15 84
15 88
15 89
15 94
15 96
15 97
15 99
16 17
16 18
16 19
16 21
16 24
16 25
16 26
16 27
16 30
16 31
16 32
16 35
16 37
16 38
16 39
16 43
16 44
16 45
16 46
16 47
16 51
16 53
16 58
16 60
16 61
16 62
16 65
16 67
16 69
16 70
16 71
16 75
16 77
16 78
16 79
16 81
16 85
16 86
16 89
16 91
16 93
16 95
16 99
17 18
17 20
17 21
17 22
17 24
17 25
17 26
17 27
17 28
17 29
17 30
17 31
17 32
17 34
17 36
17 37
17 39
17 40
17 41
17 42
17 44
17 45
17 46
17 47
17 48
17 49
17 50
17 51
17 53
17 54
17 58
17 59
17 61
17 62
17 64
17 65
17 66
17 67
17 68
17 72
17 73
17 74
17 75
17 77
17 80
17 81
17 86
17 87
17 90
17 92
17 94
18 19
18 20
18 21
18 22
18 23
18 27
18 29
18 31
18 34
18 35
18 37
18 43
18 44
18 46
18 47
18 48
18 50
18 51
18 52
18 53
18 54
18 55
18 56
18 57
18 64
18 65
18 67
18 68
18 71
18 72
18 73
18 74
18 76
18 78
18 80
18 82
18 84
18 87
18 93
18 94
18 97
18 98
19 20
19 21
19 27
19 31
19 32
19 34
19 39
19 40
19 42
19 43
19 45
19 47
19 53
19 55
19 60
19 61
19 64
19 65
19 66
19 67
19 69
19 73
19 74
19 77
19 78
19 79
19 84
19 85
19 87
19 88
19 89
19 90
19 91
19 92
19 93
19 94
19 96
19 99
20 21
20 22
20 23
20 29
20 30
20 34
20 35
20 36
20 37
20 38
20 39
20 42
20 45
20 46
20 47
20 48
20 49
20 52
20 58
20 59
20 60
20 61
20 63
20 64
20 66
20 67
20 68
20 70
20 71
20 77
20 78
20 79
20 85
20 87
20 90
20 92
20 94
20 96
20 97
20 98
21 22
21 23
21 24
21 26
21 27
21 28
21 33
21 35
21 38
21 40
21 42
21 44
21 45
21 48
21 52
21 53
21 54
21 56
21 59
21 61
21 62
21 63
21 64
21 68
21 70
21 71
21 73
21 74
21 76
21 79
21 82
21 83
21 84
21 87
21 88
21 90
21 93
21 94
21 95
21 97
22 23
22 25
22 27
22 29
22 30
22 31
22 32
22 33
22 38
22 41
22 44
22 49
22 51
22 52
22 55
22 56
22 58
22 63
22 66
22 68
22 71
22 75
22 80
22 81
22 82
22 83
22 84
22 85
22 86
22 87
22 88
22 89
22 92
22 94
22 95
22 97
22 98
23 24
23 26
23 28
23 30
23 32
23 34
23 36
23 37
23 38
23 39
23 41
23 42
23 44
23 46
23 49
23 54
23 55
23 57
23 58
23 59
23 62
23 64
23 66
23 67
23 70
23 71
23 72
23 76
23 77
23 78
23 79
23 80
23 82
23 83
23 85
23 87
23 93
23 95
23 99
24 26
24 27
24 28
24 30
24 31
24 34
24 35
24 36
24 39
24 42
24 43
24 46
24 47
24 51
24 54
24 57
24 58
24 59
24 60
24 61
24 63
24 64
24 65
24 66
24 67
24 68
24 69
24 70
24 72
24 73
24 79
24 81
24 87
24 91
24 92
24 96
24 97
24 98
25 26
25 27
25 30
25 31
25 32
25 36
25 37
25 38
25 40
25 41
25 49
25 52
25 53
25 57
25 62
25 64
25 65
25 67
25 68
25 70
25 73
25 75
25 76
25 77
25 78
25 80
25 81
25 86
25 88
25 89
25 90
25 91
25 92
25 94
25 95
25 96
25 98
25 99
26 27
26 29
26 31
26 33
26 37
26 38
26 39
26 40
26 41
26 44
26 45
26 50
26 52
26 53
26 54
26 57
26 58
26 59
26 61
26 63
26 67
26 70
26 73
26 77
26 80
26 81
26 86
26 89
26 90
26 93
26 96
26 99
27 32
27 34
27 37
27 39
27 40
27 43
27 47
27 48
27 49
27 51
27 53
27 54
27 57
27 58
27 60
27 61
27 63
27 66
27 67
27 68
27 69
27 70
27 74
27 75
27 77
27 82
27 83
27 85
27 87
27 91
27 93
27 94
27 95
28 29
28 30
28 31
28 32
28 33
28 36
28 38
28 40
28 41
28 43
28 44
28 45
28 49
28 50
28 52
28 53
28 54
28 55
28 56
28 57
28 58
28 63
28 64
28 68
28 71
28 73
28 75
28 76
28 77
28 79
28 80
28 81
28 82
28 83
28 84
28 86
28 89
28 93
28 94
28 98
29 31
29 33
29 34
29 36
29 37
29 40
29 41
29 42
29 44
29 48
29 50
29 54
29 57
29 58
29 61
29 62
29 63
29 65
29 66
29 67
29 70
29 71
29 72
29 76
29 80
29 85
29 86
29 89
29 92
29 93
29 94
29 96
29 97
30 32
30 33
30 34
30 38
30 39
30 40
30 42
30 43
30 44
30 45
30 49
30 50
30 54
30 55
30 57
30 58
30 59
30 60
30 61
30 62
30 63
30 65
30 67
30 70
30 72
30 74
30 75
30 76
30 77
30 81
30 82
30 83
30 85
30 88
30 90
30 91
30 92
30 94
30 97
31 33
31 34
31 36
31 39
31 42
31 43
31 45
31 46
31 49
31 51
31 53
31 54
31 58
31 61
31 62
31 70
31 71
31 73
31 76
31 79
31 81
31 82
31 83
31 88
31 89
31 90
31 92
31 93
31 96
31 99
32 35
32 36
32 38
32 39
32 40
32 42
32 43
32 45
32 47
32 50
32 52
32 57
32 58
32 61
32 62
32 63
32 66
32 67
32 70
32 72
32 73
32 76
32 77
32 78
32 79
32 81
32 82
32 86
32 90
32 92
32 95
32 98
33 37
33 39
33 40
33 42
33 43
33 44
33 47
33 49
33 50
33 51
33 55
33 57
33 58
33 59
33 60
33 61
33 62
33 64
33 70
33 71
33 75
33 77
33 78
33 80
33 81
33 83
33 84
33 89
33 92
33 94
33 95
33 99
34 36
34 37
34 38
34 39
34 42
34 43
34 46
34 53
34 54
34 55
34 61
34 62
34 69
34 71
34 73
34 75
34 78
34 79
34 82
34 84
34 85
34 86
34 90
34 91
34 92
34 93
34 95
34 96
34 99
35 36
35 41
35 42
35 44
35 45
35 46
35 50
35 51
35 53
35 56
35 57
35 58
35 60
35 61
35 62
35 63
35 65
35 68
35 69
35 73
35 75
35 76
35 80
35 82
35 83
35 84
35 85
35 88
35 89
35 91
35 92
35 93
35 98
35 99
36 37
36 38
36 41
36 43
36 47
36 48
36 50
36 57
36 58
36 62
36 63
36 64
36 65
36 66
36 70
36 71
36 72
36 73
36 74
36 76
36 78
36 80
36 83
36 85
36 87
36 88
36 89
36 92
36 95
36 96
37 39
37 42
37 45
37 48
37 49
37 50
37 51
37 52
37 53
37 55
37 57
37 58
37 59
37 60
37 61
37 62
37 64
37 65
37 67
37 68
37 69
37 71
37 72
37 73
37 75
37 76
37 78
37 80
37 83
37 84
37 85
37 88
37 89
37 90
37 93
37 94
37 98
37 99
38 39
38 40
38 45
38 47
38 49
38 52
38 55
38 60
38 63
38 64
38 67
38 71
38 72
38 73
38 74
38 76
38 78
38 79
38 80
38 81
38 84
38 85
38 86
38 88
38 91
38 93
38 94
38 99
39 40
39 41
39 45
39 47
39 48
39 53
39 54
39 55
39 59
39 62
39 63
39 64
39 66
39 67
39 70
39 78
39 84
39 86
39 87
39 90
39 91
39 94
39 95
39 96
39 97
39 98
39 99
40 42
40 44
40 45
40 48
40 49
40 52
40 53
40 54
40 56
40 57
40 59
40 60
40 61
40 62
40 63
40 64
40 65
40 66
40 67
40 69
40 70
40 76
40 77
40 78
40 79
40 81
40 82
40 86
40 87
40 88
40 89
40 93
40 95
40 98
41 45
41 49
41 52
41 55
41 57
41 60
41 62
41 67
41 69
41 70
41 72
41 74
41 75
41 76
41 77
41 80
41 82
41 84
41 86
41 87
41 88
41 89
41 91
41 92
41 94
41 96
41 97
41 98
42 43
42 45
42 46
42 47
42 50
42 51
42 52
42 53
42 56
42 57
42 59
42 60
42 63
42 67
42 69
42 70
42 71
42 72
42 73
42 74
42 80
42 85
42 86
42 89
42 90
42 92
42 93
42 96
42 97
42 98
43 45
43 48
43 53
43 55
43 59
43 65
43 67
43 69
43 70
43 71
43 72
43 73
43 75
43 76
43 77
43 79
43 80
43 81
43 83
43 86
43 89
43 90
43 92
44 47
44 48
44 49
44 50
44 51
44 53
44 54
44 55
44 58
44 59
44 60
44 62
44 69
44 76
44 78
44 84
44 86
44 87
44 88
44 89
44 91
44 93
44 95
44 96
45 47
45 50
45 51
45 52
45 54
45 55
45 58
45 59
45 62
45 65
45 70
45 75
45 76
45 77
45 78
45 82
45 83
45 84
45 86
45 87
45 88
45 90
45 91
45 92
45 95
45 98
46 48
46 49
46 51
46 52
46 53
46 54
46 56
46 59
46 61
46 63
46 64
46 65
46 67
46 72
46 73
46 76
46 77
46 81
46 83
46 86
46 88
46 91
46 92
46 93
46 95
46 96
46 99
47 50
47 53
47 55
47 57
47 64
47 65
47 66
47 69
47 71
47 73
47 74
47 76
47 78
47 79
47 80
47 81
47 82
47 84
47 85
47 86
47 87
47 88
47 89
47 90
47 91
47 92
47 93
47 94
47 95
47 98
47 99
48 49
48 50
48 52
48 54
48 56
48 57
48 60
48 61
48 63
48 67
48 71
48 74
48 77
48 79
48 80
48 82
48 83
48 89
48 91
48 96
48 98
49 51
49 52
49 53
49 54
49 57
49 58
49 59
49 60
49 62
49 64
49 67
49 68
49 70
49 72
49 74
49 75
49 76
49 77
49 79
49 81
49 86
49 88
49 89
49 90
49 92
49 94
49 95
49 96
49 97
49 98
50 51
50 52
50 55
50 58
50 61
50 62
50 63
50 68
50 71
50 73
50 74
50 83
50 84
50 87
50 89
50 95
50 96
50 97
51 53
51 56
51 60
51 66
51 69
51 70
51 71
51 73
51 74
51 75
51 76
51 79
51 86
51 87
51 89
51 90
51 91
51 95
51 96
51 99
52 54
52 56
52 57
52 59
52 60
52 62
52 63
52 65
52 69
52 72
52 78
52 79
52 81
52 82
52 83
52 84
52 85
52 88
52 90
52 91
52 93
52 95
52 98
52 99
53 54
53 55
53 56
53 58
53 61
53 62
53 68
53 70
53 71
53 72
53 73
53 74
53 78
53 80
53 84
53 85
53 86
53 90
53 91
53 94
54 56
54 61
54 63
54 66
54 67
54 68
54 71
54 76
54 77
54 78
54 83
54 84
54 86
54 87
54 89
54 90
54 91
54 92
54 94
54 95
55 56
55 57
55 59
55 60
55 61
55 62
55 63
55 65
55 67
55 68
55 70
55 71
55 72
55 73
55 74
55 76
55 78
55 85
55 88
55 89
55 91
55 93
55 96
56 60
56 61
56 66
56 67
56 69
56 70
56 71
56 73
56 76
56 77
56 78
56 82
56 83
56 84
56 85
56 88
56 89
56 94
56 95
56 96
56 98
57 59
57 60
57 61
57 63
57 64
57 65
57 74
57 77
57 80
57 82
57 84
57 86
57 88
57 89
57 90
57 93
57 94
57 96
58 65
58 66
58 67
58 70
58 74
58 75
58 77
58 78
58 80
58 83
58 85
58 86
58 90
58 93
58 94
58 96
58 99
59 60
59 62
59 63
59 66
59 67
59 69
59 71
59 73
59 77
59 79
59 85
59 88
59 90
59 92
59 95
59 98
60 61
60 62
60 68
60 71
60 77
60 79
60 80
60 81
60 83
60 84
60 85
60 87
60 93
60 94
60 95
60 97
61 63
61 66
61 67
61 70
61 71
61 72
61 73
61 74
61 75
61 76
61 80
61 81
61 82
61 85
61 87
61 90
61 91
61 92
61 95
61 96
61 99
62 63
62 64
62 67
62 70
62 71
62 74
62 76
62 77
62 78
62 80
62 84
62 85
62 87
62 90
62 94
62 96
62 97
62 98
62 99
63 65
63 68
63 70
63 72
63 73
63 74
63 75
63 76
63 77
63 78
63 80
63 82
63 83
63 85
63 89
63 93
63 94
63 99
64 65
64 67
64 68
64 69
64 70
64 75
64 76
64 78
64 79
64 80
64 82
64 85
64 89
64 90
64 92
64 95
64 98
65 66
65 68
65 72
65 75
65 76
65 77
65 78
65 81
65 82
65 84
65 86
65 88
65 89
65 91
65 92
65 96
65 97
66 67
66 68
66 69
66 70
66 71
66 74
66 75
66 77
66 78
66 79
66 80
66 82
66 85
66 87
66 89
66 90
66 93
66 96
66 97
66 98
66 99
67 68
67 70
67 71
67 76
67 78
67 81
67 83
67 84
67 88
67 89
67 90
67 91
67 92
67 94
67 97
67 98
68 69
68 70
68 72
68 73
68 74
68 76
68 77
68 78
68 80
68 86
68 87
68 94
68 95
68 96
68 97
68 98
68 99
69 71
69 73
69 74
69 77
69 78
69 79
69 84
69 87
69 90
69 91
69 92
69 93
69 95
69 97
70 75
70 77
70 79
70 80
70 82
70 84
70 87
70 88
70 89
70 95
70 96
70 97
70 99
71 76
71 78
71 79
71 81
71 84
71 85
71 86
71 87
71 89
71 91
71 92
71 95
71 96
71 98
71 99
72 74
72 79
72 80
72 81
72 82
72 84
72 85
72 86
72 90
72 91
72 94
72 95
72 97
72 99
73 74
73 77
73 79
73 81
73 84
73 85
73 87
73 88
73 91
73 93
73 95
73 96
73 98
73 99
74 75
74 78
74 80
74 88
74 92
74 93
74 94
74 95
74 96
75 79
75 81
75 82
75 83
75 85
75 86
75 90
75 91
75 94
75 96
75 97
75 99
76 78
76 80
76 81
76 83
76 84
76 85
76 87
76 88
76 89
76 91
76 92
76 94
76 98
77 78
77 80
77 81
77 82
77 84
77 88
77 89
77 90
77 91
77 92
77 95
77 96
77 99
78 79
78 83
78 84
78 86
78 87
78 88
78 89
78 90
78 93
78 94
78 99
79 81
79 82
79 83
79 86
79 88
79 90
79 91
79 93
79 94
79 96
79 97
79 98
80 81
80 82
80 84
80 85
80 89
80 96
81 82
81 85
81 87
81 89
81 90
81 91
81 94
81 97
81 98
82 83
82 84
82 86
82 93
82 96
82 97
83 87
83 88
83 90
83 92
83 96
83 98
83 99
84 85
84 87
84 89
84 90
84 92
84 93
84 96
85 88
85 89
85 91
85 92
85 93
85 95
85 97
85 99
86 87
86 88
86 90
86 92
86 95
86 99
87 88
87 90
87 91
87 92
87 93
87 94
88 92
88 93
88 94
88 96
88 97
88 98
88 99
89 91
89 92
89 94
89 95
89 96
89 99
90 91
90 92
90 93
90 95
91 95
91 96
91 97
91 98
92 93
92 94
92 95
92 96
92 98
93 94
93 95
93 97
94 95
94 98
96 97
96 98
96 99
97 99
98 99
