0 1
0 6
0 8
0 12
0 13
0 15
0 16
0 17
0 18
0 19
0 20
0 21
0 23
0 30
0 31
0 32
0 33
0 37
0 39
0 41
0 44
0 45
0 48
0 49
0 50
0 51
0 52
0 53
0 54
0 56
0 58
0 59
0 67
0 68
0 69
0 72
0 74
0 75
0 76
0 79
0 83
0 84
0 85
0 86
0 89
0 90
0 93
0 94
0 96
0 98
0 99
1 2
1 4
1 5
1 7
1 8
1 9
1 10
1 11
1 13
1 14
1 15
1 17
1 18
1 21
1 24
1 27
1 28
1 30
1 31
1 32
1 33
1 34
1 35
1 36
1 37
1 39
1 40
1 43
1 44
1 45
1 46
1 50
1 53
1 54
1 55
1 60
1 61
1 63
1 64
1 65
1 69
1 70
1 71
1 76
1 77
1 78
1 81
1 84
1 85
1 86
1 90
1 91
1 93
1 95
1 96
1 97
2 6
2 8
2 9
2 13
2 16
2 18
2 19
2 21
2 23
2 25
2 27
2 29
2 33
2 34
2 35
2 37
2 38
2 39
2 41
2 43
2 44
2 45
2 46
2 47
2 49
2 50
2 51
2 52
2 53
2 54
2 57
2 59
2 61
2 64
2 65
2 67
2 69
2 71
2 73
2 74
2 75
2 76
2 78
2 79
2 80
2 82
2 86
2 90
2 91
2 93
2 94
2 96
2 97
2 98
3 8
3 9
3 11
3 15
3 16
3 17
3 18
3 19
3 23
3 25
3 26
3 28
3 29
3 33
3 36
3 37
3 39
3 40
3 42
3 49
3 53
3 54
3 55
3 57
3 60
3 61
3 66
3 68
3 72
3 73
3 77
3 79
3 80
3 81
3 82
3 83
3 86
3 87
3 90
3 91
3 93
3 94
3 98
4 5
4 6
4 9
4 10
4 11
4 13
4 14
4 15
4 17
4 18
4 21
4 22
4 23
4 25
4 26
4 27
4 28
4 29
4 30
4 31
4 32
4 36
4 37
4 45
4 47
4 51
4 53
4 56
4 57
4 58
4 59
4 60
4 63
4 65
4 66
4 68
4 70
4 72
4 73
4 76
4 79
4 84
4 85
4 87
4 89
4 91
4 92
4 95
4 97
4 98
4 99
5 7
5 9
5 11
5 12
5 15
5 16
5 22
5 24
5 25
5 29
5 31
5 32
5 33
5 34
5 38
5 39
5 42
5 48
5 49
5 50
5 54
5 55
5 57
5 60
5 68
5 69
5 70
5 72
5 74
5 75
5 76
5 78
5 81
5 82
5 92
5 93
5 94
5 96
5 98
6 7
6 9
6 10
6 12
6 13
6 14
6 16
6 18
6 20
6 22
6 24
6 25
6 26
6 27
6 30
6 34
6 37
6 38
6 39
6 40
6 43
6 45
6 47
6 49
6 55
6 57
6 59
6 62
6 63
6 64
6 65
6 66
6 68
6 69
6 71
6 75
6 77
6 78
6 81
6 82
6 85
6 86
6 90
6 91
6 92
6 93
6 94
6 95
6 96
6 97
6 99
7 9
7 10
7 11
7 12
7 13
7 21
7 24
7 25
7 30
7 31
7 33
7 34
7 36
7 37
7 44
7 45
7 51
7 53
7 54
7 56
7 60
7 61
7 62
7 63
7 64
7 65
7 66
7 69
7 71
7 73
7 74
7 78
7 80
7 82
7 89
7 90
7 92
7 96
7 98
7 99
8 9
8 11
8 13
8 14
8 21
8 22
8 23
8 28
8 31
8 34
8 39
8 40
8 41
8 42
8 44
8 47
8 48
8 49
8 53
8 55
8 57
8 58
8 59
8 61
8 62
8 63
8 66
8 70
8 71
8 72
8 73
8 74
8 75
8 76
8 77
8 78
8 79
8 82
8 87
8 88
8 90
8 91
8 92
8 93
8 94
8 99
9 11
9 13
9 14
9 16
9 17
9 18
9 20
9 25
9 26
9 27
9 28
9 30
9 31
9 41
9 45
9 48
9 52
9 54
9 55
9 56
9 57
9 60
9 61
9 62
9 64
9 67
9 70
9 71
9 72
9 77
9 78
9 81
9 82
9 83
9 85
9 87
9 90
9 93
9 94
9 95
9 97
9 98
9 99
10 11
10 14
10 15
10 19
10 21
10 26
10 28
10 29
10 30
10 34
10 35
10 41
10 42
10 44
10 45
10 46
10 47
10 49
10 53
10 55
10 56
10 57
10 58
10 60
10 61
10 62
10 65
10 66
10 68
10 69
10 73
10 75
10 80
10 83
10 84
10 87
10 92
10 94
10 96
10 98
10 99
11 12
11 14
11 15
11 16
11 17
11 20
11 25
11 26
11 31
11 32
11 33
11 35
11 36
11 38
11 39
11 40
11 42
11 44
11 46
11 49
11 50
11 51
11 52
11 54
11 55
11 58
11 59
11 61
11 62
11 64
11 68
11 71
11 75
11 76
11 79
11 80
11 81
11 82
11 84
11 85
11 86
11 87
11 89
11 90
11 91
11 93
11 94
11 99
12 15
12 17
12 18
12 19
12 21
12 22
12 23
12 28
12 34
12 35
12 42
12 43
12 46
12 47
12 49
12 50
12 51
12 52
12 56
12 57
12 58
12 60
12 61
12 63
12 65
12 68
12 69
12 70
12 72
12 73
12 75
12 78
12 83
12 84
12 86
12 94
12 95
12 96
12 97
12 98
12 99
13 14
13 19
13 21
13 22
13 23
13 24
13 26
13 29
13 30
13 31
13 32
13 34
13 35
13 37
13 38
13 40
13 41
13 42
13 44
13 50
13 51
13 57
13 58
13 59
13 60
13 61
13 63
13 64
13 66
13 67
13 71
13 76
13 78
13 79
13 80
13 82
13 83
13 89
13 97
13 98
13 99
14 15
14 16
14 23
14 27
14 32
14 33
14 34
14 35
14 36
14 39
14 41
14 42
14 44
14 45
14 46
14 47
14 49
14 51
14 52
14 55
14 59
14 61
14 63
14 64
14 65
14 67
14 69
14 70
14 72
14 73
14 74
14 78
14 80
14 82
14 84
14 86
14 87
14 89
14 90
14 94
14 95
14 98
15 16
15 19
15 20
15 23
15 24
15 25
15 26
15 28
15 31
15 32
15 34
15 35
15 38
15 39
15 42
15 43
15 47
15 48
15 49
15 51
15 53
15 56
15 59
15 61
15 62
15 63
15 65
15 67
15 68
15 71
15 72
15 77
15 78
15 81
15 85
15 86
15 88
15 89
15 90
15 93
15 96
15 98
16 17
16 18
16 23
16 24
16 27
16 29
16 32
16 34
16 35
16 41
16 42
16 43
16 44
16 48
16 50
16 54
16 55
16 57
16 60
16 62
16 64
16 66
16 70
16 73
16 74
16 76
16 77
16 80
16 81
16 82
16 85
16 86
16 87
16 93
16 97
17 20
17 21
17 22
17 25
17 26
17 29
17 30
17 34
17 35
17 37
17 48
17 49
17 52
17 53
17 54
17 55
17 56
17 58
17 63
17 67
17 68
17 70
17 74
17 75
17 77
17 81
17 83
17 85
17 86
17 90
17 91
17 93
17 94
17 95
17 97
17 99
18 19
18 21
18 22
18 24
18 25
18 26
18 28
18 30
18 32
18 34
18 35
18 38
18 47
18 48
18 49
18 51
18 52
18 53
18 56
18 58
18 60
18 61
18 62
18 63
18 66
18 67
18 68
18 69
18 71
18 75
18 77
18 81
18 82
18 84
18 89
18 90
18 91
18 96
18 97
18 98
18 99
19 23
19 24
19 26
19 29
19 35
19 41
19 42
19 45
19 46
19 47
19 49
19 50
19 52
19 53
19 54
19 55
19 56
19 57
19 58
19 60
19 62
19 64
19 67
19 69
19 71
19 76
19 81
19 82
19 83
19 84
19 85
19 86
19 87
19 89
19 90
19 91
19 97
19 99
20 24
20 26
20 27
20 28
20 30
20 32
20 34
20 38
20 40
20 41
20 43
20 45
20 47
20 50
20 51
20 54
20 55
20 56
20 57
20 58
20 59
20 61
20 62
20 64
20 67
20 72
20 74
20 76
20 77
20 78
20 79
20 82
20 84
20 86
20 87
20 88
20 90
20 93
20 94
20 96
21 22
21 24
21 27
21 29
21 30
21 31
21 34
21 35
21 36
21 37
21 39
21 41
21 42
21 45
21 46
21 51
21 52
21 55
21 56
21 59
21 61
21 63
21 67
21 68
21 69
21 70
21 73
21 78
21 79
21 84
21 85
21 91
21 94
21 96
21 97
22 24
22 25
22 26
22 28
22 31
22 32
22 33
22 36
22 38
22 40
22 41
22 42
22 46
22 47
22 48
22 50
22 51
22 52
22 53
22 62
22 66
22 69
22 70
22 71
22 72
22 77
22 78
22 79
22 88
22 89
22 91
22 99
23 24
23 26
23 28
23 30
23 32
23 35
23 39
23 42
23 44
23 47
23 49
23 50
23 52
23 53
23 57
23 59
23 60
23 61
23 62
23 63
23 64
23 65
23 66
23 67
23 69
23 71
23 73
23 74
23 75
23 80
23 84
23 85
23 86
23 87
23 93
23 94
23 96
23 97
23 98
23 99
24 25
24 28
24 32
24 33
24 34
24 37
24 38
24 39
24 41
24 42
24 44
24 46
24 49
24 50
24 51
24 52
24 55
24 59
24 60
24 62
24 63
24 66
24 67
24 69
24 71
24 72
24 73
24 74
24 75
24 78
24 79
24 80
24 81
24 83
24 84
24 88
24 89
24 91
24 92
24 93
24 94
24 95
24 96
24 97
24 98
24 99
25 29
25 31
25 32
25 35
25 38
25 40
25 41
25 42
25 44
25 49
25 50
25 56
25 57
25 60
25 62
25 64
25 66
25 71
25 73
25 77
25 78
25 79
25 81
25 83
25 84
25 85
25 87
25 88
25 89
25 92
25 93
25 94
25 95
25 97
26 29
26 30
26 31
26 32
26 35
26 38
26 40
26 43
26 44
26 46
26 47
26 49
26 50
26 53
26 55
26 57
26 59
26 60
26 65
26 67
26 68
26 71
26 74
26 75
26 76
26 77
26 78
26 79
26 81
26 84
26 85
26 86
26 88
26 89
26 90
26 95
26 96
26 97
27 28
27 29
27 30
27 31
27 32
27 33
27 35
27 37
27 38
27 39
27 42
27 44
27 45
27 46
27 50
27 51
27 52
27 53
27 55
27 56
27 57
27 61
27 64
27 65
27 69
27 71
27 72
27 73
27 76
27 77
27 80
27 86
27 87
27 90
27 96
28 29
28 30
28 31
28 33
28 34
28 40
28 43
28 51
28 52
28 53
28 56
28 57
28 60
28 67
28 70
28 71
28 72
28 73
28 74
28 75
28 76
28 77
28 78
28 80
28 81
28 82
28 85
28 86
28 88
28 89
28 90
28 91
28 93
28 98
29 30
29 31
29 32
29 34
29 35
29 36
29 37
29 40
29 46
29 47
29 48
29 49
29 51
29 53
29 54
29 55
29 56
29 57
29 58
29 59
29 60
29 61
29 62
29 66
29 67
29 68
29 71
29 73
29 75
29 76
29 78
29 80
29 81
29 83
29 86
29 87
29 89
29 90
29 91
29 92
29 96
29 98
29 99
30 34
30 36
30 39
30 41
30 42
30 46
30 49
30 50
30 55
30 57
30 58
30 60
30 61
30 62
30 65
30 66
30 68
30 69
30 72
30 73
30 74
30 75
30 77
30 79
30 81
30 82
30 87
30 98
30 99
31 33
31 34
31 35
31 36
31 37
31 39
31 42
31 44
31 50
31 51
31 53
31 54
31 56
31 57
31 58
31 61
31 64
31 65
31 66
31 67
31 70
31 72
31 73
31 74
31 75
31 78
31 80
31 81
31 83
31 84
31 86
31 87
31 89
31 90
31 91
31 92
31 94
31 95
31 96
31 99
32 34
32 35
32 36
32 37
32 38
32 39
32 41
32 42
32 43
32 44
32 46
32 48
32 52
32 54
32 55
32 58
32 59
32 63
32 64
32 66
32 69
32 70
32 73
32 74
32 77
32 81
32 82
32 84
32 86
32 88
32 90
32 94
32 95
33 34
33 35
33 39
33 42
33 45
33 46
33 49
33 53
33 54
33 56
33 60
33 63
33 64
33 65
33 67
33 68
33 72
33 73
33 74
33 76
33 78
33 79
33 80
33 82
33 83
33 84
33 85
33 86
33 87
33 89
33 90
33 91
33 92
33 94
33 96
33 99
34 35
34 37
34 38
34 39
34 40
34 41
34 42
34 43
34 44
34 49
34 51
34 54
34 55
34 57
34 60
34 62
34 66
34 67
34 70
34 75
34 78
34 80
34 81
34 89
34 90
34 91
34 92
34 94
34 96
34 98
34 99
35 36
35 38
35 40
35 43
35 44
35 48
35 49
35 51
35 53
35 54
35 57
35 62
35 65
35 68
35 71
35 75
35 76
35 77
35 78
35 80
35 81
35 83
35 84
35 85
35 86
35 89
35 90
35 91
35 92
35 93
35 95
35 97
35 98
36 37
36 39
36 42
36 47
36 48
36 50
36 55
36 56
36 59
36 60
36 61
36 69
36 73
36 74
36 75
36 76
36 78
36 80
36 82
36 83
36 85
36 87
36 93
36 95
36 97
36 98
37 38
37 40
37 42
37 44
37 45
37 47
37 51
37 54
37 55
37 60
37 61
37 63
37 64
37 65
37 66
37 67
37 69
37 73
37 74
37 77
37 80
37 84
37 86
37 91
37 93
37 94
37 95
37 97
38 42
38 45
38 46
38 47
38 48
38 49
38 50
38 52
38 53
38 56
38 58
38 60
38 64
38 65
38 68
38 69
38 72
38 73
38 75
38 77
38 79
38 82
38 85
38 86
38 87
38 88
38 89
38 90
38 91
38 92
38 93
38 94
38 95
38 96
39 41
39 43
39 44
39 45
39 46
39 48
39 50
39 57
39 60
39 61
39 62
39 63
39 66
39 67
39 69
39 71
39 73
39 75
39 76
39 79
39 80
39 83
39 84
39 85
39 87
39 90
39 91
39 94
39 95
39 97
39 98
40 42
40 43
40 47
40 50
40 51
40 53
40 54
40 57
40 58
40 60
40 61
40 63
40 64
40 65
40 72
40 73
40 75
40 77
40 78
40 87
40 89
40 90
40 97
40 98
40 99
41 43
41 46
41 47
41 54
41 57
41 58
41 61
41 62
41 63
41 64
41 67
41 70
41 74
41 75
41 76
41 78
41 80
41 82
41 83
41 85
41 86
41 88
41 90
41 95
41 97
42 43
42 45
42 49
42 52
42 58
42 59
42 60
42 61
42 62
42 64
42 65
42 68
42 72
42 74
42 77
42 82
42 83
42 87
42 88
42 90
42 91
42 93
42 94
42 95
42 98
43 44
43 45
43 46
43 47
43 50
43 54
43 58
43 60
43 69
43 72
43 73
43 75
43 76
43 78
43 79
43 82
43 86
43 87
43 88
43 91
43 92
43 94
43 97
43 98
43 99
44 45
44 47
44 48
44 51
44 52
44 53
44 56
44 57
44 58
44 65
44 66
44 67
44 68
44 69
44 71
44 72
44 73
44 74
44 79
44 81
44 85
44 86
44 88
44 90
44 93
44 95
44 96
44 97
44 99
45 46
45 49
45 50
45 51
45 52
45 55
45 57
45 58
45 61
45 65
45 69
45 70
45 71
45 73
45 74
45 77
45 79
45 81
45 82
45 85
45 86
45 87
45 90
45 91
45 92
45 93
45 94
45 95
45 98
46 49
46 52
46 55
46 59
46 60
46 65
46 67
46 68
46 69
46 72
46 76
46 77
46 78
46 80
46 85
46 86
46 87
46 92
46 93
46 94
46 95
46 96
46 98
47 51
47 54
47 57
47 58
47 59
47 62
47 65
47 66
47 68
47 70
47 73
47 74
47 76
47 77
47 79
47 80
47 81
47 82
47 83
47 84
47 89
47 90
47 92
47 95
47 97
48 50
48 51
48 54
48 57
48 58
48 61
48 62
48 63
48 66
48 67
48 70
48 72
48 73
48 74
48 78
48 79
48 80
48 81
48 83
48 86
48 88
48 90
48 92
48 95
48 97
48 98
49 50
49 51
49 57
49 58
49 59
49 60
49 61
49 62
49 63
49 65
49 67
49 69
49 70
49 71
49 72
49 73
49 74
49 76
49 77
49 79
49 82
49 83
49 84
49 86
49 91
49 94
49 95
50 53
50 56
50 57
50 58
50 59
50 60
50 61
50 62
50 63
50 64
50 67
50 69
50 72
50 73
50 77
50 79
50 80
50 81
50 82
50 85
50 89
50 90
50 91
50 92
50 93
50 95
50 96
50 98
51 52
51 57
51 58
51 59
51 60
51 68
51 71
51 75
51 76
51 78
51 81
51 84
51 86
51 87
51 88
51 89
51 91
51 92
51 93
51 95
51 96
51 97
51 99
52 55
52 56
52 57
52 58
52 59
52 62
52 63
52 65
52 66
52 68
52 71
52 73
52 76
52 81
52 82
52 83
52 86
52 87
52 88
52 91
52 92
52 94
52 95
53 57
53 60
53 61
53 62
53 64
53 66
53 68
53 70
53 72
53 73
53 75
53 77
53 78
53 80
53 82
53 83
53 86
53 88
53 90
53 92
53 94
53 97
54 55
54 57
54 58
54 63
54 64
54 65
54 67
54 70
54 71
54 73
54 77
54 81
54 83
54 86
54 87
54 88
54 91
54 92
54 93
54 96
54 97
54 99
55 57
55 58
55 59
55 60
55 64
55 65
55 66
55 67
55 68
55 69
55 72
55 73
55 76
55 78
55 79
55 80
55 81
55 82
55 84
55 91
55 93
55 96
55 97
56 58
56 63
56 64
56 72
56 73
56 77
56 78
56 79
56 82
56 84
56 85
56 87
56 88
56 89
56 92
56 94
56 95
56 97
56 99
57 58
57 61
57 62
57 65
57 66
57 72
57 73
57 75
57 76
57 81
57 82
57 83
57 84
57 85
57 86
57 90
57 92
57 94
57 95
57 98
58 62
58 67
58 68
58 69
58 72
58 75
58 76
58 79
58 80
58 82
58 83
58 84
58 86
58 87
58 88
58 89
58 93
58 98
59 62
59 64
59 65
59 68
59 73
59 78
59 82
59 85
59 86
59 87
59 90
59 92
59 95
59 96
59 97
60 61
60 63
60 64
60 68
60 73
60 79
60 81
60 88
60 89
60 93
60 94
60 95
60 97
60 98
61 62
61 64
61 69
61 71
61 72
61 73
61 74
61 75
61 76
61 77
61 80
61 81
61 83
61 86
61 88
61 89
61 94
61 95
62 63
62 64
62 65
62 72
62 73
62 75
62 76
62 77
62 83
62 84
62 85
62 86
62 87
62 88
62 92
62 95
62 97
63 64
63 66
63 67
63 70
63 72
63 73
63 76
63 77
63 79
63 84
63 87
63 88
63 89
63 95
63 96
63 98
64 68
64 74
64 76
64 77
64 78
64 79
64 80
64 83
64 86
64 88
64 91
64 92
64 93
64 95
64 96
64 97
64 98
65 67
65 68
65 69
65 70
65 74
65 77
65 80
65 81
65 82
65 85
65 91
65 92
65 93
65 96
65 97
65 98
66 68
66 74
66 75
66 76
66 77
66 80
66 82
66 83
66 84
66 85
66 86
66 87
66 88
66 89
66 91
66 92
66 93
66 94
66 95
66 96
66 97
66 98
67 68
67 69
67 70
67 72
67 73
67 75
67 83
67 84
67 85
67 91
67 94
67 97
67 98
67 99
68 73
68 74
68 75
68 76
68 77
68 79
68 80
68 82
68 83
68 84
68 85
68 86
68 87
68 88
68 91
68 92
68 94
68 95
68 97
68 98
69 72
69 74
69 75
69 77
69 79
69 81
69 83
69 84
69 86
69 87
69 88
69 89
69 90
69 91
69 92
69 93
69 96
69 97
69 98
70 71
70 72
70 74
70 75
70 78
70 79
70 83
70 90
70 94
70 96
70 97
70 98
70 99
71 73
71 75
71 78
71 79
71 86
71 87
71 91
71 92
71 95
71 96
71 98
72 74
72 75
72 82
72 85
72 91
72 93
72 95
72 97
73 74
73 75
73 77
73 79
73 80
73 81
73 83
73 85
73 87
73 89
73 90
73 91
73 92
73 95
73 97
73 98
74 79
74 80
74 81
74 82
74 83
74 85
74 90
74 92
74 95
74 96
74 98
75 78
75 81
75 83
75 85
75 86
75 88
75 91
75 93
75 94
75 96
76 77
76 79
76 82
76 83
76 85
76 86
76 91
76 92
76 94
76 95
76 98
77 78
77 79
77 81
77 83
77 84
77 86
77 87
77 88
77 89
77 93
77 94
77 95
77 97
77 99
78 79
78 80
78 81
78 82
78 84
78 85
78 86
78 89
78 91
78 92
78 93
78 95
78 96
78 98
78 99
79 83
79 85
79 87
79 88
79 89
79 91
79 93
79 95
79 96
79 98
80 81
80 82
80 83
80 85
80 86
80 87
80 92
80 95
80 96
80 97
80 98
81 82
81 83
81 84
81 85
81 86
81 87
81 88
81 91
81 93
81 94
81 95
81 97
81 98
82 85
82 86
82 87
82 89
82 90
82 91
82 96
82 98
83 85
83 88
83 91
83 92
83 93
83 94
83 95
83 96
83 98
84 85
84 86
84 87
84 89
84 90
84 95
84 96
84 97
85 86
85 89
85 92
85 93
85 96
85 98
85 99
86 87
86 89
86 92
86 93
86 94
86 96
86 98
87 89
87 91
87 99
88 89
88 90
88 93
88 95
88 96
88 98
88 99
89 93
89 94
89 95
89 97
90 92
90 93
90 95
90 96
91 92
91 93
91 94
91 96
92 96
92 97
93 96
93 97
93 98
94 97
94 98
95 97
95 99
96 99
97 98
