0 1
0 2
0 4
0 6
0 9
0 10
0 12
0 14
0 15
0 16
0 17
0 18
0 21
0 22
0 25
0 27
0 30
0 31
0 32
0 34
0 38
0 39
0 40
0 41
0 43
0 46
0 48
0 49
0 51
0 52
0 53
0 54
0 57
0 59
0 61
0 63
0 64
0 65
0 66
0 68
0 70
0 71
0 72
0 74
0 75
0 78
0 79
0 80
0 81
0 82
0 85
0 88
0 89
0 91
0 93
0 95
0 99
1 3
1 5
1 6
1 9
1 10
1 11
1 12
1 14
1 15
1 16
1 17
1 18
1 19
1 21
1 22
1 24
1 29
1 34
1 35
1 37
1 40
1 41
1 43
1 44
1 47
1 48
1 49
1 50
1 51
1 55
1 60
1 61
1 62
1 63
1 67
1 68
1 70
1 71
1 74
1 77
1 78
1 81
1 82
1 83
1 84
1 87
1 90
1 92
1 95
2 5
2 6
2 10
2 11
2 12
2 14
2 15
2 16
2 18
2 24
2 26
2 28
2 30
2 32
2 33
2 34
2 36
2 42
2 43
2 46
2 48
2 51
2 54
2 55
2 57
2 59
2 60
2 62
2 63
2 64
2 65
2 68
2 70
2 71
2 81
2 82
2 84
2 85
2 89
2 91
2 93
2 94
2 96
2 97
2 99
3 5
3 6
3 9
3 10
3 12
3 13
3 14
3 15
3 18
3 19
3 20
3 22
3 23
3 24
3 26
3 27
3 30
3 31
3 32
3 35
3 36
3 37
3 38
3 40
3 42
3 43
3 44
3 45
3 46
3 48
3 49
3 50
3 51
3 52
3 53
3 54
3 56
3 57
3 58
3 59
3 60
3 61
3 64
3 66
3 69
3 70
3 73
3 75
3 76
3 77
3 78
3 79
3 80
3 81
3 82
3 84
3 86
3 88
3 89
3 90
3 91
3 93
3 96
3 98
3 99
4 5
4 8
4 9
4 10
4 12
4 15
4 16
4 20
4 21
4 22
4 24
4 25
4 26
4 27
4 29
4 31
4 33
4 34
4 36
4 38
4 41
4 42
4 44
4 45
4 48
4 49
4 52
4 55
4 57
4 60
4 62
4 63
4 64
4 65
4 66
4 67
4 69
4 70
4 72
4 75
4 77
4 79
4 80
4 82
4 83
4 84
4 85
4 86
4 88
4 89
4 90
4 91
4 92
4 93
4 94
4 95
4 97
4 98
4 99
5 9
5 10
5 16
5 21
5 22
5 23
5 30
5 31
5 33
5 34
5 35
5 36
5 40
5 41
5 42
5 43
5 45
5 49
5 50
5 52
5 62
5 63
5 64
5 65
5 66
5 71
5 72
5 75
5 76
5 78
5 81
5 82
5 86
5 87
5 88
5 89
5 92
5 94
5 95
5 98
5 99
6 7
6 10
6 11
6 12
6 14
6 19
6 23
6 24
6 26
6 28
6 30
6 32
6 33
6 35
6 36
6 37
6 38
6 40
6 44
6 45
6 47
6 48
6 51
6 54
6 55
6 56
6 57
6 65
6 66
6 68
6 70
6 72
6 73
6 75
6 76
6 77
6 78
6 79
6 82
6 83
6 84
6 85
6 86
6 87
6 88
6 89
6 90
6 91
6 92
6 93
6 96
6 99
7 8
7 9
7 10
7 12
7 13
7 14
7 16
7 18
7 21
7 22
7 23
7 26
7 27
7 33
7 34
7 38
7 40
7 41
7 42
7 43
7 47
7 48
7 49
7 54
7 55
7 57
7 59
7 60
7 61
7 63
7 64
7 68
7 71
7 73
7 75
7 77
7 84
7 85
7 86
7 87
7 88
7 90
7 91
7 94
7 98
7 99
8 10
8 11
8 14
8 15
8 17
8 22
8 25
8 27
8 29
8 30
8 31
8 32
8 34
8 38
8 42
8 45
8 47
8 49
8 50
8 52
8 53
8 55
8 56
8 58
8 60
8 65
8 66
8 67
8 68
8 69
8 70
8 73
8 74
8 75
8 76
8 79
8 80
8 83
8 84
8 85
8 86
8 87
8 88
8 91
8 99
9 10
9 12
9 13
9 18
9 20
9 21
9 22
9 23
9 24
9 25
9 28
9 31
9 32
9 38
9 40
9 42
9 43
9 45
9 47
9 48
9 51
9 54
9 58
9 59
9 60
9 61
9 63
9 67
9 68
9 72
9 74
9 76
9 78
9 80
9 81
9 84
9 85
9 86
9 92
9 94
9 98
9 99
10 11
10 12
10 14
10 19
10 23
10 26
10 27
10 34
10 36
10 37
10 42
10 43
10 45
10 47
10 48
10 52
10 55
10 56
10 59
10 60
10 61
10 62
10 65
10 66
10 68
10 70
10 75
10 76
10 77
10 78
10 80
10 82
10 84
10 87
10 90
10 91
10 95
10 97
10 99
11 12
11 13
11 15
11 16
11 19
11 21
11 22
11 23
11 25
11 26
11 27
11 29
11 31
11 34
11 41
11 42
11 44
11 46
11 47
11 52
11 53
11 54
11 55
11 57
11 65
11 67
11 68
11 70
11 73
11 78
11 85
11 86
11 87
11 88
11 91
11 92
11 93
11 94
12 14
12 15
12 16
12 17
12 21
12 23
12 25
12 28
12 29
12 34
12 35
12 38
12 40
12 41
12 43
12 46
12 47
12 48
12 49
12 50
12 52
12 53
12 54
12 55
12 57
12 58
12 61
12 63
12 65
12 66
12 70
12 71
12 73
12 76
12 77
12 80
12 81
12 82
12 83
12 84
12 86
12 87
12 88
12 92
12 97
12 98
13 15
13 16
13 18
13 19
13 20
13 23
13 24
13 25
13 26
13 28
13 30
13 31
13 33
13 36
13 37
13 39
13 40
13 41
13 44
13 45
13 46
13 48
13 50
13 55
13 56
13 58
13 59
13 60
13 61
13 62
13 64
13 67
13 68
13 70
13 72
13 75
13 79
13 84
13 85
13 86
13 87
13 88
13 89
13 93
13 95
13 96
13 97
14 18
14 20
14 23
14 25
14 29
14 30
14 31
14 32
14 33
14 34
14 36
14 38
14 39
14 40
14 41
14 43
14 45
14 46
14 47
14 49
14 50
14 51
14 52
14 53
14 55
14 56
14 57
14 63
14 64
14 67
14 69
14 71
14 75
14 78
14 79
14 80
14 81
14 82
14 88
14 89
14 90
14 91
14 92
14 94
14 95
14 98
15 17
15 18
15 19
15 20
15 21
15 22
15 25
15 27
15 28
15 30
15 33
15 34
15 36
15 37
15 38
15 39
15 42
15 43
15 44
15 45
15 47
15 50
15 56
15 57
15 58
15 59
15 63
15 64
15 66
15 68
15 74
15 78
15 82
15 83
15 86
15 87
15 90
15 92
15 98
16 17
16 19
16 21
16 23
16 26
16 27
16 29
16 33
16 35
16 36
16 38
16 41
16 47
16 48
16 50
16 51
16 53
16 55
16 58
16 60
16 61
16 64
16 70
16 71
16 72
16 74
16 75
16 76
16 77
16 82
16 83
16 84
16 85
16 86
16 88
16 89
16 90
16 92
16 93
16 97
17 18
17 21
17 23
17 25
17 26
17 27
17 28
17 29
17 32
17 34
17 36
17 38
17 39
17 42
17 43
17 45
17 46
17 47
17 48
17 49
17 50
17 51
17 52
17 53
17 54
17 59
17 60
17 62
17 65
17 66
17 68
17 70
17 74
17 76
17 77
17 78
17 79
17 80
17 83
17 84
17 86
17 91
17 94
17 95
17 96
17 98
18 24
18 25
18 30
18 35
18 36
18 37
18 41
18 42
18 45
18 47
18 48
18 53
18 54
18 56
18 59
18 60
18 62
18 63
18 65
18 70
18 72
18 74
18 77
18 78
18 80
18 81
18 82
18 83
18 84
18 87
18 89
18 91
18 92
18 93
18 94
18 96
18 97
18 99
19 20
19 21
19 23
19 24
19 25
19 30
19 31
19 32
19 33
19 37
19 38
19 39
19 41
19 42
19 49
19 50
19 52
19 53
19 54
19 58
19 59
19 60
19 61
19 62
19 63
19 64
19 65
19 68
19 69
19 73
19 75
19 76
19 78
19 81
19 84
19 85
19 86
19 90
19 94
19 96
19 98
19 99
20 21
20 23
20 26
20 30
20 32
20 36
20 39
20 46
20 47
20 49
20 53
20 55
20 56
20 57
20 58
20 59
20 60
20 61
20 64
20 67
20 71
20 74
20 75
20 78
20 79
20 80
20 83
20 85
20 88
20 90
20 92
20 95
20 96
20 97
20 98
21 22
21 23
21 27
21 31
21 37
21 39
21 42
21 44
21 45
21 46
21 51
21 54
21 57
21 59
21 60
21 62
21 65
21 66
21 68
21 70
21 72
21 73
21 78
21 80
21 81
21 82
21 85
21 86
21 87
21 88
21 89
21 90
21 96
21 98
21 99
22 23
22 24
22 26
22 28
22 29
22 32
22 33
22 34
22 36
22 37
22 38
22 46
22 47
22 50
22 51
22 52
22 53
22 59
22 62
22 64
22 65
22 66
22 67
22 68
22 69
22 77
22 80
22 83
22 84
22 86
22 87
22 91
22 92
22 94
22 96
22 98
22 99
23 27
23 28
23 30
23 31
23 35
23 38
23 40
23 45
23 46
23 48
23 51
23 53
23 56
23 57
23 59
23 62
23 64
23 65
23 66
23 70
23 71
23 72
23 73
23 74
23 75
23 78
23 79
23 80
23 81
23 84
23 85
23 87
23 90
23 91
23 92
23 96
23 98
24 26
24 28
24 29
24 34
24 35
24 36
24 39
24 46
24 48
24 49
24 50
24 52
24 56
24 57
24 58
24 59
24 60
24 61
24 62
24 67
24 71
24 72
24 75
24 79
24 81
24 83
24 85
24 86
24 88
24 91
24 92
24 94
24 97
24 98
25 26
25 38
25 41
25 43
25 44
25 46
25 47
25 48
25 49
25 51
25 53
25 54
25 59
25 60
25 62
25 66
25 70
25 71
25 72
25 79
25 81
25 86
25 87
25 92
25 98
25 99
26 30
26 32
26 35
26 39
26 41
26 43
26 44
26 45
26 52
26 53
26 54
26 57
26 59
26 60
26 61
26 62
26 63
26 66
26 67
26 75
26 78
26 79
26 80
26 82
26 83
26 84
26 85
26 86
26 88
26 89
26 90
26 91
26 92
26 95
26 96
26 98
27 29
27 30
27 31
27 33
27 34
27 36
27 37
27 38
27 39
27 40
27 43
27 45
27 46
27 47
27 49
27 51
27 52
27 54
27 56
27 57
27 58
27 60
27 61
27 62
27 63
27 64
27 66
27 68
27 69
27 70
27 73
27 76
27 77
27 78
27 80
27 84
27 86
27 89
27 91
27 92
27 93
27 95
27 96
27 98
28 29
28 31
28 33
28 34
28 37
28 40
28 42
28 43
28 44
28 45
28 46
28 49
28 50
28 52
28 54
28 57
28 60
28 61
28 63
28 66
28 70
28 71
28 72
28 75
28 77
28 80
28 82
28 83
28 86
28 89
28 90
28 95
28 96
28 97
28 98
29 30
29 31
29 32
29 33
29 34
29 35
29 36
29 37
29 38
29 40
29 43
29 47
29 49
29 50
29 52
29 55
29 56
29 57
29 58
29 60
29 63
29 65
29 67
29 68
29 70
29 73
29 74
29 75
29 78
29 80
29 82
29 85
29 88
29 89
29 92
29 93
29 95
29 97
30 31
30 32
30 34
30 36
30 37
30 38
30 39
30 41
30 42
30 46
30 47
30 48
30 54
30 57
30 58
30 62
30 65
30 67
30 68
30 71
30 73
30 75
30 76
30 80
30 81
30 85
30 89
30 90
30 91
30 92
30 94
30 96
30 97
30 99
31 32
31 33
31 35
31 36
31 37
31 39
31 45
31 46
31 49
31 51
31 53
31 54
31 55
31 57
31 60
31 63
31 66
31 68
31 69
31 71
31 73
31 76
31 77
31 78
31 79
31 81
31 83
31 84
31 86
31 87
31 91
31 93
31 96
31 97
32 34
32 35
32 37
32 38
32 39
32 40
32 41
32 42
32 43
32 45
32 46
32 49
32 51
32 52
32 55
32 56
32 60
32 63
32 64
32 65
32 72
32 76
32 77
32 80
32 81
32 83
32 86
32 88
32 92
32 93
32 94
32 95
32 96
32 98
32 99
33 34
33 35
33 36
33 37
33 38
33 42
33 43
33 44
33 45
33 46
33 47
33 50
33 51
33 56
33 57
33 58
33 60
33 61
33 62
33 64
33 66
33 70
33 72
33 73
33 74
33 75
33 76
33 78
33 79
33 81
33 82
33 84
33 85
33 86
33 87
33 89
33 90
33 92
33 94
33 96
33 97
34 35
34 37
34 38
34 39
34 42
34 44
34 45
34 46
34 47
34 50
34 52
34 54
34 58
34 60
34 66
34 71
34 72
34 73
34 74
34 75
34 76
34 77
34 80
34 83
34 84
34 86
34 88
34 91
34 94
34 95
34 97
34 99
35 37
35 38
35 39
35 43
35 44
35 45
35 49
35 51
35 52
35 55
35 58
35 60
35 66
35 67
35 68
35 69
35 70
35 72
35 73
35 75
35 80
35 87
35 88
35 90
35 91
35 94
35 96
35 98
35 99
36 42
36 43
36 44
36 45
36 46
36 47
36 48
36 50
36 57
36 62
36 64
36 65
36 66
36 69
36 70
36 74
36 76
36 77
36 78
36 80
36 81
36 82
36 84
36 88
36 89
36 90
36 91
36 92
36 93
36 95
36 96
37 39
37 42
37 44
37 45
37 46
37 47
37 50
37 53
37 55
37 56
37 58
37 59
37 60
37 62
37 63
37 64
37 65
37 68
37 75
37 77
37 78
37 81
37 84
37 86
37 87
37 89
37 90
37 98
38 40
38 41
38 46
38 47
38 49
38 52
38 54
38 55
38 56
38 58
38 59
38 61
38 62
38 64
38 65
38 69
38 70
38 75
38 77
38 79
38 80
38 81
38 85
38 86
38 88
38 89
38 90
38 92
38 94
38 95
38 96
38 99
39 42
39 43
39 44
39 46
39 50
39 51
39 52
39 53
39 56
39 58
39 62
39 63
39 64
39 65
39 66
39 70
39 72
39 74
39 76
39 77
39 79
39 84
39 85
39 86
39 87
39 90
39 91
39 93
39 98
40 44
40 45
40 49
40 51
40 54
40 55
40 56
40 57
40 61
40 62
40 63
40 64
40 66
40 67
40 68
40 69
40 70
40 72
40 73
40 74
40 75
40 76
40 77
40 78
40 79
40 81
40 82
40 83
40 84
40 85
40 86
40 89
40 90
40 91
40 93
40 94
40 95
40 97
41 43
41 45
41 46
41 47
41 49
41 51
41 52
41 55
41 56
41 57
41 59
41 60
41 62
41 65
41 67
41 69
41 70
41 71
41 72
41 75
41 78
41 79
41 91
41 93
41 94
41 95
41 97
42 43
42 44
42 46
42 47
42 48
42 50
42 52
42 53
42 55
42 56
42 57
42 58
42 61
42 67
42 72
42 73
42 74
42 77
42 85
42 90
42 92
42 93
42 94
42 98
43 45
43 46
43 50
43 52
43 53
43 54
43 58
43 60
43 61
43 62
43 64
43 65
43 68
43 72
43 74
43 79
43 81
43 82
43 83
43 84
43 86
43 90
43 93
43 96
43 97
43 98
44 47
44 51
44 55
44 56
44 57
44 60
44 62
44 63
44 65
44 67
44 70
44 71
44 75
44 81
44 83
44 86
44 87
44 88
44 91
44 92
44 93
44 94
44 95
44 98
45 46
45 48
45 52
45 54
45 55
45 56
45 57
45 58
45 59
45 61
45 64
45 66
45 72
45 75
45 76
45 77
45 79
45 81
45 94
46 47
46 51
46 54
46 55
46 56
46 58
46 59
46 60
46 61
46 64
46 65
46 66
46 70
46 71
46 72
46 75
46 76
46 77
46 86
46 87
46 88
46 89
46 92
46 94
46 99
47 54
47 55
47 59
47 65
47 66
47 67
47 69
47 70
47 71
47 74
47 76
47 77
47 79
47 80
47 83
47 89
47 90
47 94
48 49
48 50
48 51
48 54
48 56
48 57
48 58
48 59
48 60
48 63
48 64
48 65
48 66
48 67
48 68
48 74
48 75
48 77
48 80
48 81
48 86
48 89
48 91
48 92
48 94
48 96
48 97
48 98
48 99
49 51
49 55
49 56
49 57
49 61
49 63
49 64
49 70
49 71
49 73
49 75
49 76
49 77
49 80
49 82
49 84
49 89
49 92
49 93
49 96
50 52
50 54
50 55
50 56
50 58
50 62
50 63
50 64
50 67
50 72
50 73
50 76
50 80
50 81
50 86
50 88
50 89
50 91
50 93
50 95
50 96
51 53
51 54
51 58
51 59
51 60
51 62
51 63
51 64
51 65
51 66
51 67
51 70
51 71
51 73
51 81
51 84
51 88
51 92
51 93
51 94
51 95
51 97
51 99
52 53
52 57
52 58
52 61
52 62
52 64
52 67
52 72
52 73
52 74
52 75
52 78
52 79
52 80
52 81
52 82
52 83
52 84
52 85
52 87
52 88
52 89
52 91
52 92
52 93
52 94
52 96
53 56
53 60
53 63
53 65
53 66
53 67
53 68
53 71
53 72
53 73
53 74
53 78
53 80
53 83
53 84
53 89
53 91
53 92
53 93
53 97
53 98
53 99
54 56
54 57
54 58
54 59
54 60
54 61
54 62
54 63
54 64
54 66
54 68
54 69
54 70
54 72
54 73
54 74
54 75
54 76
54 77
54 78
54 79
54 81
54 83
54 90
54 93
54 97
55 56
55 57
55 58
55 59
55 61
55 63
55 64
55 65
55 67
55 68
55 70
55 71
55 72
55 74
55 75
55 76
55 79
55 80
55 81
55 83
55 84
55 89
55 90
55 92
55 94
55 95
55 97
55 98
56 57
56 58
56 59
56 60
56 62
56 63
56 65
56 66
56 69
56 71
56 72
56 74
56 75
56 77
56 78
56 79
56 80
56 81
56 83
56 84
56 90
56 91
56 92
56 93
56 96
56 97
56 99
57 58
57 60
57 62
57 63
57 65
57 70
57 72
57 74
57 76
57 78
57 79
57 80
57 83
57 84
57 86
57 91
57 92
57 93
57 94
57 95
57 96
57 98
58 62
58 63
58 64
58 68
58 72
58 73
58 74
58 80
58 82
58 83
58 86
58 87
58 88
58 89
58 90
58 92
58 94
58 95
58 96
58 98
59 62
59 65
59 66
59 68
59 69
59 70
59 75
59 76
59 77
59 80
59 81
59 82
59 83
59 87
59 90
59 91
59 92
59 93
59 97
60 61
60 63
60 65
60 66
60 67
60 72
60 74
60 75
60 76
60 77
60 80
60 83
60 84
60 86
60 89
60 90
60 91
60 96
60 98
60 99
61 63
61 64
61 66
61 67
61 72
61 73
61 75
61 76
61 79
61 84
61 86
61 93
61 96
61 98
61 99
62 65
62 66
62 67
62 71
62 74
62 75
62 76
62 80
62 81
62 85
62 86
62 88
62 89
62 91
62 92
62 93
62 94
62 96
63 65
63 66
63 67
63 68
63 70
63 71
63 73
63 75
63 77
63 79
63 81
63 82
63 83
63 84
63 88
63 89
63 91
63 92
63 93
63 96
64 65
64 67
64 68
64 69
64 70
64 72
64 74
64 75
64 78
64 80
64 83
64 84
64 85
64 91
64 93
64 94
64 96
64 97
64 99
65 68
65 69
65 70
65 72
65 73
65 75
65 77
65 78
65 80
65 81
65 83
65 85
65 86
65 93
65 99
66 68
66 69
66 71
66 73
66 75
66 76
66 77
66 84
66 86
66 88
66 89
66 90
66 95
66 97
66 99
67 68
67 69
67 72
67 74
67 75
67 77
67 79
67 80
67 82
67 83
67 86
67 90
67 92
67 93
67 94
68 70
68 73
68 74
68 76
68 78
68 79
68 80
68 82
68 85
68 87
68 89
68 93
68 96
68 99
69 71
69 72
69 76
69 77
69 78
69 79
69 80
69 81
69 82
69 83
69 85
69 87
69 89
69 90
69 91
69 95
69 97
69 98
70 71
70 72
70 75
70 77
70 78
70 81
70 91
70 94
70 97
70 98
70 99
71 72
71 73
71 74
71 76
71 78
71 79
71 82
71 84
71 85
71 88
71 92
71 93
71 98
71 99
72 73
72 74
72 75
72 77
72 78
72 79
72 80
72 83
72 85
72 86
72 87
72 88
72 94
72 96
72 98
72 99
73 74
73 75
73 76
73 77
73 79
73 80
73 81
73 87
73 88
73 89
73 90
73 91
73 92
73 93
73 94
73 97
73 99
74 75
74 76
74 77
74 78
74 79
74 80
74 83
74 86
74 89
74 94
74 95
74 98
74 99
75 77
75 79
75 80
75 81
75 82
75 86
75 87
75 88
75 90
75 91
75 92
75 93
75 94
75 96
75 97
75 99
76 77
76 80
76 81
76 82
76 83
76 84
76 85
76 86
76 87
76 89
76 91
76 92
76 93
76 97
76 98
77 82
77 83
77 86
77 88
77 89
77 91
77 92
77 94
77 97
78 81
78 86
78 89
78 94
78 98
78 99
79 80
79 82
79 84
79 90
79 93
79 96
79 97
79 99
80 83
80 84
80 88
80 91
80 94
80 95
81 83
81 85
81 86
81 87
81 89
81 90
81 92
81 93
81 94
81 98
81 99
82 84
82 85
82 86
82 88
82 91
82 94
82 96
82 97
82 99
83 84
83 86
83 87
83 91
83 92
83 94
84 86
84 87
84 89
84 91
84 96
84 97
84 98
84 99
85 87
85 88
85 89
85 91
85 92
85 94
85 97
86 87
86 92
86 95
86 96
86 98
86 99
87 90
87 93
87 94
87 95
87 98
87 99
88 91
88 93
88 95
88 98
88 99
89 90
89 95
89 99
90 93
90 96
91 93
91 94
91 95
91 99
92 96
93 95
94 96
94 98
95 96
95 98
97 99
98 99
