0 1
0 2
0 3
0 8
0 9
0 10
0 11
0 12
0 13
0 15
0 18
0 19
0 20
0 21
0 22
0 25
0 26
0 28
0 29
0 33
0 34
0 35
0 36
0 39
0 41
0 42
0 45
0 48
0 49
0 50
0 51
0 52
0 53
0 58
0 65
0 66
0 67
0 69
0 70
0 71
0 75
0 78
0 79
0 84
0 85
0 86
0 88
0 89
0 95
0 97
0 98
0 99
1 2
1 4
1 5
1 6
1 7
1 11
1 12
1 15
1 19
1 21
1 23
1 24
1 26
1 27
1 28
1 32
1 33
1 34
1 35
1 37
1 38
1 40
1 41
1 43
1 44
1 47
1 48
1 50
1 56
1 60
1 65
1 66
1 69
1 71
1 74
1 75
1 77
1 83
1 84
1 87
1 89
1 90
1 92
1 94
1 95
1 97
1 98
2 3
2 4
2 5
2 6
2 7
2 9
2 10
2 11
2 15
2 16
2 17
2 22
2 23
2 26
2 28
2 29
2 32
2 35
2 36
2 39
2 40
2 41
2 43
2 49
2 52
2 60
2 62
2 64
2 68
2 72
2 73
2 74
2 75
2 76
2 81
2 82
2 83
2 84
2 86
2 87
2 90
2 91
2 92
2 93
2 95
2 97
2 98
3 4
3 7
3 8
3 9
3 10
3 11
3 12
3 16
3 17
3 19
3 20
3 22
3 23
3 24
3 25
3 28
3 29
3 32
3 33
3 35
3 36
3 37
3 38
3 39
3 41
3 42
3 46
3 48
3 49
3 54
3 59
3 62
3 66
3 67
3 72
3 80
3 82
3 85
3 86
3 87
3 88
3 90
3 95
3 98
4 5
4 8
4 10
4 11
4 12
4 14
4 17
4 18
4 20
4 28
4 29
4 31
4 35
4 36
4 37
4 38
4 39
4 40
4 41
4 42
4 44
4 45
4 47
4 50
4 51
4 52
4 58
4 59
4 62
4 64
4 65
4 69
4 70
4 71
4 78
4 79
4 80
4 81
4 82
4 83
4 86
4 90
4 91
4 92
4 93
4 95
4 96
4 98
5 7
5 8
5 9
5 10
5 11
5 14
5 15
5 16
5 20
5 22
5 23
5 25
5 29
5 32
5 33
5 35
5 36
5 37
5 38
5 39
5 41
5 42
5 45
5 46
5 48
5 49
5 51
5 54
5 56
5 59
5 62
5 66
5 67
5 68
5 69
5 70
5 74
5 76
5 77
5 79
5 81
5 84
5 86
5 87
5 90
5 91
5 93
5 98
6 8
6 11
6 13
6 14
6 16
6 18
6 24
6 25
6 27
6 29
6 33
6 34
6 35
6 36
6 37
6 39
6 43
6 44
6 46
6 47
6 48
6 49
6 50
6 53
6 54
6 64
6 65
6 68
6 71
6 73
6 78
6 79
6 82
6 83
6 84
6 89
6 90
6 92
6 93
6 94
6 95
6 96
6 99
7 10
7 13
7 15
7 16
7 17
7 18
7 22
7 25
7 27
7 28
7 29
7 33
7 35
7 38
7 40
7 42
7 43
7 46
7 47
7 49
7 52
7 53
7 54
7 55
7 59
7 60
7 61
7 65
7 66
7 68
7 70
7 71
7 72
7 76
7 77
7 83
7 85
7 86
7 88
7 89
7 91
7 92
7 94
7 96
7 98
7 99
8 9
8 12
8 14
8 15
8 16
8 17
8 18
8 19
8 22
8 24
8 26
8 29
8 30
8 31
8 32
8 33
8 36
8 37
8 39
8 41
8 42
8 43
8 44
8 45
8 48
8 49
8 50
8 52
8 53
8 55
8 57
8 61
8 62
8 64
8 67
8 68
8 70
8 77
8 78
8 81
8 83
8 84
8 87
8 89
8 90
8 93
8 95
8 98
8 99
9 15
9 18
9 19
9 20
9 21
9 22
9 23
9 25
9 26
9 28
9 29
9 31
9 32
9 34
9 37
9 38
9 41
9 42
9 43
9 44
9 47
9 49
9 52
9 53
9 54
9 56
9 58
9 59
9 60
9 61
9 62
9 63
9 65
9 67
9 68
9 72
9 77
9 79
9 80
9 82
9 85
9 86
9 90
9 91
9 95
9 96
10 11
10 14
10 15
10 18
10 19
10 23
10 25
10 26
10 27
10 28
10 29
10 36
10 38
10 40
10 42
10 45
10 46
10 47
10 50
10 56
10 58
10 62
10 65
10 70
10 73
10 74
10 77
10 80
10 82
10 83
10 85
10 86
10 87
10 88
10 89
10 91
10 93
10 94
10 96
11 12
11 14
11 17
11 18
11 19
11 20
11 25
11 27
11 30
11 38
11 39
11 40
11 42
11 44
11 45
11 46
11 50
11 53
11 55
11 56
11 57
11 58
11 59
11 60
11 62
11 66
11 67
11 70
11 72
11 73
11 74
11 75
11 77
11 78
11 79
11 80
11 82
11 83
11 86
11 87
11 89
11 90
11 91
11 92
11 94
11 95
11 97
11 99
12 15
12 17
12 18
12 19
12 22
12 24
12 25
12 26
12 29
12 31
12 32
12 33
12 36
12 37
12 39
12 41
12 43
12 47
12 49
12 51
12 58
12 59
12 60
12 66
12 72
12 74
12 78
12 84
12 88
12 89
12 90
12 92
12 94
12 97
13 14
13 15
13 16
13 19
13 21
13 22
13 23
13 24
13 27
13 33
13 34
13 36
13 37
13 38
13 39
13 40
13 41
13 48
13 51
13 52
13 54
13 56
13 58
13 59
13 61
13 62
13 64
13 65
13 67
13 69
13 71
13 72
13 74
13 75
13 76
13 78
13 79
13 81
13 82
13 83
13 85
13 86
13 87
13 88
13 92
13 93
13 94
13 96
13 98
14 15
14 17
14 19
14 20
14 21
14 22
14 23
14 24
14 25
14 26
14 30
14 32
14 33
14 34
14 36
14 41
14 42
14 43
14 44
14 46
14 50
14 51
14 56
14 57
14 59
14 61
14 62
14 64
14 65
14 67
14 69
14 71
14 72
14 73
14 74
14 75
14 76
14 77
14 81
14 82
14 84
14 88
14 89
14 90
14 92
14 94
14 96
14 98
14 99
15 16
15 18
15 22
15 24
15 26
15 27
15 28
15 30
15 31
15 33
15 36
15 37
15 39
15 40
15 41
15 42
15 45
15 48
15 50
15 51
15 53
15 55
15 56
15 58
15 60
15 61
15 62
15 64
15 67
15 69
15 71
15 72
15 73
15 74
15 75
15 86
15 87
15 88
15 89
15 90
15 92
15 96
15 97
16 18
16 19
16 24
16 25
16 28
16 32
16 33
16 34
16 35
16 37
16 38
16 40
16 42
16 48
16 50
16 52
16 53
16 55
16 56
16 58
16 61
16 62
16 63
16 67
16 69
16 71
16 72
16 73
16 74
16 75
16 77
16 79
16 80
16 81
16 83
16 85
16 87
16 88
16 95
16 96
16 97
16 99
17 18
17 19
17 21
17 22
17 23
17 24
17 28
17 32
17 33
17 34
17 35
17 37
17 40
17 41
17 44
17 46
17 47
17 49
17 55
17 56
17 59
17 60
17 61
17 62
17 65
17 66
17 67
17 69
17 74
17 77
17 81
17 82
17 84
17 85
17 88
17 90
17 91
17 98
17 99
18 23
18 24
18 32
18 33
18 34
18 37
18 38
18 39
18 41
18 42
18 44
18 47
18 51
18 52
18 54
18 57
18 60
18 62
18 63
18 65
18 66
18 67
18 68
18 75
18 77
18 78
18 80
18 82
18 83
18 85
18 87
18 88
18 89
18 90
18 92
18 93
18 96
18 97
18 98
18 99
19 21
19 23
19 30
19 33
19 34
19 41
19 46
19 47
19 50
19 53
19 54
19 55
19 56
19 57
19 58
19 60
19 61
19 62
19 63
19 72
19 74
19 75
19 77
19 81
19 83
19 85
19 86
19 88
19 89
19 90
19 95
19 97
19 99
20 22
20 23
20 25
20 26
20 33
20 35
20 40
20 41
20 45
20 46
20 48
20 49
20 51
20 53
20 54
20 55
20 58
20 62
20 63
20 64
20 66
20 67
20 68
20 69
20 70
20 73
20 74
20 76
20 80
20 81
20 86
20 87
20 89
20 93
20 95
20 97
20 98
21 23
21 29
21 32
21 33
21 35
21 36
21 41
21 44
21 45
21 46
21 47
21 49
21 51
21 53
21 55
21 57
21 58
21 59
21 61
21 63
21 64
21 65
21 67
21 70
21 72
21 73
21 74
21 75
21 78
21 80
21 82
21 85
21 86
21 87
21 90
21 91
21 92
21 93
21 94
21 99
22 26
22 28
22 29
22 30
22 31
22 33
22 35
22 36
22 37
22 40
22 43
22 44
22 46
22 47
22 54
22 55
22 56
22 57
22 58
22 59
22 60
22 61
22 62
22 63
22 66
22 67
22 68
22 70
22 71
22 72
22 73
22 75
22 76
22 77
22 80
22 81
22 83
22 84
22 85
22 90
22 92
22 95
22 98
22 99
23 24
23 26
23 27
23 28
23 31
23 36
23 43
23 46
23 47
23 48
23 50
23 53
23 56
23 57
23 58
23 60
23 61
23 63
23 65
23 67
23 68
23 70
23 71
23 72
23 73
23 76
23 78
23 81
23 82
23 83
23 84
23 85
23 86
23 89
23 92
23 96
23 98
24 29
24 30
24 31
24 32
24 36
24 37
24 40
24 42
24 43
24 45
24 46
24 48
24 50
24 51
24 53
24 54
24 55
24 56
24 57
24 59
24 61
24 63
24 65
24 66
24 68
24 70
24 72
24 74
24 77
24 78
24 79
24 85
24 89
24 91
24 93
24 97
24 98
25 27
25 28
25 33
25 35
25 36
25 37
25 40
25 42
25 43
25 44
25 45
25 46
25 51
25 52
25 55
25 58
25 59
25 60
25 65
25 71
25 72
25 75
25 77
25 82
25 84
25 88
25 90
25 91
25 94
25 95
26 27
26 29
26 30
26 31
26 34
26 35
26 39
26 42
26 43
26 44
26 51
26 52
26 53
26 55
26 58
26 61
26 64
26 65
26 69
26 70
26 75
26 77
26 78
26 83
26 84
26 90
26 91
26 92
26 93
27 29
27 31
27 32
27 33
27 34
27 35
27 36
27 37
27 38
27 40
27 42
27 44
27 45
27 47
27 48
27 49
27 50
27 51
27 57
27 59
27 60
27 63
27 66
27 67
27 69
27 71
27 75
27 77
27 78
27 79
27 82
27 84
27 85
27 86
27 90
27 93
27 94
27 97
27 98
28 30
28 33
28 38
28 41
28 43
28 44
28 47
28 51
28 53
28 54
28 58
28 59
28 60
28 62
28 64
28 65
28 66
28 68
28 70
28 72
28 74
28 76
28 79
28 80
28 82
28 83
28 84
28 85
28 86
28 91
28 92
28 93
28 95
29 30
29 33
29 34
29 37
29 40
29 41
29 42
29 48
29 50
29 51
29 52
29 56
29 60
29 62
29 64
29 65
29 66
29 67
29 68
29 71
29 72
29 73
29 74
29 77
29 78
29 82
29 85
29 88
29 89
29 90
29 94
29 95
29 96
29 99
30 31
30 36
30 37
30 39
30 41
30 42
30 44
30 45
30 52
30 53
30 55
30 58
30 59
30 60
30 61
30 65
30 66
30 68
30 70
30 75
30 76
30 81
30 84
30 85
30 86
30 87
30 88
30 89
30 91
30 93
30 94
30 96
30 97
30 98
30 99
31 33
31 34
31 35
31 37
31 40
31 41
31 42
31 43
31 45
31 47
31 53
31 55
31 56
31 57
31 59
31 60
31 61
31 64
31 65
31 68
31 72
31 73
31 74
31 75
31 77
31 79
31 82
31 86
31 89
31 91
31 93
31 96
31 97
31 98
31 99
32 33
32 34
32 37
32 39
32 40
32 41
32 43
32 44
32 47
32 49
32 50
32 52
32 57
32 58
32 60
32 61
32 62
32 64
32 65
32 66
32 71
32 73
32 79
32 82
32 83
32 86
32 87
32 88
32 90
32 91
32 94
32 95
32 98
32 99
33 36
33 37
33 38
33 42
33 44
33 45
33 48
33 50
33 55
33 56
33 57
33 60
33 62
33 64
33 65
33 66
33 69
33 70
33 71
33 72
33 74
33 76
33 77
33 78
33 80
33 81
33 83
33 90
33 91
33 92
33 93
33 94
33 95
33 96
33 99
34 36
34 37
34 39
34 40
34 41
34 42
34 44
34 47
34 48
34 50
34 52
34 55
34 57
34 60
34 63
34 65
34 66
34 69
34 71
34 76
34 77
34 78
34 79
34 81
34 82
34 85
34 87
34 88
34 94
34 95
34 97
34 98
35 36
35 37
35 39
35 41
35 45
35 46
35 48
35 49
35 51
35 53
35 55
35 56
35 58
35 59
35 61
35 62
35 63
35 65
35 68
35 70
35 71
35 73
35 75
35 77
35 80
35 81
35 83
35 84
35 86
35 88
35 89
35 90
35 91
35 94
35 95
36 37
36 40
36 41
36 43
36 47
36 51
36 52
36 57
36 60
36 61
36 63
36 64
36 65
36 73
36 75
36 76
36 77
36 78
36 82
36 84
36 85
36 86
36 89
36 95
36 96
36 98
37 40
37 41
37 42
37 46
37 47
37 49
37 50
37 52
37 53
37 55
37 59
37 61
37 63
37 64
37 65
37 68
37 72
37 74
37 75
37 76
37 77
37 82
37 84
37 88
37 91
37 94
37 95
37 96
38 40
38 41
38 42
38 44
38 45
38 46
38 50
38 51
38 55
38 56
38 58
38 60
38 64
38 67
38 68
38 72
38 73
38 75
38 76
38 80
38 81
38 85
38 88
38 89
38 92
38 95
38 96
38 98
39 40
39 41
39 42
39 43
39 48
39 49
39 50
39 51
39 55
39 56
39 58
39 60
39 62
39 64
39 65
39 66
39 67
39 68
39 74
39 77
39 79
39 80
39 81
39 86
39 89
39 90
39 92
39 95
39 97
39 99
40 41
40 43
40 46
40 48
40 50
40 55
40 56
40 59
40 66
40 67
40 68
40 69
40 71
40 77
40 78
40 79
40 81
40 82
40 83
40 87
40 90
40 93
40 94
40 95
40 99
41 42
41 44
41 45
41 47
41 48
41 49
41 53
41 54
41 55
41 61
41 65
41 68
41 71
41 72
41 73
41 74
41 75
41 76
41 77
41 78
41 79
41 80
41 84
41 92
41 97
41 99
42 43
42 54
42 58
42 60
42 61
42 62
42 67
42 68
42 70
42 71
42 72
42 77
42 79
42 80
42 82
42 87
42 88
42 90
42 91
42 93
42 96
42 98
43 44
43 47
43 49
43 50
43 53
43 54
43 57
43 59
43 60
43 62
43 66
43 67
43 68
43 69
43 71
43 73
43 74
43 77
43 79
43 80
43 81
43 83
43 89
43 92
43 98
44 47
44 48
44 50
44 53
44 56
44 57
44 59
44 62
44 65
44 66
44 70
44 74
44 79
44 84
44 87
44 89
44 90
44 93
44 94
44 96
44 97
44 98
45 46
45 47
45 49
45 53
45 54
45 55
45 56
45 59
45 61
45 63
45 65
45 69
45 71
45 73
45 76
45 78
45 79
45 80
45 82
45 85
45 89
45 90
45 91
45 92
45 93
45 94
45 95
45 96
45 97
46 47
46 51
46 55
46 56
46 57
46 58
46 62
46 64
46 65
46 69
46 70
46 74
46 76
46 77
46 79
46 82
46 84
46 87
46 88
46 91
46 92
46 93
46 95
46 96
46 97
46 98
46 99
47 52
47 55
47 57
47 58
47 61
47 62
47 66
47 71
47 74
47 77
47 81
47 83
47 85
47 87
47 90
47 91
47 92
47 93
47 94
47 97
48 49
48 53
48 61
48 63
48 65
48 67
48 68
48 69
48 71
48 75
48 82
48 84
48 86
48 88
48 90
48 91
48 95
48 98
49 51
49 54
49 56
49 57
49 59
49 60
49 61
49 63
49 64
49 65
49 67
49 69
49 72
49 73
49 74
49 75
49 76
49 77
49 78
49 81
49 82
49 83
49 85
49 87
49 88
49 89
49 90
49 93
49 94
49 95
49 96
49 98
50 52
50 54
50 55
50 56
50 57
50 58
50 62
50 68
50 69
50 70
50 71
50 73
50 74
50 77
50 78
50 81
50 84
50 85
50 86
50 87
50 89
50 90
50 91
50 96
50 98
50 99
51 52
51 54
51 58
51 59
51 61
51 62
51 63
51 65
51 67
51 75
51 77
51 78
51 80
51 83
51 84
51 85
51 86
51 88
51 89
51 91
51 93
51 94
52 53
52 55
52 57
52 58
52 61
52 63
52 65
52 66
52 68
52 69
52 70
52 72
52 73
52 77
52 80
52 84
52 85
52 88
52 90
52 91
52 93
52 97
52 99
53 54
53 55
53 59
53 60
53 62
53 64
53 67
53 68
53 69
53 70
53 73
53 76
53 78
53 79
53 80
53 81
53 82
53 86
53 87
53 88
53 89
53 93
53 95
53 96
53 97
53 98
54 55
54 57
54 58
54 60
54 64
54 66
54 69
54 72
54 73
54 74
54 76
54 78
54 79
54 80
54 82
54 83
54 85
54 86
54 88
54 89
54 90
54 91
54 92
54 93
54 95
54 97
54 99
55 56
55 59
55 60
55 61
55 62
55 63
55 64
55 67
55 69
55 71
55 72
55 73
55 74
55 76
55 78
55 83
55 85
55 89
55 91
55 92
55 95
55 97
55 98
55 99
56 58
56 59
56 60
56 61
56 62
56 63
56 64
56 65
56 66
56 67
56 72
56 73
56 76
56 79
56 80
56 81
56 84
56 85
56 86
56 89
56 91
56 94
56 95
56 96
56 97
57 63
57 65
57 70
57 71
57 76
57 81
57 82
57 83
57 86
57 87
57 89
57 90
57 91
57 93
57 94
57 95
57 96
57 98
57 99
58 59
58 64
58 65
58 66
58 67
58 70
58 71
58 72
58 75
58 76
58 78
58 81
58 82
58 83
58 85
58 86
58 87
58 88
58 89
58 91
58 92
58 98
59 64
59 65
59 68
59 69
59 70
59 73
59 74
59 75
59 77
59 89
59 91
59 93
59 99
60 61
60 63
60 64
60 71
60 72
60 73
60 74
60 77
60 78
60 80
60 81
60 83
60 87
60 88
60 89
60 92
60 97
61 63
61 68
61 69
61 70
61 71
61 72
61 74
61 75
61 76
61 78
61 79
61 80
61 81
61 82
61 83
61 84
61 85
61 87
61 88
61 89
61 91
61 92
61 93
61 94
61 96
61 99
62 63
62 65
62 68
62 69
62 70
62 73
62 75
62 77
62 78
62 83
62 85
62 89
62 90
62 93
62 94
62 95
62 96
62 97
62 98
63 64
63 66
63 67
63 69
63 70
63 72
63 77
63 79
63 81
63 83
63 84
63 85
63 86
63 88
63 92
63 94
63 95
63 96
63 99
64 65
64 67
64 69
64 70
64 75
64 76
64 77
64 79
64 80
64 82
64 86
64 88
64 89
64 90
64 92
64 93
64 97
64 98
65 70
65 71
65 73
65 75
65 76
65 77
65 80
65 81
65 82
65 83
65 86
65 88
65 89
65 91
65 96
65 98
66 67
66 69
66 70
66 73
66 81
66 85
66 86
66 89
66 90
66 93
66 94
66 96
66 97
66 98
67 70
67 71
67 72
67 73
67 75
67 77
67 80
67 81
67 84
67 85
67 86
67 87
67 90
67 92
67 95
67 97
68 70
68 71
68 74
68 75
68 81
68 82
68 87
68 89
68 90
68 91
68 93
68 95
68 97
68 99
69 70
69 71
69 72
69 74
69 76
69 77
69 80
69 82
69 84
69 85
69 88
69 89
69 90
69 91
69 94
69 95
69 96
69 97
69 98
69 99
70 71
70 72
70 74
70 75
70 76
70 79
70 80
70 81
70 84
70 85
70 88
70 89
70 98
71 73
71 78
71 79
71 81
71 83
71 86
71 87
71 88
71 89
71 90
71 93
71 94
71 95
71 99
72 73
72 75
72 80
72 82
72 86
72 87
72 93
72 95
72 99
73 76
73 78
73 79
73 80
73 87
73 91
73 94
73 95
73 96
73 97
73 98
74 78
74 80
74 81
74 83
74 85
74 86
74 88
74 93
74 94
74 97
74 99
75 78
75 79
75 80
75 81
75 83
75 84
75 85
75 87
75 90
75 91
75 92
75 93
75 94
75 95
75 97
75 98
76 77
76 78
76 81
76 83
76 86
76 87
76 88
76 90
76 92
76 94
76 97
76 99
77 79
77 80
77 81
77 83
77 88
77 89
77 90
77 91
77 94
77 96
77 97
77 98
78 82
78 84
78 85
78 86
78 87
78 88
78 91
78 94
78 96
78 97
79 80
79 81
79 82
79 83
79 84
79 85
79 89
79 90
79 93
79 94
79 95
79 96
79 98
79 99
80 81
80 82
80 84
80 85
80 88
80 89
80 90
80 94
80 95
81 83
81 85
81 86
81 89
81 91
81 94
81 97
81 99
82 83
82 85
82 86
82 89
82 90
82 92
82 93
82 94
82 95
82 96
82 97
82 98
82 99
83 84
83 85
83 86
83 89
83 90
83 92
83 93
83 94
84 85
84 86
84 87
84 89
84 92
84 95
84 96
84 97
84 98
85 86
85 87
85 88
85 90
85 94
85 95
85 97
85 99
86 90
86 91
86 95
86 96
86 97
86 98
86 99
87 88
87 91
87 93
87 96
87 98
88 92
89 92
89 94
89 98
89 99
90 91
90 93
90 95
90 98
91 92
91 94
91 97
91 99
92 93
92 94
92 95
92 96
93 96
93 97
93 98
94 95
94 96
94 98
95 97
96 97
96 99
