0 1
0 6
0 8
0 9
0 11
0 13
0 14
0 15
0 17
0 18
0 22
0 23
0 25
0 26
0 29
0 32
0 34
0 37
0 40
0 42
0 43
0 45
0 47
0 48
0 49
0 51
0 55
0 58
0 59
0 60
0 63
0 64
0 65
0 66
0 68
0 69
0 70
0 72
0 74
0 75
0 76
0 79
0 80
0 82
0 83
0 86
0 87
0 90
0 91
0 92
0 93
0 95
0 97
1 2
1 3
1 6
1 9
1 10
1 13
1 14
1 16
1 17
1 23
1 27
1 28
1 29
1 30
1 33
1 35
1 39
1 42
1 43
1 46
1 47
1 48
1 49
1 50
1 54
1 55
1 57
1 58
1 59
1 60
1 61
1 62
1 64
1 68
1 70
1 71
1 72
1 73
1 74
1 75
1 77
1 80
1 81
1 85
1 86
1 87
1 89
1 94
1 95
1 97
2 8
2 10
2 11
2 13
2 14
2 16
2 19
2 20
2 21
2 25
2 27
2 29
2 30
2 31
2 37
2 38
2 40
2 42
2 43
2 47
2 48
2 49
2 51
2 58
2 64
2 65
2 66
2 67
2 69
2 70
2 71
2 75
2 76
2 78
2 82
2 85
2 86
2 88
2 89
2 90
2 91
2 92
2 93
2 94
2 95
2 96
2 98
3 4
3 6
3 7
3 12
3 13
3 16
3 17
3 20
3 22
3 24
3 27
3 28
3 30
3 31
3 36
3 37
3 38
3 39
3 40
3 44
3 45
3 46
3 47
3 48
3 49
3 52
3 53
3 55
3 56
3 58
3 59
3 60
3 62
3 64
3 65
3 66
3 67
3 69
3 70
3 72
3 73
3 78
3 83
3 84
3 86
3 88
3 91
3 94
3 97
4 5
4 6
4 8
4 10
4 11
4 13
4 15
4 16
4 17
4 18
4 20
4 21
4 22
4 27
4 28
4 29
4 30
4 34
4 35
4 38
4 39
4 46
4 47
4 48
4 51
4 52
4 57
4 58
4 59
4 60
4 61
4 63
4 67
4 69
4 70
4 73
4 78
4 80
4 82
4 84
4 85
4 87
4 88
4 89
4 92
4 93
4 94
4 95
4 96
4 98
4 99
5 6
5 9
5 11
5 12
5 13
5 15
5 16
5 19
5 21
5 22
5 24
5 25
5 27
5 30
5 33
5 35
5 36
5 37
5 38
5 39
5 41
5 43
5 46
5 51
5 52
5 56
5 59
5 61
5 63
5 65
5 66
5 67
5 72
5 74
5 79
5 81
5 84
5 88
5 89
5 94
5 96
6 8
6 10
6 11
6 12
6 13
6 17
6 20
6 21
6 22
6 23
6 24
6 26
6 27
6 28
6 30
6 31
6 36
6 38
6 40
6 41
6 44
6 46
6 47
6 48
6 50
6 51
6 53
6 54
6 55
6 56
6 59
6 61
6 62
6 63
6 70
6 71
6 72
6 74
6 75
6 77
6 78
6 79
6 80
6 81
6 82
6 86
6 87
6 94
6 95
6 99
7 8
7 13
7 14
7 19
7 20
7 21
7 22
7 25
7 26
7 27
7 30
7 35
7 39
7 40
7 41
7 42
7 44
7 45
7 47
7 48
7 50
7 57
7 59
7 63
7 64
7 65
7 68
7 69
7 71
7 72
7 73
7 75
7 76
7 78
7 79
7 80
7 85
7 87
7 88
7 89
7 91
7 95
7 98
7 99
8 9
8 10
8 12
8 13
8 16
8 19
8 20
8 21
8 23
8 24
8 30
8 33
8 40
8 42
8 44
8 45
8 46
8 47
8 49
8 50
8 53
8 54
8 57
8 58
8 59
8 60
8 66
8 67
8 68
8 71
8 72
8 73
8 75
8 78
8 80
8 81
8 82
8 86
8 88
8 91
8 93
8 96
8 99
9 11
9 12
9 14
9 15
9 18
9 22
9 23
9 26
9 28
9 29
9 31
9 32
9 38
9 39
9 40
9 44
9 46
9 55
9 56
9 57
9 60
9 62
9 63
9 66
9 68
9 70
9 71
9 72
9 75
9 76
9 77
9 80
9 84
9 88
9 89
9 92
9 93
9 94
9 96
9 97
9 98
9 99
10 12
10 15
10 16
10 17
10 18
10 20
10 21
10 22
10 25
10 26
10 28
10 29
10 30
10 34
10 40
10 41
10 42
10 43
10 49
10 50
10 51
10 52
10 53
10 54
10 55
10 56
10 59
10 61
10 62
10 64
10 65
10 66
10 69
10 73
10 75
10 76
10 81
10 82
10 87
10 88
10 89
10 90
10 91
10 94
10 97
11 12
11 15
11 18
11 19
11 23
11 24
11 27
11 30
11 33
11 40
11 41
11 42
11 46
11 47
11 48
11 51
11 52
11 54
11 56
11 57
11 58
11 60
11 62
11 65
11 69
11 72
11 73
11 74
11 80
11 81
11 86
11 89
11 90
11 93
11 96
11 98
11 99
12 14
12 16
12 17
12 19
12 22
12 23
12 25
12 32
12 33
12 35
12 37
12 41
12 42
12 44
12 47
12 48
12 52
12 54
12 55
12 56
12 57
12 62
12 63
12 70
12 71
12 72
12 73
12 74
12 79
12 80
12 83
12 87
12 90
12 91
12 93
12 94
12 95
12 98
12 99
13 16
13 17
13 22
13 23
13 24
13 25
13 26
13 29
13 32
13 33
13 34
13 35
13 36
13 39
13 40
13 41
13 43
13 46
13 53
13 58
13 60
13 61
13 62
13 63
13 65
13 66
13 68
13 71
13 73
13 78
13 83
13 86
13 87
13 90
13 94
13 95
13 98
14 15
14 17
14 18
14 19
14 20
14 21
14 22
14 28
14 29
14 31
14 32
14 35
14 37
14 38
14 39
14 41
14 42
14 43
14 47
14 51
14 52
14 58
14 59
14 61
14 62
14 63
14 65
14 67
14 70
14 76
14 78
14 79
14 86
14 88
14 89
14 90
14 91
14 97
15 16
15 17
15 18
15 19
15 20
15 21
15 23
15 25
15 27
15 28
15 29
15 32
15 33
15 34
15 35
15 37
15 40
15 43
15 44
15 47
15 51
15 53
15 57
15 58
15 59
15 63
15 64
15 66
15 67
15 68
15 71
15 73
15 74
15 75
15 76
15 77
15 82
15 83
15 88
15 91
15 94
15 95
15 98
16 17
16 19
16 23
16 24
16 29
16 30
16 34
16 35
16 39
16 40
16 43
16 44
16 52
16 53
16 55
16 57
16 58
16 60
16 63
16 67
16 68
16 72
16 75
16 76
16 78
16 83
16 85
16 86
16 88
16 90
16 91
16 93
16 94
16 95
16 96
17 18
17 22
17 23
17 25
17 26
17 27
17 28
17 29
17 33
17 34
17 36
17 37
17 41
17 42
17 47
17 49
17 54
17 55
17 56
17 58
17 61
17 62
17 63
17 65
17 70
17 75
17 77
17 79
17 80
17 81
17 82
17 83
17 84
17 86
17 89
17 90
17 94
17 99
18 21
18 22
18 23
18 24
18 25
18 28
18 29
18 31
18 32
18 34
18 35
18 37
18 38
18 39
18 43
18 46
18 47
18 50
18 51
18 52
18 53
18 59
18 60
18 62
18 63
18 64
18 67
18 68
18 71
18 72
18 73
18 74
18 75
18 77
18 78
18 79
18 80
18 81
18 82
18 85
18 88
18 90
18 92
18 94
18 95
19 20
19 21
19 22
19 23
19 24
19 26
19 28
19 29
19 32
19 35
19 36
19 37
19 39
19 40
19 41
19 42
19 43
19 45
19 46
19 47
19 51
19 52
19 53
19 56
19 57
19 60
19 61
19 63
19 64
19 66
19 68
19 69
19 70
19 74
19 76
19 78
19 79
19 80
19 82
19 85
19 86
19 92
19 94
19 95
19 97
19 98
19 99
20 21
20 22
20 23
20 24
20 27
20 28
20 29
20 32
20 35
20 36
20 37
20 38
20 39
20 41
20 42
20 44
20 45
20 46
20 48
20 49
20 50
20 51
20 52
20 53
20 55
20 56
20 58
20 59
20 60
20 63
20 64
20 65
20 66
20 67
20 70
20 72
20 73
20 76
20 79
20 82
20 83
20 84
20 88
20 89
20 93
20 95
20 97
21 22
21 29
21 31
21 32
21 33
21 34
21 35
21 36
21 37
21 39
21 40
21 41
21 42
21 44
21 48
21 50
21 54
21 55
21 57
21 58
21 59
21 61
21 64
21 67
21 69
21 70
21 72
21 76
21 78
21 79
21 80
21 84
21 85
21 89
21 91
21 95
21 96
21 97
21 99
22 23
22 24
22 25
22 27
22 28
22 29
22 31
22 32
22 34
22 36
22 38
22 43
22 47
22 50
22 52
22 54
22 55
22 57
22 58
22 59
22 61
22 63
22 65
22 66
22 67
22 68
22 69
22 71
22 73
22 75
22 76
22 79
22 80
22 81
22 82
22 83
22 84
22 86
22 87
22 88
22 89
22 90
22 91
22 92
22 94
22 97
23 29
23 31
23 32
23 34
23 38
23 41
23 43
23 46
23 47
23 49
23 50
23 51
23 54
23 55
23 56
23 57
23 59
23 61
23 62
23 64
23 67
23 68
23 69
23 70
23 71
23 74
23 75
23 77
23 78
23 79
23 80
23 83
23 84
23 86
23 87
23 91
23 92
23 94
23 95
23 98
24 25
24 27
24 28
24 30
24 32
24 34
24 35
24 36
24 38
24 39
24 41
24 42
24 44
24 46
24 48
24 52
24 53
24 54
24 55
24 56
24 57
24 59
24 60
24 61
24 67
24 69
24 73
24 75
24 78
24 81
24 84
24 85
24 86
24 87
24 89
24 90
24 91
24 95
24 96
24 97
24 99
25 26
25 29
25 30
25 31
25 32
25 33
25 34
25 37
25 38
25 39
25 41
25 43
25 46
25 47
25 50
25 53
25 56
25 61
25 62
25 63
25 64
25 66
25 67
25 68
25 71
25 78
25 82
25 84
25 85
25 86
25 88
25 89
25 90
25 92
25 94
25 96
25 98
25 99
26 27
26 28
26 29
26 30
26 31
26 34
26 36
26 38
26 40
26 42
26 43
26 44
26 45
26 46
26 48
26 49
26 52
26 57
26 59
26 60
26 62
26 67
26 69
26 71
26 75
26 76
26 78
26 79
26 82
26 83
26 84
26 86
26 87
26 89
26 90
26 92
26 93
26 94
26 95
27 30
27 33
27 34
27 36
27 37
27 39
27 41
27 47
27 48
27 50
27 51
27 53
27 56
27 57
27 58
27 59
27 61
27 63
27 64
27 66
27 68
27 69
27 72
27 74
27 75
27 81
27 83
27 84
27 86
27 87
27 93
27 95
28 30
28 32
28 36
28 39
28 40
28 43
28 44
28 45
28 46
28 48
28 49
28 51
28 53
28 56
28 57
28 61
28 62
28 67
28 68
28 71
28 72
28 74
28 76
28 78
28 81
28 82
28 83
28 84
28 85
28 87
28 89
28 90
28 91
28 92
28 94
28 95
28 96
28 97
28 98
28 99
29 30
29 31
29 32
29 34
29 35
29 38
29 39
29 40
29 42
29 47
29 48
29 50
29 52
29 53
29 55
29 56
29 57
29 64
29 65
29 66
29 68
29 69
29 70
29 78
29 83
29 84
29 85
29 86
29 90
29 92
29 93
29 97
30 33
30 37
30 43
30 44
30 46
30 47
30 49
30 50
30 52
30 53
30 54
30 55
30 56
30 58
30 59
30 63
30 65
30 66
30 76
30 78
30 79
30 80
30 82
30 85
30 87
30 88
30 89
30 93
30 94
30 95
30 96
30 97
30 98
30 99
31 34
31 35
31 36
31 37
31 39
31 40
31 45
31 46
31 47
31 48
31 50
31 52
31 53
31 54
31 55
31 56
31 57
31 59
31 60
31 62
31 63
31 64
31 68
31 69
31 71
31 72
31 73
31 75
31 76
31 79
31 81
31 83
31 84
31 85
31 88
31 89
31 93
31 96
31 98
32 34
32 35
32 38
32 39
32 41
32 43
32 44
32 45
32 46
32 47
32 48
32 50
32 52
32 53
32 56
32 61
32 62
32 63
32 66
32 67
32 68
32 69
32 70
32 76
32 77
32 79
32 82
32 85
32 87
32 91
32 92
32 94
32 95
33 34
33 36
33 39
33 41
33 42
33 43
33 45
33 46
33 48
33 52
33 53
33 59
33 60
33 61
33 62
33 66
33 67
33 68
33 69
33 71
33 73
33 74
33 75
33 77
33 78
33 79
33 80
33 82
33 86
33 87
33 91
33 92
33 93
33 94
33 96
33 99
34 35
34 36
34 37
34 38
34 39
34 40
34 41
34 44
34 47
34 50
34 51
34 56
34 57
34 58
34 60
34 61
34 63
34 65
34 67
34 68
34 71
34 73
34 74
34 75
34 76
34 77
34 79
34 82
34 85
34 86
34 88
34 89
34 93
34 95
34 96
34 98
34 99
35 36
35 37
35 38
35 39
35 40
35 41
35 43
35 45
35 48
35 49
35 51
35 52
35 54
35 56
35 57
35 58
35 62
35 63
35 64
35 65
35 66
35 67
35 68
35 69
35 70
35 71
35 72
35 73
35 77
35 78
35 79
35 80
35 82
35 84
35 87
35 89
35 93
35 95
35 96
35 97
35 98
35 99
36 37
36 38
36 40
36 41
36 42
36 46
36 47
36 48
36 50
36 51
36 53
36 55
36 57
36 59
36 60
36 61
36 62
36 63
36 65
36 66
36 69
36 71
36 75
36 76
36 79
36 80
36 81
36 84
36 85
36 86
36 92
36 93
36 94
36 95
36 97
36 99
37 40
37 42
37 44
37 48
37 49
37 50
37 51
37 54
37 56
37 58
37 60
37 63
37 66
37 67
37 70
37 72
37 74
37 75
37 78
37 79
37 80
37 83
37 84
37 86
37 89
37 90
37 93
37 94
37 96
37 97
37 99
38 40
38 44
38 45
38 46
38 47
38 48
38 49
38 51
38 53
38 54
38 55
38 56
38 58
38 59
38 60
38 62
38 70
38 71
38 72
38 73
38 74
38 76
38 78
38 80
38 81
38 85
38 86
38 92
38 93
38 94
38 95
39 42
39 44
39 46
39 48
39 50
39 51
39 52
39 54
39 56
39 58
39 62
39 63
39 64
39 66
39 67
39 68
39 69
39 72
39 75
39 81
39 83
39 84
39 86
39 87
39 88
39 89
39 90
39 93
39 94
39 97
39 98
39 99
40 42
40 43
40 44
40 47
40 48
40 49
40 50
40 53
40 56
40 57
40 59
40 60
40 61
40 63
40 64
40 65
40 66
40 68
40 71
40 72
40 73
40 74
40 75
40 76
40 77
40 79
40 80
40 83
40 84
40 85
40 86
40 87
40 89
40 90
40 91
40 93
40 94
40 98
40 99
41 42
41 49
41 50
41 51
41 53
41 58
41 60
41 62
41 69
41 74
41 77
41 78
41 79
41 80
41 82
41 86
41 89
41 90
41 91
41 92
41 93
41 98
41 99
42 43
42 44
42 45
42 46
42 47
42 51
42 52
42 53
42 59
42 62
42 64
42 65
42 67
42 68
42 69
42 70
42 71
42 73
42 74
42 80
42 83
42 86
42 89
42 90
42 92
42 93
42 96
42 99
43 44
43 48
43 49
43 50
43 51
43 52
43 53
43 56
43 57
43 58
43 59
43 60
43 62
43 64
43 67
43 69
43 71
43 74
43 75
43 76
43 77
43 78
43 79
43 80
43 81
43 85
43 87
43 88
43 89
43 92
43 94
43 96
43 97
43 99
44 45
44 46
44 47
44 48
44 50
44 51
44 53
44 59
44 61
44 62
44 63
44 65
44 66
44 69
44 73
44 76
44 77
44 79
44 81
44 82
44 85
44 86
44 87
44 91
44 92
44 96
45 46
45 47
45 48
45 49
45 50
45 51
45 52
45 58
45 60
45 61
45 63
45 65
45 68
45 69
45 73
45 74
45 76
45 77
45 78
45 79
45 80
45 81
45 84
45 86
45 87
45 88
45 89
45 90
45 91
45 94
45 96
45 99
46 47
46 48
46 51
46 52
46 55
46 57
46 58
46 59
46 62
46 64
46 65
46 66
46 68
46 69
46 70
46 71
46 72
46 77
46 80
46 84
46 85
46 89
46 90
46 91
46 92
46 93
46 94
46 95
46 98
46 99
47 50
47 51
47 52
47 54
47 55
47 56
47 58
47 60
47 65
47 66
47 67
47 69
47 72
47 74
47 77
47 82
47 84
47 86
47 89
47 92
47 93
47 98
47 99
48 51
48 53
48 55
48 56
48 58
48 59
48 60
48 64
48 66
48 70
48 73
48 74
48 80
48 81
48 82
48 84
48 85
48 86
48 88
48 89
48 91
48 92
48 94
48 95
48 98
49 50
49 53
49 54
49 55
49 56
49 57
49 59
49 60
49 63
49 64
49 66
49 67
49 68
49 69
49 71
49 73
49 78
49 80
49 81
49 82
49 86
49 87
49 89
49 91
49 96
49 99
50 51
50 52
50 57
50 59
50 63
50 67
50 69
50 70
50 71
50 72
50 76
50 79
50 81
50 82
50 85
50 86
50 88
50 89
50 91
50 92
50 93
50 95
50 96
50 99
51 53
51 54
51 58
51 59
51 62
51 63
51 64
51 70
51 71
51 72
51 73
51 76
51 80
51 81
51 85
51 86
51 88
51 89
51 90
51 92
51 95
51 96
51 97
52 53
52 55
52 56
52 59
52 60
52 66
52 75
52 77
52 79
52 82
52 83
52 85
52 86
52 87
52 88
52 89
52 91
52 92
52 93
52 94
52 95
52 96
52 97
52 99
53 54
53 55
53 58
53 59
53 62
53 64
53 67
53 68
53 71
53 73
53 74
53 75
53 77
53 80
53 83
53 90
53 92
53 93
53 96
53 97
53 98
54 56
54 57
54 59
54 61
54 62
54 63
54 64
54 67
54 68
54 69
54 72
54 73
54 74
54 75
54 76
54 77
54 78
54 79
54 84
54 85
54 86
54 91
54 92
54 93
54 98
54 99
55 58
55 59
55 60
55 61
55 64
55 65
55 67
55 68
55 69
55 70
55 72
55 73
55 79
55 80
55 81
55 82
55 85
55 86
55 87
55 89
55 92
55 94
55 95
55 97
55 99
56 57
56 61
56 63
56 64
56 65
56 68
56 70
56 71
56 73
56 74
56 75
56 76
56 78
56 79
56 83
56 84
56 87
56 90
56 91
56 92
56 96
57 61
57 66
57 68
57 70
57 73
57 78
57 82
57 83
57 85
57 87
57 88
57 89
57 92
57 96
57 97
58 59
58 60
58 61
58 62
58 64
58 65
58 66
58 69
58 70
58 71
58 72
58 75
58 76
58 77
58 79
58 83
58 86
58 88
58 92
58 93
58 94
58 98
58 99
59 60
59 61
59 65
59 66
59 68
59 72
59 75
59 76
59 77
59 78
59 80
59 82
59 84
59 85
59 93
59 95
59 96
60 66
60 67
60 69
60 70
60 72
60 75
60 76
60 77
60 80
60 82
60 84
60 85
60 86
60 94
60 96
60 97
60 99
61 65
61 66
61 67
61 69
61 71
61 74
61 75
61 77
61 78
61 79
61 80
61 82
61 84
61 86
61 90
61 94
61 96
61 97
61 98
61 99
62 64
62 65
62 69
62 70
62 71
62 72
62 73
62 76
62 78
62 80
62 81
62 82
62 83
62 85
62 86
62 88
62 89
62 92
62 93
62 94
62 97
62 98
62 99
63 65
63 66
63 67
63 68
63 71
63 74
63 76
63 77
63 79
63 82
63 83
63 85
63 86
63 91
63 93
63 94
63 95
63 96
63 98
64 66
64 69
64 71
64 76
64 78
64 83
64 86
64 88
64 89
64 91
64 92
64 93
64 94
64 97
64 99
65 66
65 67
65 69
65 71
65 72
65 74
65 75
65 76
65 78
65 80
65 81
65 83
65 84
65 87
65 88
65 89
65 93
65 95
65 96
65 97
66 67
66 68
66 69
66 70
66 72
66 73
66 74
66 79
66 80
66 81
66 84
66 87
66 88
66 89
66 91
66 92
66 93
66 99
67 70
67 73
67 74
67 75
67 78
67 79
67 81
67 82
67 83
67 84
67 85
67 86
67 87
67 88
67 89
67 92
67 98
67 99
68 69
68 72
68 77
68 78
68 80
68 81
68 82
68 83
68 86
68 87
68 88
68 89
68 90
68 93
68 94
68 95
69 71
69 73
69 74
69 75
69 78
69 80
69 81
69 83
69 86
69 88
69 89
69 99
70 71
70 73
70 79
70 80
70 83
70 87
70 90
70 91
70 96
70 97
70 98
71 73
71 76
71 84
71 87
71 88
71 95
71 97
71 98
71 99
72 75
72 76
72 77
72 82
72 83
72 87
72 88
72 90
72 91
72 93
72 97
72 98
72 99
73 76
73 82
73 86
73 89
73 92
73 95
73 97
73 98
74 75
74 77
74 78
74 79
74 80
74 81
74 89
74 90
74 91
74 92
74 94
74 96
74 99
75 76
75 80
75 81
75 84
75 86
75 88
75 91
75 93
75 95
75 97
75 98
75 99
76 79
76 82
76 86
76 88
76 89
76 92
76 93
76 97
76 98
77 80
77 81
77 84
77 90
77 93
77 95
77 96
78 84
78 85
78 86
78 87
78 88
78 89
78 90
78 91
78 92
78 94
78 95
78 99
79 80
79 81
79 84
79 86
79 88
79 89
79 92
79 94
79 95
79 96
79 99
80 81
80 82
80 83
80 84
80 88
80 90
80 91
80 92
80 95
80 97
80 98
80 99
81 82
81 84
81 85
81 86
81 87
81 88
81 90
81 94
81 95
81 98
81 99
82 84
82 85
82 88
82 89
82 91
82 93
82 96
82 97
82 98
82 99
83 84
83 85
83 86
83 87
83 88
83 89
83 90
83 91
83 92
83 93
83 94
83 95
83 96
83 97
84 85
84 88
84 90
84 91
84 92
84 93
84 94
84 95
84 99
85 87
85 88
85 89
85 90
85 94
85 95
85 96
85 98
85 99
86 87
86 88
86 89
86 90
86 93
86 95
86 96
86 97
86 99
87 88
87 90
87 91
87 92
87 95
87 98
88 89
88 93
88 96
88 97
88 98
88 99
89 90
89 94
89 95
89 96
89 97
90 93
90 96
91 99
92 94
92 96
93 94
93 96
93 98
93 99
94 97
95 98
96 97
96 98
97 98
97 99
