0 4
0 6
0 8
0 10
0 13
0 16
0 17
0 18
0 21
0 24
0 26
0 28
0 29
0 31
0 35
0 36
0 38
0 42
0 45
0 47
0 50
0 51
0 54
0 56
0 59
0 60
0 62
0 64
0 65
0 68
0 70
0 71
0 73
0 74
0 75
0 83
0 84
0 85
0 86
0 89
0 93
0 96
0 97
0 98
1 3
1 4
1 7
1 8
1 9
1 10
1 11
1 13
1 16
1 17
1 19
1 20
1 21
1 25
1 27
1 28
1 29
1 30
1 31
1 32
1 34
1 37
1 39
1 41
1 42
1 46
1 47
1 48
1 49
1 50
1 54
1 57
1 58
1 59
1 60
1 63
1 64
1 65
1 66
1 67
1 68
1 74
1 76
1 77
1 79
1 83
1 84
1 86
1 88
1 89
1 94
1 98
1 99
2 4
2 5
2 6
2 11
2 12
2 14
2 15
2 17
2 18
2 19
2 20
2 22
2 23
2 27
2 29
2 31
2 32
2 34
2 36
2 37
2 38
2 39
2 40
2 43
2 44
2 47
2 50
2 57
2 58
2 62
2 67
2 70
2 75
2 76
2 77
2 78
2 79
2 80
2 81
2 88
2 89
2 90
2 92
2 94
2 97
3 5
3 9
3 10
3 11
3 13
3 18
3 20
3 22
3 24
3 27
3 30
3 31
3 32
3 33
3 36
3 37
3 39
3 42
3 43
3 44
3 45
3 46
3 48
3 49
3 51
3 52
3 53
3 55
3 56
3 57
3 60
3 61
3 62
3 68
3 69
3 71
3 74
3 78
3 79
3 81
3 82
3 84
3 86
3 87
3 88
3 90
3 91
3 92
3 93
3 94
3 95
3 97
3 98
3 99
4 5
4 6
4 7
4 8
4 9
4 12
4 16
4 17
4 19
4 21
4 24
4 26
4 28
4 31
4 33
4 37
4 39
4 44
4 45
4 47
4 48
4 50
4 53
4 56
4 60
4 61
4 62
4 63
4 68
4 69
4 70
4 72
4 73
4 74
4 79
4 83
4 86
4 87
4 88
4 89
4 92
4 93
4 98
5 6
5 7
5 9
5 11
5 12
5 16
5 17
5 18
5 25
5 27
5 28
5 30
5 33
5 34
5 37
5 38
5 42
5 43
5 45
5 49
5 50
5 51
5 53
5 54
5 58
5 59
5 60
5 62
5 68
5 74
5 76
5 79
5 81
5 84
5 85
5 86
5 87
5 90
5 91
5 94
5 95
5 96
5 98
5 99
6 8
6 11
6 12
6 14
6 15
6 17
6 18
6 19
6 20
6 21
6 22
6 23
6 26
6 28
6 31
6 33
6 36
6 37
6 46
6 47
6 48
6 53
6 55
6 56
6 57
6 58
6 61
6 64
6 65
6 67
6 69
6 70
6 75
6 76
6 77
6 79
6 80
6 83
6 86
6 88
6 91
6 92
6 93
6 94
6 95
6 97
6 98
6 99
7 8
7 10
7 15
7 18
7 20
7 21
7 23
7 27
7 28
7 31
7 35
7 36
7 38
7 39
7 43
7 44
7 45
7 46
7 49
7 51
7 55
7 56
7 57
7 58
7 61
7 63
7 65
7 66
7 67
7 68
7 70
7 71
7 73
7 74
7 75
7 76
7 79
7 81
7 82
7 85
7 86
7 87
7 91
7 92
7 94
7 95
7 96
7 99
8 9
8 14
8 16
8 18
8 19
8 20
8 22
8 24
8 25
8 27
8 33
8 34
8 35
8 37
8 38
8 42
8 43
8 45
8 48
8 49
8 50
8 51
8 53
8 54
8 55
8 56
8 59
8 61
8 62
8 65
8 67
8 68
8 71
8 72
8 73
8 74
8 75
8 77
8 79
8 80
8 81
8 82
8 84
8 90
8 91
8 92
8 93
8 94
8 96
8 97
8 99
9 12
9 13
9 16
9 17
9 18
9 21
9 27
9 29
9 34
9 36
9 42
9 46
9 47
9 48
9 50
9 51
9 56
9 62
9 64
9 65
9 66
9 67
9 68
9 70
9 75
9 76
9 79
9 80
9 81
9 85
9 86
9 87
9 88
9 89
9 93
9 95
9 97
9 98
10 11
10 15
10 16
10 18
10 19
10 20
10 23
10 24
10 26
10 28
10 29
10 30
10 31
10 32
10 33
10 37
10 38
10 44
10 45
10 48
10 49
10 51
10 52
10 56
10 58
10 59
10 60
10 63
10 65
10 71
10 72
10 73
10 74
10 75
10 76
10 77
10 79
10 80
10 81
10 82
10 83
10 86
10 89
10 91
10 92
10 93
10 94
10 95
10 97
10 98
10 99
11 13
11 17
11 18
11 19
11 26
11 30
11 31
11 32
11 34
11 35
11 36
11 39
11 41
11 43
11 44
11 46
11 47
11 48
11 50
11 51
11 53
11 56
11 57
11 60
11 61
11 63
11 64
11 66
11 67
11 70
11 71
11 77
11 78
11 79
11 81
11 82
11 85
11 86
11 87
11 89
11 90
11 91
11 93
11 96
11 98
12 13
12 14
12 15
12 19
12 21
12 23
12 26
12 30
12 37
12 39
12 41
12 46
12 47
12 48
12 49
12 52
12 53
12 55
12 56
12 60
12 61
12 62
12 63
12 65
12 66
12 67
12 70
12 72
12 74
12 75
12 76
12 82
12 83
12 87
12 88
12 90
12 94
12 96
12 98
13 14
13 16
13 19
13 20
13 21
13 23
13 25
13 26
13 27
13 29
13 31
13 32
13 33
13 34
13 36
13 37
13 38
13 39
13 42
13 43
13 44
13 49
13 50
13 51
13 52
13 53
13 54
13 55
13 56
13 57
13 58
13 60
13 62
13 63
13 66
13 68
13 72
13 75
13 76
13 78
13 84
13 87
13 89
13 90
13 94
13 95
13 97
14 15
14 16
14 20
14 22
14 23
14 24
14 25
14 26
14 27
14 28
14 29
14 31
14 33
14 34
14 36
14 37
14 43
14 44
14 48
14 49
14 52
14 56
14 58
14 59
14 62
14 64
14 65
14 67
14 68
14 71
14 72
14 73
14 74
14 78
14 83
14 86
14 87
14 89
14 90
14 91
14 92
14 94
14 95
14 97
14 98
15 16
15 20
15 22
15 23
15 24
15 26
15 27
15 28
15 29
15 30
15 31
15 36
15 39
15 40
15 41
15 43
15 44
15 45
15 47
15 49
15 51
15 56
15 60
15 62
15 63
15 64
15 65
15 66
15 67
15 70
15 71
15 74
15 82
15 83
15 87
15 88
15 92
15 93
15 94
15 96
15 97
16 18
16 23
16 24
16 30
16 31
16 33
16 36
16 37
16 39
16 40
16 41
16 43
16 44
16 47
16 49
16 50
16 51
16 52
16 53
16 54
16 55
16 57
16 59
16 62
16 63
16 65
16 69
16 73
16 75
16 77
16 81
16 82
16 83
16 88
16 91
16 92
16 98
17 18
17 24
17 25
17 26
17 27
17 28
17 29
17 33
17 34
17 36
17 37
17 40
17 41
17 43
17 45
17 48
17 50
17 55
17 56
17 59
17 62
17 63
17 64
17 65
17 67
17 68
17 72
17 73
17 74
17 78
17 79
17 80
17 84
17 86
17 92
17 95
17 98
18 20
18 21
18 23
18 24
18 26
18 27
18 28
18 29
18 33
18 35
18 36
18 37
18 40
18 41
18 44
18 46
18 47
18 48
18 52
18 56
18 65
18 66
18 69
18 70
18 71
18 72
18 73
18 81
18 84
18 85
18 88
18 89
18 90
18 92
18 95
18 97
18 98
18 99
19 20
19 21
19 23
19 24
19 27
19 29
19 31
19 32
19 36
19 40
19 41
19 44
19 50
19 51
19 52
19 53
19 54
19 55
19 56
19 58
19 59
19 61
19 65
19 69
19 70
19 72
19 73
19 74
19 75
19 78
19 80
19 82
19 83
19 85
19 86
19 93
19 95
19 96
19 98
19 99
20 22
20 24
20 28
20 31
20 32
20 33
20 34
20 35
20 36
20 37
20 41
20 43
20 48
20 49
20 50
20 54
20 57
20 58
20 60
20 62
20 63
20 65
20 66
20 67
20 69
20 70
20 73
20 75
20 79
20 82
20 83
20 84
20 85
20 86
20 88
20 90
20 91
20 92
20 95
20 96
20 99
21 24
21 25
21 26
21 27
21 31
21 33
21 36
21 38
21 39
21 40
21 41
21 42
21 45
21 48
21 50
21 57
21 59
21 60
21 61
21 62
21 63
21 64
21 70
21 71
21 72
21 73
21 74
21 75
21 77
21 78
21 79
21 82
21 89
21 92
21 94
21 98
22 23
22 26
22 27
22 28
22 30
22 31
22 33
22 36
22 38
22 41
22 44
22 45
22 46
22 49
22 50
22 52
22 53
22 55
22 56
22 59
22 61
22 63
22 65
22 66
22 67
22 69
22 70
22 71
22 72
22 75
22 78
22 79
22 80
22 83
22 87
22 88
22 89
22 90
22 91
22 92
22 94
22 98
22 99
23 24
23 27
23 30
23 32
23 35
23 37
23 39
23 43
23 45
23 48
23 49
23 50
23 52
23 54
23 59
23 61
23 64
23 66
23 69
23 70
23 72
23 73
23 76
23 77
23 78
23 80
23 82
23 83
23 84
23 85
23 87
23 88
23 89
23 90
23 93
23 99
24 27
24 28
24 30
24 33
24 35
24 38
24 39
24 40
24 41
24 42
24 43
24 44
24 47
24 51
24 53
24 56
24 57
24 60
24 62
24 63
24 64
24 65
24 66
24 68
24 71
24 72
24 74
24 75
24 79
24 81
24 82
24 83
24 85
24 86
24 88
24 92
24 94
24 95
24 98
24 99
25 28
25 29
25 30
25 31
25 32
25 34
25 35
25 41
25 42
25 43
25 44
25 45
25 46
25 48
25 50
25 51
25 52
25 55
25 56
25 57
25 58
25 63
25 68
25 72
25 73
25 74
25 78
25 79
25 80
25 81
25 83
25 85
25 87
25 89
25 91
25 93
25 94
25 96
25 98
26 28
26 30
26 31
26 32
26 35
26 37
26 39
26 41
26 43
26 45
26 47
26 48
26 52
26 55
26 58
26 60
26 61
26 62
26 66
26 68
26 71
26 73
26 74
26 77
26 78
26 79
26 80
26 83
26 84
26 88
26 89
26 91
26 92
26 93
26 96
26 99
27 32
27 33
27 35
27 36
27 40
27 45
27 46
27 47
27 49
27 51
27 52
27 54
27 55
27 64
27 66
27 69
27 70
27 74
27 75
27 77
27 80
27 81
27 83
27 85
27 89
27 90
27 92
27 93
27 95
28 30
28 31
28 33
28 34
28 36
28 38
28 43
28 44
28 46
28 48
28 49
28 52
28 54
28 56
28 57
28 59
28 60
28 62
28 63
28 64
28 65
28 67
28 72
28 74
28 75
28 77
28 79
28 80
28 82
28 83
28 86
28 87
28 89
28 93
28 95
28 96
28 97
28 99
29 30
29 32
29 33
29 37
29 38
29 41
29 43
29 44
29 45
29 50
29 51
29 54
29 55
29 56
29 60
29 61
29 63
29 67
29 69
29 74
29 75
29 79
29 80
29 82
29 84
29 85
29 86
29 87
29 88
29 90
29 91
29 92
29 93
29 94
29 95
29 96
29 98
29 99
30 31
30 32
30 33
30 34
30 39
30 41
30 43
30 44
30 45
30 46
30 47
30 49
30 52
30 53
30 54
30 55
30 57
30 59
30 62
30 65
30 66
30 70
30 74
30 75
30 76
30 78
30 80
30 81
30 82
30 83
30 84
30 85
30 88
30 89
30 94
30 95
30 96
30 97
30 98
30 99
31 32
31 34
31 36
31 37
31 39
31 41
31 43
31 44
31 45
31 47
31 49
31 50
31 51
31 52
31 53
31 57
31 60
31 61
31 62
31 64
31 66
31 68
31 69
31 71
31 72
31 73
31 75
31 79
31 81
31 82
31 85
31 87
31 88
31 90
31 91
31 93
31 96
31 98
31 99
32 33
32 34
32 37
32 38
32 42
32 43
32 44
32 47
32 48
32 50
32 52
32 54
32 56
32 59
32 60
32 61
32 62
32 65
32 67
32 68
32 71
32 73
32 75
32 76
32 77
32 78
32 83
32 85
32 86
32 88
32 93
32 95
32 96
32 98
33 34
33 36
33 38
33 40
33 43
33 44
33 45
33 47
33 49
33 52
33 56
33 60
33 61
33 63
33 64
33 67
33 68
33 70
33 71
33 73
33 74
33 76
33 80
33 82
33 85
33 86
33 87
33 91
33 93
33 94
33 96
33 97
33 98
34 35
34 36
34 37
34 39
34 41
34 42
34 44
34 46
34 47
34 50
34 52
34 55
34 57
34 58
34 60
34 61
34 62
34 64
34 66
34 71
34 81
34 83
34 84
34 85
34 87
34 88
34 90
34 91
34 95
34 97
34 98
35 37
35 38
35 40
35 45
35 48
35 52
35 55
35 56
35 57
35 58
35 60
35 63
35 64
35 65
35 66
35 67
35 72
35 78
35 79
35 81
35 82
35 84
35 85
35 87
35 89
35 90
35 93
35 94
35 96
35 97
36 43
36 46
36 50
36 51
36 52
36 54
36 57
36 58
36 59
36 60
36 62
36 63
36 65
36 66
36 68
36 70
36 78
36 83
36 86
36 88
36 90
36 95
36 96
36 97
36 98
36 99
37 40
37 41
37 44
37 45
37 49
37 52
37 53
37 56
37 62
37 63
37 64
37 65
37 67
37 69
37 70
37 72
37 74
37 78
37 79
37 80
37 82
37 83
37 88
37 89
37 90
37 91
37 92
37 93
37 94
37 97
38 39
38 40
38 42
38 43
38 44
38 49
38 50
38 52
38 55
38 57
38 58
38 65
38 66
38 69
38 70
38 71
38 73
38 74
38 77
38 78
38 79
38 81
38 83
38 86
38 88
38 89
38 90
38 92
38 94
38 97
39 40
39 42
39 43
39 46
39 47
39 48
39 49
39 56
39 59
39 60
39 62
39 66
39 67
39 68
39 71
39 74
39 76
39 77
39 79
39 80
39 81
39 82
39 84
39 85
39 86
39 88
39 90
39 91
39 94
39 96
39 97
39 98
39 99
40 46
40 47
40 48
40 51
40 52
40 53
40 54
40 55
40 56
40 59
40 60
40 62
40 63
40 67
40 68
40 69
40 70
40 71
40 72
40 74
40 75
40 76
40 77
40 80
40 83
40 88
40 91
40 92
40 94
40 98
41 42
41 43
41 44
41 46
41 47
41 48
41 50
41 52
41 55
41 59
41 60
41 61
41 62
41 63
41 64
41 67
41 70
41 73
41 74
41 77
41 79
41 80
41 81
41 82
41 84
41 85
41 87
41 88
41 93
41 94
41 95
41 96
41 99
42 43
42 45
42 47
42 48
42 49
42 50
42 53
42 54
42 57
42 58
42 60
42 62
42 64
42 68
42 69
42 72
42 74
42 75
42 77
42 78
42 81
42 83
42 85
42 86
42 89
42 92
42 95
42 96
42 98
43 44
43 45
43 49
43 50
43 51
43 52
43 55
43 56
43 57
43 58
43 60
43 61
43 62
43 64
43 65
43 66
43 68
43 70
43 71
43 74
43 76
43 77
43 80
43 81
43 84
43 86
43 90
43 92
43 93
43 95
43 97
43 98
44 45
44 46
44 48
44 49
44 50
44 51
44 58
44 59
44 63
44 64
44 65
44 69
44 74
44 75
44 76
44 78
44 81
44 82
44 84
44 86
44 87
44 91
44 92
44 93
44 95
44 96
44 97
44 98
44 99
45 47
45 48
45 51
45 53
45 55
45 56
45 59
45 61
45 64
45 69
45 71
45 72
45 73
45 76
45 81
45 83
45 87
45 89
45 92
45 95
45 97
45 99
46 48
46 49
46 53
46 56
46 57
46 59
46 60
46 62
46 67
46 68
46 69
46 70
46 71
46 73
46 74
46 75
46 78
46 80
46 81
46 82
46 83
46 85
46 86
46 87
46 92
46 93
46 94
46 98
46 99
47 50
47 52
47 53
47 54
47 55
47 62
47 63
47 67
47 73
47 74
47 78
47 79
47 80
47 83
47 84
47 95
47 96
48 49
48 51
48 52
48 54
48 55
48 58
48 60
48 61
48 62
48 64
48 69
48 70
48 71
48 73
48 77
48 78
48 79
48 84
48 85
48 89
48 90
48 94
48 96
48 97
49 51
49 53
49 55
49 56
49 57
49 58
49 60
49 62
49 63
49 67
49 68
49 69
49 73
49 75
49 76
49 78
49 81
49 85
49 86
49 87
49 88
49 89
49 92
49 98
49 99
50 51
50 52
50 55
50 57
50 58
50 59
50 63
50 64
50 67
50 68
50 70
50 72
50 74
50 76
50 80
50 83
50 85
50 86
50 87
50 89
50 92
50 93
50 94
50 96
50 98
51 52
51 53
51 58
51 61
51 62
51 63
51 65
51 66
51 68
51 69
51 70
51 71
51 72
51 74
51 75
51 76
51 78
51 79
51 81
51 83
51 84
51 87
51 89
51 90
51 93
51 95
51 96
51 97
52 53
52 57
52 60
52 61
52 67
52 69
52 70
52 72
52 73
52 75
52 76
52 78
52 79
52 80
52 81
52 83
52 84
52 85
52 88
52 91
52 92
52 94
52 97
53 54
53 57
53 59
53 61
53 63
53 68
53 69
53 70
53 72
53 76
53 77
53 79
53 80
53 81
53 83
53 84
53 85
53 86
53 87
53 88
53 93
53 94
53 95
53 98
54 55
54 57
54 58
54 59
54 61
54 62
54 63
54 65
54 69
54 71
54 74
54 77
54 78
54 79
54 82
54 84
54 85
54 87
54 88
54 90
54 92
54 95
54 96
55 57
55 58
55 62
55 66
55 68
55 71
55 72
55 75
55 77
55 78
55 79
55 84
55 85
55 87
55 88
55 89
55 90
55 91
55 92
55 95
55 97
55 98
56 58
56 59
56 62
56 63
56 65
56 66
56 68
56 69
56 71
56 74
56 75
56 76
56 77
56 81
56 82
56 84
56 88
56 89
56 90
56 93
56 94
56 97
56 99
57 58
57 60
57 61
57 63
57 64
57 65
57 67
57 68
57 69
57 71
57 72
57 74
57 75
57 77
57 78
57 79
57 88
57 89
57 91
57 92
57 94
57 96
57 98
57 99
58 60
58 61
58 64
58 65
58 69
58 70
58 72
58 73
58 77
58 78
58 80
58 81
58 83
58 84
58 87
58 89
58 91
58 93
58 94
58 96
58 98
59 60
59 61
59 68
59 69
59 70
59 74
59 76
59 78
59 81
59 84
59 85
59 86
59 91
59 93
59 94
59 95
59 97
59 98
59 99
60 61
60 63
60 64
60 69
60 70
60 71
60 72
60 76
60 78
60 81
60 82
60 83
60 84
60 85
60 86
60 88
60 90
60 91
60 94
60 95
60 97
60 98
60 99
61 64
61 65
61 67
61 69
61 70
61 71
61 72
61 73
61 74
61 76
61 77
61 79
61 87
61 88
61 90
61 92
61 94
61 95
62 63
62 68
62 74
62 79
62 80
62 82
62 84
62 86
62 87
62 88
62 89
62 93
62 94
62 95
62 96
62 98
63 64
63 68
63 70
63 72
63 73
63 75
63 76
63 77
63 79
63 80
63 83
63 84
63 85
63 92
63 93
63 94
63 96
63 97
63 99
64 65
64 67
64 68
64 69
64 70
64 73
64 74
64 75
64 76
64 78
64 79
64 81
64 88
64 89
64 90
64 91
64 93
64 94
64 95
64 96
64 97
65 69
65 71
65 72
65 73
65 76
65 77
65 79
65 81
65 82
65 83
65 87
65 88
65 89
65 91
65 92
65 93
65 95
65 96
65 98
65 99
66 69
66 70
66 71
66 72
66 74
66 75
66 76
66 77
66 79
66 80
66 81
66 82
66 84
66 86
66 87
66 89
66 90
66 92
66 95
66 96
66 97
66 98
67 68
67 70
67 71
67 72
67 73
67 74
67 76
67 78
67 80
67 81
67 83
67 87
67 88
67 89
67 91
67 92
67 98
67 99
68 69
68 71
68 74
68 78
68 80
68 81
68 83
68 84
68 85
68 88
68 89
68 90
68 92
68 93
68 96
68 98
69 71
69 72
69 73
69 76
69 83
69 85
69 86
69 87
69 91
69 92
69 93
69 94
69 95
69 96
69 97
69 98
69 99
70 72
70 73
70 76
70 79
70 80
70 81
70 83
70 85
70 86
70 87
70 94
70 95
70 96
70 98
71 72
71 75
71 76
71 79
71 80
71 83
71 85
71 87
71 92
71 93
71 95
71 96
71 98
71 99
72 74
72 75
72 79
72 81
72 83
72 84
72 85
72 86
72 89
72 93
72 94
72 95
72 96
72 98
72 99
73 75
73 76
73 77
73 78
73 79
73 80
73 81
73 84
73 85
73 87
73 90
73 91
73 92
73 94
73 95
73 96
73 98
74 76
74 80
74 84
74 85
74 88
74 89
74 90
74 91
74 92
74 93
74 95
74 97
74 98
75 76
75 77
75 78
75 79
75 80
75 82
75 83
75 84
75 89
75 92
75 94
75 96
75 97
75 98
75 99
76 77
76 80
76 81
76 83
76 84
76 85
76 88
76 89
76 93
76 97
76 99
77 78
77 79
77 81
77 82
77 83
77 85
77 86
77 88
77 90
77 91
77 92
77 93
77 95
77 98
78 79
78 80
78 81
78 82
78 83
78 84
78 86
78 87
78 88
78 89
78 91
78 92
78 94
78 98
79 80
79 81
79 82
79 83
79 85
79 86
79 88
79 92
79 94
79 98
80 82
80 83
80 86
80 88
80 90
80 93
80 94
80 95
80 96
81 84
81 93
81 95
81 96
81 97
81 99
82 83
82 84
82 87
82 92
82 93
82 95
82 96
82 97
83 84
83 89
83 90
83 91
83 94
83 95
83 98
83 99
84 85
84 87
84 88
84 89
84 91
84 93
84 94
84 95
84 96
84 98
84 99
85 86
85 87
85 88
85 90
85 93
85 95
85 97
85 99
86 88
86 89
86 94
86 98
87 90
87 91
87 94
87 96
87 98
87 99
88 91
88 94
88 95
88 96
88 98
88 99
89 90
89 91
89 92
89 97
89 99
90 92
90 93
90 94
90 95
90 98
90 99
91 93
91 94
91 95
91 97
91 98
92 93
92 94
92 95
92 97
93 97
93 98
93 99
94 95
94 99
95 98
97 99
98 99
