0 2
0 4
0 6
0 8
0 9
0 10
0 13
0 16
0 17
0 18
0 19
0 20
0 25
0 27
0 28
0 31
0 33
0 39
0 40
0 42
0 45
0 46
0 47
0 49
0 50
0 54
0 57
0 61
0 64
0 65
0 66
0 69
0 72
0 76
0 79
0 80
0 81
0 82
0 84
0 86
0 87
0 88
0 89
0 91
0 93
0 95
0 97
0 98
0 99
1 4
1 5
1 10
1 13
1 14
1 15
1 16
1 17
1 18
1 20
1 22
1 24
1 28
1 30
1 31
1 32
1 33
1 35
1 40
1 45
1 46
1 47
1 49
1 52
1 55
1 56
1 59
1 60
1 61
1 63
1 65
1 66
1 67
1 68
1 69
1 70
1 72
1 74
1 78
1 79
1 81
1 86
1 88
1 89
1 98
1 99
2 4
2 5
2 7
2 8
2 10
2 11
2 12
2 13
2 14
2 16
2 18
2 19
2 20
2 21
2 22
2 25
2 26
2 27
2 28
2 30
2 32
2 34
2 35
2 37
2 38
2 40
2 41
2 44
2 45
2 46
2 47
2 48
2 49
2 50
2 51
2 52
2 54
2 55
2 56
2 57
2 58
2 61
2 62
2 65
2 67
2 68
2 69
2 70
2 71
2 73
2 74
2 75
2 76
2 79
2 80
2 81
2 83
2 86
2 88
2 89
2 91
2 92
2 93
2 97
2 98
2 99
3 8
3 9
3 12
3 13
3 14
3 16
3 25
3 26
3 27
3 29
3 30
3 31
3 32
3 33
3 34
3 38
3 39
3 41
3 42
3 43
3 46
3 48
3 49
3 51
3 59
3 62
3 63
3 65
3 69
3 71
3 72
3 74
3 76
3 77
3 79
3 80
3 82
3 84
3 85
3 86
3 87
3 89
3 90
3 91
3 92
3 93
3 94
3 97
3 99
4 9
4 10
4 12
4 13
4 15
4 16
4 22
4 24
4 25
4 27
4 28
4 29
4 32
4 35
4 36
4 38
4 39
4 41
4 42
4 43
4 45
4 47
4 49
4 55
4 56
4 57
4 58
4 60
4 61
4 62
4 63
4 67
4 68
4 72
4 75
4 76
4 82
4 83
4 84
4 86
4 87
4 88
4 89
4 91
4 95
4 97
4 99
5 7
5 8
5 13
5 16
5 18
5 19
5 20
5 21
5 23
5 26
5 27
5 28
5 30
5 36
5 39
5 40
5 42
5 43
5 46
5 50
5 55
5 56
5 60
5 62
5 63
5 65
5 66
5 68
5 71
5 79
5 82
5 83
5 84
5 85
5 86
5 87
5 89
5 90
5 92
5 93
5 97
5 99
6 8
6 10
6 14
6 17
6 20
6 21
6 22
6 23
6 24
6 27
6 29
6 33
6 36
6 41
6 44
6 49
6 51
6 52
6 54
6 57
6 58
6 59
6 61
6 62
6 66
6 68
6 69
6 70
6 71
6 72
6 73
6 74
6 76
6 77
6 78
6 83
6 87
6 90
6 91
6 93
7 8
7 10
7 11
7 12
7 13
7 14
7 15
7 18
7 19
7 20
7 21
7 22
7 24
7 25
7 28
7 29
7 39
7 42
7 47
7 50
7 51
7 58
7 59
7 63
7 67
7 68
7 69
7 71
7 72
7 73
7 76
7 83
7 89
7 90
7 94
7 96
7 97
7 98
7 99
8 10
8 14
8 20
8 21
8 27
8 28
8 29
8 30
8 37
8 40
8 44
8 50
8 51
8 54
8 56
8 59
8 60
8 62
8 63
8 71
8 72
8 73
8 76
8 77
8 78
8 80
8 81
8 82
8 85
8 87
8 88
8 91
8 92
8 95
8 96
8 97
8 98
9 11
9 13
9 17
9 18
9 20
9 22
9 23
9 24
9 25
9 28
9 30
9 32
9 34
9 36
9 38
9 40
9 42
9 43
9 44
9 46
9 47
9 48
9 51
9 55
9 56
9 61
9 63
9 66
9 67
9 68
9 69
9 71
9 74
9 75
9 77
9 79
9 81
9 82
9 86
9 88
9 89
9 90
9 92
9 93
9 95
9 96
9 98
10 11
10 12
10 15
10 18
10 19
10 20
10 21
10 23
10 30
10 31
10 33
10 35
10 38
10 39
10 40
10 41
10 43
10 45
10 46
10 49
10 50
10 52
10 53
10 55
10 56
10 57
10 58
10 59
10 60
10 61
10 62
10 63
10 64
10 66
10 67
10 68
10 71
10 73
10 78
10 80
10 81
10 82
10 83
10 85
10 86
10 87
10 88
10 91
10 92
10 94
10 95
10 96
11 13
11 14
11 16
11 17
11 21
11 22
11 23
11 24
11 26
11 28
11 29
11 30
11 31
11 35
11 37
11 38
11 39
11 43
11 47
11 48
11 49
11 50
11 51
11 52
11 53
11 54
11 59
11 60
11 61
11 62
11 64
11 67
11 69
11 70
11 71
11 72
11 73
11 74
11 77
11 78
11 84
11 85
11 86
11 87
11 91
11 92
11 94
11 96
11 98
12 17
12 19
12 20
12 22
12 25
12 26
12 27
12 29
12 30
12 33
12 34
12 35
12 36
12 37
12 39
12 43
12 44
12 45
12 46
12 48
12 50
12 51
12 52
12 53
12 54
12 57
12 58
12 62
12 64
12 68
12 69
12 72
12 73
12 77
12 78
12 81
12 86
12 88
12 91
12 93
12 94
12 96
12 98
12 99
13 15
13 16
13 17
13 18
13 21
13 23
13 26
13 29
13 30
13 33
13 34
13 35
13 36
13 37
13 39
13 40
13 41
13 43
13 44
13 47
13 49
13 51
13 56
13 58
13 60
13 61
13 62
13 63
13 65
13 68
13 71
13 72
13 73
13 76
13 78
13 81
13 82
13 83
13 84
13 86
13 87
13 88
13 89
13 90
13 92
13 95
13 96
13 98
14 17
14 18
14 19
14 20
14 22
14 24
14 27
14 28
14 32
14 38
14 40
14 43
14 45
14 46
14 48
14 49
14 50
14 52
14 53
14 56
14 59
14 60
14 61
14 66
14 67
14 68
14 69
14 70
14 72
14 74
14 75
14 80
14 81
14 83
14 87
14 89
14 90
14 91
14 92
14 93
14 94
14 96
14 97
14 98
14 99
15 16
15 17
15 20
15 21
15 23
15 29
15 30
15 35
15 36
15 37
15 42
15 43
15 47
15 49
15 51
15 52
15 54
15 56
15 57
15 59
15 62
15 64
15 66
15 67
15 69
15 70
15 72
15 75
15 76
15 79
15 80
15 82
15 84
15 85
15 86
15 90
15 92
15 95
15 99
16 17
16 18
16 20
16 21
16 25
16 31
16 32
16 33
16 36
16 38
16 39
16 41
16 42
16 46
16 47
16 51
16 52
16 56
16 57
16 58
16 60
16 63
16 64
16 66
16 68
16 70
16 73
16 74
16 75
16 76
16 78
16 79
16 84
16 89
16 91
16 94
16 97
16 99
17 27
17 28
17 29
17 32
17 33
17 35
17 36
17 37
17 38
17 43
17 44
17 45
17 46
17 49
17 50
17 53
17 56
17 57
17 59
17 62
17 66
17 67
17 69
17 71
17 73
17 75
17 76
17 80
17 83
17 84
17 85
17 86
17 87
17 93
17 95
18 19
18 22
18 25
18 26
18 27
18 29
18 32
18 36
18 37
18 38
18 40
18 41
18 43
18 44
18 45
18 46
18 51
18 52
18 53
18 55
18 56
18 60
18 61
18 64
18 66
18 68
18 70
18 73
18 74
18 75
18 76
18 78
18 79
18 81
18 82
18 83
18 85
18 87
18 89
18 93
18 94
18 97
18 99
19 21
19 24
19 26
19 27
19 28
19 29
19 30
19 32
19 33
19 36
19 37
19 41
19 42
19 48
19 51
19 52
19 54
19 55
19 57
19 59
19 61
19 63
19 64
19 67
19 68
19 69
19 72
19 76
19 77
19 78
19 84
19 86
19 88
19 91
19 92
19 94
19 95
19 96
19 97
19 98
20 22
20 24
20 26
20 29
20 32
20 33
20 34
20 38
20 42
20 43
20 44
20 45
20 46
20 48
20 49
20 50
20 54
20 56
20 57
20 58
20 62
20 63
20 65
20 66
20 67
20 74
20 75
20 77
20 78
20 79
20 80
20 82
20 83
20 86
20 88
20 89
20 90
20 93
20 96
20 97
20 99
21 22
21 23
21 24
21 25
21 34
21 36
21 38
21 39
21 40
21 44
21 45
21 47
21 54
21 55
21 57
21 59
21 60
21 61
21 65
21 68
21 74
21 75
21 77
21 78
21 81
21 82
21 83
21 87
21 90
21 92
21 93
21 96
21 97
21 98
22 26
22 27
22 29
22 31
22 34
22 40
22 41
22 44
22 45
22 46
22 50
22 53
22 54
22 57
22 61
22 62
22 65
22 67
22 70
22 74
22 75
22 76
22 78
22 80
22 82
22 83
22 84
22 85
22 87
22 88
22 91
22 95
22 97
22 98
22 99
23 25
23 26
23 28
23 31
23 33
23 34
23 35
23 36
23 39
23 42
23 46
23 50
23 51
23 52
23 53
23 54
23 56
23 59
23 60
23 62
23 65
23 68
23 69
23 70
23 71
23 72
23 74
23 80
23 81
23 83
23 84
23 85
23 87
23 88
23 89
23 92
23 93
23 95
23 96
23 98
23 99
24 25
24 26
24 27
24 29
24 30
24 32
24 33
24 34
24 35
24 36
24 37
24 40
24 43
24 45
24 46
24 52
24 53
24 57
24 59
24 62
24 63
24 66
24 68
24 69
24 70
24 71
24 73
24 75
24 78
24 81
24 83
24 87
24 90
24 91
24 93
24 94
24 95
24 97
24 98
24 99
25 27
25 28
25 29
25 32
25 35
25 36
25 37
25 38
25 41
25 42
25 45
25 47
25 49
25 54
25 55
25 57
25 59
25 60
25 61
25 63
25 66
25 68
25 72
25 76
25 77
25 78
25 79
25 81
25 85
25 86
25 89
25 90
25 91
25 92
25 94
25 96
25 98
25 99
26 31
26 32
26 37
26 39
26 40
26 42
26 43
26 44
26 46
26 48
26 51
26 57
26 59
26 61
26 62
26 66
26 67
26 68
26 69
26 70
26 73
26 76
26 78
26 80
26 81
26 82
26 84
26 87
26 89
26 91
26 92
26 93
26 94
26 95
26 96
26 98
27 29
27 30
27 31
27 32
27 35
27 38
27 42
27 45
27 49
27 50
27 52
27 53
27 57
27 58
27 59
27 60
27 64
27 65
27 67
27 68
27 69
27 70
27 74
27 75
27 76
27 77
27 78
27 79
27 82
27 85
27 86
27 89
27 91
27 92
27 97
27 99
28 29
28 30
28 31
28 33
28 35
28 37
28 43
28 45
28 48
28 51
28 52
28 55
28 56
28 60
28 61
28 65
28 67
28 69
28 71
28 73
28 77
28 78
28 81
28 83
28 84
28 86
28 87
28 88
28 89
28 90
28 91
28 93
28 94
28 95
28 97
28 98
29 30
29 32
29 33
29 35
29 36
29 38
29 44
29 46
29 51
29 53
29 55
29 59
29 61
29 64
29 70
29 71
29 72
29 73
29 74
29 75
29 76
29 77
29 79
29 80
29 81
29 82
29 83
29 84
29 86
29 89
29 90
29 91
29 93
29 97
30 32
30 34
30 35
30 40
30 42
30 46
30 47
30 51
30 55
30 56
30 58
30 59
30 63
30 66
30 68
30 69
30 70
30 72
30 73
30 74
30 77
30 81
30 85
30 86
30 87
30 88
30 89
30 90
30 92
30 93
30 94
30 99
31 32
31 34
31 35
31 37
31 38
31 40
31 51
31 52
31 55
31 56
31 59
31 61
31 62
31 64
31 65
31 68
31 70
31 72
31 73
31 82
31 84
31 85
31 86
31 89
31 90
31 91
31 92
31 93
31 94
31 95
31 99
32 33
32 37
32 39
32 44
32 45
32 47
32 49
32 54
32 55
32 60
32 62
32 65
32 67
32 68
32 70
32 73
32 74
32 77
32 79
32 84
32 90
32 99
33 35
33 38
33 48
33 55
33 57
33 58
33 61
33 62
33 63
33 65
33 66
33 68
33 70
33 71
33 73
33 78
33 79
33 80
33 84
33 87
33 88
33 89
33 93
33 94
33 98
33 99
34 37
34 39
34 40
34 44
34 45
34 46
34 47
34 48
34 49
34 51
34 52
34 54
34 55
34 56
34 59
34 61
34 65
34 66
34 70
34 73
34 77
34 78
34 81
34 82
34 83
34 84
34 88
34 90
34 92
34 97
34 98
35 36
35 38
35 39
35 40
35 42
35 43
35 44
35 45
35 46
35 48
35 49
35 50
35 52
35 53
35 54
35 55
35 56
35 57
35 58
35 59
35 63
35 64
35 67
35 68
35 71
35 75
35 77
35 81
35 83
35 84
35 85
35 86
35 87
35 88
35 89
35 92
35 93
35 95
35 97
35 99
36 39
36 42
36 46
36 50
36 51
36 52
36 53
36 56
36 57
36 58
36 59
36 64
36 69
36 71
36 72
36 74
36 75
36 77
36 80
36 81
36 83
36 86
36 87
36 88
36 91
36 92
36 95
36 96
36 98
37 41
37 43
37 45
37 47
37 49
37 51
37 52
37 53
37 55
37 56
37 58
37 59
37 60
37 62
37 64
37 65
37 66
37 68
37 69
37 70
37 73
37 74
37 75
37 77
37 78
37 83
37 84
37 85
37 92
37 93
37 95
37 96
37 97
37 98
38 39
38 41
38 43
38 44
38 45
38 47
38 51
38 56
38 60
38 61
38 62
38 64
38 71
38 72
38 76
38 78
38 80
38 81
38 83
38 84
38 89
38 90
38 91
38 94
38 95
38 98
39 40
39 42
39 43
39 46
39 47
39 48
39 49
39 50
39 53
39 54
39 55
39 56
39 57
39 58
39 61
39 62
39 63
39 64
39 66
39 67
39 69
39 70
39 74
39 80
39 81
39 82
39 85
39 87
39 88
39 89
39 90
39 91
39 97
39 98
39 99
40 42
40 43
40 44
40 47
40 48
40 50
40 51
40 53
40 55
40 57
40 59
40 60
40 61
40 62
40 63
40 65
40 66
40 67
40 68
40 69
40 70
40 72
40 74
40 75
40 76
40 80
40 82
40 84
40 88
40 89
40 91
40 92
40 96
40 97
40 98
41 44
41 45
41 49
41 50
41 51
41 52
41 58
41 59
41 60
41 61
41 62
41 65
41 66
41 67
41 71
41 73
41 76
41 78
41 81
41 82
41 83
41 84
41 85
41 87
41 92
41 93
41 97
41 98
41 99
42 43
42 44
42 46
42 47
42 49
42 50
42 52
42 54
42 55
42 56
42 60
42 61
42 62
42 63
42 64
42 65
42 66
42 67
42 68
42 70
42 73
42 74
42 75
42 77
42 83
42 86
42 88
42 89
42 90
42 93
42 94
42 96
42 99
43 46
43 47
43 50
43 52
43 54
43 56
43 57
43 59
43 61
43 65
43 70
43 71
43 79
43 83
43 84
43 88
43 90
43 91
43 95
43 99
44 45
44 47
44 48
44 49
44 51
44 53
44 56
44 58
44 59
44 60
44 63
44 64
44 65
44 67
44 68
44 69
44 73
44 76
44 77
44 79
44 82
44 83
44 84
44 85
44 86
44 87
44 94
44 96
44 97
45 48
45 49
45 50
45 51
45 53
45 54
45 55
45 56
45 57
45 58
45 60
45 63
45 65
45 66
45 67
45 68
45 70
45 80
45 81
45 84
45 85
45 88
45 89
45 93
45 94
45 95
45 98
45 99
46 47
46 50
46 53
46 55
46 56
46 57
46 59
46 63
46 67
46 68
46 71
46 72
46 76
46 77
46 78
46 79
46 81
46 82
46 83
46 85
46 86
46 87
46 89
46 90
46 91
46 94
46 97
46 99
47 48
47 49
47 52
47 58
47 59
47 60
47 64
47 67
47 68
47 69
47 72
47 75
47 78
47 82
47 84
47 85
47 86
47 87
47 88
47 89
47 90
47 91
47 94
47 96
47 97
47 98
48 49
48 51
48 56
48 65
48 66
48 68
48 69
48 74
48 76
48 79
48 80
48 84
48 88
48 89
48 91
48 92
48 93
48 94
48 97
48 98
49 50
49 51
49 52
49 53
49 56
49 58
49 59
49 62
49 65
49 68
49 69
49 70
49 71
49 72
49 74
49 75
49 77
49 78
49 79
49 85
49 89
49 90
49 91
49 94
49 95
49 96
49 99
50 51
50 52
50 55
50 58
50 60
50 61
50 63
50 64
50 66
50 67
50 68
50 74
50 75
50 77
50 78
50 80
50 83
50 85
50 86
50 87
50 91
50 92
50 93
50 94
50 95
50 96
50 97
50 98
50 99
51 53
51 55
51 56
51 57
51 60
51 62
51 63
51 64
51 66
51 67
51 69
51 72
51 74
51 76
51 77
51 78
51 80
51 81
51 84
51 85
51 86
51 88
51 89
51 90
51 94
51 95
51 96
51 98
52 54
52 55
52 56
52 57
52 58
52 59
52 63
52 67
52 69
52 72
52 75
52 76
52 78
52 82
52 84
52 85
52 86
52 87
52 89
52 90
52 93
52 94
52 95
52 96
52 97
52 98
52 99
53 54
53 55
53 56
53 57
53 58
53 59
53 61
53 63
53 64
53 65
53 66
53 67
53 71
53 73
53 77
53 79
53 80
53 81
53 82
53 85
53 87
53 89
53 90
53 91
53 92
53 94
53 95
53 96
54 56
54 60
54 61
54 64
54 66
54 67
54 69
54 70
54 71
54 73
54 74
54 76
54 77
54 82
54 83
54 84
54 86
54 88
54 89
54 90
54 94
55 58
55 59
55 62
55 63
55 64
55 67
55 68
55 69
55 72
55 73
55 75
55 76
55 77
55 78
55 79
55 80
55 81
55 83
55 87
55 88
55 89
55 92
55 98
55 99
56 57
56 62
56 63
56 65
56 66
56 67
56 68
56 69
56 70
56 72
56 75
56 77
56 78
56 79
56 80
56 83
56 84
56 86
56 88
56 89
56 90
56 92
56 93
56 96
56 99
57 60
57 62
57 63
57 64
57 65
57 67
57 70
57 72
57 75
57 78
57 80
57 81
57 83
57 85
57 86
57 87
57 89
57 95
57 98
57 99
58 62
58 63
58 64
58 66
58 69
58 72
58 76
58 78
58 81
58 83
58 84
58 86
58 87
58 90
58 92
58 93
58 96
58 99
59 61
59 62
59 64
59 65
59 66
59 70
59 79
59 80
59 81
59 83
59 86
59 87
59 89
59 90
59 91
59 97
60 61
60 63
60 67
60 68
60 69
60 70
60 71
60 73
60 76
60 78
60 79
60 83
60 84
60 85
60 86
60 91
60 92
60 94
60 96
60 97
60 98
60 99
61 62
61 63
61 66
61 68
61 70
61 71
61 75
61 76
61 78
61 79
61 80
61 82
61 84
61 86
61 87
61 88
61 90
61 91
61 92
61 93
61 94
61 95
62 63
62 64
62 68
62 69
62 70
62 74
62 75
62 77
62 78
62 80
62 81
62 82
62 83
62 84
62 87
62 89
62 91
62 96
62 97
62 98
62 99
63 64
63 65
63 66
63 68
63 69
63 70
63 76
63 80
63 81
63 83
63 84
63 85
63 86
63 88
63 89
63 91
63 94
63 95
63 96
64 66
64 67
64 70
64 74
64 75
64 76
64 77
64 78
64 79
64 80
64 84
64 87
64 88
64 90
64 92
64 93
64 96
64 97
64 99
65 67
65 74
65 77
65 78
65 81
65 83
65 85
65 86
65 89
65 90
65 91
65 97
65 99
66 67
66 68
66 69
66 71
66 76
66 81
66 82
66 85
66 89
66 91
66 92
66 93
66 94
66 97
67 69
67 71
67 72
67 74
67 82
67 88
67 89
67 95
67 96
67 97
67 98
68 70
68 71
68 72
68 73
68 74
68 75
68 76
68 77
68 78
68 81
68 83
68 85
68 86
68 87
68 90
68 92
68 94
68 96
68 97
69 71
69 77
69 78
69 79
69 81
69 85
69 87
69 88
69 90
69 94
69 95
69 96
69 97
69 99
70 73
70 74
70 76
70 79
70 80
70 81
70 87
70 88
70 89
70 93
70 95
70 97
70 98
70 99
71 72
71 73
71 75
71 76
71 78
71 79
71 81
71 86
71 88
71 89
71 93
71 94
71 97
71 99
72 73
72 74
72 75
72 76
72 78
72 79
72 83
72 84
72 85
72 86
72 88
72 89
72 90
72 91
72 93
72 94
72 96
72 97
72 99
73 75
73 76
73 78
73 79
73 82
73 83
73 85
73 87
73 88
73 89
73 90
73 97
73 98
74 76
74 78
74 79
74 83
74 85
74 88
74 89
74 93
74 96
74 99
75 78
75 79
75 81
75 82
75 84
75 85
75 87
75 89
75 91
75 92
75 93
75 94
75 95
75 97
75 99
76 77
76 78
76 82
76 83
76 85
76 86
76 88
76 89
76 90
76 93
76 94
76 95
76 97
77 83
77 85
77 86
77 87
77 88
77 91
77 94
77 96
77 97
78 83
78 85
78 88
78 92
78 94
78 95
78 99
79 80
79 81
79 83
79 85
79 86
79 89
79 91
79 92
79 95
79 97
79 98
80 82
80 84
80 85
80 86
80 87
80 90
80 91
80 97
80 99
81 88
81 89
81 91
81 92
81 93
81 94
81 95
81 99
82 88
82 90
82 94
82 97
82 98
82 99
83 85
83 86
83 87
83 88
83 90
83 91
83 92
83 93
83 94
83 98
84 85
84 86
84 87
84 88
84 89
84 91
84 92
84 93
84 94
84 95
84 96
84 97
84 99
85 86
85 89
85 90
85 97
86 90
86 93
86 94
86 98
87 89
87 92
87 96
87 98
88 89
88 92
88 94
88 97
88 98
88 99
89 90
89 91
89 92
89 94
89 95
89 97
90 91
90 96
90 98
91 93
91 94
91 97
92 95
92 96
92 97
92 99
93 94
93 97
93 99
94 96
94 97
94 98
95 96
95 98
95 99
96 97
96 98
96 99
97 98
98 99
