0 4
0 5
0 6
0 7
0 8
0 10
0 11
0 13
0 14
0 15
0 16
0 17
0 19
0 21
0 25
0 29
0 31
0 33
0 36
0 37
0 41
0 42
0 44
0 48
0 49
0 54
0 58
0 59
0 60
0 62
0 64
0 65
0 66
0 69
0 70
0 72
0 73
0 74
0 77
0 81
0 82
0 84
0 85
0 87
0 88
0 90
0 94
0 95
0 97
0 98
0 99
1 2
1 3
1 4
1 6
1 7
1 8
1 11
1 12
1 15
1 16
1 17
1 21
1 24
1 25
1 27
1 28
1 32
1 35
1 37
1 38
1 39
1 40
1 41
1 42
1 44
1 45
1 52
1 54
1 55
1 58
1 59
1 62
1 66
1 67
1 68
1 70
1 72
1 74
1 77
1 79
1 80
1 81
1 85
1 86
1 87
1 88
1 91
1 92
1 93
1 94
1 95
1 96
1 97
1 99
2 4
2 5
2 7
2 9
2 10
2 11
2 12
2 13
2 15
2 16
2 17
2 18
2 23
2 24
2 26
2 28
2 31
2 34
2 37
2 46
2 48
2 49
2 50
2 52
2 53
2 56
2 64
2 65
2 67
2 68
2 69
2 71
2 78
2 79
2 83
2 86
2 88
2 89
2 94
2 95
3 5
3 7
3 8
3 12
3 14
3 15
3 17
3 18
3 20
3 21
3 24
3 25
3 26
3 27
3 29
3 31
3 32
3 35
3 37
3 39
3 41
3 43
3 45
3 46
3 47
3 49
3 50
3 51
3 52
3 54
3 58
3 62
3 63
3 65
3 67
3 69
3 72
3 73
3 74
3 77
3 80
3 81
3 82
3 83
3 84
3 87
3 89
3 90
3 91
3 93
3 94
3 96
3 97
4 7
4 9
4 10
4 11
4 15
4 16
4 17
4 18
4 19
4 22
4 26
4 28
4 32
4 34
4 35
4 36
4 40
4 41
4 43
4 44
4 45
4 47
4 52
4 54
4 56
4 61
4 62
4 63
4 66
4 67
4 71
4 73
4 74
4 75
4 79
4 81
4 84
4 86
4 87
4 88
4 94
4 96
5 8
5 10
5 11
5 12
5 13
5 18
5 20
5 22
5 26
5 28
5 30
5 33
5 34
5 35
5 36
5 38
5 41
5 42
5 43
5 46
5 48
5 53
5 54
5 58
5 59
5 61
5 63
5 64
5 65
5 66
5 68
5 69
5 70
5 71
5 73
5 74
5 75
5 76
5 77
5 78
5 81
5 82
5 85
5 87
5 90
5 96
5 99
6 8
6 10
6 12
6 16
6 19
6 20
6 24
6 25
6 26
6 27
6 28
6 31
6 32
6 33
6 37
6 41
6 43
6 44
6 45
6 47
6 48
6 51
6 52
6 53
6 54
6 55
6 56
6 57
6 58
6 60
6 61
6 62
6 66
6 69
6 72
6 73
6 75
6 76
6 77
6 83
6 86
6 89
6 92
6 93
6 94
6 96
6 99
7 8
7 9
7 10
7 13
7 14
7 16
7 18
7 21
7 22
7 25
7 26
7 27
7 28
7 29
7 30
7 31
7 32
7 33
7 34
7 35
7 37
7 38
7 39
7 42
7 44
7 45
7 46
7 47
7 58
7 61
7 63
7 64
7 66
7 67
7 69
7 72
7 73
7 76
7 80
7 85
7 86
7 88
7 89
7 90
7 92
7 94
7 95
7 99
8 10
8 11
8 12
8 14
8 16
8 17
8 27
8 28
8 29
8 31
8 33
8 37
8 38
8 39
8 40
8 47
8 49
8 50
8 51
8 52
8 56
8 59
8 60
8 61
8 64
8 67
8 68
8 69
8 71
8 73
8 74
8 75
8 76
8 77
8 79
8 81
8 82
8 83
8 86
8 88
8 91
8 93
8 95
8 96
8 97
8 98
8 99
9 10
9 11
9 13
9 14
9 15
9 17
9 18
9 19
9 22
9 23
9 24
9 25
9 27
9 30
9 31
9 35
9 36
9 37
9 39
9 40
9 41
9 45
9 47
9 48
9 50
9 51
9 53
9 56
9 58
9 60
9 61
9 62
9 64
9 65
9 68
9 69
9 71
9 73
9 74
9 75
9 76
9 77
9 78
9 80
9 82
9 84
9 86
9 89
9 90
9 91
9 93
9 95
9 96
9 98
9 99
10 11
10 15
10 18
10 19
10 22
10 23
10 24
10 26
10 28
10 29
10 30
10 31
10 32
10 34
10 35
10 36
10 37
10 38
10 40
10 45
10 48
10 49
10 50
10 52
10 53
10 54
10 57
10 58
10 60
10 62
10 63
10 64
10 66
10 69
10 71
10 73
10 77
10 79
10 80
10 86
10 87
10 89
10 90
10 91
10 95
11 12
11 15
11 20
11 21
11 22
11 23
11 24
11 25
11 26
11 27
11 30
11 33
11 34
11 36
11 37
11 38
11 41
11 43
11 48
11 49
11 50
11 53
11 54
11 56
11 57
11 59
11 60
11 61
11 66
11 69
11 70
11 72
11 74
11 77
11 79
11 80
11 81
11 83
11 85
11 90
11 92
11 94
11 98
12 16
12 18
12 22
12 24
12 27
12 29
12 30
12 31
12 32
12 37
12 38
12 40
12 41
12 43
12 44
12 45
12 46
12 47
12 49
12 50
12 54
12 57
12 58
12 60
12 62
12 65
12 68
12 69
12 72
12 74
12 76
12 77
12 78
12 79
12 82
12 85
12 88
12 91
12 93
12 98
12 99
13 14
13 16
13 18
13 19
13 20
13 22
13 23
13 24
13 29
13 30
13 32
13 34
13 37
13 38
13 39
13 40
13 43
13 45
13 49
13 50
13 51
13 52
13 53
13 55
13 57
13 58
13 59
13 60
13 64
13 67
13 72
13 74
13 75
13 79
13 80
13 83
13 85
13 88
13 89
13 91
13 92
13 93
13 94
13 97
14 16
14 17
14 20
14 22
14 24
14 27
14 29
14 32
14 34
14 35
14 36
14 37
14 38
14 40
14 43
14 44
14 45
14 47
14 55
14 58
14 59
14 60
14 61
14 62
14 63
14 65
14 66
14 67
14 71
14 73
14 74
14 76
14 79
14 82
14 85
14 86
14 88
14 90
14 93
14 94
14 95
14 97
14 98
14 99
15 16
15 17
15 21
15 23
15 28
15 34
15 35
15 36
15 37
15 38
15 39
15 40
15 41
15 42
15 43
15 45
15 48
15 50
15 52
15 53
15 54
15 56
15 58
15 59
15 61
15 63
15 64
15 66
15 67
15 72
15 73
15 78
15 80
15 81
15 86
15 89
15 90
15 91
15 92
15 95
15 97
15 99
16 18
16 26
16 29
16 31
16 32
16 34
16 35
16 36
16 38
16 39
16 40
16 41
16 43
16 46
16 47
16 50
16 51
16 52
16 56
16 57
16 58
16 59
16 60
16 62
16 65
16 66
16 70
16 71
16 72
16 75
16 77
16 83
16 85
16 86
16 87
16 89
16 90
16 91
16 92
16 93
16 94
16 96
16 99
17 18
17 19
17 20
17 21
17 23
17 24
17 25
17 27
17 28
17 30
17 33
17 36
17 37
17 41
17 43
17 44
17 45
17 46
17 48
17 50
17 51
17 52
17 53
17 56
17 59
17 60
17 61
17 62
17 63
17 64
17 68
17 73
17 75
17 77
17 78
17 79
17 81
17 82
17 83
17 85
17 88
17 90
17 93
17 94
17 95
17 96
17 97
17 98
17 99
18 19
18 20
18 22
18 24
18 25
18 28
18 29
18 30
18 32
18 33
18 34
18 35
18 39
18 40
18 41
18 43
18 44
18 48
18 51
18 53
18 56
18 59
18 60
18 63
18 65
18 71
18 73
18 76
18 79
18 80
18 83
18 84
18 86
18 87
18 89
18 90
18 91
18 92
18 93
18 95
18 98
18 99
19 20
19 22
19 23
19 25
19 27
19 30
19 31
19 32
19 35
19 36
19 38
19 39
19 42
19 43
19 45
19 46
19 47
19 49
19 51
19 52
19 56
19 58
19 60
19 61
19 62
19 63
19 70
19 73
19 76
19 77
19 79
19 80
19 83
19 84
19 85
19 86
19 89
19 90
19 91
19 93
19 99
20 22
20 27
20 29
20 30
20 32
20 33
20 34
20 36
20 37
20 39
20 41
20 43
20 47
20 50
20 52
20 53
20 54
20 56
20 58
20 61
20 62
20 64
20 65
20 66
20 67
20 69
20 70
20 73
20 75
20 77
20 79
20 82
20 84
20 85
20 87
20 88
20 90
20 92
20 95
20 97
20 98
20 99
21 22
21 25
21 28
21 30
21 31
21 32
21 35
21 36
21 38
21 39
21 41
21 44
21 45
21 46
21 47
21 48
21 51
21 52
21 53
21 54
21 56
21 57
21 60
21 63
21 66
21 67
21 68
21 69
21 72
21 74
21 75
21 76
21 78
21 82
21 83
21 84
21 85
21 86
21 88
21 92
21 93
21 94
21 98
22 23
22 26
22 28
22 29
22 30
22 31
22 35
22 36
22 38
22 41
22 42
22 43
22 50
22 53
22 54
22 55
22 56
22 58
22 59
22 61
22 64
22 73
22 80
22 81
22 83
22 86
22 87
22 88
22 92
22 96
23 24
23 29
23 30
23 31
23 32
23 38
23 40
23 42
23 44
23 45
23 52
23 54
23 55
23 57
23 58
23 60
23 61
23 63
23 65
23 66
23 73
23 74
23 77
23 80
23 81
23 82
23 85
23 89
23 92
23 93
23 95
23 96
23 98
23 99
24 25
24 27
24 28
24 30
24 31
24 32
24 33
24 35
24 36
24 42
24 44
24 45
24 48
24 49
24 50
24 51
24 55
24 57
24 59
24 62
24 63
24 64
24 65
24 66
24 67
24 69
24 70
24 71
24 73
24 76
24 77
24 78
24 83
24 85
24 86
24 91
24 92
24 93
24 95
24 96
24 98
24 99
25 27
25 28
25 29
25 30
25 31
25 32
25 36
25 37
25 38
25 39
25 42
25 43
25 44
25 45
25 47
25 49
25 50
25 51
25 52
25 57
25 58
25 59
25 60
25 61
25 62
25 63
25 64
25 65
25 67
25 70
25 72
25 74
25 78
25 79
25 81
25 82
25 84
25 86
25 87
25 88
25 90
25 92
25 93
25 97
26 27
26 30
26 31
26 34
26 37
26 38
26 39
26 40
26 45
26 46
26 47
26 51
26 52
26 53
26 54
26 57
26 58
26 60
26 63
26 64
26 69
26 71
26 73
26 78
26 80
26 81
26 82
26 83
26 86
26 87
26 88
26 89
26 94
26 95
26 96
26 97
26 98
27 28
27 29
27 30
27 33
27 36
27 37
27 38
27 40
27 41
27 42
27 43
27 45
27 49
27 50
27 52
27 53
27 54
27 55
27 56
27 57
27 58
27 59
27 60
27 64
27 66
27 68
27 70
27 72
27 73
27 74
27 75
27 76
27 77
27 79
27 87
27 88
27 89
27 95
28 29
28 30
28 31
28 33
28 35
28 37
28 38
28 40
28 41
28 42
28 50
28 51
28 53
28 54
28 58
28 59
28 60
28 62
28 66
28 67
28 68
28 70
28 71
28 74
28 77
28 78
28 79
28 80
28 81
28 82
28 84
28 85
28 87
28 88
28 89
28 91
28 92
28 93
28 94
28 95
28 96
28 99
29 30
29 37
29 38
29 39
29 40
29 41
29 42
29 45
29 46
29 47
29 48
29 50
29 52
29 55
29 56
29 61
29 63
29 66
29 68
29 69
29 70
29 71
29 74
29 76
29 77
29 78
29 79
29 82
29 83
29 84
29 85
29 86
29 87
29 88
29 90
29 92
29 93
29 94
29 95
29 96
29 98
30 32
30 33
30 36
30 42
30 45
30 47
30 48
30 49
30 51
30 53
30 54
30 63
30 66
30 67
30 69
30 70
30 72
30 73
30 74
30 75
30 77
30 81
30 82
30 84
30 86
30 88
30 89
30 90
30 91
30 92
30 93
30 94
30 95
30 96
30 98
31 32
31 37
31 41
31 42
31 43
31 44
31 46
31 49
31 50
31 52
31 54
31 55
31 56
31 57
31 61
31 64
31 65
31 67
31 72
31 73
31 74
31 76
31 80
31 84
31 85
31 86
31 87
31 89
31 91
31 98
31 99
32 36
32 37
32 38
32 39
32 40
32 41
32 42
32 45
32 52
32 53
32 59
32 60
32 65
32 66
32 67
32 68
32 69
32 74
32 75
32 76
32 80
32 82
32 87
32 88
32 89
32 90
32 94
32 97
32 98
32 99
33 36
33 37
33 39
33 40
33 41
33 44
33 47
33 48
33 49
33 54
33 55
33 56
33 57
33 60
33 62
33 67
33 69
33 70
33 74
33 76
33 78
33 79
33 88
33 90
33 92
33 94
33 95
33 96
33 97
33 99
34 36
34 38
34 39
34 42
34 43
34 46
34 47
34 49
34 50
34 51
34 53
34 54
34 56
34 58
34 61
34 65
34 67
34 72
34 73
34 75
34 79
34 80
34 81
34 82
34 84
34 86
34 87
34 90
34 91
34 93
35 36
35 37
35 41
35 43
35 45
35 47
35 48
35 51
35 52
35 54
35 55
35 56
35 57
35 61
35 63
35 64
35 65
35 67
35 68
35 69
35 70
35 71
35 72
35 74
35 75
35 77
35 78
35 82
35 83
35 84
35 86
35 87
35 90
35 92
35 93
35 94
35 96
35 98
35 99
36 41
36 47
36 51
36 54
36 55
36 57
36 60
36 61
36 65
36 69
36 70
36 72
36 73
36 74
36 77
36 78
36 80
36 81
36 82
36 85
36 89
36 93
36 94
36 96
37 38
37 39
37 43
37 44
37 50
37 56
37 57
37 59
37 61
37 62
37 64
37 68
37 69
37 70
37 71
37 73
37 75
37 77
37 78
37 79
37 82
37 84
37 85
37 92
37 93
37 98
38 41
38 42
38 43
38 47
38 49
38 50
38 53
38 54
38 57
38 59
38 60
38 62
38 67
38 69
38 70
38 72
38 73
38 74
38 75
38 77
38 79
38 81
38 82
38 84
38 87
38 89
38 90
38 92
38 93
38 96
38 98
39 41
39 45
39 47
39 48
39 49
39 50
39 51
39 52
39 53
39 54
39 55
39 56
39 59
39 60
39 63
39 65
39 66
39 68
39 69
39 70
39 71
39 72
39 73
39 80
39 81
39 82
39 86
39 87
39 90
39 95
39 96
39 98
40 41
40 42
40 43
40 45
40 48
40 49
40 50
40 51
40 52
40 60
40 61
40 64
40 66
40 67
40 68
40 74
40 76
40 78
40 79
40 81
40 82
40 87
40 90
40 92
40 94
40 96
40 98
40 99
41 42
41 48
41 52
41 57
41 62
41 64
41 65
41 69
41 71
41 74
41 78
41 79
41 81
41 83
41 85
41 86
41 87
41 88
41 89
41 90
41 91
41 94
41 97
41 98
42 44
42 45
42 47
42 50
42 52
42 54
42 55
42 58
42 59
42 60
42 61
42 62
42 66
42 70
42 72
42 73
42 77
42 78
42 79
42 83
42 85
42 88
42 89
42 92
42 94
42 95
42 96
42 97
43 45
43 48
43 49
43 51
43 56
43 57
43 58
43 60
43 64
43 65
43 66
43 68
43 70
43 72
43 80
43 81
43 83
43 84
43 87
43 89
43 91
43 92
43 94
43 98
43 99
44 45
44 46
44 49
44 50
44 51
44 52
44 53
44 54
44 56
44 57
44 59
44 62
44 63
44 64
44 66
44 67
44 70
44 71
44 75
44 76
44 80
44 82
44 83
44 85
44 86
44 88
44 90
44 92
44 93
44 94
44 95
44 98
44 99
45 46
45 52
45 53
45 54
45 55
45 56
45 57
45 58
45 60
45 61
45 62
45 68
45 69
45 73
45 74
45 75
45 76
45 77
45 79
45 80
45 90
45 92
45 93
45 94
45 97
45 98
45 99
46 47
46 49
46 52
46 60
46 64
46 65
46 66
46 68
46 69
46 70
46 71
46 72
46 75
46 76
46 77
46 79
46 80
46 81
46 82
46 83
46 85
46 88
46 89
46 91
46 92
46 93
46 95
46 97
46 98
46 99
47 48
47 49
47 51
47 52
47 54
47 55
47 58
47 61
47 64
47 68
47 70
47 71
47 72
47 76
47 77
47 79
47 80
47 81
47 84
47 87
47 89
47 90
47 91
47 96
47 97
47 98
48 51
48 52
48 57
48 58
48 59
48 65
48 68
48 70
48 71
48 72
48 73
48 74
48 75
48 76
48 79
48 81
48 82
48 85
48 86
48 90
48 91
48 92
48 95
48 96
48 99
49 52
49 54
49 55
49 58
49 59
49 60
49 62
49 63
49 64
49 69
49 71
49 73
49 74
49 76
49 80
49 84
49 85
49 95
49 99
50 52
50 55
50 56
50 61
50 64
50 66
50 67
50 69
50 76
50 79
50 81
50 82
50 83
50 84
50 88
50 90
50 92
50 96
51 53
51 55
51 57
51 58
51 59
51 60
51 61
51 63
51 65
51 67
51 68
51 69
51 71
51 74
51 76
51 77
51 82
51 83
51 84
51 86
51 87
51 88
51 90
51 98
51 99
52 53
52 56
52 57
52 58
52 61
52 62
52 63
52 65
52 66
52 68
52 69
52 72
52 75
52 77
52 78
52 79
52 84
52 86
52 89
52 90
52 92
52 93
52 95
52 97
52 99
53 54
53 55
53 56
53 60
53 61
53 65
53 69
53 72
53 74
53 76
53 77
53 78
53 80
53 81
53 82
53 83
53 84
53 85
53 86
53 88
53 90
53 92
53 98
53 99
54 57
54 58
54 60
54 62
54 63
54 64
54 68
54 69
54 71
54 73
54 75
54 76
54 77
54 79
54 83
54 85
54 90
54 93
54 94
54 95
54 97
54 98
55 60
55 62
55 63
55 67
55 69
55 70
55 71
55 73
55 74
55 75
55 81
55 82
55 88
55 89
55 90
55 93
55 94
55 96
55 98
56 57
56 59
56 60
56 61
56 62
56 63
56 65
56 68
56 72
56 74
56 75
56 76
56 81
56 82
56 84
56 87
56 89
56 90
56 91
56 92
56 93
56 94
56 95
56 96
56 98
57 58
57 61
57 63
57 64
57 66
57 68
57 69
57 71
57 74
57 75
57 77
57 81
57 82
57 83
57 87
57 88
57 90
57 91
57 92
57 98
57 99
58 61
58 63
58 64
58 67
58 68
58 71
58 73
58 78
58 79
58 81
58 82
58 83
58 86
58 88
58 94
58 97
58 98
59 61
59 62
59 63
59 65
59 66
59 68
59 74
59 79
59 80
59 81
59 84
59 85
59 88
59 89
59 90
59 92
59 93
59 95
59 97
59 98
59 99
60 64
60 65
60 66
60 67
60 68
60 69
60 71
60 74
60 77
60 81
60 83
60 87
60 88
60 90
60 91
60 96
60 97
61 63
61 64
61 67
61 69
61 71
61 72
61 76
61 81
61 82
61 84
61 87
61 89
61 90
61 93
61 98
61 99
62 63
62 64
62 65
62 67
62 68
62 69
62 71
62 74
62 75
62 78
62 80
62 81
62 82
62 84
62 87
62 90
62 91
62 92
62 93
62 95
62 96
62 98
62 99
63 67
63 70
63 71
63 72
63 73
63 76
63 78
63 79
63 80
63 85
63 86
63 88
63 89
63 91
63 93
63 94
63 95
63 97
63 98
64 65
64 67
64 68
64 70
64 74
64 75
64 82
64 89
64 93
64 94
64 95
64 96
64 97
64 98
65 66
65 68
65 75
65 76
65 77
65 78
65 79
65 80
65 85
65 87
65 89
65 90
65 91
65 92
65 93
65 94
65 96
65 97
65 99
66 67
66 71
66 74
66 75
66 76
66 79
66 80
66 81
66 83
66 84
66 88
66 89
66 93
66 96
66 99
67 69
67 71
67 73
67 76
67 82
67 86
67 87
67 90
67 91
67 95
67 97
67 98
67 99
68 69
68 73
68 74
68 76
68 79
68 80
68 82
68 84
68 85
68 86
68 92
68 93
68 94
68 95
68 98
68 99
69 71
69 73
69 75
69 78
69 80
69 81
69 85
69 86
69 88
69 90
69 92
69 94
69 95
69 96
69 98
70 71
70 77
70 79
70 81
70 82
70 83
70 86
70 88
70 89
70 92
70 93
70 94
70 95
71 72
71 75
71 80
71 84
71 86
71 87
71 91
71 92
71 93
71 95
71 96
72 75
72 76
72 78
72 80
72 82
72 84
72 86
72 87
72 90
72 91
72 93
72 94
72 95
73 74
73 75
73 79
73 80
73 83
73 89
73 93
73 96
73 99
74 75
74 76
74 81
74 82
74 85
74 87
74 88
74 90
74 91
74 93
74 94
74 95
74 96
74 98
74 99
75 76
75 78
75 79
75 80
75 81
75 82
75 84
75 87
75 89
75 90
75 91
75 92
75 93
75 94
75 95
75 98
76 77
76 80
76 81
76 83
76 87
76 88
76 90
76 91
76 92
76 94
76 95
76 97
76 98
77 79
77 82
77 84
77 85
77 86
77 88
77 92
77 93
77 97
77 98
77 99
78 79
78 82
78 85
78 86
78 87
78 91
78 92
78 93
78 95
78 96
78 98
78 99
79 81
79 82
79 83
79 92
79 96
79 97
79 99
80 82
80 84
80 85
80 86
80 87
80 88
80 89
80 90
80 93
80 94
80 95
80 96
80 97
80 99
81 83
81 84
81 90
81 91
81 92
81 93
81 95
81 96
81 98
82 84
82 86
82 87
82 88
82 89
82 91
82 93
82 97
83 85
83 87
83 88
83 91
83 93
84 86
84 87
84 91
84 93
84 95
84 96
84 97
85 86
85 90
85 94
85 97
85 98
86 89
86 90
86 91
86 93
86 94
86 96
86 97
86 98
86 99
87 88
87 89
87 90
87 92
87 93
87 95
87 99
88 90
88 93
88 95
88 97
88 98
88 99
89 90
89 92
89 93
89 95
89 96
90 91
90 93
90 98
90 99
91 92
91 93
91 94
91 95
91 99
92 95
92 96
92 98
92 99
93 94
93 96
93 97
93 99
94 97
94 99
95 96
95 99
96 97
96 99
97 98
97 99
98 99
