0 2
0 4
0 6
0 7
0 10
0 11
0 21
0 22
0 23
0 26
0 27
0 29
0 32
0 33
0 34
0 39
0 40
0 41
0 42
0 44
0 49
0 53
0 54
0 56
0 58
0 59
0 64
0 65
0 66
0 70
0 76
0 77
0 79
0 81
0 82
0 83
0 86
0 87
0 89
0 92
0 93
0 95
0 96
0 98
1 3
1 4
1 5
1 7
1 8
1 9
1 10
1 14
1 20
1 21
1 24
1 25
1 28
1 32
1 34
1 37
1 39
1 40
1 44
1 46
1 47
1 49
1 53
1 57
1 60
1 61
1 62
1 63
1 64
1 65
1 67
1 70
1 71
1 72
1 78
1 81
1 82
1 85
1 91
1 92
1 93
1 94
1 96
1 98
1 99
2 3
2 8
2 9
2 10
2 12
2 15
2 16
2 17
2 19
2 21
2 22
2 23
2 24
2 25
2 27
2 35
2 36
2 37
2 39
2 40
2 42
2 44
2 45
2 46
2 47
2 49
2 50
2 51
2 52
2 53
2 54
2 56
2 57
2 58
2 66
2 67
2 70
2 71
2 72
2 74
2 77
2 78
2 81
2 82
2 83
2 84
2 85
2 87
2 88
2 90
2 92
2 98
3 4
3 5
3 6
3 8
3 11
3 14
3 16
3 19
3 22
3 25
3 26
3 29
3 32
3 34
3 35
3 36
3 37
3 40
3 41
3 43
3 44
3 46
3 47
3 49
3 51
3 52
3 54
3 59
3 60
3 61
3 62
3 63
3 64
3 69
3 70
3 73
3 77
3 78
3 80
3 84
3 85
3 86
3 90
3 91
3 93
3 94
3 97
3 98
3 99
4 7
4 8
4 11
4 12
4 13
4 17
4 20
4 22
4 25
4 27
4 28
4 31
4 32
4 33
4 34
4 35
4 36
4 37
4 38
4 39
4 40
4 43
4 44
4 47
4 48
4 50
4 52
4 53
4 54
4 55
4 57
4 58
4 59
4 64
4 65
4 66
4 68
4 69
4 73
4 75
4 77
4 78
4 81
4 85
4 86
4 88
4 91
4 92
4 94
4 95
4 96
4 97
4 99
5 6
5 10
5 11
5 12
5 13
5 14
5 15
5 16
5 17
5 18
5 20
5 23
5 24
5 25
5 27
5 28
5 29
5 30
5 31
5 32
5 37
5 38
5 40
5 41
5 45
5 47
5 49
5 52
5 53
5 55
5 57
5 60
5 61
5 66
5 67
5 70
5 73
5 75
5 76
5 77
5 79
5 86
5 88
5 89
5 91
5 92
5 93
5 94
5 95
5 96
5 98
5 99
6 7
6 8
6 9
6 10
6 11
6 13
6 15
6 17
6 18
6 25
6 26
6 28
6 29
6 30
6 31
6 33
6 38
6 39
6 45
6 47
6 48
6 52
6 57
6 59
6 60
6 62
6 63
6 65
6 67
6 68
6 70
6 72
6 75
6 76
6 77
6 78
6 79
6 84
6 85
6 86
6 87
6 88
6 90
6 91
6 93
7 9
7 12
7 15
7 18
7 20
7 22
7 25
7 27
7 28
7 35
7 37
7 40
7 41
7 42
7 43
7 44
7 46
7 48
7 54
7 55
7 56
7 58
7 60
7 61
7 63
7 64
7 65
7 66
7 69
7 71
7 73
7 75
7 78
7 81
7 83
7 84
7 86
7 90
7 91
7 93
7 94
7 96
7 97
8 9
8 10
8 11
8 12
8 14
8 15
8 17
8 18
8 19
8 23
8 25
8 30
8 31
8 33
8 35
8 38
8 39
8 47
8 49
8 50
8 51
8 52
8 53
8 54
8 56
8 58
8 59
8 60
8 62
8 63
8 65
8 66
8 67
8 68
8 70
8 71
8 72
8 73
8 74
8 78
8 82
8 83
8 84
8 85
8 86
8 87
8 88
8 92
8 93
8 94
8 98
9 10
9 11
9 13
9 15
9 19
9 20
9 23
9 24
9 26
9 33
9 36
9 37
9 38
9 39
9 41
9 44
9 45
9 46
9 47
9 48
9 49
9 52
9 54
9 58
9 60
9 61
9 63
9 65
9 66
9 69
9 72
9 73
9 74
9 75
9 77
9 78
9 79
9 80
9 81
9 82
9 83
9 84
9 87
9 90
9 91
9 93
9 94
9 97
9 99
10 13
10 15
10 17
10 20
10 21
10 22
10 26
10 27
10 29
10 30
10 31
10 38
10 40
10 44
10 45
10 48
10 52
10 53
10 54
10 58
10 61
10 62
10 64
10 65
10 67
10 68
10 73
10 74
10 76
10 79
10 84
10 85
10 86
10 87
10 89
10 93
10 94
10 96
10 98
11 12
11 18
11 19
11 22
11 23
11 24
11 26
11 31
11 32
11 34
11 35
11 42
11 45
11 46
11 47
11 48
11 49
11 55
11 57
11 58
11 60
11 62
11 63
11 64
11 66
11 67
11 68
11 69
11 71
11 74
11 75
11 78
11 79
11 81
11 89
11 91
11 93
11 94
11 95
11 96
11 98
12 13
12 16
12 17
12 18
12 20
12 22
12 23
12 26
12 27
12 28
12 29
12 32
12 33
12 34
12 38
12 41
12 42
12 43
12 44
12 52
12 53
12 54
12 55
12 57
12 58
12 59
12 63
12 64
12 65
12 69
12 70
12 71
12 72
12 75
12 77
12 78
12 80
12 81
12 82
12 83
12 84
12 86
12 87
12 89
12 94
12 97
12 98
13 14
13 15
13 16
13 17
13 23
13 24
13 25
13 26
13 27
13 28
13 30
13 31
13 32
13 33
13 34
13 36
13 37
13 38
13 39
13 40
13 42
13 44
13 47
13 48
13 49
13 52
13 53
13 55
13 56
13 57
13 60
13 61
13 63
13 64
13 66
13 67
13 68
13 69
13 72
13 76
13 77
13 78
13 84
13 85
13 88
13 90
13 92
13 94
13 96
13 98
13 99
14 16
14 22
14 23
14 24
14 25
14 26
14 27
14 28
14 29
14 30
14 31
14 32
14 33
14 34
14 35
14 36
14 39
14 40
14 45
14 48
14 50
14 51
14 52
14 53
14 61
14 62
14 63
14 65
14 66
14 69
14 70
14 73
14 77
14 78
14 79
14 81
14 82
14 84
14 86
14 89
14 90
14 91
14 93
14 94
14 96
14 99
15 16
15 19
15 20
15 21
15 22
15 24
15 25
15 27
15 28
15 30
15 36
15 38
15 40
15 43
15 46
15 47
15 48
15 49
15 50
15 53
15 54
15 56
15 57
15 58
15 59
15 60
15 61
15 62
15 63
15 64
15 65
15 67
15 68
15 69
15 70
15 71
15 72
15 76
15 79
15 80
15 82
15 86
15 87
15 88
15 89
15 90
15 91
15 93
15 97
15 98
15 99
16 17
16 18
16 19
16 20
16 23
16 27
16 28
16 34
16 35
16 36
16 39
16 41
16 43
16 45
16 47
16 50
16 52
16 53
16 54
16 56
16 59
16 62
16 63
16 65
16 66
16 71
16 72
16 73
16 74
16 75
16 77
16 78
16 79
16 80
16 81
16 82
16 85
16 86
16 89
16 90
16 91
16 92
16 93
16 95
16 98
16 99
17 19
17 20
17 22
17 24
17 26
17 28
17 29
17 31
17 33
17 36
17 37
17 38
17 39
17 41
17 43
17 44
17 45
17 46
17 48
17 50
17 52
17 56
17 57
17 58
17 61
17 63
17 65
17 66
17 67
17 72
17 75
17 78
17 79
17 85
17 89
17 91
17 92
17 95
17 97
17 98
17 99
18 21
18 23
18 24
18 25
18 26
18 29
18 30
18 33
18 37
18 38
18 39
18 41
18 42
18 45
18 46
18 47
18 49
18 51
18 57
18 58
18 60
18 62
18 65
18 66
18 71
18 72
18 74
18 75
18 80
18 81
18 82
18 84
18 85
18 88
18 90
18 93
18 95
18 96
18 98
18 99
19 20
19 23
19 24
19 25
19 27
19 28
19 32
19 34
19 35
19 36
19 37
19 39
19 41
19 43
19 44
19 46
19 48
19 49
19 51
19 52
19 53
19 54
19 55
19 56
19 62
19 67
19 68
19 70
19 73
19 74
19 78
19 79
19 81
19 82
19 84
19 86
19 89
19 90
19 91
19 94
19 99
20 22
20 24
20 31
20 33
20 34
20 35
20 37
20 38
20 39
20 40
20 41
20 43
20 47
20 51
20 52
20 54
20 58
20 61
20 62
20 63
20 64
20 65
20 73
20 75
20 78
20 79
20 80
20 84
20 85
20 87
20 91
20 95
20 98
20 99
21 23
21 25
21 27
21 28
21 30
21 31
21 32
21 37
21 38
21 40
21 41
21 42
21 43
21 45
21 47
21 51
21 53
21 54
21 55
21 57
21 58
21 60
21 64
21 65
21 66
21 68
21 69
21 76
21 79
21 80
21 81
21 91
21 94
21 98
22 23
22 25
22 26
22 27
22 29
22 30
22 36
22 37
22 38
22 39
22 40
22 42
22 44
22 45
22 48
22 50
22 52
22 53
22 54
22 56
22 57
22 59
22 60
22 61
22 63
22 64
22 66
22 67
22 68
22 71
22 72
22 73
22 76
22 79
22 81
22 83
22 85
22 88
22 89
22 91
22 93
22 94
22 95
22 98
22 99
23 24
23 25
23 26
23 27
23 34
23 36
23 37
23 38
23 42
23 43
23 46
23 48
23 49
23 50
23 51
23 53
23 57
23 58
23 59
23 60
23 62
23 65
23 66
23 68
23 72
23 77
23 78
23 79
23 84
23 86
23 87
23 90
23 91
23 93
23 99
24 26
24 27
24 28
24 30
24 33
24 34
24 35
24 38
24 40
24 41
24 42
24 43
24 45
24 46
24 49
24 52
24 53
24 54
24 55
24 57
24 58
24 59
24 63
24 66
24 69
24 71
24 72
24 74
24 76
24 79
24 80
24 81
24 82
24 83
24 84
24 85
24 87
24 88
24 91
24 93
24 94
24 95
24 98
25 26
25 28
25 35
25 39
25 43
25 45
25 47
25 49
25 50
25 51
25 60
25 65
25 66
25 73
25 75
25 76
25 77
25 80
25 82
25 87
25 88
25 89
25 90
25 91
25 92
25 93
25 94
25 97
25 98
26 31
26 34
26 37
26 38
26 43
26 45
26 47
26 50
26 51
26 55
26 58
26 60
26 61
26 62
26 64
26 67
26 69
26 70
26 72
26 76
26 78
26 79
26 80
26 81
26 86
26 92
26 93
26 96
26 98
27 29
27 32
27 33
27 36
27 37
27 38
27 39
27 40
27 41
27 43
27 46
27 48
27 53
27 58
27 59
27 61
27 64
27 68
27 69
27 70
27 73
27 74
27 76
27 80
27 85
27 86
27 87
27 88
27 90
27 93
27 94
27 96
27 97
27 98
28 32
28 36
28 37
28 41
28 42
28 49
28 51
28 52
28 54
28 55
28 56
28 57
28 58
28 59
28 61
28 64
28 65
28 66
28 70
28 71
28 72
28 73
28 76
28 78
28 80
28 81
28 84
28 87
28 88
28 94
28 95
28 97
28 99
29 35
29 36
29 42
29 44
29 46
29 47
29 48
29 49
29 51
29 52
29 54
29 55
29 56
29 61
29 62
29 63
29 64
29 67
29 69
29 70
29 72
29 73
29 75
29 77
29 78
29 79
29 81
29 85
29 88
29 89
29 97
29 98
29 99
30 32
30 35
30 39
30 40
30 41
30 42
30 45
30 47
30 50
30 51
30 52
30 59
30 60
30 61
30 62
30 63
30 64
30 65
30 66
30 67
30 71
30 72
30 73
30 76
30 77
30 81
30 85
30 87
30 88
30 92
30 93
30 95
30 97
30 99
31 33
31 35
31 37
31 38
31 40
31 41
31 45
31 47
31 48
31 50
31 51
31 54
31 55
31 56
31 59
31 61
31 63
31 68
31 69
31 71
31 72
31 74
31 75
31 76
31 78
31 80
31 82
31 83
31 84
31 85
31 86
31 90
31 93
31 96
32 33
32 34
32 35
32 36
32 37
32 39
32 40
32 41
32 42
32 46
32 50
32 51
32 52
32 54
32 55
32 56
32 57
32 58
32 64
32 65
32 70
32 71
32 72
32 73
32 76
32 78
32 79
32 81
32 82
32 86
32 89
32 90
32 91
32 93
32 94
32 97
33 34
33 35
33 40
33 44
33 47
33 50
33 53
33 56
33 57
33 58
33 59
33 60
33 63
33 64
33 65
33 66
33 67
33 69
33 81
33 82
33 83
33 84
33 85
33 86
33 87
33 92
33 94
33 99
34 37
34 38
34 39
34 42
34 43
34 45
34 48
34 49
34 50
34 51
34 53
34 54
34 55
34 56
34 58
34 59
34 62
34 63
34 65
34 66
34 70
34 72
34 73
34 74
34 75
34 79
34 82
34 83
34 92
34 93
34 95
34 97
34 98
35 36
35 37
35 39
35 43
35 46
35 47
35 49
35 51
35 59
35 60
35 62
35 63
35 66
35 68
35 71
35 72
35 73
35 75
35 76
35 79
35 80
35 81
35 84
35 87
35 88
35 89
35 90
35 91
35 92
35 95
35 96
36 39
36 41
36 42
36 43
36 46
36 49
36 50
36 55
36 56
36 60
36 61
36 66
36 69
36 70
36 71
36 72
36 73
36 74
36 76
36 77
36 80
36 82
36 83
36 84
36 85
36 86
36 89
36 92
36 93
36 97
36 98
36 99
37 39
37 41
37 42
37 47
37 48
37 51
37 52
37 54
37 57
37 62
37 63
37 64
37 65
37 67
37 69
37 71
37 72
37 73
37 74
37 75
37 78
37 80
37 82
37 85
37 87
37 88
37 91
37 93
37 94
37 95
37 98
37 99
38 39
38 40
38 41
38 42
38 44
38 45
38 46
38 47
38 52
38 53
38 55
38 56
38 59
38 61
38 65
38 66
38 67
38 68
38 69
38 70
38 71
38 73
38 74
38 78
38 84
38 91
38 92
38 93
38 94
38 99
39 41
39 42
39 43
39 45
39 46
39 49
39 50
39 51
39 52
39 55
39 56
39 59
39 60
39 62
39 65
39 68
39 72
39 74
39 76
39 77
39 80
39 82
39 89
39 90
39 92
39 95
39 96
39 97
39 99
40 43
40 46
40 49
40 50
40 55
40 56
40 58
40 59
40 60
40 62
40 67
40 71
40 75
40 79
40 81
40 82
40 86
40 88
40 89
40 92
40 95
40 96
40 98
41 45
41 47
41 48
41 67
41 70
41 72
41 75
41 76
41 77
41 79
41 81
41 84
41 85
41 87
41 88
41 91
41 92
41 93
41 95
41 96
41 97
41 98
42 44
42 45
42 46
42 47
42 48
42 49
42 50
42 51
42 57
42 61
42 63
42 66
42 67
42 68
42 72
42 73
42 74
42 75
42 77
42 79
42 80
42 82
42 83
42 84
42 85
42 87
42 90
42 91
42 93
42 94
42 99
43 44
43 45
43 46
43 47
43 48
43 49
43 50
43 52
43 53
43 54
43 55
43 56
43 59
43 60
43 63
43 65
43 66
43 67
43 72
43 76
43 79
43 80
43 82
43 83
43 87
43 89
43 93
43 94
43 97
43 98
44 45
44 46
44 48
44 50
44 53
44 54
44 55
44 57
44 66
44 68
44 69
44 70
44 71
44 74
44 75
44 78
44 79
44 80
44 81
44 82
44 83
44 85
44 87
44 88
44 89
44 93
44 94
44 95
44 96
44 98
45 46
45 48
45 51
45 52
45 54
45 63
45 68
45 69
45 70
45 72
45 73
45 74
45 79
45 80
45 81
45 82
45 84
45 88
45 90
45 91
45 92
45 95
45 97
45 98
45 99
46 47
46 49
46 50
46 52
46 53
46 55
46 60
46 61
46 66
46 67
46 69
46 71
46 72
46 74
46 75
46 76
46 77
46 80
46 82
46 85
46 86
46 89
46 91
46 92
46 93
46 95
46 96
46 97
46 99
47 48
47 53
47 54
47 57
47 59
47 61
47 63
47 64
47 65
47 73
47 74
47 75
47 76
47 83
47 87
47 90
47 91
47 92
47 93
47 97
47 98
47 99
48 49
48 51
48 52
48 53
48 54
48 55
48 57
48 62
48 64
48 66
48 67
48 69
48 72
48 74
48 75
48 77
48 80
48 82
48 83
48 86
48 88
48 89
48 90
48 91
48 93
48 97
49 50
49 51
49 52
49 53
49 57
49 59
49 60
49 63
49 64
49 68
49 69
49 70
49 73
49 76
49 77
49 78
49 81
49 84
49 85
49 89
49 92
49 94
49 95
50 51
50 52
50 55
50 56
50 63
50 65
50 66
50 67
50 70
50 73
50 76
50 77
50 79
50 80
50 83
50 90
50 91
50 92
50 93
50 94
50 97
51 54
51 58
51 59
51 63
51 64
51 65
51 68
51 71
51 73
51 75
51 78
51 79
51 81
51 83
51 84
51 87
51 89
51 92
51 93
51 95
51 96
51 98
51 99
52 54
52 58
52 60
52 63
52 64
52 66
52 68
52 70
52 73
52 75
52 79
52 80
52 85
52 86
52 87
52 92
52 94
52 99
53 54
53 55
53 56
53 64
53 66
53 67
53 69
53 71
53 73
53 77
53 80
53 81
53 83
53 92
53 93
53 95
53 96
53 97
53 98
54 56
54 59
54 60
54 65
54 67
54 68
54 69
54 70
54 76
54 80
54 81
54 82
54 83
54 84
54 86
54 87
54 88
54 89
54 90
54 91
54 93
54 98
54 99
55 57
55 60
55 61
55 63
55 67
55 71
55 74
55 80
55 82
55 84
55 85
55 86
55 87
55 89
55 91
55 93
55 94
55 98
56 57
56 58
56 59
56 60
56 63
56 65
56 67
56 69
56 70
56 72
56 73
56 76
56 77
56 78
56 79
56 80
56 88
56 90
56 91
56 92
56 94
57 59
57 60
57 61
57 62
57 63
57 70
57 71
57 73
57 74
57 76
57 77
57 84
57 88
57 91
57 94
57 95
57 96
57 99
58 59
58 61
58 65
58 66
58 69
58 70
58 72
58 77
58 78
58 79
58 80
58 85
58 92
58 94
58 96
58 97
59 60
59 62
59 63
59 64
59 65
59 66
59 69
59 70
59 71
59 72
59 74
59 75
59 78
59 80
59 81
59 83
59 85
59 86
59 87
59 89
59 91
59 94
59 95
59 98
59 99
60 61
60 62
60 63
60 64
60 67
60 68
60 72
60 73
60 74
60 76
60 79
60 80
60 84
60 86
60 90
60 91
60 92
60 94
60 95
60 96
60 97
60 99
61 62
61 63
61 67
61 70
61 71
61 75
61 76
61 78
61 79
61 81
61 82
61 85
61 88
61 91
61 93
61 98
62 63
62 64
62 65
62 66
62 67
62 68
62 70
62 72
62 73
62 74
62 76
62 77
62 81
62 82
62 84
62 85
62 86
62 89
62 90
62 91
62 92
62 93
62 94
62 95
62 98
63 66
63 67
63 68
63 69
63 71
63 73
63 77
63 78
63 79
63 81
63 83
63 84
63 86
63 88
63 89
63 95
63 98
64 66
64 70
64 73
64 74
64 77
64 80
64 82
64 83
64 85
64 88
64 92
64 95
64 96
65 66
65 67
65 68
65 69
65 74
65 76
65 77
65 78
65 79
65 80
65 81
65 85
65 86
65 88
65 93
65 94
65 96
65 97
66 74
66 75
66 76
66 78
66 80
66 81
66 82
66 83
66 85
66 87
66 88
66 89
66 93
66 94
66 96
66 97
66 98
67 69
67 72
67 73
67 74
67 75
67 76
67 77
67 78
67 79
67 80
67 81
67 89
67 90
67 93
67 94
67 96
67 97
67 99
68 69
68 70
68 71
68 73
68 75
68 76
68 78
68 79
68 81
68 84
68 86
68 87
68 88
68 89
68 93
68 94
68 96
68 98
68 99
69 71
69 72
69 74
69 79
69 81
69 84
69 85
69 89
69 93
69 95
69 98
69 99
70 72
70 74
70 76
70 77
70 79
70 81
70 87
70 88
70 89
70 90
70 91
70 92
70 93
71 73
71 74
71 80
71 81
71 82
71 83
71 85
71 88
71 90
71 93
71 97
71 99
72 73
72 74
72 77
72 80
72 81
72 83
72 84
72 85
72 86
72 88
72 89
72 90
72 91
72 94
72 96
72 97
72 99
73 78
73 82
73 85
73 86
73 88
73 93
73 94
73 95
74 78
74 79
74 81
74 82
74 83
74 84
74 88
74 89
74 93
74 94
74 95
74 96
74 98
74 99
75 76
75 77
75 78
75 79
75 80
75 83
75 85
75 86
75 87
75 90
75 99
76 77
76 80
76 81
76 82
76 83
76 86
76 90
76 91
76 92
76 94
76 96
76 97
76 98
76 99
77 81
77 82
77 87
77 88
77 89
77 91
77 92
77 93
77 94
77 96
77 98
77 99
78 80
78 81
78 82
78 83
78 84
78 86
78 89
78 90
78 91
78 95
78 96
78 97
78 99
79 85
79 87
79 88
79 89
79 91
79 95
79 97
80 82
80 83
80 84
80 85
80 86
80 90
80 92
80 94
80 95
80 97
80 98
80 99
81 82
81 83
81 85
81 89
81 95
81 98
81 99
82 83
82 84
82 85
82 88
82 90
82 91
82 92
82 93
82 95
82 97
82 99
83 86
83 88
83 92
83 97
83 98
84 85
84 87
84 88
84 89
84 92
84 93
84 95
84 97
84 98
84 99
85 86
85 91
85 93
85 94
85 96
85 97
85 98
85 99
86 91
86 93
86 95
86 97
86 98
87 89
87 91
87 97
88 91
88 94
88 96
89 96
89 97
89 98
89 99
90 91
90 92
90 94
90 96
90 98
91 92
91 93
91 94
91 97
91 99
92 93
92 94
92 97
93 95
94 95
95 96
95 97
95 98
96 99
