0 2
0 4
0 6
0 7
0 9
0 10
0 11
0 12
0 15
0 19
0 21
0 26
0 27
0 29
0 30
0 31
0 38
0 39
0 40
0 42
0 43
0 44
0 45
0 46
0 48
0 49
0 51
0 52
0 55
0 58
0 59
0 61
0 62
0 63
0 64
0 65
0 67
0 68
0 70
0 74
0 79
0 80
0 87
0 88
0 89
0 91
0 92
0 93
0 95
0 96
0 99
1 6
1 8
1 9
1 11
1 12
1 14
1 17
1 19
1 20
1 22
1 24
1 26
1 27
1 28
1 29
1 30
1 34
1 35
1 38
1 39
1 40
1 42
1 44
1 47
1 48
1 49
1 52
1 55
1 56
1 58
1 60
1 62
1 63
1 68
1 69
1 70
1 74
1 75
1 76
1 81
1 84
1 86
1 88
1 89
1 90
1 91
1 92
1 96
1 97
1 98
2 3
2 6
2 9
2 12
2 13
2 22
2 23
2 30
2 31
2 32
2 37
2 38
2 42
2 46
2 48
2 54
2 55
2 60
2 61
2 64
2 67
2 68
2 69
2 70
2 71
2 72
2 73
2 74
2 76
2 77
2 80
2 84
2 85
2 89
2 91
2 93
2 95
2 97
2 98
3 4
3 6
3 7
3 9
3 11
3 13
3 14
3 15
3 16
3 17
3 19
3 20
3 21
3 23
3 24
3 26
3 27
3 29
3 30
3 32
3 35
3 36
3 38
3 39
3 40
3 47
3 48
3 49
3 52
3 53
3 56
3 57
3 59
3 60
3 62
3 63
3 64
3 65
3 66
3 69
3 76
3 78
3 80
3 81
3 86
3 87
3 88
3 89
3 90
3 91
3 92
3 93
3 94
3 96
3 97
3 98
4 5
4 6
4 8
4 10
4 11
4 13
4 15
4 19
4 22
4 23
4 24
4 28
4 35
4 36
4 37
4 38
4 40
4 41
4 45
4 47
4 48
4 49
4 51
4 52
4 54
4 55
4 56
4 61
4 63
4 67
4 68
4 70
4 71
4 72
4 73
4 84
4 87
4 90
4 91
4 92
4 96
4 97
4 99
5 6
5 12
5 13
5 14
5 15
5 16
5 22
5 25
5 34
5 35
5 38
5 39
5 40
5 42
5 44
5 45
5 46
5 47
5 49
5 50
5 54
5 55
5 59
5 60
5 61
5 62
5 65
5 66
5 68
5 70
5 73
5 79
5 80
5 81
5 82
5 83
5 84
5 86
5 87
5 88
5 90
5 92
5 95
5 96
5 97
5 99
6 9
6 11
6 13
6 15
6 16
6 19
6 20
6 21
6 22
6 23
6 24
6 28
6 30
6 32
6 35
6 36
6 40
6 43
6 44
6 45
6 47
6 48
6 50
6 51
6 54
6 55
6 56
6 57
6 59
6 60
6 61
6 62
6 63
6 67
6 70
6 73
6 75
6 77
6 78
6 80
6 82
6 84
6 85
6 88
6 89
6 93
6 96
6 98
6 99
7 8
7 9
7 11
7 13
7 16
7 17
7 18
7 19
7 20
7 23
7 25
7 26
7 27
7 28
7 29
7 31
7 32
7 34
7 35
7 36
7 37
7 38
7 39
7 42
7 44
7 47
7 49
7 52
7 53
7 54
7 55
7 58
7 60
7 61
7 62
7 63
7 66
7 67
7 68
7 70
7 72
7 73
7 74
7 76
7 77
7 79
7 80
7 81
7 84
7 86
7 88
7 92
7 93
7 94
7 95
7 96
7 97
7 99
8 10
8 12
8 15
8 17
8 18
8 20
8 21
8 22
8 28
8 29
8 31
8 34
8 35
8 38
8 39
8 43
8 44
8 45
8 47
8 48
8 49
8 50
8 51
8 52
8 53
8 57
8 59
8 62
8 64
8 67
8 68
8 69
8 70
8 72
8 73
8 74
8 75
8 77
8 78
8 79
8 80
8 81
8 83
8 84
8 87
8 88
8 89
8 92
8 93
8 94
8 96
8 99
9 13
9 14
9 15
9 16
9 20
9 23
9 24
9 27
9 28
9 29
9 30
9 31
9 32
9 35
9 37
9 39
9 41
9 42
9 43
9 44
9 45
9 50
9 53
9 54
9 57
9 58
9 61
9 62
9 63
9 66
9 68
9 69
9 70
9 74
9 75
9 76
9 79
9 85
9 89
9 90
9 92
9 94
9 97
9 98
10 16
10 17
10 18
10 20
10 21
10 22
10 23
10 26
10 31
10 32
10 36
10 37
10 38
10 40
10 41
10 43
10 45
10 48
10 49
10 50
10 51
10 56
10 57
10 58
10 59
10 63
10 64
10 66
10 68
10 70
10 72
10 75
10 77
10 79
10 80
10 81
10 82
10 83
10 84
10 85
10 87
10 90
10 92
10 93
10 96
10 97
10 98
11 12
11 14
11 17
11 18
11 20
11 25
11 26
11 28
11 33
11 34
11 35
11 36
11 38
11 39
11 40
11 41
11 42
11 43
11 44
11 48
11 49
11 51
11 52
11 54
11 57
11 58
11 61
11 62
11 63
11 64
11 66
11 67
11 68
11 72
11 78
11 79
11 84
11 85
11 87
11 88
11 90
11 93
11 94
11 95
11 96
11 97
11 98
12 15
12 17
12 19
12 20
12 21
12 26
12 28
12 30
12 31
12 32
12 36
12 38
12 39
12 42
12 43
12 44
12 45
12 46
12 47
12 52
12 53
12 56
12 57
12 58
12 59
12 60
12 61
12 63
12 64
12 65
12 66
12 67
12 68
12 69
12 70
12 80
12 83
12 84
12 85
12 86
12 87
12 88
12 89
12 95
12 96
12 99
13 17
13 20
13 23
13 24
13 25
13 29
13 30
13 32
13 33
13 35
13 36
13 37
13 40
13 41
13 42
13 43
13 47
13 48
13 50
13 51
13 53
13 55
13 58
13 59
13 63
13 66
13 67
13 68
13 69
13 70
13 72
13 75
13 77
13 80
13 81
13 82
13 83
13 85
13 86
13 87
13 88
13 90
13 91
13 92
13 93
13 97
13 99
14 15
14 18
14 20
14 22
14 26
14 30
14 33
14 36
14 38
14 41
14 45
14 53
14 54
14 56
14 58
14 59
14 64
14 65
14 68
14 76
14 77
14 79
14 81
14 82
14 83
14 84
14 86
14 89
14 93
14 94
14 98
15 17
15 19
15 21
15 22
15 23
15 24
15 25
15 28
15 29
15 30
15 36
15 40
15 43
15 45
15 46
15 48
15 50
15 51
15 52
15 54
15 55
15 58
15 59
15 61
15 62
15 65
15 68
15 69
15 72
15 73
15 74
15 75
15 77
15 78
15 82
15 83
15 85
15 86
15 87
15 89
15 91
15 92
15 96
15 97
15 98
15 99
16 17
16 19
16 20
16 27
16 31
16 34
16 36
16 37
16 38
16 39
16 40
16 42
16 45
16 46
16 48
16 50
16 52
16 53
16 55
16 56
16 57
16 58
16 59
16 61
16 62
16 63
16 64
16 66
16 67
16 68
16 69
16 72
16 74
16 76
16 78
16 79
16 80
16 81
16 82
16 85
16 86
16 87
16 88
16 89
16 90
16 92
16 93
16 94
16 95
16 96
16 97
17 18
17 20
17 21
17 22
17 23
17 24
17 32
17 37
17 38
17 40
17 41
17 42
17 44
17 46
17 49
17 51
17 53
17 60
17 63
17 64
17 65
17 67
17 73
17 74
17 78
17 80
17 83
17 84
17 86
17 88
17 90
17 91
17 93
17 95
17 96
17 98
18 22
18 25
18 27
18 32
18 34
18 35
18 39
18 41
18 42
18 43
18 45
18 47
18 48
18 50
18 52
18 54
18 59
18 60
18 62
18 63
18 64
18 65
18 66
18 70
18 72
18 78
18 80
18 84
18 86
18 88
18 92
18 93
18 94
18 97
18 98
19 22
19 24
19 26
19 27
19 29
19 30
19 35
19 36
19 37
19 38
19 39
19 40
19 42
19 43
19 45
19 50
19 51
19 53
19 55
19 56
19 57
19 58
19 62
19 65
19 66
19 67
19 68
19 69
19 70
19 71
19 72
19 73
19 75
19 76
19 77
19 80
19 83
19 84
19 86
19 89
19 92
19 93
19 97
19 99
20 22
20 23
20 26
20 28
20 30
20 34
20 35
20 39
20 41
20 42
20 44
20 45
20 50
20 52
20 59
20 60
20 66
20 68
20 71
20 73
20 75
20 78
20 79
20 80
20 83
20 84
20 85
20 86
20 89
20 91
20 94
20 97
20 98
21 24
21 25
21 28
21 29
21 30
21 33
21 34
21 35
21 36
21 37
21 38
21 40
21 45
21 53
21 55
21 57
21 58
21 60
21 61
21 62
21 65
21 68
21 70
21 72
21 74
21 75
21 76
21 79
21 82
21 83
21 85
21 86
21 87
21 93
21 99
22 23
22 24
22 25
22 28
22 31
22 32
22 33
22 34
22 35
22 36
22 38
22 42
22 43
22 44
22 45
22 47
22 50
22 55
22 56
22 58
22 59
22 65
22 71
22 73
22 74
22 78
22 80
22 81
22 83
22 84
22 85
22 86
22 87
22 88
22 89
22 91
22 98
22 99
23 27
23 28
23 29
23 32
23 40
23 42
23 46
23 47
23 49
23 50
23 51
23 53
23 57
23 58
23 60
23 63
23 65
23 67
23 71
23 75
23 77
23 81
23 82
23 83
23 85
23 90
23 91
23 96
23 97
23 98
23 99
24 25
24 27
24 28
24 29
24 30
24 32
24 33
24 34
24 36
24 37
24 38
24 40
24 41
24 42
24 43
24 44
24 47
24 48
24 50
24 51
24 52
24 54
24 57
24 58
24 60
24 64
24 67
24 69
24 70
24 71
24 72
24 73
24 75
24 76
24 77
24 78
24 81
24 83
24 86
24 88
24 89
24 92
24 95
24 96
24 97
24 99
25 26
25 29
25 32
25 33
25 35
25 36
25 41
25 42
25 45
25 47
25 52
25 55
25 56
25 58
25 59
25 62
25 64
25 65
25 67
25 71
25 72
25 73
25 74
25 75
25 78
25 79
25 83
25 84
25 85
25 86
25 87
25 88
25 93
25 94
25 95
25 96
25 99
26 29
26 30
26 31
26 35
26 36
26 37
26 38
26 39
26 42
26 43
26 44
26 45
26 46
26 47
26 51
26 52
26 54
26 55
26 56
26 57
26 58
26 59
26 60
26 61
26 71
26 72
26 73
26 74
26 75
26 77
26 79
26 81
26 82
26 83
26 84
26 85
26 86
26 87
26 89
26 90
26 91
26 93
26 95
26 96
26 97
27 28
27 29
27 33
27 34
27 35
27 36
27 37
27 39
27 40
27 42
27 44
27 45
27 46
27 47
27 49
27 50
27 51
27 54
27 58
27 59
27 64
27 69
27 71
27 73
27 74
27 75
27 76
27 79
27 81
27 84
27 85
27 87
27 89
27 91
27 92
27 94
27 97
27 98
28 30
28 31
28 32
28 39
28 40
28 41
28 46
28 47
28 48
28 50
28 51
28 52
28 53
28 57
28 58
28 60
28 62
28 64
28 65
28 69
28 73
28 74
28 78
28 79
28 80
28 81
28 82
28 88
28 91
28 94
28 95
28 97
28 99
29 31
29 36
29 37
29 40
29 41
29 43
29 45
29 46
29 47
29 48
29 51
29 52
29 54
29 55
29 57
29 61
29 67
29 69
29 70
29 76
29 78
29 84
29 85
29 86
29 87
29 90
29 91
29 92
29 95
29 97
29 99
30 32
30 33
30 36
30 37
30 38
30 39
30 40
30 41
30 44
30 45
30 46
30 47
30 49
30 50
30 51
30 52
30 53
30 54
30 55
30 57
30 59
30 62
30 64
30 66
30 67
30 68
30 69
30 70
30 71
30 73
30 76
30 77
30 78
30 79
30 80
30 81
30 83
30 84
30 86
30 90
30 91
30 92
30 96
30 97
30 98
31 41
31 42
31 43
31 45
31 47
31 48
31 51
31 54
31 55
31 56
31 57
31 58
31 60
31 61
31 62
31 65
31 66
31 67
31 69
31 70
31 71
31 72
31 73
31 75
31 76
31 77
31 79
31 83
31 84
31 85
31 89
31 90
31 95
31 96
31 97
32 39
32 40
32 43
32 46
32 51
32 53
32 54
32 56
32 57
32 58
32 59
32 60
32 61
32 62
32 66
32 67
32 68
32 70
32 72
32 73
32 77
32 82
32 83
32 84
32 86
32 88
32 90
32 92
32 94
32 99
33 37
33 38
33 40
33 41
33 42
33 43
33 46
33 50
33 51
33 53
33 54
33 55
33 56
33 61
33 64
33 65
33 71
33 73
33 74
33 75
33 77
33 81
33 84
33 86
33 88
33 89
33 90
33 92
33 98
33 99
34 36
34 38
34 39
34 43
34 47
34 48
34 49
34 50
34 52
34 53
34 55
34 56
34 57
34 59
34 60
34 61
34 68
34 69
34 73
34 74
34 75
34 79
34 80
34 81
34 83
34 85
34 86
34 87
34 88
34 90
34 91
34 94
34 96
34 99
35 40
35 41
35 42
35 43
35 44
35 45
35 47
35 51
35 52
35 54
35 55
35 56
35 57
35 59
35 64
35 65
35 66
35 67
35 70
35 74
35 75
35 80
35 82
35 83
35 84
35 86
35 88
35 91
35 92
35 93
35 94
36 38
36 39
36 41
36 42
36 43
36 45
36 46
36 47
36 48
36 49
36 50
36 52
36 54
36 60
36 61
36 63
36 65
36 74
36 78
36 82
36 83
36 84
36 87
36 89
36 90
36 91
36 92
36 93
36 95
37 39
37 47
37 49
37 50
37 51
37 52
37 53
37 54
37 57
37 62
37 65
37 71
37 75
37 76
37 77
37 79
37 86
37 87
37 88
37 91
37 92
37 93
37 94
37 95
37 97
37 98
38 41
38 44
38 45
38 46
38 48
38 53
38 59
38 60
38 61
38 62
38 64
38 65
38 67
38 71
38 74
38 75
38 76
38 78
38 82
38 83
38 84
38 86
38 87
38 91
38 92
38 94
38 95
38 99
39 41
39 42
39 43
39 47
39 49
39 50
39 52
39 53
39 54
39 55
39 56
39 58
39 59
39 64
39 67
39 69
39 70
39 71
39 74
39 75
39 77
39 81
39 83
39 84
39 85
39 87
39 88
39 92
39 93
39 94
39 96
40 42
40 44
40 45
40 47
40 49
40 52
40 53
40 54
40 55
40 58
40 59
40 60
40 61
40 64
40 66
40 70
40 72
40 73
40 74
40 75
40 76
40 77
40 81
40 82
40 83
40 84
40 86
40 87
40 88
40 89
40 90
40 91
40 92
40 93
40 94
40 95
40 97
40 98
41 42
41 43
41 44
41 46
41 49
41 50
41 51
41 52
41 53
41 55
41 56
41 58
41 59
41 61
41 62
41 63
41 65
41 68
41 69
41 70
41 75
41 77
41 80
41 81
41 82
41 84
41 91
41 93
41 94
41 95
41 96
41 97
42 45
42 46
42 48
42 50
42 53
42 54
42 58
42 60
42 62
42 63
42 65
42 66
42 67
42 68
42 69
42 70
42 71
42 73
42 74
42 75
42 76
42 77
42 78
42 79
42 82
42 84
42 85
42 86
42 89
42 93
42 94
43 45
43 46
43 51
43 52
43 53
43 55
43 57
43 58
43 59
43 60
43 61
43 62
43 65
43 66
43 67
43 69
43 70
43 74
43 78
43 79
43 80
43 82
43 83
43 84
43 86
43 87
43 90
43 93
43 97
43 98
43 99
44 46
44 48
44 49
44 50
44 51
44 54
44 55
44 56
44 57
44 59
44 62
44 63
44 67
44 68
44 70
44 72
44 73
44 76
44 77
44 78
44 79
44 80
44 81
44 84
44 85
44 87
44 89
44 91
44 93
44 94
44 98
45 47
45 48
45 51
45 52
45 53
45 54
45 57
45 61
45 62
45 65
45 66
45 67
45 68
45 69
45 71
45 73
45 75
45 76
45 77
45 79
45 81
45 82
45 85
45 87
45 88
45 89
45 90
45 91
45 92
45 94
45 96
45 98
46 47
46 48
46 50
46 52
46 53
46 55
46 56
46 57
46 58
46 60
46 61
46 62
46 64
46 65
46 66
46 69
46 71
46 79
46 81
46 84
46 87
46 88
46 89
46 92
46 95
46 97
46 99
47 50
47 51
47 52
47 53
47 59
47 62
47 63
47 65
47 66
47 68
47 69
47 70
47 73
47 76
47 79
47 80
47 83
47 84
47 89
47 90
47 91
47 92
47 93
47 96
47 97
47 98
48 50
48 51
48 52
48 55
48 56
48 58
48 61
48 62
48 63
48 64
48 66
48 67
48 69
48 70
48 73
48 74
48 75
48 76
48 81
48 83
48 88
48 90
48 91
48 98
49 52
49 53
49 54
49 55
49 56
49 57
49 58
49 64
49 68
49 70
49 75
49 78
49 80
49 83
49 84
49 85
49 87
49 88
49 89
49 91
49 92
49 93
49 94
49 96
49 97
50 51
50 53
50 54
50 55
50 56
50 58
50 60
50 66
50 67
50 68
50 71
50 74
50 75
50 77
50 79
50 80
50 84
50 85
50 86
50 87
50 91
50 92
50 94
50 96
50 97
50 99
51 53
51 55
51 58
51 59
51 60
51 62
51 63
51 65
51 66
51 67
51 68
51 70
51 72
51 73
51 74
51 75
51 79
51 80
51 83
51 84
51 88
51 90
51 91
51 93
51 97
52 58
52 64
52 65
52 69
52 71
52 72
52 76
52 77
52 78
52 79
52 82
52 83
52 84
52 85
52 87
52 88
52 90
52 91
52 92
52 93
53 54
53 57
53 58
53 60
53 62
53 63
53 68
53 71
53 72
53 78
53 79
53 82
53 83
53 85
53 86
53 90
53 91
53 93
53 96
53 98
53 99
54 56
54 59
54 61
54 62
54 63
54 66
54 68
54 71
54 72
54 74
54 75
54 77
54 78
54 79
54 84
54 89
54 90
54 95
54 96
54 97
54 99
55 56
55 57
55 58
55 59
55 60
55 61
55 63
55 65
55 66
55 67
55 68
55 69
55 70
55 74
55 77
55 79
55 80
55 81
55 83
55 88
55 89
55 91
55 93
55 94
55 95
55 97
55 99
56 57
56 59
56 64
56 65
56 67
56 68
56 69
56 70
56 71
56 73
56 76
56 77
56 78
56 80
56 81
56 85
56 86
56 88
56 89
56 92
56 94
56 95
56 97
56 99
57 58
57 59
57 60
57 61
57 65
57 67
57 70
57 74
57 77
57 78
57 79
57 83
57 85
57 90
57 91
57 92
57 94
57 95
57 96
57 98
58 61
58 62
58 67
58 72
58 73
58 76
58 78
58 81
58 82
58 83
58 91
58 94
58 96
58 98
58 99
59 60
59 63
59 64
59 65
59 67
59 68
59 73
59 74
59 77
59 78
59 79
59 80
59 82
59 83
59 84
59 88
59 89
59 90
59 91
59 93
59 94
59 95
59 98
59 99
60 67
60 70
60 71
60 74
60 75
60 76
60 77
60 78
60 81
60 83
60 85
60 87
60 88
60 89
60 90
60 97
60 98
61 62
61 63
61 64
61 66
61 70
61 71
61 74
61 75
61 76
61 78
61 79
61 81
61 82
61 84
61 85
61 86
61 87
61 89
61 90
61 91
61 92
61 93
61 94
61 97
61 98
62 63
62 64
62 67
62 68
62 70
62 74
62 76
62 77
62 78
62 80
62 82
62 88
62 89
62 90
62 91
62 93
62 94
62 98
62 99
63 64
63 66
63 68
63 69
63 72
63 74
63 75
63 76
63 81
63 82
63 85
63 87
63 88
63 92
63 93
63 94
63 95
63 96
63 97
63 99
64 66
64 67
64 68
64 69
64 70
64 71
64 72
64 73
64 74
64 76
64 77
64 78
64 82
64 83
64 84
64 86
64 87
64 88
64 91
64 92
64 93
64 97
64 99
65 66
65 68
65 69
65 70
65 71
65 80
65 82
65 85
65 86
65 93
65 94
65 97
66 69
66 70
66 74
66 75
66 79
66 80
66 83
66 84
66 85
66 86
66 87
66 88
66 90
66 93
66 94
66 95
66 97
66 98
66 99
67 68
67 71
67 73
67 76
67 80
67 81
67 85
67 87
67 90
67 91
67 92
67 93
67 95
67 96
67 98
68 71
68 74
68 76
68 78
68 79
68 80
68 82
68 83
68 84
68 86
68 88
68 92
68 94
68 97
69 70
69 71
69 76
69 77
69 79
69 84
69 87
69 88
69 89
69 90
69 91
69 94
69 98
69 99
70 75
70 76
70 77
70 78
70 79
70 81
70 85
70 87
70 89
70 90
70 92
70 95
70 96
70 99
71 74
71 75
71 79
71 80
71 83
71 84
71 86
71 88
71 91
71 92
71 96
71 97
71 99
72 73
72 76
72 77
72 79
72 82
72 84
72 85
72 87
72 89
72 95
72 96
72 97
72 98
72 99
73 77
73 78
73 81
73 83
73 85
73 87
73 88
73 89
73 95
73 96
74 75
74 80
74 84
74 86
74 87
74 90
74 92
74 93
74 96
74 97
74 98
74 99
75 79
75 82
75 85
75 87
75 88
75 90
75 93
75 94
75 95
75 96
76 77
76 78
76 79
76 80
76 82
76 83
76 84
76 85
76 88
76 90
76 94
76 97
76 98
76 99
77 78
77 80
77 86
77 87
77 88
77 92
77 94
77 96
77 98
77 99
78 85
78 88
78 89
78 91
78 94
78 99
79 81
79 82
79 86
79 88
79 89
79 92
79 93
79 95
79 96
79 98
80 83
80 85
80 86
80 88
80 90
80 93
80 95
80 96
80 98
81 82
81 83
81 84
81 85
81 86
81 87
81 88
81 89
81 91
81 92
81 93
81 95
81 96
81 97
81 99
82 86
82 89
82 92
82 93
82 94
82 95
82 97
82 98
82 99
83 84
83 85
83 91
83 93
83 95
83 96
83 97
83 98
84 85
84 88
84 89
84 91
84 94
84 98
85 86
85 90
85 92
85 96
85 97
85 98
85 99
86 90
86 91
86 94
86 97
86 98
87 89
87 91
87 93
87 95
87 97
88 89
88 91
88 93
88 94
88 96
88 97
88 99
89 91
89 92
89 95
89 96
89 99
90 91
90 94
90 95
90 96
90 98
91 92
91 94
91 99
92 97
92 98
92 99
93 94
93 95
93 97
93 99
94 95
94 97
94 98
95 96
95 98
96 99
97 98
97 99
