0 1
0 2
0 4
0 5
0 9
0 11
0 13
0 14
0 15
0 16
0 17
0 24
0 28
0 29
0 33
0 36
0 39
0 42
0 44
0 45
0 46
0 48
0 51
0 52
0 53
0 54
0 57
0 58
0 63
0 65
0 66
0 67
0 68
0 73
0 74
0 76
0 77
0 79
0 82
0 83
0 84
0 86
0 87
0 89
0 93
0 97
1 2
1 3
1 4
1 7
1 8
1 10
1 11
1 12
1 13
1 14
1 16
1 17
1 19
1 20
1 22
1 25
1 26
1 27
1 28
1 29
1 30
1 32
1 33
1 34
1 36
1 37
1 39
1 43
1 44
1 48
1 52
1 57
1 58
1 59
1 60
1 62
1 63
1 65
1 66
1 68
1 73
1 76
1 78
1 79
1 81
1 82
1 84
1 85
1 92
1 93
1 95
1 96
1 97
1 98
2 3
2 4
2 8
2 13
2 14
2 16
2 19
2 20
2 24
2 26
2 29
2 30
2 32
2 36
2 37
2 39
2 41
2 42
2 43
2 44
2 46
2 47
2 50
2 53
2 55
2 61
2 62
2 67
2 69
2 72
2 73
2 74
2 75
2 78
2 83
2 85
2 86
2 91
2 93
2 95
2 98
2 99
3 5
3 6
3 9
3 10
3 11
3 13
3 14
3 15
3 19
3 21
3 22
3 24
3 26
3 28
3 31
3 33
3 38
3 40
3 41
3 44
3 45
3 47
3 49
3 50
3 51
3 53
3 54
3 55
3 57
3 58
3 59
3 61
3 62
3 64
3 65
3 66
3 67
3 69
3 70
3 73
3 79
3 83
3 84
3 85
3 87
3 88
3 90
3 92
3 93
3 94
3 99
4 7
4 11
4 12
4 13
4 14
4 16
4 17
4 21
4 22
4 23
4 24
4 28
4 29
4 38
4 40
4 41
4 42
4 43
4 44
4 45
4 48
4 49
4 50
4 51
4 53
4 54
4 55
4 58
4 60
4 67
4 68
4 70
4 74
4 76
4 79
4 81
4 84
4 85
4 87
4 92
4 93
4 95
4 96
4 97
4 99
5 6
5 9
5 11
5 14
5 15
5 17
5 20
5 23
5 26
5 27
5 28
5 31
5 34
5 36
5 37
5 39
5 40
5 42
5 44
5 45
5 46
5 49
5 53
5 57
5 58
5 59
5 60
5 63
5 65
5 67
5 68
5 72
5 73
5 74
5 76
5 77
5 78
5 79
5 81
5 82
5 87
5 91
5 94
5 99
6 7
6 11
6 12
6 18
6 22
6 23
6 26
6 28
6 30
6 31
6 35
6 36
6 37
6 42
6 45
6 46
6 47
6 49
6 53
6 54
6 55
6 57
6 58
6 59
6 62
6 66
6 68
6 72
6 75
6 76
6 78
6 80
6 83
6 84
6 85
6 86
6 88
6 91
6 92
6 93
7 8
7 10
7 12
7 14
7 16
7 18
7 22
7 23
7 24
7 26
7 27
7 31
7 32
7 34
7 35
7 37
7 39
7 40
7 41
7 42
7 43
7 46
7 47
7 48
7 49
7 50
7 53
7 54
7 56
7 57
7 59
7 60
7 63
7 64
7 65
7 66
7 67
7 68
7 69
7 72
7 73
7 75
7 81
7 83
7 84
7 86
7 87
7 88
7 91
7 92
7 94
7 95
7 97
7 98
8 11
8 14
8 15
8 16
8 17
8 18
8 19
8 21
8 22
8 23
8 25
8 27
8 29
8 31
8 32
8 33
8 35
8 36
8 40
8 41
8 42
8 44
8 45
8 47
8 51
8 54
8 56
8 57
8 58
8 59
8 67
8 68
8 70
8 72
8 77
8 78
8 79
8 80
8 83
8 85
8 87
8 88
8 89
8 92
8 94
8 95
8 99
9 11
9 13
9 16
9 17
9 18
9 19
9 21
9 23
9 24
9 26
9 34
9 37
9 41
9 42
9 47
9 48
9 50
9 52
9 53
9 54
9 60
9 61
9 66
9 69
9 71
9 74
9 75
9 76
9 77
9 79
9 80
9 82
9 84
9 89
9 91
9 92
9 93
9 94
9 95
9 97
9 98
10 11
10 17
10 18
10 19
10 20
10 25
10 27
10 29
10 32
10 36
10 37
10 40
10 41
10 43
10 48
10 50
10 51
10 53
10 54
10 55
10 56
10 57
10 58
10 60
10 62
10 63
10 65
10 66
10 67
10 69
10 72
10 73
10 77
10 78
10 80
10 82
10 84
10 85
10 86
10 96
10 97
10 98
11 12
11 14
11 16
11 18
11 19
11 21
11 25
11 26
11 28
11 30
11 33
11 35
11 37
11 38
11 41
11 42
11 54
11 57
11 58
11 60
11 62
11 64
11 65
11 70
11 74
11 77
11 78
11 81
11 83
11 84
11 85
11 86
11 87
11 88
11 93
11 95
11 98
11 99
12 13
12 14
12 15
12 17
12 18
12 20
12 23
12 24
12 25
12 26
12 32
12 33
12 35
12 36
12 37
12 38
12 39
12 40
12 41
12 42
12 43
12 45
12 46
12 47
12 50
12 53
12 56
12 58
12 59
12 65
12 66
12 69
12 70
12 71
12 75
12 77
12 78
12 79
12 81
12 82
12 83
12 84
12 91
12 92
12 93
12 95
12 96
13 14
13 16
13 17
13 22
13 25
13 27
13 29
13 31
13 33
13 34
13 37
13 38
13 39
13 41
13 42
13 44
13 45
13 49
13 50
13 51
13 54
13 55
13 56
13 60
13 61
13 62
13 67
13 68
13 69
13 72
13 74
13 76
13 77
13 79
13 82
13 84
13 86
13 91
13 92
13 93
13 95
13 97
14 15
14 16
14 17
14 19
14 22
14 23
14 25
14 26
14 28
14 29
14 31
14 33
14 35
14 37
14 39
14 40
14 44
14 46
14 47
14 48
14 50
14 53
14 54
14 56
14 58
14 59
14 60
14 63
14 65
14 69
14 75
14 76
14 78
14 79
14 80
14 82
14 86
14 87
14 88
14 89
14 92
14 93
14 96
14 97
14 99
15 16
15 17
15 18
15 20
15 21
15 25
15 26
15 28
15 31
15 32
15 33
15 34
15 35
15 38
15 39
15 40
15 43
15 44
15 46
15 49
15 53
15 55
15 56
15 57
15 60
15 61
15 62
15 63
15 66
15 70
15 71
15 73
15 74
15 77
15 78
15 79
15 81
15 84
15 85
15 87
15 88
15 89
15 90
15 96
15 97
15 98
15 99
16 17
16 19
16 20
16 23
16 24
16 25
16 27
16 29
16 30
16 32
16 33
16 35
16 36
16 37
16 39
16 44
16 46
16 50
16 51
16 53
16 54
16 55
16 56
16 57
16 59
16 61
16 64
16 65
16 66
16 69
16 77
16 79
16 80
16 82
16 83
16 85
16 87
16 88
16 89
16 90
16 91
16 95
16 96
16 97
16 98
16 99
17 19
17 20
17 24
17 26
17 29
17 32
17 33
17 36
17 38
17 39
17 43
17 45
17 48
17 49
17 52
17 55
17 56
17 57
17 58
17 59
17 60
17 61
17 62
17 63
17 66
17 67
17 68
17 69
17 71
17 77
17 79
17 80
17 82
17 83
17 89
17 90
17 92
17 93
17 94
17 97
17 98
18 19
18 20
18 21
18 24
18 25
18 27
18 28
18 29
18 30
18 31
18 32
18 34
18 37
18 40
18 42
18 44
18 45
18 46
18 47
18 48
18 50
18 51
18 52
18 53
18 54
18 57
18 60
18 62
18 63
18 69
18 71
18 75
18 79
18 80
18 81
18 83
18 84
18 85
18 86
18 88
18 90
18 92
18 93
18 94
19 20
19 21
19 22
19 25
19 26
19 28
19 38
19 39
19 41
19 43
19 44
19 45
19 47
19 50
19 54
19 56
19 59
19 62
19 64
19 70
19 75
19 78
19 81
19 83
19 84
19 87
19 89
19 91
19 93
19 94
19 95
19 96
19 97
19 98
19 99
20 22
20 25
20 26
20 29
20 30
20 32
20 33
20 35
20 36
20 37
20 39
20 40
20 41
20 43
20 44
20 45
20 46
20 48
20 49
20 53
20 54
20 55
20 56
20 57
20 58
20 62
20 63
20 69
20 70
20 74
20 76
20 77
20 78
20 79
20 80
20 81
20 83
20 85
20 87
20 91
20 94
20 95
20 99
21 22
21 23
21 24
21 25
21 26
21 27
21 28
21 29
21 32
21 33
21 35
21 36
21 39
21 40
21 42
21 46
21 49
21 51
21 52
21 54
21 56
21 57
21 60
21 61
21 62
21 63
21 66
21 70
21 72
21 75
21 76
21 78
21 80
21 84
21 86
21 88
21 90
21 91
21 92
21 97
22 23
22 24
22 25
22 31
22 32
22 33
22 35
22 36
22 37
22 39
22 40
22 42
22 44
22 47
22 52
22 53
22 56
22 57
22 61
22 64
22 66
22 82
22 83
22 84
22 86
22 88
22 91
22 92
22 93
22 95
22 96
22 99
23 24
23 28
23 31
23 34
23 36
23 37
23 38
23 40
23 41
23 42
23 43
23 46
23 47
23 48
23 50
23 51
23 52
23 53
23 54
23 58
23 60
23 62
23 63
23 67
23 76
23 77
23 78
23 79
23 80
23 82
23 85
23 93
23 94
23 95
24 27
24 33
24 35
24 36
24 37
24 41
24 46
24 49
24 50
24 53
24 56
24 59
24 61
24 64
24 65
24 66
24 67
24 68
24 69
24 70
24 72
24 73
24 77
24 78
24 79
24 80
24 81
24 82
24 86
24 87
24 91
24 93
24 94
24 95
24 97
24 99
25 26
25 28
25 29
25 31
25 32
25 33
25 34
25 35
25 38
25 40
25 42
25 44
25 45
25 46
25 50
25 53
25 54
25 56
25 59
25 60
25 62
25 65
25 67
25 69
25 70
25 72
25 75
25 77
25 79
25 80
25 82
25 85
25 87
25 89
25 90
25 94
25 97
25 99
26 27
26 28
26 31
26 32
26 34
26 35
26 36
26 37
26 39
26 46
26 48
26 49
26 52
26 53
26 54
26 55
26 58
26 59
26 61
26 64
26 66
26 67
26 68
26 70
26 71
26 72
26 73
26 74
26 76
26 77
26 79
26 82
26 83
26 85
26 86
26 87
26 88
26 89
26 90
26 91
26 94
26 95
26 97
26 98
27 29
27 30
27 32
27 34
27 35
27 36
27 39
27 41
27 42
27 43
27 44
27 47
27 49
27 54
27 56
27 58
27 59
27 60
27 62
27 63
27 65
27 66
27 67
27 72
27 74
27 78
27 80
27 84
27 85
27 86
27 87
27 89
27 91
27 92
27 93
27 95
27 96
27 99
28 29
28 31
28 32
28 35
28 36
28 37
28 38
28 39
28 42
28 44
28 45
28 48
28 51
28 55
28 57
28 58
28 60
28 63
28 64
28 65
28 66
28 67
28 71
28 72
28 73
28 74
28 75
28 76
28 77
28 78
28 79
28 82
28 84
28 85
28 89
28 94
29 30
29 33
29 34
29 36
29 39
29 42
29 43
29 44
29 45
29 46
29 49
29 51
29 54
29 55
29 56
29 58
29 62
29 63
29 64
29 67
29 68
29 69
29 72
29 73
29 75
29 76
29 78
29 82
29 83
29 84
29 85
29 86
29 87
29 93
29 95
29 96
29 98
29 99
30 32
30 34
30 40
30 44
30 46
30 50
30 51
30 52
30 55
30 61
30 67
30 70
30 71
30 75
30 76
30 80
30 83
30 84
30 89
30 90
30 92
30 93
30 95
30 96
30 98
31 33
31 35
31 37
31 39
31 40
31 43
31 44
31 45
31 47
31 48
31 49
31 50
31 51
31 52
31 53
31 54
31 55
31 58
31 60
31 63
31 64
31 65
31 68
31 70
31 71
31 76
31 78
31 79
31 80
31 82
31 84
31 86
31 87
31 90
31 91
31 92
31 93
31 94
31 96
31 99
32 33
32 34
32 37
32 39
32 41
32 44
32 45
32 50
32 52
32 53
32 54
32 55
32 56
32 57
32 58
32 59
32 60
32 61
32 64
32 65
32 66
32 69
32 72
32 74
32 76
32 78
32 80
32 81
32 82
32 88
32 99
33 35
33 36
33 38
33 40
33 43
33 45
33 46
33 47
33 51
33 53
33 56
33 64
33 67
33 68
33 69
33 70
33 71
33 73
33 75
33 77
33 78
33 81
33 82
33 84
33 85
33 88
33 89
33 91
33 92
33 93
33 94
33 96
34 35
34 36
34 43
34 48
34 49
34 50
34 51
34 55
34 58
34 60
34 61
34 65
34 66
34 67
34 71
34 72
34 73
34 75
34 78
34 80
34 81
34 83
34 85
34 88
34 93
34 95
34 96
34 97
34 99
35 36
35 38
35 39
35 40
35 41
35 42
35 46
35 47
35 49
35 50
35 53
35 55
35 56
35 59
35 61
35 66
35 71
35 75
35 77
35 78
35 82
35 84
35 89
35 91
35 94
35 96
35 98
36 38
36 39
36 40
36 43
36 46
36 47
36 48
36 49
36 50
36 51
36 53
36 55
36 56
36 57
36 60
36 61
36 62
36 64
36 66
36 67
36 68
36 69
36 70
36 72
36 74
36 75
36 76
36 78
36 82
36 83
36 86
36 91
36 93
36 94
36 95
36 96
36 98
37 39
37 40
37 41
37 43
37 44
37 50
37 53
37 54
37 55
37 56
37 58
37 59
37 60
37 62
37 65
37 67
37 68
37 69
37 71
37 73
37 74
37 81
37 82
37 84
37 85
37 86
37 88
37 89
37 90
37 92
37 94
37 95
37 97
37 99
38 39
38 47
38 50
38 51
38 53
38 54
38 55
38 56
38 58
38 61
38 64
38 65
38 66
38 70
38 72
38 73
38 75
38 80
38 81
38 82
38 84
38 85
38 90
38 91
38 92
38 94
38 96
38 97
38 98
39 40
39 41
39 42
39 44
39 45
39 46
39 48
39 49
39 50
39 52
39 53
39 56
39 59
39 62
39 65
39 67
39 68
39 72
39 73
39 74
39 76
39 77
39 78
39 79
39 81
39 83
39 84
39 86
39 88
39 92
39 93
39 96
39 99
40 41
40 42
40 43
40 46
40 50
40 54
40 58
40 61
40 63
40 64
40 66
40 69
40 70
40 71
40 72
40 73
40 74
40 76
40 78
40 80
40 82
40 84
40 86
40 87
40 88
40 92
40 93
40 94
40 95
40 98
40 99
41 45
41 47
41 48
41 49
41 51
41 52
41 54
41 55
41 56
41 59
41 62
41 63
41 64
41 66
41 70
41 73
41 75
41 80
41 81
41 83
41 84
41 86
41 88
41 89
41 91
41 93
41 94
41 96
41 97
41 98
41 99
42 45
42 46
42 48
42 49
42 50
42 52
42 53
42 55
42 56
42 57
42 62
42 63
42 68
42 69
42 71
42 72
42 77
42 80
42 81
42 84
42 85
42 86
42 87
42 88
42 89
42 90
42 92
42 93
42 94
42 95
43 45
43 51
43 52
43 54
43 55
43 59
43 68
43 69
43 72
43 73
43 75
43 76
43 80
43 82
43 83
43 84
43 88
43 90
43 91
43 92
43 93
43 94
43 95
43 99
44 49
44 51
44 52
44 53
44 54
44 56
44 57
44 58
44 61
44 62
44 65
44 66
44 67
44 68
44 69
44 72
44 75
44 77
44 78
44 79
44 80
44 87
44 90
44 91
44 92
44 93
44 95
44 96
44 97
44 98
45 46
45 47
45 48
45 53
45 57
45 58
45 60
45 61
45 62
45 63
45 64
45 65
45 66
45 67
45 68
45 71
45 72
45 74
45 75
45 77
45 79
45 81
45 85
45 86
45 87
45 88
45 89
45 90
45 92
45 96
45 97
46 47
46 49
46 50
46 51
46 54
46 56
46 58
46 61
46 62
46 63
46 64
46 65
46 66
46 67
46 71
46 72
46 73
46 74
46 77
46 80
46 83
46 87
46 88
46 89
46 90
46 93
46 96
46 97
46 98
46 99
47 51
47 56
47 60
47 64
47 65
47 66
47 68
47 70
47 72
47 77
47 79
47 80
47 82
47 84
47 86
47 91
47 92
47 93
47 97
47 99
48 49
48 50
48 51
48 54
48 55
48 60
48 63
48 64
48 67
48 69
48 73
48 74
48 75
48 76
48 81
48 82
48 83
48 87
48 90
48 95
48 97
48 98
49 50
49 52
49 53
49 54
49 55
49 58
49 59
49 69
49 71
49 73
49 74
49 75
49 76
49 77
49 78
49 79
49 81
49 85
49 89
49 90
49 91
49 93
50 56
50 57
50 58
50 60
50 65
50 66
50 67
50 68
50 69
50 70
50 71
50 72
50 74
50 77
50 79
50 83
50 85
50 86
50 88
50 90
50 91
50 92
50 93
50 94
50 95
50 96
50 97
50 98
51 52
51 54
51 55
51 56
51 60
51 61
51 62
51 63
51 65
51 66
51 67
51 68
51 71
51 72
51 73
51 74
51 77
51 80
51 81
51 82
51 85
51 86
51 87
51 90
51 91
51 92
51 94
51 97
51 98
51 99
52 53
52 56
52 58
52 60
52 61
52 62
52 63
52 65
52 68
52 69
52 70
52 71
52 72
52 73
52 74
52 76
52 78
52 79
52 80
52 81
52 82
52 83
52 85
52 92
52 93
52 94
52 97
53 55
53 57
53 59
53 61
53 65
53 66
53 69
53 70
53 73
53 74
53 80
53 82
53 84
53 85
53 86
53 90
53 92
53 94
53 95
54 56
54 58
54 59
54 61
54 62
54 64
54 66
54 69
54 70
54 72
54 73
54 77
54 86
54 87
54 93
54 95
54 96
54 98
55 58
55 61
55 65
55 67
55 68
55 70
55 71
55 72
55 73
55 74
55 75
55 76
55 77
55 78
55 79
55 82
55 84
55 88
55 89
55 92
55 93
55 94
55 97
56 59
56 64
56 67
56 71
56 76
56 78
56 85
56 87
56 89
56 90
56 91
56 97
56 98
56 99
57 58
57 60
57 62
57 66
57 68
57 69
57 70
57 72
57 77
57 80
57 81
57 83
57 87
57 88
57 90
57 91
57 94
57 95
58 59
58 63
58 65
58 66
58 67
58 77
58 82
58 85
58 86
58 87
58 88
58 89
58 91
58 93
58 96
58 98
58 99
59 60
59 61
59 62
59 64
59 66
59 67
59 69
59 75
59 78
59 79
59 82
59 83
59 84
59 88
59 89
59 90
59 91
59 92
59 97
59 98
60 61
60 62
60 67
60 71
60 72
60 73
60 75
60 81
60 82
60 83
60 85
60 86
60 87
60 88
60 89
60 90
60 91
60 92
60 94
60 97
60 99
61 62
61 63
61 65
61 67
61 68
61 72
61 73
61 75
61 76
61 77
61 81
61 82
61 83
61 84
61 85
61 86
61 87
61 92
61 93
61 94
61 96
61 97
62 64
62 65
62 67
62 68
62 69
62 70
62 74
62 77
62 78
62 79
62 80
62 83
62 85
62 86
62 90
62 91
62 92
62 93
62 94
62 98
63 64
63 65
63 66
63 68
63 70
63 72
63 73
63 81
63 82
63 83
63 87
63 88
63 89
63 90
63 93
63 94
63 96
63 97
64 68
64 71
64 73
64 74
64 75
64 76
64 78
64 79
64 83
64 86
64 87
64 88
64 89
64 90
64 95
64 96
65 66
65 68
65 73
65 76
65 77
65 78
65 80
65 83
65 84
65 85
65 87
65 89
65 91
65 92
65 93
65 94
65 96
65 98
66 68
66 69
66 70
66 72
66 73
66 74
66 77
66 83
66 85
66 91
66 93
66 94
66 95
66 96
66 98
66 99
67 70
67 71
67 72
67 74
67 75
67 77
67 79
67 80
67 81
67 83
67 84
67 85
67 89
67 90
67 91
67 94
67 96
67 97
67 99
68 70
68 72
68 73
68 76
68 80
68 85
68 90
68 91
68 92
68 94
68 96
68 97
68 99
69 77
69 78
69 81
69 82
69 83
69 84
69 85
69 86
69 87
69 88
69 89
69 90
69 91
69 93
69 94
69 95
69 96
69 97
69 98
70 71
70 72
70 73
70 76
70 77
70 78
70 83
70 84
70 87
70 91
70 92
70 93
70 95
70 98
71 72
71 73
71 75
71 80
71 82
71 85
71 86
71 87
71 88
71 90
71 93
71 95
71 96
71 99
72 73
72 75
72 79
72 82
72 84
72 85
72 86
72 88
72 89
72 90
72 91
72 92
72 95
72 99
73 75
73 77
73 78
73 79
73 80
73 81
73 82
73 83
73 87
73 90
73 91
73 95
74 82
74 83
74 84
74 86
74 92
74 93
74 94
74 95
74 96
74 98
75 76
75 80
75 81
75 82
75 83
75 84
75 85
75 87
75 88
75 89
75 90
75 91
75 93
75 97
75 98
75 99
76 78
76 82
76 85
76 87
76 88
76 89
76 92
76 93
76 94
76 95
76 97
76 98
76 99
77 79
77 81
77 83
77 84
77 85
77 86
77 87
77 88
77 91
77 97
77 98
77 99
78 79
78 80
78 81
78 82
78 84
78 88
78 89
78 90
78 94
78 96
78 97
78 99
79 82
79 83
79 84
79 86
79 89
79 90
79 91
79 93
79 96
79 97
79 98
79 99
80 85
80 89
80 90
80 92
80 95
80 99
81 82
81 84
81 85
81 87
81 88
81 91
81 93
81 95
81 97
81 98
82 86
82 87
82 88
82 89
82 90
82 93
82 95
82 96
83 85
83 88
83 89
83 90
83 91
83 93
83 94
83 95
83 98
84 86
84 88
84 89
84 91
84 93
84 95
84 97
84 98
84 99
85 87
85 89
85 90
85 95
85 97
85 99
86 87
86 89
86 90
86 91
86 93
86 94
87 92
87 93
87 94
87 96
87 97
87 98
88 89
88 90
88 92
88 93
88 94
88 96
88 98
89 92
89 94
89 95
90 93
90 94
90 95
90 99
91 93
91 95
91 97
92 94
92 96
92 99
93 95
93 96
93 99
94 97
94 98
95 97
95 99
96 98
96 99
97 98
