0 2
0 3
0 4
0 5
0 7
0 17
0 18
0 20
0 22
0 24
0 26
0 27
0 29
0 32
0 35
0 36
0 38
0 39
0 40
0 43
0 44
0 47
0 48
0 52
0 55
0 56
0 57
0 58
0 61
0 62
0 63
0 65
0 66
0 67
0 70
0 72
0 74
0 76
0 77
0 78
0 79
0 81
0 86
0 91
0 94
0 96
0 99
1 6
1 8
1 9
1 10
1 11
1 12
1 14
1 15
1 17
1 18
1 20
1 21
1 24
1 25
1 26
1 27
1 29
1 30
1 33
1 34
1 39
1 40
1 42
1 43
1 44
1 45
1 50
1 52
1 53
1 56
1 61
1 63
1 64
1 65
1 67
1 69
1 70
1 72
1 74
1 76
1 78
1 79
1 80
1 81
1 82
1 84
1 86
1 87
1 89
1 90
1 91
1 92
1 93
1 95
1 96
1 98
1 99
2 4
2 8
2 10
2 11
2 12
2 19
2 21
2 22
2 27
2 29
2 30
2 31
2 32
2 33
2 36
2 37
2 38
2 39
2 40
2 45
2 47
2 49
2 51
2 53
2 55
2 56
2 57
2 58
2 60
2 62
2 63
2 67
2 68
2 70
2 71
2 72
2 75
2 77
2 78
2 79
2 83
2 84
2 86
2 88
2 89
2 91
2 92
2 93
2 94
2 96
3 4
3 6
3 11
3 12
3 16
3 18
3 19
3 20
3 24
3 25
3 27
3 28
3 29
3 32
3 35
3 36
3 38
3 39
3 44
3 47
3 49
3 50
3 51
3 52
3 57
3 64
3 65
3 69
3 73
3 74
3 76
3 77
3 81
3 85
3 86
3 87
3 88
3 89
3 90
3 94
3 95
3 97
3 98
3 99
4 7
4 8
4 9
4 10
4 14
4 16
4 18
4 20
4 22
4 25
4 26
4 29
4 30
4 32
4 34
4 35
4 36
4 38
4 39
4 41
4 44
4 46
4 47
4 48
4 50
4 51
4 52
4 53
4 54
4 56
4 57
4 59
4 61
4 62
4 66
4 67
4 70
4 71
4 72
4 73
4 74
4 75
4 76
4 77
4 78
4 79
4 80
4 81
4 82
4 83
4 84
4 85
4 87
4 88
4 90
4 91
4 93
4 94
4 98
4 99
5 6
5 8
5 9
5 11
5 13
5 14
5 15
5 18
5 19
5 22
5 23
5 25
5 28
5 36
5 39
5 41
5 42
5 43
5 45
5 46
5 48
5 49
5 51
5 55
5 56
5 57
5 60
5 61
5 62
5 63
5 64
5 65
5 66
5 70
5 71
5 74
5 75
5 76
5 79
5 81
5 82
5 84
5 88
5 89
5 95
5 96
5 97
6 7
6 13
6 17
6 20
6 21
6 22
6 23
6 25
6 26
6 27
6 28
6 29
6 31
6 33
6 34
6 36
6 39
6 45
6 50
6 52
6 55
6 56
6 60
6 62
6 64
6 65
6 66
6 67
6 68
6 70
6 73
6 74
6 76
6 78
6 84
6 85
6 87
6 88
6 90
6 91
6 92
6 94
6 95
6 96
6 98
7 9
7 12
7 13
7 14
7 18
7 19
7 21
7 23
7 25
7 27
7 31
7 32
7 38
7 39
7 40
7 41
7 42
7 44
7 46
7 47
7 49
7 50
7 51
7 52
7 53
7 54
7 55
7 58
7 61
7 63
7 68
7 70
7 72
7 74
7 79
7 82
7 85
7 88
7 90
7 91
7 92
7 93
7 94
7 96
7 99
8 9
8 12
8 13
8 14
8 15
8 17
8 18
8 19
8 20
8 22
8 23
8 24
8 25
8 27
8 29
8 34
8 35
8 36
8 37
8 38
8 39
8 40
8 41
8 43
8 46
8 47
8 48
8 52
8 55
8 56
8 58
8 60
8 64
8 66
8 67
8 68
8 69
8 71
8 73
8 74
8 75
8 76
8 78
8 79
8 81
8 83
8 88
8 89
8 91
8 94
8 95
8 96
8 97
8 98
8 99
9 11
9 16
9 17
9 19
9 20
9 21
9 24
9 25
9 26
9 28
9 29
9 34
9 37
9 40
9 44
9 45
9 46
9 47
9 48
9 51
9 53
9 54
9 55
9 56
9 57
9 58
9 60
9 61
9 63
9 65
9 66
9 69
9 70
9 72
9 73
9 76
9 77
9 79
9 81
9 82
9 83
9 85
9 87
9 89
9 91
9 93
9 94
9 95
9 96
9 97
10 16
10 17
10 20
10 22
10 23
10 24
10 26
10 29
10 30
10 34
10 37
10 39
10 40
10 46
10 48
10 51
10 53
10 54
10 57
10 59
10 62
10 66
10 68
10 69
10 74
10 76
10 82
10 84
10 86
10 87
10 91
10 92
10 93
10 95
10 96
10 97
10 99
11 12
11 13
11 14
11 16
11 18
11 20
11 21
11 23
11 24
11 26
11 27
11 28
11 37
11 38
11 39
11 40
11 41
11 42
11 43
11 46
11 47
11 50
11 52
11 53
11 56
11 57
11 65
11 66
11 68
11 69
11 72
11 78
11 79
11 80
11 82
11 84
11 87
11 89
11 90
11 91
11 96
11 98
12 16
12 17
12 18
12 20
12 21
12 23
12 25
12 26
12 27
12 29
12 31
12 32
12 33
12 34
12 37
12 40
12 44
12 46
12 48
12 49
12 50
12 54
12 55
12 57
12 61
12 63
12 64
12 65
12 66
12 67
12 76
12 79
12 81
12 82
12 83
12 84
12 85
12 86
12 88
12 93
12 95
12 98
12 99
13 14
13 18
13 19
13 20
13 29
13 30
13 32
13 39
13 40
13 42
13 43
13 44
13 45
13 47
13 48
13 49
13 52
13 53
13 56
13 58
13 59
13 61
13 63
13 65
13 67
13 68
13 70
13 74
13 78
13 79
13 81
13 85
13 86
13 87
13 90
13 93
13 94
13 96
13 98
13 99
14 16
14 23
14 24
14 28
14 36
14 37
14 39
14 41
14 46
14 48
14 49
14 52
14 56
14 60
14 61
14 62
14 63
14 66
14 67
14 71
14 72
14 73
14 74
14 76
14 77
14 78
14 79
14 80
14 83
14 89
14 91
14 95
14 97
14 99
15 17
15 19
15 21
15 24
15 30
15 31
15 32
15 33
15 34
15 36
15 38
15 40
15 41
15 42
15 44
15 47
15 48
15 50
15 52
15 55
15 56
15 57
15 58
15 60
15 64
15 65
15 66
15 69
15 70
15 75
15 76
15 78
15 79
15 80
15 82
15 83
15 85
15 92
15 93
15 94
15 97
15 98
16 21
16 24
16 27
16 29
16 30
16 32
16 33
16 35
16 39
16 41
16 42
16 44
16 45
16 46
16 55
16 56
16 58
16 59
16 61
16 62
16 65
16 66
16 68
16 70
16 71
16 72
16 73
16 74
16 75
16 76
16 77
16 79
16 81
16 82
16 83
16 84
16 86
16 87
16 89
16 90
16 92
16 93
16 96
16 98
16 99
17 18
17 20
17 21
17 24
17 25
17 28
17 29
17 31
17 33
17 34
17 37
17 39
17 41
17 44
17 45
17 46
17 48
17 49
17 50
17 51
17 54
17 57
17 60
17 61
17 62
17 64
17 66
17 67
17 68
17 71
17 76
17 79
17 80
17 82
17 83
17 85
17 89
17 92
17 93
17 95
17 97
17 99
18 19
18 20
18 21
18 22
18 23
18 24
18 27
18 31
18 32
18 33
18 34
18 35
18 36
18 38
18 39
18 40
18 41
18 46
18 47
18 50
18 51
18 52
18 53
18 56
18 57
18 59
18 60
18 61
18 62
18 65
18 66
18 68
18 69
18 70
18 75
18 78
18 79
18 80
18 82
18 84
18 87
18 88
18 90
18 93
18 94
18 95
18 97
19 20
19 21
19 23
19 26
19 27
19 30
19 31
19 34
19 36
19 37
19 41
19 42
19 43
19 44
19 47
19 49
19 52
19 54
19 57
19 58
19 60
19 63
19 64
19 65
19 66
19 69
19 73
19 76
19 77
19 78
19 79
19 80
19 81
19 83
19 84
19 85
19 87
19 88
19 89
19 91
19 93
19 95
19 96
19 97
20 21
20 23
20 25
20 26
20 28
20 29
20 32
20 34
20 41
20 43
20 44
20 45
20 46
20 47
20 55
20 59
20 60
20 61
20 65
20 67
20 69
20 72
20 74
20 78
20 82
20 83
20 85
20 87
20 90
20 95
20 97
20 99
21 23
21 24
21 25
21 27
21 28
21 31
21 32
21 35
21 36
21 37
21 38
21 39
21 42
21 44
21 46
21 47
21 51
21 52
21 56
21 59
21 60
21 62
21 63
21 64
21 67
21 69
21 70
21 72
21 73
21 74
21 76
21 77
21 78
21 79
21 81
21 84
21 86
21 90
21 91
21 92
21 93
21 95
21 96
21 97
21 98
21 99
22 25
22 26
22 27
22 30
22 33
22 34
22 35
22 36
22 40
22 42
22 46
22 47
22 51
22 52
22 53
22 54
22 55
22 62
22 63
22 65
22 66
22 69
22 70
22 72
22 73
22 74
22 77
22 80
22 83
22 86
22 87
22 89
22 93
22 94
22 97
22 99
23 27
23 28
23 29
23 34
23 35
23 36
23 37
23 38
23 41
23 45
23 47
23 50
23 52
23 54
23 55
23 59
23 60
23 61
23 62
23 66
23 67
23 73
23 74
23 75
23 76
23 77
23 79
23 83
23 84
23 90
23 91
23 93
23 94
24 28
24 30
24 36
24 40
24 41
24 46
24 47
24 50
24 53
24 55
24 57
24 58
24 60
24 63
24 70
24 74
24 78
24 80
24 81
24 83
24 86
24 87
24 88
24 91
24 94
24 96
24 97
25 26
25 31
25 32
25 36
25 38
25 39
25 40
25 45
25 46
25 47
25 49
25 50
25 51
25 55
25 60
25 61
25 62
25 64
25 65
25 66
25 69
25 71
25 73
25 77
25 79
25 81
25 83
25 85
25 86
25 87
25 89
25 93
25 94
25 95
25 98
26 28
26 29
26 31
26 32
26 33
26 34
26 38
26 39
26 42
26 44
26 45
26 46
26 49
26 50
26 53
26 54
26 57
26 59
26 63
26 66
26 68
26 70
26 75
26 76
26 77
26 81
26 83
26 84
26 86
26 89
26 90
26 91
26 92
26 93
26 95
26 97
26 98
27 29
27 31
27 32
27 36
27 37
27 40
27 42
27 45
27 47
27 48
27 50
27 51
27 52
27 53
27 54
27 55
27 59
27 60
27 66
27 69
27 72
27 74
27 75
27 76
27 79
27 81
27 84
27 86
27 87
27 88
27 89
27 92
27 93
27 94
27 95
27 98
28 30
28 31
28 33
28 35
28 37
28 38
28 39
28 40
28 43
28 45
28 46
28 47
28 54
28 56
28 57
28 58
28 60
28 62
28 63
28 69
28 71
28 74
28 75
28 79
28 80
28 81
28 83
28 87
28 90
28 98
28 99
29 35
29 36
29 42
29 44
29 46
29 48
29 49
29 51
29 53
29 54
29 56
29 57
29 58
29 63
29 65
29 67
29 69
29 70
29 71
29 72
29 75
29 76
29 77
29 79
29 82
29 83
29 84
29 86
29 88
29 92
29 96
29 97
30 31
30 34
30 37
30 38
30 41
30 42
30 45
30 48
30 52
30 55
30 59
30 60
30 61
30 65
30 67
30 68
30 69
30 72
30 74
30 75
30 77
30 78
30 79
30 82
30 84
30 85
30 86
30 88
30 89
30 91
30 92
30 93
30 96
30 98
30 99
31 33
31 34
31 35
31 37
31 43
31 44
31 45
31 46
31 51
31 52
31 54
31 56
31 58
31 59
31 60
31 62
31 64
31 65
31 67
31 68
31 70
31 73
31 77
31 81
31 82
31 86
31 87
31 88
31 90
31 91
31 94
31 98
31 99
32 33
32 34
32 37
32 38
32 40
32 42
32 47
32 50
32 51
32 55
32 56
32 58
32 59
32 60
32 61
32 62
32 63
32 64
32 68
32 70
32 72
32 73
32 78
32 79
32 80
32 82
32 83
32 84
32 85
32 88
32 89
32 96
33 34
33 37
33 41
33 43
33 44
33 45
33 49
33 50
33 51
33 52
33 53
33 65
33 66
33 67
33 69
33 71
33 72
33 74
33 75
33 78
33 82
33 83
33 85
33 89
33 94
33 95
33 96
34 36
34 37
34 38
34 39
34 44
34 46
34 49
34 51
34 52
34 53
34 54
34 55
34 58
34 60
34 61
34 62
34 63
34 66
34 67
34 68
34 70
34 72
34 75
34 76
34 77
34 78
34 80
34 81
34 82
34 85
34 87
34 88
34 89
34 95
34 96
34 97
34 99
35 42
35 44
35 47
35 48
35 49
35 53
35 59
35 60
35 61
35 62
35 64
35 68
35 71
35 72
35 73
35 74
35 76
35 77
35 78
35 79
35 81
35 85
35 97
35 98
36 40
36 42
36 45
36 49
36 51
36 52
36 53
36 57
36 58
36 59
36 61
36 62
36 63
36 71
36 75
36 76
36 77
36 79
36 80
36 84
36 86
36 87
36 93
36 94
36 96
36 98
36 99
37 38
37 41
37 42
37 44
37 45
37 48
37 49
37 55
37 57
37 59
37 63
37 64
37 65
37 68
37 70
37 73
37 75
37 79
37 84
37 86
37 87
37 88
37 89
37 90
37 91
37 93
38 39
38 40
38 41
38 42
38 46
38 47
38 51
38 52
38 54
38 55
38 56
38 58
38 60
38 61
38 62
38 65
38 66
38 67
38 68
38 69
38 71
38 72
38 73
38 74
38 82
38 83
38 85
38 86
38 88
38 91
38 93
38 95
38 97
38 99
39 40
39 41
39 42
39 45
39 46
39 47
39 49
39 50
39 55
39 58
39 59
39 61
39 63
39 64
39 65
39 66
39 68
39 69
39 71
39 78
39 79
39 80
39 81
39 82
39 85
39 89
39 90
39 93
39 94
39 98
39 99
40 41
40 42
40 48
40 49
40 50
40 52
40 54
40 56
40 58
40 59
40 61
40 64
40 65
40 69
40 70
40 71
40 81
40 83
40 88
40 92
40 93
40 94
40 97
40 98
41 42
41 43
41 47
41 48
41 51
41 52
41 53
41 55
41 56
41 60
41 62
41 63
41 64
41 65
41 67
41 68
41 69
41 70
41 71
41 72
41 73
41 74
41 76
41 77
41 78
41 79
41 83
41 85
41 86
41 87
41 89
41 93
41 94
41 96
41 99
42 43
42 44
42 45
42 51
42 53
42 54
42 56
42 59
42 60
42 61
42 62
42 64
42 66
42 69
42 71
42 72
42 75
42 76
42 78
42 79
42 81
42 85
42 88
42 90
42 93
42 95
42 96
43 44
43 48
43 49
43 50
43 51
43 52
43 60
43 61
43 62
43 63
43 65
43 66
43 69
43 71
43 72
43 76
43 77
43 78
43 80
43 81
43 85
43 86
43 89
43 92
43 93
43 95
44 45
44 46
44 47
44 49
44 52
44 54
44 56
44 57
44 61
44 63
44 65
44 72
44 73
44 77
44 82
44 83
44 84
44 86
44 87
44 89
44 90
44 94
44 95
44 97
44 99
45 47
45 48
45 55
45 57
45 63
45 67
45 68
45 69
45 70
45 72
45 76
45 78
45 79
45 80
45 86
45 88
45 96
45 99
46 52
46 53
46 56
46 57
46 63
46 64
46 66
46 68
46 69
46 70
46 73
46 74
46 75
46 76
46 78
46 79
46 80
46 81
46 83
46 84
46 85
46 86
46 91
46 93
46 94
46 95
46 97
46 99
47 48
47 49
47 53
47 55
47 57
47 62
47 63
47 66
47 67
47 69
47 70
47 71
47 73
47 74
47 83
47 84
47 86
47 87
47 88
47 89
47 90
47 91
47 95
47 96
48 50
48 54
48 55
48 56
48 58
48 60
48 61
48 63
48 64
48 66
48 67
48 68
48 69
48 71
48 74
48 75
48 78
48 81
48 86
48 91
48 92
48 94
48 95
48 96
48 97
48 98
48 99
49 50
49 52
49 53
49 54
49 55
49 59
49 60
49 63
49 65
49 67
49 68
49 74
49 75
49 76
49 77
49 78
49 79
49 80
49 81
49 88
49 89
49 91
49 93
49 95
49 96
49 97
49 99
50 52
50 53
50 54
50 55
50 56
50 59
50 60
50 63
50 64
50 66
50 67
50 68
50 70
50 72
50 73
50 75
50 79
50 80
50 83
50 85
50 89
50 90
50 91
50 93
50 96
50 97
51 52
51 56
51 58
51 61
51 62
51 63
51 64
51 65
51 67
51 71
51 79
51 80
51 81
51 82
51 88
51 89
51 90
51 91
51 92
51 95
51 96
51 98
52 54
52 55
52 58
52 59
52 65
52 66
52 67
52 68
52 69
52 70
52 72
52 73
52 74
52 78
52 79
52 80
52 81
52 82
52 83
52 86
52 88
52 90
52 91
52 94
52 95
52 98
53 54
53 55
53 56
53 60
53 62
53 64
53 65
53 66
53 67
53 68
53 69
53 71
53 73
53 74
53 77
53 78
53 80
53 81
53 82
53 83
53 85
53 87
53 91
53 94
53 95
53 96
53 98
54 56
54 58
54 59
54 60
54 61
54 62
54 65
54 66
54 72
54 73
54 74
54 76
54 77
54 81
54 82
54 83
54 87
54 89
54 90
54 93
54 96
55 56
55 60
55 63
55 66
55 68
55 69
55 74
55 75
55 77
55 87
55 88
55 90
55 91
55 92
55 93
55 94
55 95
55 96
55 97
55 98
56 59
56 61
56 64
56 65
56 66
56 69
56 71
56 72
56 73
56 75
56 77
56 80
56 81
56 84
56 85
56 91
56 92
56 95
56 96
56 97
56 99
57 60
57 63
57 64
57 66
57 69
57 71
57 72
57 75
57 79
57 81
57 82
57 84
57 89
57 92
57 93
57 95
57 98
58 60
58 61
58 62
58 67
58 69
58 70
58 73
58 78
58 84
58 85
58 86
58 87
58 88
58 89
58 90
58 91
58 94
58 95
58 97
58 99
59 60
59 62
59 65
59 66
59 67
59 68
59 75
59 76
59 78
59 83
59 84
59 85
59 87
59 89
59 91
59 94
59 95
59 96
59 97
59 98
60 61
60 62
60 64
60 73
60 74
60 75
60 80
60 82
60 83
60 85
60 92
60 93
60 94
60 98
61 64
61 65
61 66
61 69
61 70
61 73
61 74
61 75
61 76
61 77
61 79
61 81
61 83
61 84
61 85
61 87
61 89
61 90
61 91
61 92
61 98
62 64
62 72
62 73
62 75
62 79
62 83
62 84
62 86
62 91
62 93
62 94
62 96
62 97
62 99
63 65
63 66
63 68
63 69
63 70
63 72
63 74
63 75
63 76
63 77
63 80
63 84
63 85
63 88
63 90
63 93
63 94
63 96
63 97
64 66
64 67
64 68
64 71
64 73
64 74
64 76
64 79
64 80
64 81
64 84
64 85
64 87
64 88
64 89
64 90
64 91
64 92
64 95
64 96
64 99
65 66
65 70
65 72
65 73
65 76
65 78
65 82
65 85
65 86
65 87
65 91
65 92
65 93
65 94
65 95
66 67
66 68
66 69
66 70
66 71
66 74
66 76
66 77
66 79
66 80
66 83
66 85
66 86
66 89
66 92
66 93
66 95
66 99
67 68
67 76
67 77
67 78
67 80
67 81
67 82
67 83
67 85
67 86
67 87
67 89
67 90
67 91
67 92
67 93
67 95
67 96
67 97
68 69
68 72
68 73
68 74
68 75
68 76
68 77
68 78
68 83
68 84
68 87
68 88
68 89
68 90
68 92
68 93
68 94
68 95
68 96
68 98
68 99
69 70
69 71
69 73
69 74
69 75
69 76
69 81
69 84
69 87
69 88
69 89
69 90
69 93
69 96
69 97
69 98
70 72
70 73
70 76
70 77
70 78
70 80
70 82
70 84
70 86
70 89
70 90
70 92
70 98
71 73
71 74
71 75
71 77
71 79
71 82
71 85
71 86
71 88
71 90
71 91
71 92
71 93
71 94
71 95
71 98
72 84
72 87
72 88
72 90
72 92
72 97
72 99
73 74
73 78
73 79
73 87
73 89
73 90
73 91
73 95
73 98
73 99
74 75
74 78
74 82
74 85
74 86
74 88
74 89
74 92
74 94
74 95
74 96
74 97
74 98
74 99
75 77
75 80
75 81
75 82
75 87
75 89
75 91
75 92
75 94
75 95
75 97
75 99
76 77
76 79
76 81
76 82
76 87
76 89
76 90
76 94
76 95
76 97
76 98
77 78
77 79
77 82
77 83
77 85
77 88
77 90
77 92
77 93
77 95
77 98
78 79
78 83
78 85
78 86
78 87
78 88
78 93
78 95
78 98
79 81
79 83
79 86
79 95
79 97
79 98
79 99
80 82
80 83
80 84
80 85
80 88
80 90
80 93
80 94
80 96
80 97
80 98
81 86
81 88
81 89
81 90
81 97
81 98
82 83
82 87
82 88
82 89
82 90
82 91
82 92
82 94
82 95
82 99
83 84
83 87
83 90
83 93
83 96
83 97
84 90
84 92
84 93
84 95
85 86
85 88
85 90
85 91
85 92
85 93
85 94
85 95
85 96
85 97
86 90
86 92
86 93
86 97
86 99
87 88
87 90
87 91
87 92
87 95
87 96
87 99
88 90
88 92
88 93
88 94
88 95
88 98
89 90
89 99
90 92
90 94
90 99
91 92
91 99
92 93
92 94
92 95
92 96
92 97
92 98
93 94
93 98
94 96
94 97
94 98
94 99
95 96
95 99
96 98
96 99
97 98
97 99
98 99
