0 1
0 2
0 3
0 4
0 5
0 6
0 9
0 10
0 11
0 19
0 20
0 21
0 23
0 24
0 26
0 28
0 29
0 31
0 32
0 36
0 39
0 40
0 41
0 42
0 43
0 47
0 48
0 51
0 55
0 56
0 57
0 58
0 60
0 64
0 65
0 68
0 69
0 70
0 72
0 73
0 74
0 75
0 76
0 78
0 79
0 81
0 82
0 83
0 86
0 87
0 88
0 99
1 2
1 5
1 7
1 8
1 10
1 11
1 12
1 13
1 15
1 17
1 18
1 19
1 24
1 27
1 29
1 31
1 32
1 33
1 34
1 37
1 38
1 39
1 40
1 41
1 42
1 44
1 45
1 46
1 47
1 49
1 51
1 53
1 55
1 56
1 57
1 58
1 59
1 60
1 61
1 62
1 67
1 69
1 76
1 78
1 82
1 83
1 84
1 87
1 89
1 91
1 93
1 95
1 96
1 97
1 98
2 3
2 4
2 9
2 15
2 18
2 19
2 23
2 24
2 26
2 28
2 29
2 30
2 32
2 34
2 35
2 37
2 38
2 39
2 41
2 42
2 43
2 44
2 51
2 53
2 54
2 56
2 58
2 59
2 62
2 66
2 68
2 70
2 75
2 80
2 83
2 84
2 85
2 95
2 96
2 98
3 5
3 6
3 9
3 11
3 13
3 14
3 15
3 16
3 18
3 19
3 20
3 22
3 23
3 25
3 26
3 28
3 30
3 31
3 33
3 34
3 36
3 37
3 38
3 40
3 51
3 52
3 54
3 57
3 59
3 62
3 64
3 67
3 69
3 70
3 73
3 75
3 76
3 79
3 82
3 83
3 89
3 91
3 92
3 93
3 94
3 95
3 98
4 5
4 6
4 9
4 12
4 13
4 15
4 17
4 18
4 20
4 21
4 23
4 24
4 27
4 28
4 29
4 31
4 35
4 37
4 38
4 41
4 47
4 48
4 50
4 51
4 53
4 54
4 59
4 62
4 63
4 64
4 65
4 67
4 68
4 72
4 74
4 75
4 76
4 79
4 83
4 84
4 85
4 88
4 89
4 90
4 91
4 92
4 97
4 99
5 8
5 10
5 11
5 12
5 13
5 15
5 21
5 23
5 25
5 26
5 28
5 29
5 30
5 32
5 35
5 36
5 40
5 42
5 43
5 44
5 46
5 47
5 49
5 55
5 57
5 60
5 62
5 65
5 67
5 70
5 72
5 73
5 74
5 77
5 78
5 79
5 80
5 81
5 84
5 86
5 90
5 91
5 93
5 95
5 96
5 97
5 98
6 9
6 10
6 13
6 14
6 15
6 16
6 17
6 19
6 20
6 22
6 23
6 25
6 27
6 29
6 30
6 31
6 32
6 34
6 35
6 36
6 38
6 39
6 41
6 45
6 51
6 52
6 55
6 59
6 61
6 62
6 65
6 66
6 67
6 69
6 70
6 71
6 73
6 76
6 77
6 78
6 81
6 88
6 90
6 93
6 94
6 95
6 96
6 97
7 10
7 11
7 15
7 16
7 18
7 19
7 22
7 25
7 26
7 27
7 29
7 32
7 33
7 34
7 37
7 38
7 39
7 42
7 46
7 49
7 54
7 57
7 60
7 63
7 64
7 65
7 68
7 69
7 71
7 72
7 74
7 77
7 78
7 79
7 81
7 82
7 85
7 91
7 92
7 96
7 98
7 99
8 10
8 15
8 17
8 18
8 19
8 20
8 24
8 26
8 27
8 32
8 33
8 35
8 36
8 38
8 41
8 44
8 47
8 49
8 51
8 52
8 53
8 54
8 55
8 56
8 59
8 60
8 62
8 64
8 65
8 68
8 72
8 81
8 82
8 83
8 86
8 89
8 91
8 92
8 93
8 97
8 99
9 10
9 12
9 13
9 22
9 23
9 25
9 26
9 30
9 31
9 34
9 35
9 36
9 37
9 38
9 41
9 42
9 43
9 45
9 46
9 47
9 49
9 57
9 58
9 62
9 63
9 64
9 65
9 66
9 67
9 68
9 71
9 72
9 73
9 74
9 75
9 79
9 80
9 83
9 85
9 87
9 89
9 91
9 92
9 95
9 96
9 97
9 98
10 11
10 12
10 13
10 14
10 19
10 20
10 21
10 22
10 25
10 27
10 28
10 29
10 30
10 32
10 35
10 38
10 39
10 40
10 43
10 44
10 45
10 46
10 47
10 48
10 50
10 51
10 52
10 53
10 54
10 58
10 62
10 65
10 67
10 69
10 72
10 73
10 74
10 77
10 78
10 79
10 81
10 83
10 86
10 87
10 88
10 89
10 90
10 91
10 92
10 93
10 96
10 99
11 14
11 16
11 17
11 18
11 22
11 24
11 26
11 27
11 28
11 29
11 30
11 32
11 37
11 41
11 42
11 46
11 47
11 51
11 53
11 58
11 60
11 61
11 62
11 65
11 67
11 68
11 70
11 71
11 72
11 75
11 80
11 82
11 84
11 85
11 86
11 93
11 95
11 96
11 97
11 98
11 99
12 13
12 14
12 16
12 20
12 21
12 23
12 24
12 26
12 32
12 33
12 35
12 38
12 39
12 40
12 42
12 51
12 52
12 54
12 55
12 59
12 60
12 62
12 63
12 67
12 69
12 71
12 72
12 73
12 77
12 78
12 80
12 82
12 86
12 88
12 90
12 91
12 92
12 96
12 97
12 99
13 14
13 15
13 16
13 17
13 19
13 23
13 24
13 26
13 27
13 35
13 36
13 41
13 44
13 46
13 48
13 49
13 50
13 51
13 52
13 53
13 54
13 55
13 58
13 59
13 61
13 63
13 64
13 65
13 66
13 67
13 68
13 69
13 70
13 72
13 73
13 78
13 79
13 80
13 81
13 83
13 84
13 85
13 86
13 91
13 92
13 95
13 97
13 99
14 18
14 21
14 23
14 25
14 27
14 28
14 32
14 38
14 41
14 43
14 44
14 46
14 49
14 50
14 51
14 53
14 57
14 59
14 60
14 62
14 63
14 64
14 68
14 72
14 74
14 75
14 76
14 77
14 78
14 80
14 82
14 83
14 84
14 89
14 90
14 92
14 94
14 96
14 97
14 98
15 17
15 21
15 23
15 25
15 26
15 28
15 29
15 30
15 31
15 33
15 37
15 38
15 42
15 44
15 46
15 47
15 50
15 53
15 54
15 55
15 61
15 66
15 67
15 68
15 69
15 71
15 72
15 74
15 77
15 78
15 80
15 81
15 85
15 90
15 92
15 93
15 95
15 96
15 97
16 17
16 20
16 21
16 27
16 33
16 34
16 35
16 37
16 39
16 41
16 43
16 45
16 47
16 48
16 52
16 53
16 55
16 57
16 58
16 59
16 61
16 62
16 65
16 66
16 68
16 69
16 71
16 74
16 75
16 76
16 77
16 78
16 79
16 80
16 81
16 83
16 88
16 90
16 91
16 94
16 95
16 96
16 98
16 99
17 18
17 19
17 20
17 21
17 22
17 23
17 24
17 27
17 29
17 30
17 35
17 36
17 37
17 41
17 42
17 46
17 47
17 52
17 54
17 57
17 58
17 60
17 63
17 66
17 71
17 72
17 73
17 74
17 77
17 78
17 79
17 81
17 86
17 87
17 88
17 89
17 91
17 94
17 96
17 98
17 99
18 22
18 23
18 24
18 25
18 27
18 28
18 30
18 31
18 32
18 35
18 36
18 37
18 39
18 42
18 43
18 44
18 46
18 50
18 53
18 54
18 56
18 58
18 60
18 61
18 62
18 64
18 65
18 66
18 69
18 71
18 73
18 75
18 77
18 78
18 80
18 81
18 83
18 85
18 86
18 87
18 88
18 89
18 90
18 92
18 94
18 97
18 98
18 99
19 21
19 22
19 23
19 24
19 25
19 33
19 36
19 37
19 38
19 41
19 42
19 43
19 44
19 46
19 48
19 50
19 51
19 52
19 54
19 55
19 57
19 59
19 60
19 61
19 63
19 66
19 67
19 70
19 71
19 73
19 76
19 77
19 80
19 81
19 83
19 84
19 85
19 87
19 88
19 89
19 90
19 92
19 94
19 95
19 97
20 21
20 24
20 25
20 28
20 29
20 32
20 33
20 34
20 36
20 37
20 38
20 39
20 40
20 47
20 48
20 49
20 50
20 53
20 57
20 58
20 59
20 61
20 66
20 67
20 69
20 71
20 73
20 79
20 80
20 81
20 82
20 84
20 86
20 87
20 90
20 91
20 94
20 95
20 96
20 99
21 22
21 23
21 25
21 28
21 31
21 32
21 33
21 35
21 36
21 40
21 45
21 46
21 47
21 49
21 51
21 53
21 56
21 59
21 62
21 63
21 65
21 66
21 67
21 68
21 69
21 70
21 71
21 74
21 75
21 76
21 78
21 80
21 81
21 84
21 86
21 87
21 94
21 95
21 99
22 24
22 26
22 27
22 30
22 33
22 35
22 37
22 39
22 41
22 44
22 45
22 47
22 48
22 49
22 51
22 54
22 55
22 58
22 59
22 60
22 61
22 66
22 68
22 70
22 71
22 72
22 74
22 76
22 78
22 80
22 81
22 82
22 84
22 87
22 91
22 94
22 96
22 98
22 99
23 24
23 25
23 27
23 28
23 30
23 31
23 32
23 34
23 38
23 40
23 43
23 46
23 47
23 48
23 51
23 52
23 53
23 54
23 60
23 63
23 65
23 68
23 69
23 72
23 74
23 75
23 76
23 77
23 78
23 79
23 83
23 84
23 89
23 90
23 93
23 94
23 95
23 96
23 98
24 25
24 26
24 27
24 28
24 30
24 32
24 34
24 35
24 37
24 38
24 39
24 41
24 42
24 50
24 51
24 52
24 53
24 55
24 57
24 58
24 59
24 62
24 63
24 65
24 68
24 71
24 72
24 74
24 77
24 79
24 81
24 82
24 83
24 85
24 86
24 88
24 89
24 90
24 91
24 92
24 93
24 94
24 96
24 99
25 26
25 28
25 29
25 31
25 32
25 33
25 35
25 36
25 37
25 38
25 39
25 40
25 43
25 44
25 46
25 48
25 51
25 52
25 53
25 54
25 55
25 57
25 58
25 60
25 63
25 64
25 67
25 69
25 71
25 75
25 77
25 82
25 84
25 85
25 86
25 88
25 90
25 93
25 96
25 97
25 99
26 32
26 33
26 34
26 38
26 39
26 41
26 44
26 50
26 51
26 53
26 54
26 56
26 58
26 60
26 61
26 62
26 63
26 64
26 65
26 70
26 71
26 72
26 75
26 76
26 77
26 78
26 80
26 81
26 82
26 85
26 87
26 89
26 95
26 96
26 97
26 99
27 29
27 30
27 31
27 32
27 33
27 34
27 35
27 36
27 37
27 38
27 40
27 45
27 46
27 48
27 49
27 50
27 54
27 55
27 56
27 57
27 58
27 60
27 61
27 64
27 67
27 70
27 71
27 73
27 79
27 82
27 83
27 84
27 86
27 88
27 90
27 91
27 92
27 93
27 95
27 97
27 99
28 30
28 32
28 34
28 35
28 38
28 40
28 41
28 43
28 44
28 45
28 50
28 55
28 56
28 58
28 59
28 60
28 64
28 65
28 71
28 73
28 76
28 80
28 81
28 82
28 83
28 85
28 86
28 88
28 90
28 92
28 93
28 94
28 97
28 98
28 99
29 30
29 31
29 34
29 37
29 38
29 40
29 43
29 44
29 45
29 47
29 50
29 52
29 53
29 55
29 63
29 64
29 66
29 67
29 68
29 69
29 71
29 73
29 74
29 75
29 79
29 82
29 83
29 85
29 88
29 89
29 90
29 91
29 92
29 95
29 96
29 98
30 31
30 32
30 36
30 38
30 40
30 43
30 48
30 49
30 50
30 51
30 52
30 53
30 57
30 61
30 62
30 64
30 65
30 67
30 68
30 69
30 70
30 71
30 78
30 79
30 80
30 82
30 83
30 86
30 87
30 88
30 91
30 92
30 94
30 97
30 99
31 33
31 36
31 39
31 41
31 42
31 43
31 44
31 46
31 47
31 50
31 53
31 54
31 60
31 62
31 65
31 66
31 67
31 69
31 71
31 73
31 77
31 79
31 83
31 86
31 87
31 88
31 89
31 90
31 91
31 94
31 95
31 97
31 98
31 99
32 37
32 39
32 41
32 42
32 43
32 44
32 46
32 49
32 50
32 51
32 53
32 54
32 56
32 58
32 59
32 60
32 61
32 62
32 67
32 77
32 79
32 81
32 82
32 83
32 84
32 87
32 89
32 90
32 91
32 92
32 94
32 95
32 96
32 98
32 99
33 35
33 38
33 39
33 40
33 41
33 42
33 44
33 46
33 47
33 48
33 49
33 50
33 51
33 52
33 54
33 59
33 61
33 62
33 64
33 65
33 67
33 68
33 69
33 73
33 75
33 76
33 77
33 80
33 81
33 84
33 85
33 86
33 88
33 91
33 92
33 93
33 94
33 95
33 97
33 98
33 99
34 37
34 41
34 44
34 46
34 49
34 52
34 53
34 56
34 60
34 66
34 67
34 68
34 69
34 70
34 74
34 77
34 78
34 79
34 81
34 83
34 84
34 87
34 88
34 89
34 90
34 92
34 94
34 95
34 97
34 98
34 99
35 37
35 38
35 43
35 44
35 46
35 47
35 50
35 52
35 54
35 55
35 57
35 62
35 63
35 65
35 66
35 68
35 69
35 70
35 72
35 75
35 76
35 79
35 83
35 86
35 89
35 90
35 94
35 99
36 37
36 38
36 41
36 42
36 43
36 49
36 52
36 53
36 54
36 58
36 64
36 66
36 67
36 68
36 69
36 70
36 71
36 72
36 76
36 77
36 79
36 80
36 82
36 85
36 86
36 88
36 91
36 92
36 93
36 94
36 96
36 97
37 41
37 45
37 47
37 48
37 50
37 55
37 58
37 60
37 61
37 63
37 64
37 66
37 68
37 73
37 74
37 80
37 81
37 84
37 85
37 86
37 91
37 92
37 93
37 94
37 95
37 96
37 98
37 99
38 39
38 41
38 43
38 45
38 46
38 47
38 48
38 49
38 51
38 53
38 57
38 58
38 60
38 62
38 63
38 67
38 68
38 70
38 72
38 74
38 75
38 76
38 78
38 81
38 82
38 84
38 86
38 88
38 89
38 93
38 95
38 96
38 97
39 40
39 45
39 46
39 47
39 49
39 50
39 51
39 53
39 54
39 55
39 58
39 59
39 60
39 62
39 63
39 64
39 65
39 67
39 71
39 72
39 73
39 76
39 79
39 80
39 83
39 87
39 89
39 91
39 92
39 94
39 96
39 97
39 98
39 99
40 42
40 43
40 44
40 45
40 47
40 52
40 57
40 61
40 62
40 64
40 67
40 70
40 71
40 74
40 75
40 76
40 77
40 80
40 84
40 85
40 86
40 88
40 89
40 92
40 94
40 95
40 97
40 99
41 42
41 43
41 46
41 47
41 48
41 50
41 51
41 52
41 53
41 54
41 55
41 56
41 60
41 61
41 62
41 63
41 65
41 66
41 67
41 68
41 70
41 72
41 73
41 74
41 75
41 78
41 80
41 82
41 83
41 84
41 86
41 88
41 90
41 91
41 94
41 95
41 97
41 99
42 44
42 45
42 49
42 50
42 51
42 52
42 53
42 55
42 56
42 58
42 59
42 61
42 62
42 63
42 66
42 69
42 72
42 75
42 76
42 77
42 80
42 81
42 82
42 84
42 86
42 90
43 47
43 48
43 49
43 50
43 53
43 55
43 58
43 62
43 63
43 64
43 66
43 68
43 70
43 71
43 73
43 74
43 75
43 76
43 77
43 78
43 85
43 86
43 91
43 92
43 94
43 95
43 96
43 97
44 46
44 47
44 48
44 50
44 51
44 54
44 55
44 60
44 61
44 62
44 65
44 67
44 68
44 69
44 71
44 72
44 73
44 75
44 78
44 84
44 88
44 90
44 93
44 94
44 95
44 97
44 98
45 46
45 47
45 51
45 52
45 54
45 55
45 58
45 64
45 67
45 68
45 69
45 70
45 71
45 72
45 73
45 74
45 77
45 81
45 83
45 84
45 91
45 92
45 95
45 96
45 99
46 48
46 52
46 55
46 56
46 60
46 61
46 69
46 71
46 73
46 75
46 76
46 78
46 80
46 82
46 93
46 96
46 97
46 98
47 48
47 49
47 51
47 52
47 53
47 55
47 58
47 59
47 61
47 63
47 64
47 65
47 66
47 67
47 68
47 69
47 70
47 71
47 74
47 76
47 78
47 80
47 81
47 82
47 84
47 85
47 88
47 91
47 92
47 95
47 97
48 49
48 51
48 52
48 53
48 55
48 56
48 57
48 58
48 62
48 65
48 66
48 68
48 70
48 72
48 73
48 74
48 75
48 79
48 81
48 83
48 84
48 88
48 89
48 92
48 94
48 95
48 97
49 50
49 51
49 54
49 57
49 66
49 68
49 72
49 74
49 76
49 81
49 82
49 85
49 87
49 91
49 92
49 94
49 97
49 99
50 53
50 54
50 57
50 60
50 61
50 64
50 66
50 69
50 72
50 74
50 75
50 78
50 81
50 83
50 84
50 86
50 88
50 90
50 92
50 93
50 95
50 96
50 97
50 99
51 54
51 55
51 56
51 57
51 58
51 60
51 61
51 62
51 64
51 66
51 68
51 69
51 71
51 73
51 75
51 77
51 79
51 83
51 84
51 85
51 88
51 89
51 90
51 91
51 92
51 93
51 96
51 99
52 54
52 56
52 57
52 61
52 62
52 65
52 67
52 69
52 70
52 71
52 72
52 73
52 76
52 83
52 84
52 85
52 87
52 88
52 94
52 95
52 99
53 55
53 57
53 58
53 62
53 63
53 64
53 65
53 69
53 70
53 71
53 72
53 73
53 76
53 78
53 79
53 82
53 83
53 85
53 86
53 88
53 91
53 93
53 94
53 95
53 97
53 99
54 55
54 56
54 57
54 60
54 63
54 64
54 65
54 66
54 69
54 70
54 71
54 72
54 74
54 76
54 79
54 80
54 81
54 83
54 84
54 86
54 88
54 89
54 90
54 95
54 97
54 99
55 56
55 60
55 61
55 62
55 63
55 64
55 66
55 67
55 70
55 71
55 72
55 73
55 75
55 78
55 81
55 84
55 86
55 89
55 90
55 92
55 93
55 94
55 95
55 96
55 97
55 98
55 99
56 57
56 59
56 61
56 62
56 65
56 66
56 68
56 69
56 72
56 73
56 76
56 80
56 86
56 87
56 88
56 90
56 93
56 95
56 97
56 98
56 99
57 59
57 61
57 62
57 64
57 65
57 69
57 71
57 78
57 79
57 83
57 84
57 85
57 87
57 89
57 92
57 94
57 95
57 96
57 98
58 59
58 63
58 65
58 66
58 67
58 68
58 71
58 72
58 74
58 75
58 76
58 77
58 78
58 79
58 82
58 83
58 84
58 85
58 87
58 89
58 92
58 93
58 94
58 95
58 96
58 98
59 61
59 64
59 65
59 68
59 70
59 71
59 74
59 75
59 78
59 82
59 84
59 87
59 88
59 90
59 92
59 93
59 99
60 61
60 64
60 65
60 67
60 68
60 69
60 70
60 71
60 72
60 74
60 77
60 80
60 82
60 83
60 84
60 85
60 88
60 89
60 94
60 96
61 62
61 63
61 64
61 65
61 67
61 70
61 76
61 77
61 80
61 84
61 86
61 88
61 90
61 91
61 93
61 94
61 95
61 97
61 99
62 63
62 65
62 66
62 67
62 70
62 71
62 74
62 75
62 77
62 81
62 82
62 84
62 85
62 87
62 90
62 92
62 93
62 95
62 96
62 98
63 64
63 65
63 67
63 68
63 69
63 70
63 71
63 72
63 73
63 75
63 78
63 79
63 80
63 81
63 82
63 83
63 85
63 87
63 88
63 89
63 92
63 94
63 95
63 98
64 66
64 70
64 71
64 72
64 74
64 75
64 77
64 78
64 79
64 82
64 83
64 88
64 89
64 92
64 95
64 98
64 99
65 67
65 71
65 74
65 75
65 78
65 80
65 81
65 84
65 85
65 86
65 90
65 91
65 93
65 94
65 97
66 69
66 73
66 74
66 75
66 79
66 81
66 84
66 85
66 90
66 91
66 93
66 96
66 97
66 99
67 68
67 70
67 72
67 74
67 75
67 78
67 79
67 80
67 81
67 82
67 83
67 85
67 88
67 90
67 91
67 95
67 98
67 99
68 74
68 77
68 78
68 79
68 80
68 85
68 88
68 92
68 98
68 99
69 71
69 73
69 74
69 76
69 78
69 80
69 81
69 82
69 86
69 87
69 88
69 89
69 90
69 91
69 96
69 97
69 99
70 71
70 73
70 74
70 77
70 79
70 81
70 85
70 87
70 89
70 90
70 91
70 92
70 93
70 94
70 95
70 96
70 99
71 74
71 78
71 81
71 82
71 85
71 86
71 87
71 88
71 90
71 92
71 96
71 97
71 98
72 73
72 79
72 80
72 81
72 83
72 85
72 86
72 88
72 89
72 90
72 94
72 95
72 96
73 78
73 81
73 82
73 83
73 85
73 87
73 88
73 89
73 91
73 94
73 96
73 98
73 99
74 77
74 79
74 80
74 82
74 84
74 88
74 89
74 95
74 96
75 77
75 78
75 79
75 80
75 82
75 83
75 89
75 91
75 93
75 94
75 96
75 98
75 99
76 79
76 81
76 82
76 87
76 92
76 94
76 96
76 97
77 80
77 84
77 86
77 87
77 90
77 92
77 93
77 95
77 97
77 99
78 79
78 81
78 82
78 83
78 85
78 88
78 90
79 81
79 82
79 88
79 89
79 91
79 93
79 94
79 97
80 81
80 82
80 83
80 84
80 85
80 86
80 87
80 88
80 89
80 90
80 93
80 95
80 96
80 97
80 98
80 99
81 82
81 83
81 85
81 90
81 94
81 95
81 97
81 98
81 99
82 83
82 84
82 87
82 88
82 89
82 90
82 91
82 92
82 93
82 97
83 85
83 89
83 90
83 94
83 95
83 96
83 97
83 98
84 86
84 87
84 90
84 91
84 93
84 94
84 95
84 96
85 87
85 89
85 91
85 94
85 96
85 97
85 99
86 87
86 88
86 89
86 90
86 92
86 98
87 90
87 93
87 95
87 98
87 99
88 89
88 90
88 91
88 92
88 93
88 94
88 96
88 97
88 98
88 99
89 90
89 92
89 94
89 95
90 91
90 94
90 95
90 96
90 98
91 92
91 93
91 96
91 99
92 95
92 96
94 95
94 96
94 97
96 97
97 98
97 99
98 99
