0 1
0 2
0 6
0 9
0 11
0 13
0 14
0 17
0 19
0 20
0 21
0 23
0 24
0 25
0 26
0 28
0 30
0 31
0 33
0 34
0 35
0 36
0 38
0 41
0 42
0 45
0 50
0 52
0 54
0 55
0 57
0 59
0 61
0 62
0 63
0 64
0 66
0 67
0 69
0 70
0 71
0 73
0 74
0 75
0 76
0 77
0 80
0 81
0 82
0 84
0 85
0 86
0 87
0 89
0 94
0 99
1 6
1 9
1 10
1 14
1 15
1 16
1 19
1 21
1 22
1 23
1 24
1 25
1 26
1 27
1 31
1 37
1 39
1 40
1 42
1 45
1 47
1 49
1 50
1 52
1 56
1 57
1 59
1 61
1 63
1 68
1 71
1 73
1 76
1 79
1 81
1 83
1 84
1 86
1 87
1 88
1 89
1 90
1 95
1 96
1 99
2 5
2 7
2 8
2 9
2 10
2 11
2 14
2 16
2 18
2 20
2 21
2 22
2 27
2 29
2 30
2 33
2 37
2 38
2 44
2 46
2 48
2 50
2 53
2 54
2 55
2 58
2 59
2 63
2 65
2 66
2 67
2 68
2 72
2 74
2 75
2 76
2 77
2 80
2 81
2 82
2 84
2 85
2 87
2 89
2 90
2 91
2 94
2 95
2 96
2 98
3 7
3 9
3 11
3 13
3 14
3 15
3 21
3 22
3 23
3 25
3 27
3 28
3 37
3 38
3 42
3 44
3 45
3 47
3 48
3 51
3 52
3 53
3 54
3 55
3 57
3 63
3 64
3 67
3 68
3 69
3 73
3 74
3 78
3 79
3 80
3 83
3 85
3 86
3 88
3 90
3 91
3 95
3 96
3 97
3 99
4 6
4 7
4 9
4 10
4 12
4 13
4 15
4 16
4 17
4 19
4 24
4 25
4 26
4 28
4 30
4 32
4 33
4 34
4 35
4 36
4 44
4 46
4 47
4 51
4 53
4 54
4 56
4 60
4 62
4 63
4 65
4 69
4 70
4 71
4 72
4 73
4 76
4 78
4 79
4 80
4 81
4 82
4 85
4 87
4 88
4 90
4 91
4 92
4 94
5 8
5 10
5 11
5 14
5 17
5 18
5 19
5 20
5 21
5 22
5 25
5 27
5 30
5 31
5 34
5 35
5 39
5 40
5 44
5 45
5 49
5 53
5 54
5 55
5 56
5 58
5 60
5 62
5 64
5 66
5 67
5 68
5 71
5 73
5 75
5 77
5 78
5 79
5 80
5 81
5 82
5 83
5 84
5 85
5 86
5 88
5 89
5 91
5 92
5 93
5 95
5 98
5 99
6 8
6 13
6 18
6 24
6 25
6 26
6 29
6 31
6 36
6 37
6 38
6 39
6 40
6 41
6 44
6 45
6 46
6 48
6 49
6 50
6 53
6 54
6 58
6 59
6 61
6 62
6 65
6 69
6 70
6 75
6 76
6 77
6 79
6 81
6 86
6 92
6 94
6 95
6 96
6 98
6 99
7 8
7 12
7 13
7 14
7 16
7 17
7 18
7 19
7 20
7 22
7 25
7 27
7 28
7 29
7 30
7 32
7 33
7 34
7 37
7 40
7 41
7 42
7 43
7 44
7 46
7 49
7 50
7 52
7 54
7 55
7 57
7 60
7 62
7 68
7 71
7 72
7 75
7 78
7 79
7 82
7 87
7 93
7 96
7 97
7 98
7 99
8 9
8 11
8 12
8 18
8 19
8 20
8 22
8 23
8 24
8 26
8 27
8 32
8 34
8 35
8 38
8 39
8 41
8 42
8 47
8 48
8 53
8 55
8 59
8 61
8 62
8 64
8 65
8 67
8 69
8 73
8 75
8 76
8 79
8 80
8 81
8 83
8 86
8 87
8 89
8 91
8 97
9 10
9 11
9 12
9 14
9 16
9 17
9 18
9 19
9 20
9 21
9 22
9 24
9 25
9 26
9 27
9 28
9 33
9 34
9 35
9 36
9 37
9 38
9 41
9 44
9 48
9 50
9 51
9 52
9 58
9 59
9 60
9 61
9 62
9 63
9 64
9 65
9 68
9 69
9 70
9 71
9 74
9 75
9 77
9 78
9 79
9 80
9 82
9 85
9 87
9 90
9 91
9 93
9 94
9 97
9 99
10 11
10 13
10 18
10 19
10 20
10 21
10 22
10 23
10 25
10 27
10 28
10 29
10 33
10 39
10 40
10 42
10 46
10 50
10 52
10 56
10 59
10 60
10 66
10 68
10 72
10 76
10 78
10 80
10 83
10 84
10 86
10 87
10 89
10 92
10 94
10 95
10 97
10 98
11 12
11 14
11 15
11 17
11 19
11 20
11 21
11 22
11 24
11 26
11 29
11 30
11 31
11 34
11 35
11 37
11 39
11 41
11 42
11 44
11 45
11 46
11 47
11 53
11 55
11 56
11 57
11 58
11 64
11 69
11 72
11 73
11 78
11 84
11 87
11 88
11 91
11 92
11 94
11 95
11 98
11 99
12 13
12 23
12 26
12 28
12 29
12 30
12 33
12 35
12 36
12 37
12 38
12 39
12 41
12 42
12 43
12 47
12 48
12 49
12 50
12 51
12 52
12 55
12 56
12 64
12 66
12 68
12 70
12 72
12 76
12 77
12 79
12 80
12 82
12 84
12 85
12 87
12 88
12 89
12 91
12 92
12 93
12 95
12 96
12 97
12 99
13 14
13 15
13 16
13 19
13 20
13 21
13 28
13 32
13 34
13 35
13 37
13 39
13 40
13 41
13 45
13 48
13 49
13 53
13 56
13 61
13 62
13 67
13 70
13 72
13 74
13 75
13 76
13 77
13 79
13 82
13 83
13 91
13 92
13 93
13 96
14 18
14 19
14 20
14 21
14 24
14 26
14 29
14 33
14 34
14 44
14 47
14 48
14 49
14 52
14 54
14 55
14 56
14 59
14 60
14 61
14 62
14 63
14 64
14 66
14 67
14 69
14 70
14 71
14 72
14 74
14 76
14 77
14 78
14 79
14 80
14 82
14 84
14 85
14 90
14 91
14 93
14 94
14 95
14 96
14 98
14 99
15 16
15 18
15 21
15 22
15 23
15 27
15 39
15 42
15 44
15 45
15 46
15 49
15 51
15 54
15 55
15 57
15 58
15 61
15 63
15 64
15 70
15 71
15 72
15 73
15 75
15 76
15 78
15 81
15 83
15 84
15 85
15 87
15 95
15 96
16 17
16 18
16 20
16 22
16 23
16 24
16 25
16 26
16 28
16 29
16 32
16 33
16 35
16 39
16 40
16 42
16 43
16 44
16 45
16 50
16 51
16 52
16 53
16 56
16 57
16 59
16 61
16 64
16 67
16 70
16 71
16 73
16 75
16 76
16 79
16 83
16 84
16 88
16 89
16 90
16 91
16 96
16 97
16 99
17 19
17 20
17 22
17 24
17 25
17 29
17 31
17 35
17 36
17 41
17 43
17 46
17 48
17 49
17 50
17 52
17 53
17 55
17 56
17 57
17 62
17 63
17 64
17 65
17 66
17 67
17 68
17 69
17 70
17 72
17 73
17 80
17 82
17 83
17 84
17 85
17 86
17 89
17 90
17 91
17 92
17 94
17 95
17 96
17 97
17 99
18 19
18 20
18 21
18 23
18 24
18 25
18 26
18 27
18 28
18 29
18 30
18 31
18 32
18 37
18 39
18 41
18 42
18 44
18 47
18 49
18 51
18 52
18 53
18 56
18 60
18 61
18 62
18 63
18 67
18 71
18 74
18 75
18 76
18 77
18 79
18 80
18 83
18 84
18 86
18 89
18 93
18 95
18 98
18 99
19 22
19 23
19 26
19 32
19 33
19 34
19 37
19 38
19 39
19 43
19 44
19 46
19 48
19 50
19 53
19 54
19 56
19 58
19 60
19 62
19 67
19 69
19 71
19 72
19 75
19 77
19 78
19 80
19 81
19 84
19 85
19 86
19 87
19 90
19 97
19 98
20 21
20 24
20 25
20 26
20 28
20 36
20 37
20 38
20 39
20 41
20 44
20 47
20 49
20 50
20 51
20 56
20 57
20 58
20 59
20 60
20 64
20 67
20 68
20 69
20 70
20 71
20 73
20 75
20 76
20 77
20 78
20 79
20 82
20 84
20 85
20 86
20 87
20 90
20 91
20 95
20 97
20 98
21 22
21 23
21 26
21 28
21 29
21 32
21 33
21 34
21 35
21 36
21 39
21 41
21 49
21 51
21 53
21 55
21 58
21 59
21 60
21 63
21 67
21 68
21 69
21 71
21 72
21 73
21 74
21 75
21 76
21 77
21 78
21 79
21 80
21 82
21 85
21 88
21 89
21 91
21 92
21 96
22 23
22 24
22 25
22 27
22 28
22 30
22 31
22 33
22 34
22 35
22 38
22 39
22 42
22 43
22 44
22 45
22 46
22 48
22 49
22 52
22 53
22 54
22 55
22 56
22 57
22 62
22 73
22 74
22 77
22 79
22 81
22 82
22 84
22 85
22 90
22 91
22 95
22 97
22 99
23 24
23 25
23 26
23 28
23 29
23 30
23 31
23 32
23 33
23 34
23 37
23 38
23 39
23 40
23 42
23 43
23 45
23 46
23 47
23 48
23 49
23 50
23 52
23 53
23 54
23 57
23 61
23 62
23 63
23 64
23 66
23 68
23 70
23 72
23 76
23 77
23 78
23 80
23 81
23 83
23 85
23 86
23 88
23 89
23 91
23 93
23 96
23 98
24 27
24 30
24 32
24 33
24 34
24 37
24 39
24 41
24 42
24 43
24 45
24 46
24 48
24 49
24 52
24 55
24 57
24 59
24 60
24 62
24 63
24 65
24 70
24 71
24 72
24 74
24 75
24 77
24 81
24 87
24 91
24 92
24 96
25 29
25 33
25 34
25 35
25 36
25 37
25 38
25 39
25 40
25 41
25 46
25 50
25 52
25 55
25 56
25 57
25 58
25 60
25 61
25 62
25 63
25 66
25 69
25 70
25 72
25 74
25 75
25 76
25 78
25 80
25 85
25 89
25 90
25 92
25 94
25 96
25 97
25 98
26 30
26 31
26 32
26 33
26 34
26 36
26 40
26 44
26 46
26 50
26 52
26 54
26 61
26 62
26 65
26 66
26 68
26 70
26 71
26 72
26 73
26 74
26 78
26 81
26 82
26 83
26 84
26 88
26 90
26 95
26 97
27 28
27 29
27 30
27 31
27 35
27 37
27 38
27 39
27 40
27 41
27 42
27 44
27 47
27 50
27 52
27 53
27 54
27 58
27 60
27 61
27 63
27 67
27 70
27 72
27 76
27 79
27 82
27 85
27 87
27 88
27 89
27 90
27 92
27 93
27 98
27 99
28 29
28 30
28 32
28 34
28 35
28 37
28 38
28 41
28 42
28 43
28 44
28 48
28 49
28 51
28 53
28 57
28 58
28 60
28 61
28 66
28 70
28 71
28 72
28 74
28 75
28 76
28 82
28 83
28 84
28 86
28 88
28 90
28 95
28 96
28 97
28 98
28 99
29 30
29 31
29 34
29 35
29 37
29 38
29 40
29 41
29 42
29 47
29 49
29 51
29 54
29 56
29 57
29 58
29 59
29 60
29 61
29 62
29 66
29 69
29 72
29 74
29 75
29 80
29 83
29 89
29 91
29 92
29 96
29 97
29 99
30 35
30 37
30 39
30 43
30 47
30 48
30 49
30 50
30 52
30 54
30 55
30 56
30 60
30 61
30 66
30 67
30 69
30 71
30 72
30 73
30 74
30 76
30 78
30 80
30 81
30 82
30 83
30 85
30 88
30 89
30 90
30 92
30 94
30 96
30 97
31 34
31 35
31 37
31 39
31 40
31 41
31 43
31 44
31 45
31 48
31 49
31 50
31 51
31 52
31 53
31 54
31 60
31 61
31 62
31 63
31 66
31 70
31 71
31 73
31 74
31 77
31 78
31 80
31 81
31 82
31 90
31 91
31 92
31 93
31 94
31 99
32 33
32 34
32 35
32 36
32 37
32 40
32 43
32 45
32 46
32 54
32 55
32 58
32 59
32 60
32 64
32 65
32 66
32 67
32 68
32 69
32 70
32 71
32 72
32 73
32 74
32 76
32 77
32 78
32 80
32 81
32 83
32 84
32 85
32 86
32 91
32 92
32 95
32 96
32 97
32 98
32 99
33 34
33 44
33 46
33 47
33 48
33 49
33 52
33 54
33 56
33 57
33 59
33 63
33 64
33 65
33 67
33 73
33 75
33 78
33 79
33 80
33 81
33 82
33 83
33 84
33 87
33 89
33 91
33 92
33 95
33 97
33 98
34 35
34 36
34 37
34 38
34 39
34 40
34 43
34 44
34 45
34 49
34 50
34 51
34 52
34 54
34 55
34 57
34 58
34 59
34 60
34 61
34 63
34 64
34 66
34 68
34 70
34 75
34 77
34 78
34 79
34 82
34 83
34 84
34 85
34 86
34 87
34 88
34 89
34 91
34 92
34 93
34 95
34 96
34 97
35 37
35 39
35 40
35 41
35 43
35 46
35 47
35 48
35 49
35 50
35 54
35 57
35 58
35 59
35 60
35 64
35 65
35 68
35 70
35 71
35 73
35 75
35 76
35 77
35 80
35 82
35 86
35 87
35 88
35 90
35 91
35 96
35 97
35 99
36 38
36 39
36 40
36 41
36 42
36 43
36 45
36 46
36 47
36 49
36 51
36 53
36 55
36 58
36 69
36 70
36 71
36 73
36 74
36 75
36 76
36 77
36 79
36 81
36 85
36 87
36 88
36 89
36 90
36 92
36 93
36 95
36 99
37 38
37 39
37 44
37 45
37 46
37 47
37 50
37 51
37 52
37 55
37 57
37 58
37 59
37 64
37 65
37 66
37 67
37 68
37 69
37 71
37 72
37 74
37 75
37 76
37 78
37 81
37 86
37 87
37 88
37 92
37 99
38 39
38 40
38 42
38 43
38 45
38 46
38 47
38 49
38 51
38 52
38 55
38 60
38 61
38 64
38 66
38 67
38 68
38 69
38 70
38 71
38 72
38 76
38 80
38 82
38 83
38 84
38 95
38 96
38 97
38 98
38 99
39 40
39 42
39 45
39 46
39 50
39 54
39 56
39 61
39 64
39 66
39 67
39 71
39 72
39 73
39 79
39 81
39 82
39 83
39 84
39 87
39 88
39 90
39 91
39 93
39 94
39 96
39 97
39 98
40 43
40 45
40 47
40 50
40 53
40 54
40 56
40 61
40 65
40 66
40 77
40 81
40 82
40 85
40 86
40 89
40 90
40 91
40 92
40 94
40 95
40 96
41 43
41 44
41 45
41 47
41 49
41 53
41 55
41 58
41 62
41 63
41 66
41 71
41 73
41 74
41 75
41 76
41 87
41 88
41 90
41 95
41 97
41 98
42 46
42 48
42 50
42 55
42 57
42 58
42 59
42 60
42 61
42 65
42 66
42 67
42 68
42 72
42 73
42 74
42 75
42 76
42 78
42 80
42 81
42 82
42 84
42 85
42 87
42 91
42 97
43 48
43 51
43 53
43 55
43 58
43 59
43 60
43 62
43 63
43 65
43 71
43 73
43 77
43 80
43 83
43 89
43 91
43 93
43 96
43 97
43 99
44 45
44 46
44 48
44 49
44 50
44 52
44 53
44 54
44 58
44 59
44 62
44 63
44 67
44 68
44 71
44 75
44 81
44 82
44 83
44 84
44 85
44 86
44 88
44 89
44 90
44 91
44 94
44 98
45 48
45 49
45 50
45 52
45 54
45 56
45 57
45 58
45 59
45 60
45 78
45 80
45 81
45 84
45 88
45 90
45 93
45 94
45 95
45 96
45 97
45 98
45 99
46 47
46 48
46 49
46 50
46 52
46 54
46 56
46 57
46 59
46 64
46 66
46 69
46 71
46 73
46 74
46 77
46 81
46 82
46 88
46 92
46 96
46 98
46 99
47 48
47 49
47 51
47 57
47 58
47 59
47 60
47 61
47 62
47 64
47 65
47 66
47 69
47 70
47 71
47 73
47 75
47 76
47 79
47 80
47 86
47 90
47 94
47 95
47 97
47 98
48 49
48 50
48 52
48 53
48 54
48 55
48 62
48 65
48 67
48 68
48 69
48 70
48 71
48 75
48 76
48 79
48 80
48 81
48 82
48 83
48 84
48 85
48 86
48 87
48 91
48 92
48 94
48 95
49 52
49 54
49 55
49 56
49 57
49 58
49 59
49 60
49 61
49 67
49 70
49 72
49 73
49 78
49 79
49 80
49 81
49 82
49 85
49 87
49 88
49 90
49 91
49 94
49 95
49 98
50 53
50 54
50 60
50 66
50 67
50 68
50 70
50 77
50 79
50 80
50 82
50 86
50 87
50 88
50 90
50 92
50 93
50 97
50 98
51 52
51 53
51 58
51 60
51 63
51 65
51 66
51 68
51 69
51 72
51 78
51 79
51 83
51 84
51 86
51 90
51 91
51 95
51 96
51 97
51 98
52 53
52 54
52 55
52 56
52 60
52 61
52 62
52 63
52 64
52 65
52 66
52 67
52 70
52 71
52 74
52 75
52 76
52 77
52 79
52 81
52 86
52 88
52 90
52 92
52 93
52 94
52 96
52 98
53 54
53 60
53 65
53 66
53 70
53 71
53 72
53 74
53 75
53 76
53 80
53 81
53 85
53 86
53 90
53 92
53 96
53 97
54 59
54 61
54 67
54 68
54 69
54 70
54 71
54 72
54 73
54 76
54 77
54 81
54 84
54 85
54 89
54 90
54 92
54 98
54 99
55 58
55 61
55 63
55 67
55 68
55 69
55 71
55 75
55 76
55 77
55 78
55 79
55 80
55 82
55 85
55 86
55 87
55 88
55 92
55 93
55 94
55 99
56 60
56 64
56 70
56 71
56 73
56 75
56 76
56 79
56 83
56 84
56 86
56 87
56 89
56 92
56 94
56 98
56 99
57 59
57 62
57 66
57 67
57 68
57 71
57 72
57 73
57 76
57 79
57 80
57 82
57 84
57 89
57 91
57 92
57 93
57 96
57 97
57 98
57 99
58 59
58 60
58 62
58 64
58 67
58 68
58 69
58 70
58 71
58 72
58 73
58 89
58 90
58 96
59 61
59 62
59 63
59 65
59 66
59 67
59 68
59 71
59 73
59 74
59 75
59 76
59 77
59 78
59 81
59 82
59 83
59 87
59 89
59 94
59 96
59 97
59 98
60 62
60 65
60 66
60 67
60 69
60 70
60 71
60 73
60 74
60 77
60 78
60 79
60 80
60 82
60 83
60 84
60 85
60 87
60 91
60 95
60 98
60 99
61 62
61 63
61 68
61 69
61 71
61 72
61 73
61 74
61 75
61 76
61 77
61 78
61 79
61 80
61 82
61 85
61 86
61 93
61 94
61 95
61 97
61 98
61 99
62 63
62 64
62 66
62 70
62 73
62 75
62 78
62 82
62 83
62 89
62 93
62 95
62 99
63 64
63 65
63 66
63 68
63 71
63 72
63 73
63 75
63 78
63 80
63 84
63 87
63 91
63 94
63 95
63 96
63 97
64 66
64 68
64 69
64 72
64 73
64 74
64 75
64 77
64 79
64 81
64 82
64 83
64 84
64 85
64 88
64 89
64 91
65 69
65 74
65 76
65 77
65 81
65 84
65 86
65 89
65 90
65 92
65 95
65 97
65 98
66 72
66 73
66 74
66 75
66 76
66 78
66 79
66 80
66 83
66 86
66 87
66 89
66 90
66 91
66 94
66 98
67 68
67 69
67 70
67 71
67 72
67 73
67 74
67 75
67 76
67 77
67 78
67 80
67 81
67 86
67 88
67 89
67 94
67 96
67 99
68 70
68 71
68 72
68 73
68 74
68 75
68 76
68 77
68 78
68 79
68 80
68 81
68 82
68 83
68 87
68 88
68 91
68 92
68 94
68 95
68 98
68 99
69 71
69 72
69 75
69 80
69 81
69 82
69 83
69 84
69 86
69 87
69 88
69 89
69 90
69 93
69 94
69 97
69 98
69 99
70 75
70 77
70 78
70 79
70 80
70 82
70 84
70 86
70 87
70 88
70 90
70 91
70 92
70 93
70 94
70 96
70 99
71 72
71 74
71 83
71 84
71 85
71 86
71 87
71 89
71 91
71 93
71 95
71 96
71 97
71 98
72 74
72 75
72 79
72 80
72 82
72 85
72 86
72 87
72 88
72 90
72 91
72 92
72 99
73 76
73 77
73 78
73 79
73 80
73 81
73 85
73 86
73 87
73 89
73 90
73 93
73 94
73 97
73 98
74 76
74 78
74 79
74 81
74 85
74 86
74 87
74 89
74 90
74 93
74 94
74 95
74 96
74 97
74 98
75 76
75 77
75 80
75 81
75 82
75 83
75 85
75 93
75 95
75 96
75 97
75 98
75 99
76 80
76 85
76 88
76 89
76 90
76 92
76 94
76 95
76 96
77 78
77 81
77 84
77 85
77 89
77 91
77 92
77 93
77 94
77 97
78 80
78 84
78 86
78 88
78 90
78 92
78 93
78 94
78 95
78 96
78 97
78 99
79 80
79 82
79 84
79 85
79 86
79 87
79 88
79 94
79 95
79 96
79 97
80 82
80 83
80 84
80 85
80 87
80 89
80 90
80 94
80 96
80 97
80 98
80 99
81 82
81 83
81 87
81 89
81 90
81 94
81 99
82 83
82 84
82 89
82 90
82 91
82 92
82 93
82 94
82 96
82 99
83 85
83 87
83 88
83 91
83 92
83 93
83 94
83 95
83 96
83 97
83 99
84 85
84 87
84 88
84 90
84 94
84 99
85 86
85 88
85 90
85 91
85 94
85 95
86 89
86 90
86 91
86 92
86 93
86 95
86 96
86 99
87 90
87 91
87 92
87 93
87 96
87 97
87 98
88 90
88 92
88 93
88 94
88 96
88 98
88 99
89 92
89 93
89 94
90 91
90 92
90 94
90 95
90 97
90 99
91 94
91 97
91 98
91 99
92 98
92 99
93 94
93 95
93 96
93 97
93 98
94 98
94 99
95 96
95 99
96 99
97 98
97 99
98 99
