0 2
0 5
0 6
0 7
0 9
0 10
0 13
0 14
0 15
0 16
0 18
0 23
0 24
0 25
0 26
0 28
0 29
0 32
0 36
0 37
0 41
0 42
0 45
0 47
0 48
0 51
0 52
0 53
0 55
0 56
0 58
0 59
0 60
0 62
0 63
0 65
0 67
0 68
0 69
0 75
0 76
0 77
0 79
0 81
0 84
0 85
0 86
0 87
0 90
0 91
0 93
0 94
0 95
0 97
0 98
1 3
1 6
1 12
1 13
1 15
1 16
1 17
1 18
1 19
1 21
1 23
1 24
1 26
1 27
1 29
1 31
1 33
1 42
1 43
1 44
1 46
1 47
1 48
1 49
1 50
1 54
1 57
1 58
1 63
1 65
1 66
1 71
1 79
1 80
1 81
1 83
1 84
1 85
1 86
1 88
1 90
1 92
1 93
1 94
1 95
1 96
1 98
1 99
2 3
2 5
2 7
2 8
2 9
2 10
2 12
2 14
2 16
2 17
2 18
2 19
2 20
2 21
2 22
2 23
2 24
2 26
2 28
2 29
2 30
2 31
2 32
2 36
2 37
2 39
2 41
2 42
2 44
2 45
2 48
2 50
2 53
2 56
2 57
2 59
2 60
2 63
2 64
2 66
2 67
2 68
2 72
2 73
2 75
2 79
2 80
2 81
2 84
2 88
2 89
2 91
2 93
2 94
2 95
2 96
2 97
3 7
3 8
3 13
3 15
3 16
3 17
3 18
3 21
3 23
3 24
3 25
3 30
3 31
3 34
3 36
3 39
3 41
3 44
3 47
3 48
3 49
3 50
3 51
3 52
3 56
3 59
3 60
3 61
3 64
3 65
3 66
3 67
3 68
3 72
3 73
3 75
3 77
3 80
3 82
3 86
3 87
3 88
3 89
3 90
3 91
3 94
3 96
3 97
3 98
3 99
4 7
4 8
4 15
4 16
4 17
4 20
4 22
4 23
4 24
4 26
4 27
4 29
4 34
4 37
4 38
4 40
4 43
4 46
4 47
4 48
4 49
4 53
4 54
4 57
4 58
4 59
4 60
4 61
4 62
4 63
4 65
4 69
4 70
4 72
4 73
4 79
4 80
4 81
4 82
4 85
4 88
4 89
4 90
4 91
4 92
4 93
4 94
4 96
4 98
4 99
5 8
5 10
5 11
5 12
5 13
5 14
5 15
5 17
5 19
5 20
5 21
5 27
5 29
5 30
5 31
5 32
5 33
5 34
5 36
5 37
5 40
5 43
5 46
5 50
5 52
5 56
5 62
5 64
5 65
5 66
5 67
5 71
5 74
5 75
5 79
5 82
5 83
5 84
5 85
5 87
5 88
5 90
5 94
5 95
5 97
5 98
5 99
6 7
6 8
6 9
6 11
6 12
6 17
6 18
6 20
6 21
6 22
6 23
6 26
6 28
6 36
6 37
6 38
6 41
6 42
6 43
6 44
6 46
6 47
6 48
6 53
6 55
6 56
6 57
6 58
6 60
6 65
6 66
6 68
6 70
6 72
6 74
6 75
6 77
6 78
6 79
6 80
6 82
6 83
6 85
6 86
6 88
6 91
6 95
7 10
7 12
7 13
7 14
7 15
7 18
7 19
7 20
7 21
7 23
7 26
7 28
7 29
7 32
7 36
7 40
7 41
7 44
7 46
7 50
7 51
7 53
7 57
7 59
7 62
7 63
7 64
7 65
7 67
7 71
7 72
7 76
7 81
7 82
7 87
7 88
7 89
7 92
7 96
7 97
8 15
8 20
8 21
8 24
8 26
8 30
8 31
8 37
8 40
8 43
8 44
8 49
8 54
8 55
8 56
8 58
8 59
8 61
8 62
8 65
8 68
8 70
8 71
8 72
8 74
8 76
8 78
8 82
8 85
8 86
8 90
8 91
8 92
8 93
8 96
8 98
8 99
9 12
9 14
9 16
9 17
9 18
9 19
9 21
9 22
9 23
9 24
9 30
9 36
9 41
9 42
9 44
9 47
9 52
9 55
9 56
9 58
9 60
9 65
9 66
9 68
9 69
9 71
9 74
9 75
9 76
9 77
9 79
9 81
9 84
9 85
9 86
9 87
9 88
9 90
9 92
9 93
9 96
9 97
9 98
9 99
10 11
10 17
10 18
10 20
10 26
10 27
10 28
10 29
10 32
10 34
10 35
10 38
10 40
10 41
10 43
10 48
10 49
10 50
10 51
10 53
10 54
10 58
10 60
10 63
10 65
10 66
10 67
10 69
10 70
10 73
10 76
10 80
10 81
10 83
10 84
10 85
10 87
10 88
10 89
10 90
10 94
10 95
10 97
10 98
10 99
11 12
11 13
11 20
11 21
11 22
11 25
11 27
11 29
11 30
11 31
11 32
11 33
11 34
11 38
11 40
11 44
11 45
11 46
11 50
11 51
11 59
11 60
11 62
11 63
11 64
11 65
11 66
11 67
11 68
11 69
11 70
11 72
11 73
11 75
11 76
11 77
11 79
11 81
11 82
11 83
11 87
11 91
11 92
11 94
11 95
11 97
11 98
12 13
12 17
12 22
12 23
12 25
12 27
12 28
12 29
12 32
12 33
12 35
12 36
12 41
12 44
12 47
12 51
12 58
12 62
12 63
12 69
12 70
12 73
12 75
12 76
12 79
12 84
12 89
12 91
12 93
12 94
12 95
12 96
12 97
12 99
13 14
13 16
13 19
13 21
13 23
13 26
13 27
13 31
13 32
13 34
13 35
13 36
13 37
13 38
13 39
13 41
13 43
13 44
13 45
13 51
13 52
13 55
13 56
13 57
13 58
13 62
13 63
13 65
13 70
13 76
13 80
13 82
13 83
13 84
13 86
13 87
13 88
13 89
13 90
13 91
13 93
13 94
13 95
13 96
13 97
14 15
14 16
14 17
14 20
14 21
14 23
14 26
14 28
14 30
14 33
14 36
14 39
14 40
14 41
14 44
14 45
14 46
14 47
14 48
14 49
14 52
14 53
14 54
14 55
14 56
14 57
14 60
14 64
14 72
14 74
14 76
14 77
14 79
14 81
14 82
14 87
14 88
14 91
14 92
14 93
14 95
14 97
14 98
15 17
15 19
15 23
15 26
15 27
15 28
15 29
15 31
15 34
15 35
15 37
15 39
15 40
15 41
15 44
15 45
15 46
15 48
15 49
15 50
15 51
15 52
15 53
15 54
15 57
15 59
15 63
15 64
15 66
15 69
15 70
15 71
15 72
15 77
15 80
15 82
15 85
15 89
15 92
15 94
15 96
15 97
16 18
16 19
16 21
16 22
16 24
16 25
16 30
16 37
16 38
16 39
16 40
16 42
16 45
16 47
16 49
16 51
16 52
16 53
16 54
16 55
16 58
16 59
16 64
16 65
16 68
16 69
16 70
16 71
16 72
16 74
16 75
16 79
16 82
16 83
16 85
16 86
16 87
16 89
16 91
16 94
16 95
16 97
16 99
17 21
17 22
17 24
17 27
17 28
17 30
17 33
17 34
17 37
17 38
17 39
17 40
17 41
17 42
17 44
17 46
17 47
17 50
17 51
17 57
17 60
17 63
17 71
17 74
17 77
17 79
17 81
17 85
17 87
17 90
17 91
17 94
17 95
17 96
17 98
17 99
18 21
18 22
18 24
18 26
18 27
18 28
18 31
18 33
18 35
18 37
18 40
18 41
18 42
18 43
18 44
18 46
18 47
18 48
18 51
18 52
18 55
18 58
18 62
18 67
18 68
18 70
18 72
18 74
18 76
18 77
18 80
18 83
18 85
18 88
18 90
18 94
18 95
18 96
18 99
19 21
19 24
19 25
19 26
19 29
19 31
19 32
19 37
19 41
19 42
19 46
19 48
19 50
19 54
19 55
19 59
19 60
19 64
19 65
19 67
19 68
19 70
19 77
19 78
19 81
19 82
19 84
19 85
19 88
19 89
19 94
19 97
19 99
20 21
20 22
20 23
20 25
20 27
20 29
20 31
20 34
20 35
20 36
20 38
20 40
20 41
20 43
20 44
20 45
20 46
20 50
20 51
20 53
20 55
20 56
20 57
20 58
20 60
20 61
20 62
20 63
20 67
20 68
20 69
20 71
20 72
20 76
20 78
20 82
20 83
20 84
20 85
20 89
20 92
20 93
20 94
20 95
20 97
20 98
21 23
21 26
21 27
21 32
21 35
21 36
21 39
21 41
21 42
21 44
21 45
21 46
21 49
21 51
21 52
21 53
21 55
21 56
21 58
21 59
21 60
21 61
21 62
21 63
21 64
21 65
21 66
21 67
21 70
21 71
21 73
21 74
21 76
21 77
21 81
21 82
21 83
21 84
21 86
21 87
21 88
21 92
21 96
21 98
22 23
22 24
22 26
22 28
22 31
22 34
22 35
22 36
22 37
22 39
22 41
22 42
22 43
22 47
22 48
22 49
22 51
22 52
22 54
22 57
22 59
22 60
22 63
22 64
22 66
22 67
22 68
22 70
22 72
22 74
22 75
22 77
22 80
22 81
22 82
22 85
22 86
22 87
22 88
22 91
22 93
22 94
22 95
22 98
22 99
23 25
23 26
23 28
23 30
23 31
23 34
23 36
23 38
23 39
23 41
23 47
23 48
23 50
23 53
23 61
23 63
23 64
23 67
23 68
23 69
23 70
23 72
23 73
23 78
23 80
23 81
23 86
23 88
23 92
23 94
23 95
23 96
24 27
24 30
24 32
24 34
24 35
24 36
24 44
24 46
24 47
24 49
24 51
24 55
24 56
24 57
24 60
24 64
24 70
24 73
24 75
24 76
24 77
24 80
24 81
24 83
24 84
24 87
24 94
24 95
24 96
24 99
25 29
25 30
25 31
25 32
25 38
25 39
25 42
25 44
25 46
25 47
25 51
25 53
25 55
25 56
25 58
25 60
25 63
25 65
25 66
25 67
25 68
25 71
25 72
25 73
25 77
25 80
25 81
25 82
25 84
25 85
25 86
25 89
25 91
25 92
25 93
25 96
25 97
26 28
26 34
26 35
26 36
26 38
26 40
26 41
26 44
26 47
26 51
26 53
26 54
26 60
26 62
26 64
26 67
26 68
26 70
26 76
26 77
26 79
26 82
26 83
26 84
26 85
26 86
26 87
26 88
26 91
26 93
26 98
27 28
27 29
27 30
27 32
27 34
27 35
27 37
27 40
27 46
27 49
27 50
27 52
27 54
27 61
27 62
27 65
27 70
27 72
27 75
27 77
27 82
27 83
27 84
27 87
27 89
27 90
27 94
27 95
27 96
28 30
28 32
28 34
28 36
28 37
28 45
28 46
28 49
28 51
28 52
28 53
28 54
28 55
28 56
28 59
28 60
28 61
28 62
28 63
28 65
28 66
28 67
28 68
28 69
28 70
28 71
28 73
28 75
28 77
28 78
28 80
28 81
28 82
28 83
28 85
28 86
28 87
28 89
28 91
28 94
28 98
29 30
29 32
29 37
29 38
29 40
29 42
29 45
29 46
29 48
29 50
29 51
29 52
29 53
29 54
29 55
29 56
29 58
29 60
29 62
29 63
29 66
29 67
29 68
29 73
29 74
29 75
29 77
29 78
29 79
29 80
29 81
29 83
29 88
29 89
29 95
29 96
30 34
30 35
30 36
30 37
30 38
30 39
30 40
30 41
30 42
30 46
30 50
30 51
30 54
30 55
30 56
30 59
30 60
30 62
30 66
30 68
30 73
30 74
30 75
30 78
30 79
30 85
30 86
30 88
30 89
30 91
30 92
30 96
30 97
30 99
31 39
31 42
31 43
31 44
31 45
31 46
31 48
31 53
31 54
31 55
31 56
31 57
31 58
31 62
31 68
31 69
31 70
31 73
31 74
31 75
31 77
31 78
31 82
31 84
31 86
31 91
31 92
31 95
31 97
31 99
32 33
32 37
32 39
32 43
32 47
32 51
32 52
32 54
32 55
32 56
32 59
32 60
32 61
32 62
32 63
32 64
32 66
32 68
32 69
32 73
32 74
32 76
32 80
32 83
32 84
32 88
33 35
33 39
33 40
33 41
33 44
33 46
33 47
33 49
33 50
33 53
33 54
33 56
33 58
33 59
33 60
33 66
33 67
33 68
33 69
33 71
33 74
33 75
33 77
33 78
33 79
33 80
33 81
33 82
33 83
33 88
33 89
33 91
33 92
33 93
33 94
33 97
33 98
33 99
34 37
34 38
34 39
34 56
34 58
34 59
34 62
34 64
34 65
34 68
34 71
34 74
34 76
34 77
34 80
34 81
34 82
34 85
34 87
34 88
34 91
34 92
34 98
34 99
35 36
35 37
35 39
35 40
35 42
35 43
35 46
35 47
35 48
35 49
35 50
35 53
35 55
35 56
35 58
35 61
35 63
35 65
35 67
35 69
35 71
35 73
35 74
35 76
35 78
35 79
35 81
35 82
35 84
35 85
35 86
35 90
35 95
35 96
35 98
35 99
36 38
36 41
36 45
36 48
36 49
36 50
36 51
36 52
36 53
36 56
36 57
36 59
36 60
36 62
36 63
36 64
36 66
36 68
36 70
36 74
36 78
36 80
36 81
36 85
36 86
36 88
36 91
36 92
36 93
36 98
37 38
37 39
37 40
37 41
37 42
37 43
37 44
37 45
37 47
37 49
37 50
37 54
37 57
37 60
37 62
37 63
37 65
37 68
37 70
37 71
37 73
37 76
37 78
37 79
37 82
37 86
37 89
37 90
37 91
37 92
37 93
37 96
37 97
37 98
37 99
38 40
38 41
38 42
38 45
38 47
38 49
38 50
38 52
38 54
38 55
38 56
38 59
38 60
38 62
38 64
38 65
38 66
38 67
38 69
38 73
38 75
38 77
38 78
38 79
38 81
38 82
38 84
38 85
38 86
38 88
38 89
38 90
38 92
38 95
38 96
38 98
39 43
39 45
39 51
39 54
39 58
39 61
39 67
39 68
39 69
39 70
39 71
39 72
39 73
39 74
39 75
39 77
39 80
39 81
39 82
39 84
39 86
39 87
39 88
39 89
39 94
39 95
39 97
40 41
40 42
40 48
40 50
40 52
40 54
40 55
40 58
40 60
40 61
40 62
40 66
40 68
40 70
40 75
40 77
40 78
40 79
40 80
40 82
40 83
40 89
40 90
40 91
40 92
40 94
40 95
40 96
40 97
40 99
41 42
41 43
41 45
41 46
41 47
41 49
41 52
41 53
41 55
41 57
41 61
41 63
41 68
41 73
41 74
41 75
41 78
41 81
41 86
41 87
41 88
41 91
41 92
41 94
41 95
41 97
41 99
42 43
42 47
42 49
42 54
42 55
42 56
42 57
42 58
42 60
42 66
42 69
42 75
42 76
42 79
42 80
42 82
42 83
42 84
42 85
42 86
42 88
42 89
42 92
42 93
42 94
42 95
42 97
42 98
43 44
43 48
43 49
43 52
43 53
43 54
43 56
43 58
43 63
43 64
43 68
43 69
43 73
43 74
43 78
43 79
43 81
43 83
43 85
43 86
43 89
43 91
43 92
43 94
43 95
43 96
43 97
43 98
44 50
44 51
44 52
44 54
44 55
44 58
44 59
44 60
44 62
44 63
44 64
44 65
44 66
44 67
44 68
44 71
44 72
44 73
44 75
44 76
44 77
44 79
44 80
44 81
44 82
44 83
44 85
44 88
44 89
44 90
44 92
44 94
44 95
44 97
44 98
44 99
45 46
45 53
45 56
45 61
45 64
45 65
45 66
45 67
45 69
45 70
45 71
45 72
45 73
45 77
45 79
45 84
45 85
45 86
45 90
45 91
45 92
45 96
45 97
45 99
46 47
46 49
46 53
46 54
46 61
46 64
46 65
46 70
46 72
46 74
46 75
46 77
46 81
46 84
46 87
46 88
46 89
46 90
46 91
46 92
46 93
46 96
46 97
46 98
47 48
47 51
47 54
47 55
47 56
47 60
47 62
47 67
47 68
47 69
47 73
47 75
47 78
47 79
47 80
47 81
47 82
47 86
47 89
47 90
47 92
47 95
47 97
47 98
47 99
48 49
48 50
48 51
48 52
48 53
48 55
48 60
48 67
48 68
48 69
48 72
48 73
48 74
48 80
48 81
48 82
48 84
48 85
48 93
48 94
48 95
48 97
49 50
49 51
49 52
49 55
49 56
49 58
49 59
49 60
49 61
49 63
49 64
49 65
49 66
49 68
49 72
49 77
49 78
49 83
49 84
49 86
49 87
49 88
49 89
49 92
49 93
49 94
49 95
49 99
50 52
50 53
50 54
50 57
50 65
50 69
50 70
50 72
50 73
50 74
50 75
50 77
50 78
50 81
50 82
50 83
50 85
50 89
50 90
50 95
50 96
50 99
51 52
51 53
51 55
51 57
51 59
51 60
51 61
51 62
51 65
51 69
51 72
51 75
51 76
51 79
51 82
51 88
51 89
51 91
51 93
51 95
51 96
51 98
52 57
52 60
52 61
52 62
52 63
52 64
52 65
52 66
52 68
52 70
52 72
52 73
52 75
52 78
52 79
52 81
52 82
52 83
52 85
52 86
52 87
52 90
52 92
52 94
52 96
52 97
52 99
53 54
53 55
53 56
53 57
53 58
53 59
53 62
53 64
53 66
53 71
53 72
53 73
53 74
53 75
53 76
53 77
53 79
53 80
53 81
53 84
53 87
53 88
53 96
53 98
53 99
54 57
54 60
54 62
54 64
54 66
54 69
54 77
54 81
54 82
54 84
54 85
54 91
54 93
54 95
54 96
54 97
54 99
55 57
55 58
55 59
55 60
55 63
55 64
55 67
55 70
55 73
55 74
55 75
55 77
55 78
55 79
55 82
55 88
55 90
55 91
55 94
55 95
55 96
55 98
56 58
56 60
56 62
56 63
56 64
56 66
56 68
56 70
56 71
56 72
56 73
56 75
56 76
56 77
56 79
56 82
56 84
56 85
56 86
56 87
56 89
56 98
57 63
57 64
57 65
57 66
57 67
57 70
57 71
57 72
57 73
57 75
57 78
57 79
57 80
57 81
57 89
57 92
57 93
57 95
57 96
58 59
58 60
58 62
58 63
58 64
58 65
58 70
58 71
58 74
58 75
58 76
58 78
58 79
58 82
58 83
58 84
58 87
58 88
58 89
58 90
58 91
58 92
58 95
58 98
58 99
59 62
59 64
59 65
59 66
59 67
59 68
59 71
59 76
59 78
59 81
59 82
59 86
59 88
59 89
59 90
59 91
59 92
59 94
59 95
59 98
60 61
60 62
60 64
60 65
60 67
60 68
60 69
60 72
60 73
60 74
60 77
60 79
60 81
60 82
60 83
60 84
60 85
60 86
60 87
60 88
60 91
60 92
60 94
60 96
60 98
60 99
61 63
61 66
61 67
61 69
61 72
61 75
61 76
61 79
61 80
61 84
61 86
61 87
61 88
61 90
61 91
61 92
61 93
61 94
61 95
61 96
61 98
62 63
62 68
62 70
62 72
62 74
62 75
62 76
62 78
62 79
62 80
62 83
62 84
62 86
62 88
62 89
62 90
62 91
62 93
62 94
62 95
62 96
62 97
62 98
63 66
63 69
63 70
63 71
63 72
63 74
63 76
63 79
63 80
63 82
63 87
63 88
63 95
63 96
63 97
63 98
64 65
64 67
64 68
64 70
64 71
64 75
64 77
64 80
64 82
64 84
64 85
64 89
64 90
64 91
64 94
64 95
64 96
64 98
65 71
65 72
65 77
65 78
65 82
65 84
65 85
65 86
65 87
65 88
65 89
65 90
65 91
65 92
65 93
65 95
65 97
65 99
66 67
66 72
66 74
66 75
66 77
66 78
66 79
66 82
66 84
66 85
66 87
66 91
66 92
66 93
66 94
66 95
66 97
67 70
67 72
67 73
67 74
67 75
67 78
67 79
67 82
67 84
67 86
67 90
67 92
67 93
67 97
67 99
68 69
68 70
68 71
68 72
68 74
68 75
68 76
68 77
68 78
68 79
68 81
68 82
68 86
68 88
68 92
68 94
68 96
68 97
68 99
69 70
69 71
69 72
69 75
69 76
69 77
69 78
69 80
69 81
69 83
69 85
69 91
69 92
69 93
69 94
69 95
69 97
69 98
70 71
70 73
70 74
70 75
70 76
70 78
70 79
70 80
70 82
70 83
70 84
70 85
70 88
70 89
70 90
70 91
70 93
70 99
71 73
71 74
71 78
71 79
71 80
71 82
71 83
71 88
71 92
71 96
71 97
71 98
72 74
72 76
72 78
72 83
72 85
72 92
72 93
72 96
72 99
73 74
73 75
73 77
73 78
73 80
73 81
73 84
73 85
73 86
73 89
73 90
73 91
73 93
73 94
73 95
73 97
74 75
74 77
74 80
74 82
74 83
74 84
74 85
74 88
74 90
74 92
74 93
74 94
75 76
75 79
75 81
75 87
75 89
75 94
75 95
75 99
76 78
76 87
76 88
76 89
76 93
76 96
77 80
77 81
77 87
77 88
77 92
77 93
77 95
77 98
77 99
78 79
78 80
78 81
78 84
78 86
78 87
78 88
78 89
78 90
78 91
78 92
78 95
78 96
78 98
79 81
79 85
79 86
79 91
79 92
79 96
79 97
79 99
80 84
80 85
80 86
80 87
80 88
80 90
80 93
80 94
80 95
80 98
80 99
81 83
81 85
81 86
81 87
81 90
81 94
81 96
81 98
81 99
82 83
82 84
82 85
82 86
82 88
82 90
82 94
82 99
83 85
83 88
83 89
83 90
83 91
83 92
83 96
83 97
84 86
84 87
84 88
84 89
84 94
84 97
84 98
85 88
85 90
85 94
85 95
85 98
86 89
86 90
86 92
86 93
86 96
86 97
87 92
87 93
87 94
87 96
88 89
88 90
88 92
88 93
88 94
88 95
88 96
88 98
88 99
89 90
89 91
89 96
90 91
90 94
90 96
90 98
90 99
91 92
91 95
91 97
92 95
92 98
92 99
93 94
93 96
93 97
93 99
94 95
94 99
95 96
96 98
97 98
97 99
98 99
