0 1
0 2
0 6
0 7
0 9
0 12
0 16
0 18
0 20
0 21
0 22
0 23
0 25
0 26
0 27
0 29
0 31
0 33
0 34
0 35
0 39
0 40
0 42
0 44
0 50
0 51
0 52
0 54
0 55
0 57
0 58
0 59
0 60
0 61
0 62
0 63
0 65
0 66
0 68
0 69
0 70
0 73
0 76
0 77
0 78
0 79
0 80
0 81
0 82
0 84
0 86
0 89
0 90
0 91
0 95
0 96
0 99
1 2
1 3
1 4
1 6
1 8
1 11
1 12
1 13
1 14
1 15
1 18
1 22
1 24
1 25
1 26
1 29
1 30
1 31
1 35
1 37
1 38
1 41
1 42
1 43
1 44
1 45
1 46
1 48
1 49
1 52
1 53
1 54
1 55
1 57
1 59
1 60
1 61
1 62
1 63
1 64
1 65
1 66
1 69
1 70
1 75
1 79
1 81
1 82
1 84
1 86
1 88
1 92
1 96
1 97
1 98
1 99
2 3
2 4
2 5
2 6
2 8
2 10
2 13
2 22
2 23
2 24
2 27
2 28
2 34
2 37
2 38
2 40
2 41
2 43
2 44
2 45
2 48
2 49
2 50
2 52
2 53
2 59
2 61
2 62
2 64
2 65
2 67
2 68
2 69
2 70
2 71
2 72
2 73
2 74
2 75
2 77
2 78
2 80
2 83
2 84
2 86
2 89
2 90
2 95
2 96
2 99
3 5
3 7
3 9
3 10
3 11
3 14
3 16
3 18
3 19
3 20
3 21
3 25
3 26
3 27
3 29
3 30
3 31
3 32
3 36
3 41
3 42
3 44
3 46
3 48
3 49
3 50
3 52
3 54
3 59
3 60
3 61
3 62
3 63
3 66
3 69
3 70
3 72
3 73
3 74
3 75
3 76
3 79
3 83
3 84
3 85
3 86
3 87
3 88
3 89
3 96
3 97
3 98
4 6
4 8
4 9
4 10
4 13
4 14
4 16
4 17
4 18
4 19
4 25
4 26
4 27
4 30
4 31
4 33
4 35
4 37
4 38
4 39
4 42
4 43
4 44
4 45
4 47
4 54
4 55
4 56
4 57
4 59
4 61
4 63
4 64
4 66
4 67
4 70
4 71
4 72
4 73
4 76
4 77
4 81
4 83
4 84
4 86
4 87
4 89
4 91
4 92
4 96
5 6
5 8
5 11
5 12
5 16
5 17
5 20
5 23
5 24
5 25
5 32
5 36
5 37
5 39
5 42
5 43
5 45
5 46
5 47
5 49
5 50
5 51
5 52
5 54
5 59
5 60
5 62
5 63
5 65
5 68
5 75
5 77
5 79
5 82
5 84
5 86
5 88
5 89
5 90
5 91
5 92
5 93
5 94
6 8
6 9
6 10
6 11
6 13
6 14
6 15
6 16
6 17
6 18
6 20
6 24
6 25
6 26
6 27
6 32
6 33
6 34
6 36
6 37
6 38
6 39
6 40
6 41
6 44
6 48
6 51
6 52
6 53
6 54
6 55
6 56
6 57
6 58
6 59
6 60
6 62
6 63
6 64
6 66
6 67
6 71
6 72
6 73
6 74
6 75
6 79
6 80
6 81
6 82
6 88
6 90
6 91
6 92
6 95
6 97
7 8
7 9
7 10
7 11
7 12
7 13
7 16
7 17
7 20
7 21
7 23
7 25
7 34
7 35
7 36
7 40
7 42
7 44
7 45
7 47
7 48
7 49
7 50
7 51
7 53
7 54
7 55
7 56
7 57
7 59
7 60
7 61
7 65
7 66
7 68
7 70
7 72
7 74
7 75
7 76
7 80
7 83
7 84
7 86
7 89
7 90
7 93
7 95
7 99
8 11
8 12
8 13
8 15
8 17
8 18
8 19
8 21
8 23
8 26
8 31
8 36
8 37
8 38
8 43
8 45
8 47
8 48
8 52
8 53
8 56
8 57
8 58
8 59
8 60
8 61
8 62
8 63
8 65
8 67
8 68
8 70
8 72
8 74
8 75
8 78
8 79
8 80
8 81
8 82
8 84
8 85
8 89
8 93
8 95
8 99
9 10
9 11
9 22
9 24
9 25
9 26
9 29
9 30
9 32
9 33
9 37
9 40
9 41
9 43
9 45
9 46
9 49
9 50
9 52
9 57
9 58
9 59
9 60
9 62
9 63
9 65
9 67
9 68
9 70
9 74
9 76
9 79
9 81
9 82
9 85
9 86
9 87
9 88
9 89
9 94
9 95
9 99
10 11
10 12
10 14
10 15
10 17
10 20
10 22
10 25
10 28
10 30
10 31
10 32
10 33
10 35
10 37
10 42
10 43
10 45
10 46
10 49
10 50
10 51
10 53
10 55
10 57
10 58
10 61
10 65
10 66
10 67
10 68
10 69
10 73
10 78
10 81
10 82
10 83
10 88
10 90
10 91
10 93
10 94
10 99
11 12
11 13
11 15
11 16
11 17
11 18
11 20
11 23
11 24
11 28
11 31
11 32
11 33
11 40
11 41
11 43
11 44
11 47
11 48
11 51
11 53
11 54
11 56
11 60
11 61
11 66
11 73
11 74
11 78
11 80
11 81
11 84
11 85
11 89
11 90
11 91
11 92
11 93
11 94
11 95
11 97
12 13
12 16
12 18
12 19
12 20
12 24
12 27
12 28
12 29
12 32
12 33
12 34
12 36
12 37
12 38
12 40
12 41
12 42
12 43
12 45
12 46
12 47
12 50
12 52
12 54
12 55
12 56
12 57
12 59
12 60
12 61
12 62
12 63
12 70
12 72
12 73
12 77
12 78
12 80
12 82
12 85
12 89
12 90
12 93
12 94
12 97
12 98
13 14
13 15
13 16
13 17
13 19
13 20
13 22
13 25
13 26
13 27
13 28
13 29
13 30
13 34
13 37
13 40
13 41
13 43
13 45
13 46
13 48
13 49
13 50
13 52
13 53
13 56
13 61
13 63
13 64
13 66
13 67
13 68
13 69
13 70
13 71
13 73
13 74
13 75
13 79
13 80
13 82
13 83
13 85
13 86
13 87
13 88
13 89
13 91
13 92
13 94
13 99
14 24
14 26
14 29
14 33
14 36
14 40
14 41
14 44
14 46
14 49
14 50
14 52
14 53
14 54
14 55
14 58
14 62
14 65
14 67
14 71
14 72
14 76
14 77
14 78
14 79
14 81
14 84
14 85
14 86
14 87
14 88
14 90
14 92
14 93
14 94
14 95
14 97
15 18
15 20
15 21
15 24
15 25
15 26
15 27
15 28
15 30
15 32
15 38
15 42
15 43
15 44
15 45
15 46
15 48
15 49
15 50
15 51
15 52
15 54
15 55
15 56
15 57
15 58
15 60
15 63
15 65
15 67
15 68
15 69
15 71
15 72
15 73
15 75
15 80
15 82
15 85
15 87
15 88
15 89
15 91
15 94
15 98
15 99
16 17
16 18
16 19
16 20
16 22
16 23
16 26
16 27
16 28
16 34
16 37
16 39
16 41
16 42
16 43
16 45
16 46
16 48
16 50
16 51
16 54
16 55
16 58
16 60
16 64
16 66
16 69
16 70
16 72
16 73
16 76
16 80
16 82
16 84
16 87
16 88
16 89
16 93
16 95
17 18
17 20
17 21
17 23
17 25
17 29
17 30
17 32
17 34
17 35
17 36
17 37
17 40
17 41
17 43
17 47
17 49
17 50
17 52
17 54
17 55
17 56
17 65
17 68
17 71
17 75
17 76
17 77
17 80
17 83
17 84
17 85
17 86
17 87
17 91
17 92
17 94
17 95
18 19
18 24
18 26
18 28
18 31
18 34
18 35
18 36
18 37
18 39
18 40
18 42
18 43
18 45
18 46
18 47
18 48
18 49
18 50
18 55
18 56
18 57
18 58
18 59
18 61
18 65
18 67
18 68
18 69
18 72
18 73
18 81
18 82
18 83
18 85
18 86
18 87
18 90
18 92
18 93
18 94
18 95
18 97
18 99
19 20
19 21
19 23
19 26
19 27
19 28
19 30
19 31
19 32
19 33
19 34
19 35
19 36
19 37
19 39
19 40
19 43
19 44
19 45
19 50
19 51
19 55
19 57
19 58
19 60
19 62
19 63
19 64
19 65
19 67
19 70
19 71
19 74
19 77
19 80
19 85
19 86
19 87
19 92
19 93
19 94
19 98
19 99
20 21
20 22
20 23
20 25
20 26
20 27
20 28
20 30
20 32
20 33
20 36
20 38
20 42
20 43
20 44
20 45
20 46
20 49
20 52
20 53
20 54
20 55
20 56
20 57
20 62
20 63
20 64
20 65
20 66
20 68
20 71
20 72
20 73
20 74
20 75
20 77
20 78
20 80
20 81
20 83
20 86
20 88
20 91
20 95
20 96
20 97
20 98
20 99
21 23
21 24
21 26
21 28
21 30
21 31
21 33
21 34
21 35
21 37
21 39
21 40
21 44
21 45
21 47
21 48
21 49
21 51
21 52
21 54
21 57
21 58
21 59
21 61
21 62
21 63
21 65
21 67
21 69
21 70
21 72
21 74
21 76
21 78
21 79
21 80
21 81
21 82
21 84
21 85
21 89
21 90
21 91
21 92
21 94
21 95
21 96
21 97
22 23
22 25
22 27
22 29
22 33
22 35
22 40
22 43
22 44
22 45
22 47
22 48
22 49
22 51
22 52
22 53
22 54
22 55
22 56
22 57
22 58
22 59
22 62
22 63
22 64
22 66
22 69
22 71
22 72
22 74
22 75
22 76
22 77
22 78
22 80
22 85
22 87
22 89
22 91
22 94
22 97
23 26
23 27
23 28
23 30
23 32
23 35
23 37
23 38
23 48
23 49
23 51
23 53
23 54
23 57
23 59
23 60
23 61
23 62
23 63
23 65
23 67
23 68
23 69
23 71
23 72
23 73
23 77
23 78
23 81
23 83
23 85
23 86
23 88
23 89
23 92
23 96
23 97
24 26
24 31
24 32
24 38
24 41
24 43
24 44
24 47
24 48
24 50
24 51
24 54
24 57
24 65
24 66
24 67
24 69
24 79
24 80
24 84
24 86
24 88
24 91
24 92
24 94
24 96
24 98
25 26
25 27
25 28
25 29
25 33
25 38
25 40
25 41
25 43
25 45
25 46
25 47
25 55
25 57
25 58
25 59
25 60
25 66
25 69
25 71
25 72
25 76
25 77
25 78
25 79
25 81
25 83
25 87
25 88
25 90
25 92
25 94
25 96
26 27
26 30
26 32
26 34
26 36
26 39
26 43
26 45
26 47
26 49
26 50
26 53
26 55
26 56
26 58
26 60
26 61
26 63
26 65
26 67
26 68
26 73
26 74
26 75
26 76
26 77
26 80
26 81
26 84
26 85
26 86
26 89
26 91
26 93
26 96
27 28
27 29
27 32
27 35
27 38
27 40
27 41
27 42
27 45
27 46
27 47
27 48
27 53
27 55
27 56
27 58
27 63
27 64
27 66
27 68
27 72
27 73
27 75
27 77
27 80
27 82
27 83
27 89
27 91
27 92
27 93
27 95
27 96
28 29
28 31
28 32
28 33
28 34
28 35
28 38
28 39
28 41
28 42
28 43
28 44
28 46
28 47
28 49
28 53
28 54
28 56
28 59
28 61
28 68
28 71
28 74
28 75
28 76
28 81
28 82
28 87
28 88
28 89
28 90
28 92
28 95
28 96
28 98
28 99
29 31
29 37
29 39
29 40
29 42
29 43
29 44
29 46
29 48
29 51
29 56
29 57
29 62
29 63
29 66
29 68
29 72
29 74
29 75
29 78
29 79
29 82
29 84
29 86
29 87
29 88
29 90
29 91
29 93
29 94
29 95
29 99
30 31
30 32
30 33
30 36
30 37
30 40
30 41
30 43
30 44
30 45
30 46
30 47
30 49
30 50
30 51
30 52
30 53
30 54
30 56
30 57
30 61
30 64
30 67
30 68
30 73
30 75
30 78
30 80
30 82
30 86
30 88
30 89
30 90
30 91
30 92
30 93
30 94
30 95
31 32
31 34
31 35
31 36
31 39
31 40
31 41
31 42
31 44
31 45
31 46
31 47
31 49
31 50
31 55
31 60
31 61
31 65
31 69
31 70
31 71
31 72
31 75
31 76
31 77
31 81
31 82
31 85
31 87
31 90
31 98
31 99
32 33
32 38
32 40
32 44
32 45
32 46
32 49
32 50
32 53
32 54
32 55
32 57
32 60
32 61
32 62
32 64
32 66
32 69
32 70
32 72
32 76
32 77
32 78
32 80
32 81
32 86
32 87
32 89
32 90
32 91
32 93
32 94
32 96
32 97
32 98
33 34
33 35
33 37
33 38
33 39
33 40
33 42
33 43
33 47
33 48
33 49
33 51
33 52
33 53
33 54
33 56
33 57
33 58
33 59
33 60
33 63
33 66
33 68
33 69
33 71
33 72
33 74
33 77
33 80
33 82
33 83
33 84
33 86
33 88
33 91
33 92
33 93
33 97
34 35
34 36
34 40
34 42
34 43
34 44
34 45
34 46
34 47
34 49
34 51
34 55
34 57
34 58
34 60
34 62
34 66
34 69
34 70
34 73
34 78
34 80
34 82
34 83
34 84
34 85
34 87
34 89
34 91
34 95
34 97
34 98
35 37
35 38
35 40
35 42
35 44
35 45
35 47
35 49
35 52
35 53
35 54
35 55
35 56
35 57
35 58
35 59
35 62
35 63
35 65
35 66
35 68
35 73
35 75
35 80
35 81
35 84
35 88
35 89
35 91
35 98
36 39
36 42
36 44
36 46
36 47
36 48
36 49
36 53
36 54
36 55
36 57
36 63
36 66
36 68
36 69
36 72
36 75
36 76
36 77
36 78
36 79
36 80
36 81
36 83
36 86
36 87
36 88
36 89
36 90
36 94
36 95
36 98
36 99
37 39
37 41
37 42
37 43
37 44
37 45
37 46
37 47
37 48
37 49
37 51
37 52
37 55
37 56
37 58
37 60
37 63
37 65
37 69
37 71
37 74
37 75
37 76
37 80
37 88
37 89
37 90
37 92
37 93
37 95
37 96
37 97
37 98
38 39
38 41
38 43
38 45
38 48
38 49
38 50
38 51
38 53
38 54
38 55
38 56
38 60
38 64
38 65
38 68
38 72
38 75
38 76
38 80
38 82
38 83
38 84
38 85
38 88
38 91
38 94
38 95
38 96
38 97
38 98
38 99
39 41
39 42
39 44
39 45
39 46
39 47
39 49
39 50
39 52
39 53
39 54
39 59
39 60
39 63
39 64
39 65
39 67
39 68
39 69
39 70
39 72
39 73
39 74
39 77
39 78
39 79
39 81
39 82
39 83
39 84
39 85
39 87
39 91
39 94
39 95
39 96
39 97
39 98
40 43
40 45
40 46
40 47
40 49
40 51
40 53
40 54
40 57
40 61
40 62
40 64
40 68
40 69
40 72
40 74
40 76
40 81
40 82
40 83
40 85
40 88
40 90
40 92
40 93
40 94
40 97
41 42
41 44
41 45
41 49
41 51
41 52
41 55
41 56
41 57
41 58
41 59
41 60
41 62
41 63
41 64
41 66
41 69
41 70
41 72
41 74
41 76
41 77
41 79
41 84
41 85
41 88
41 91
41 92
41 93
41 99
42 44
42 48
42 52
42 54
42 58
42 64
42 66
42 74
42 77
42 78
42 81
42 82
42 83
42 84
42 85
42 87
42 88
42 90
42 91
42 93
42 96
42 97
42 98
43 44
43 46
43 47
43 49
43 54
43 58
43 63
43 64
43 67
43 68
43 72
43 75
43 78
43 79
43 80
43 83
43 86
43 87
43 88
43 89
43 91
43 92
43 93
43 94
43 95
43 96
43 97
43 98
43 99
44 48
44 50
44 51
44 52
44 57
44 62
44 63
44 65
44 68
44 71
44 72
44 73
44 74
44 75
44 79
44 81
44 82
44 85
44 90
44 95
44 96
44 99
45 47
45 48
45 49
45 51
45 52
45 53
45 56
45 57
45 61
45 62
45 64
45 68
45 69
45 70
45 71
45 73
45 74
45 75
45 77
45 78
45 79
45 80
45 81
45 82
45 84
45 85
45 86
45 88
45 89
45 91
45 92
45 93
45 99
46 47
46 48
46 59
46 63
46 67
46 69
46 70
46 72
46 73
46 75
46 76
46 77
46 78
46 79
46 80
46 81
46 83
46 86
46 87
46 89
46 90
46 91
46 92
46 95
46 98
47 49
47 50
47 51
47 53
47 55
47 56
47 60
47 62
47 63
47 66
47 67
47 68
47 70
47 72
47 79
47 80
47 81
47 82
47 84
47 86
47 87
47 89
47 92
47 96
47 97
47 98
47 99
48 56
48 63
48 65
48 66
48 68
48 72
48 73
48 74
48 77
48 81
48 83
48 84
48 89
48 92
48 93
48 95
49 51
49 53
49 54
49 55
49 58
49 59
49 60
49 61
49 64
49 68
49 70
49 71
49 74
49 75
49 77
49 82
49 85
49 87
49 89
49 90
49 93
49 94
49 95
49 96
49 97
49 99
50 51
50 52
50 53
50 54
50 55
50 60
50 62
50 63
50 65
50 67
50 76
50 80
50 81
50 82
50 83
50 85
50 89
50 93
50 95
50 96
50 98
50 99
51 58
51 59
51 61
51 62
51 65
51 66
51 70
51 71
51 72
51 76
51 77
51 80
51 83
51 84
51 86
51 90
51 94
51 95
51 98
51 99
52 54
52 55
52 59
52 62
52 67
52 70
52 71
52 74
52 76
52 77
52 80
52 83
52 84
52 86
52 87
52 88
52 91
52 92
52 93
52 95
53 54
53 57
53 58
53 59
53 65
53 69
53 71
53 73
53 76
53 77
53 78
53 81
53 82
53 83
53 84
53 85
53 88
53 91
53 93
53 94
53 95
53 96
54 58
54 68
54 69
54 71
54 72
54 74
54 77
54 79
54 81
54 82
54 83
54 85
54 90
54 91
54 94
54 95
54 98
55 58
55 59
55 63
55 64
55 66
55 68
55 70
55 72
55 77
55 78
55 79
55 80
55 81
55 82
55 83
55 88
55 89
55 93
55 95
55 98
55 99
56 58
56 60
56 63
56 64
56 67
56 68
56 70
56 71
56 72
56 73
56 76
56 77
56 79
56 85
56 88
56 89
56 90
56 93
56 94
56 98
56 99
57 58
57 59
57 62
57 65
57 67
57 68
57 69
57 71
57 72
57 73
57 74
57 76
57 79
57 82
57 83
57 86
57 88
57 90
57 92
57 95
57 96
57 98
58 59
58 60
58 61
58 62
58 65
58 67
58 68
58 69
58 70
58 73
58 75
58 76
58 79
58 80
58 82
58 83
58 85
58 86
58 88
58 89
58 93
58 94
58 98
59 60
59 61
59 63
59 64
59 65
59 67
59 68
59 70
59 75
59 76
59 78
59 79
59 80
59 81
59 82
59 83
59 86
59 87
59 92
59 93
59 94
59 95
59 96
59 97
59 98
59 99
60 62
60 64
60 66
60 67
60 69
60 75
60 76
60 77
60 78
60 79
60 80
60 82
60 83
60 86
60 88
60 89
60 90
60 93
60 94
60 97
60 98
61 62
61 63
61 64
61 65
61 67
61 68
61 71
61 72
61 73
61 74
61 75
61 76
61 77
61 79
61 81
61 82
61 84
61 85
61 86
61 87
61 88
61 89
61 95
61 97
61 98
62 63
62 64
62 67
62 69
62 71
62 72
62 73
62 77
62 79
62 80
62 81
62 85
62 87
62 88
62 91
62 97
63 65
63 66
63 68
63 69
63 70
63 71
63 72
63 75
63 78
63 83
63 84
63 85
63 86
63 87
63 92
63 94
63 97
63 98
64 65
64 66
64 69
64 70
64 71
64 72
64 77
64 78
64 79
64 89
64 91
64 92
64 94
64 95
64 96
64 97
64 98
64 99
65 67
65 69
65 70
65 72
65 79
65 80
65 82
65 83
65 86
65 88
65 89
65 90
65 95
65 96
65 98
65 99
66 67
66 69
66 70
66 74
66 76
66 77
66 80
66 81
66 87
66 90
66 91
66 95
66 96
66 99
67 70
67 72
67 73
67 74
67 75
67 77
67 80
67 81
67 82
67 83
67 84
67 90
67 93
67 95
67 96
67 97
67 99
68 70
68 71
68 75
68 77
68 78
68 80
68 81
68 82
68 83
68 86
68 87
68 88
68 92
68 95
68 96
68 97
68 98
69 72
69 73
69 74
69 75
69 78
69 79
69 80
69 82
69 83
69 85
69 86
69 87
69 88
69 90
69 91
69 92
69 94
69 96
69 98
69 99
70 71
70 73
70 74
70 77
70 78
70 83
70 85
70 86
70 87
70 88
70 89
70 92
70 95
70 97
70 99
71 73
71 74
71 75
71 76
71 77
71 80
71 84
71 85
71 88
71 89
71 93
71 94
71 98
71 99
72 73
72 76
72 77
72 78
72 80
72 81
72 82
72 86
72 87
72 89
72 90
72 91
72 92
72 93
72 94
72 97
72 99
73 74
73 76
73 77
73 79
73 80
73 81
73 82
73 83
73 84
73 85
73 86
73 89
73 93
73 95
74 77
74 82
74 83
74 88
74 89
74 90
74 91
74 92
74 93
74 95
74 96
75 76
75 80
75 83
75 85
75 86
75 87
75 88
75 89
75 94
75 95
75 97
75 98
75 99
76 79
76 80
76 81
76 87
76 88
76 90
76 91
76 92
76 95
76 96
76 99
77 79
77 82
77 86
77 89
77 91
77 93
77 96
77 97
77 98
78 80
78 81
78 83
78 84
78 85
78 86
78 87
78 88
78 90
78 91
78 92
78 93
78 94
78 95
78 96
79 82
79 83
79 84
79 85
79 86
79 87
79 88
79 93
79 95
79 96
79 97
79 99
80 82
80 88
80 89
80 90
80 93
80 94
80 95
80 96
80 97
80 99
81 82
81 83
81 85
81 86
81 97
81 98
82 83
82 87
82 89
82 90
82 94
82 95
82 96
82 98
82 99
83 84
83 91
83 92
83 94
83 95
83 96
83 98
83 99
84 85
84 86
84 90
84 91
84 93
84 94
84 95
84 98
84 99
85 87
85 91
85 94
85 95
85 97
85 99
86 89
86 92
86 93
86 94
86 95
86 96
86 97
87 92
87 93
87 95
87 99
88 90
88 91
88 93
88 94
88 95
88 97
88 98
88 99
89 92
89 95
89 96
89 97
89 99
90 92
90 93
90 94
90 95
90 98
91 93
91 94
91 95
91 99
92 93
92 98
93 94
93 97
93 98
94 96
94 98
95 96
95 99
97 98
