0 3
0 6
0 8
0 13
0 14
0 15
0 17
0 18
0 20
0 24
0 26
0 27
0 29
0 32
0 34
0 36
0 37
0 38
0 39
0 40
0 41
0 42
0 43
0 44
0 46
0 47
0 48
0 50
0 52
0 53
0 56
0 57
0 58
0 60
0 62
0 63
0 64
0 65
0 69
0 70
0 71
0 74
0 75
0 77
0 78
0 79
0 81
0 82
0 84
0 91
0 93
0 95
0 96
0 99
1 2
1 3
1 5
1 7
1 8
1 10
1 12
1 14
1 16
1 17
1 20
1 22
1 24
1 25
1 29
1 37
1 38
1 39
1 40
1 44
1 46
1 47
1 48
1 50
1 60
1 64
1 65
1 66
1 67
1 72
1 73
1 74
1 76
1 77
1 78
1 79
1 80
1 83
1 85
1 86
1 87
1 88
1 91
1 95
1 97
1 98
1 99
2 6
2 7
2 8
2 14
2 15
2 16
2 17
2 19
2 21
2 22
2 25
2 28
2 29
2 30
2 33
2 34
2 36
2 40
2 41
2 45
2 46
2 50
2 51
2 53
2 56
2 57
2 58
2 59
2 61
2 65
2 66
2 75
2 77
2 83
2 85
2 86
2 87
2 89
2 91
2 92
2 93
2 95
2 96
2 98
2 99
3 6
3 7
3 8
3 9
3 12
3 13
3 14
3 15
3 18
3 22
3 23
3 25
3 26
3 33
3 34
3 35
3 39
3 40
3 41
3 42
3 43
3 45
3 47
3 49
3 51
3 52
3 54
3 58
3 60
3 65
3 70
3 71
3 74
3 82
3 83
3 86
3 87
3 88
3 89
3 90
3 91
3 94
3 95
4 7
4 8
4 11
4 12
4 13
4 17
4 18
4 19
4 20
4 23
4 27
4 28
4 29
4 30
4 35
4 37
4 38
4 39
4 40
4 41
4 42
4 43
4 44
4 45
4 47
4 52
4 54
4 57
4 58
4 59
4 60
4 63
4 64
4 69
4 70
4 71
4 75
4 76
4 77
4 83
4 84
4 86
4 88
4 89
4 90
4 91
4 93
4 94
4 95
4 96
4 97
4 98
5 7
5 8
5 11
5 12
5 13
5 15
5 17
5 18
5 21
5 23
5 26
5 27
5 30
5 32
5 33
5 34
5 36
5 37
5 39
5 41
5 43
5 44
5 50
5 51
5 52
5 54
5 56
5 57
5 59
5 60
5 61
5 64
5 65
5 66
5 67
5 68
5 69
5 73
5 74
5 76
5 77
5 79
5 80
5 87
5 88
5 93
5 94
5 95
5 96
5 97
5 98
5 99
6 8
6 15
6 16
6 17
6 18
6 19
6 21
6 24
6 25
6 26
6 28
6 30
6 31
6 32
6 36
6 37
6 38
6 40
6 45
6 46
6 49
6 50
6 52
6 53
6 54
6 56
6 57
6 58
6 59
6 60
6 61
6 62
6 63
6 64
6 65
6 69
6 70
6 72
6 73
6 74
6 75
6 77
6 78
6 79
6 81
6 84
6 86
6 88
6 90
6 91
6 94
6 95
6 96
6 98
7 8
7 9
7 10
7 11
7 14
7 16
7 17
7 18
7 19
7 23
7 25
7 27
7 34
7 35
7 36
7 37
7 39
7 45
7 46
7 51
7 53
7 55
7 58
7 59
7 62
7 69
7 71
7 74
7 79
7 81
7 82
7 83
7 84
7 88
7 89
7 90
7 95
7 96
7 99
8 9
8 11
8 12
8 16
8 17
8 18
8 20
8 22
8 23
8 33
8 34
8 35
8 37
8 41
8 42
8 43
8 44
8 46
8 48
8 49
8 50
8 51
8 52
8 53
8 58
8 63
8 65
8 66
8 70
8 73
8 76
8 77
8 79
8 80
8 82
8 89
8 90
8 93
8 94
8 96
8 97
8 98
8 99
9 11
9 13
9 16
9 17
9 18
9 20
9 24
9 26
9 27
9 28
9 32
9 35
9 40
9 42
9 44
9 45
9 46
9 47
9 50
9 51
9 52
9 55
9 56
9 59
9 61
9 64
9 68
9 69
9 70
9 73
9 77
9 78
9 79
9 80
9 81
9 83
9 86
9 88
9 89
9 90
9 93
9 95
9 97
9 98
10 13
10 15
10 17
10 19
10 20
10 26
10 28
10 36
10 37
10 41
10 42
10 43
10 47
10 48
10 49
10 50
10 53
10 56
10 57
10 59
10 60
10 64
10 65
10 69
10 71
10 73
10 74
10 77
10 79
10 80
10 83
10 84
10 87
10 88
10 89
10 90
10 92
10 94
10 96
10 97
10 98
11 13
11 14
11 15
11 16
11 20
11 22
11 24
11 25
11 26
11 28
11 31
11 32
11 33
11 34
11 35
11 37
11 38
11 40
11 42
11 43
11 44
11 47
11 51
11 52
11 57
11 60
11 62
11 63
11 67
11 70
11 72
11 75
11 76
11 79
11 81
11 89
11 92
11 93
11 94
11 96
11 98
12 14
12 15
12 16
12 18
12 24
12 25
12 27
12 28
12 32
12 33
12 35
12 36
12 37
12 41
12 43
12 45
12 47
12 51
12 52
12 53
12 58
12 59
12 61
12 64
12 67
12 68
12 70
12 74
12 76
12 78
12 79
12 82
12 83
12 84
12 86
12 88
12 89
12 90
12 92
12 95
12 97
12 98
12 99
13 14
13 15
13 17
13 19
13 20
13 21
13 22
13 26
13 27
13 29
13 30
13 35
13 38
13 42
13 43
13 44
13 48
13 49
13 50
13 51
13 53
13 54
13 60
13 61
13 65
13 67
13 68
13 69
13 70
13 71
13 72
13 73
13 74
13 76
13 78
13 80
13 81
13 90
13 91
13 95
13 97
13 98
14 19
14 21
14 22
14 23
14 26
14 27
14 30
14 31
14 32
14 36
14 37
14 38
14 43
14 44
14 48
14 50
14 51
14 52
14 53
14 54
14 62
14 65
14 66
14 67
14 68
14 70
14 75
14 79
14 80
14 83
14 85
14 87
14 91
14 93
14 94
14 97
15 18
15 20
15 22
15 23
15 25
15 26
15 28
15 30
15 31
15 32
15 33
15 39
15 41
15 44
15 45
15 46
15 47
15 50
15 51
15 52
15 53
15 54
15 56
15 57
15 58
15 60
15 61
15 63
15 64
15 69
15 70
15 71
15 74
15 75
15 76
15 78
15 80
15 87
15 91
15 92
15 94
15 95
15 98
15 99
16 17
16 18
16 20
16 24
16 25
16 26
16 28
16 36
16 37
16 40
16 41
16 43
16 45
16 46
16 50
16 51
16 53
16 54
16 56
16 58
16 60
16 61
16 64
16 65
16 66
16 70
16 71
16 72
16 74
16 77
16 79
16 83
16 84
16 87
16 90
16 91
16 93
16 96
16 97
16 98
17 18
17 19
17 20
17 21
17 23
17 25
17 26
17 27
17 28
17 32
17 33
17 35
17 45
17 47
17 48
17 50
17 51
17 53
17 56
17 57
17 60
17 64
17 68
17 70
17 72
17 73
17 78
17 80
17 84
17 85
17 88
17 89
17 91
17 94
18 19
18 20
18 21
18 23
18 24
18 25
18 27
18 29
18 31
18 32
18 33
18 36
18 38
18 39
18 41
18 45
18 47
18 49
18 50
18 51
18 53
18 56
18 57
18 58
18 59
18 60
18 61
18 63
18 67
18 69
18 72
18 75
18 76
18 77
18 79
18 82
18 86
18 89
18 94
18 96
18 97
18 99
19 20
19 22
19 24
19 25
19 26
19 27
19 33
19 34
19 36
19 38
19 39
19 41
19 44
19 45
19 47
19 48
19 49
19 50
19 53
19 55
19 57
19 60
19 61
19 62
19 64
19 65
19 68
19 71
19 72
19 73
19 75
19 76
19 77
19 78
19 79
19 81
19 83
19 85
19 86
19 89
19 90
19 95
19 97
19 98
20 23
20 26
20 29
20 31
20 32
20 33
20 34
20 35
20 36
20 37
20 38
20 42
20 43
20 47
20 49
20 51
20 55
20 56
20 57
20 58
20 61
20 63
20 65
20 66
20 68
20 69
20 70
20 73
20 76
20 81
20 83
20 84
20 86
20 92
20 95
20 96
20 97
20 98
21 24
21 25
21 28
21 33
21 34
21 38
21 39
21 40
21 42
21 43
21 47
21 49
21 52
21 55
21 58
21 62
21 63
21 64
21 65
21 66
21 67
21 68
21 69
21 70
21 71
21 75
21 76
21 78
21 81
21 83
21 89
21 91
21 92
21 96
21 97
21 99
22 25
22 27
22 30
22 31
22 33
22 38
22 40
22 41
22 42
22 43
22 44
22 46
22 49
22 50
22 56
22 57
22 58
22 59
22 62
22 67
22 68
22 69
22 73
22 75
22 76
22 79
22 80
22 82
22 83
22 85
22 86
22 87
22 88
22 89
22 92
22 93
22 95
22 97
23 26
23 32
23 36
23 37
23 39
23 41
23 42
23 45
23 46
23 47
23 50
23 51
23 52
23 55
23 57
23 59
23 61
23 62
23 64
23 69
23 70
23 71
23 75
23 78
23 79
23 81
23 83
23 87
23 89
23 92
23 96
23 99
24 25
24 26
24 29
24 30
24 37
24 40
24 43
24 44
24 47
24 50
24 52
24 54
24 55
24 56
24 59
24 60
24 64
24 67
24 69
24 70
24 71
24 76
24 77
24 81
24 82
24 83
24 84
24 85
24 87
24 89
24 91
24 92
24 93
24 96
24 97
25 26
25 27
25 28
25 29
25 32
25 33
25 34
25 35
25 37
25 40
25 43
25 45
25 46
25 47
25 48
25 50
25 51
25 52
25 56
25 59
25 61
25 63
25 64
25 68
25 71
25 72
25 73
25 74
25 76
25 81
25 85
25 86
25 87
25 90
25 92
25 93
25 95
26 27
26 31
26 35
26 36
26 44
26 46
26 48
26 50
26 51
26 53
26 56
26 57
26 61
26 62
26 65
26 66
26 67
26 72
26 73
26 75
26 76
26 79
26 80
26 81
26 82
26 83
26 85
26 87
26 89
26 90
26 93
26 96
26 99
27 28
27 30
27 35
27 44
27 45
27 46
27 48
27 49
27 54
27 57
27 59
27 60
27 61
27 63
27 64
27 68
27 72
27 76
27 77
27 80
27 82
27 83
27 86
27 87
27 90
27 91
27 92
27 94
27 96
27 97
27 98
27 99
28 30
28 31
28 37
28 38
28 40
28 42
28 47
28 48
28 49
28 51
28 52
28 59
28 62
28 63
28 68
28 69
28 72
28 74
28 75
28 76
28 84
28 86
28 87
28 88
28 93
28 94
28 95
28 96
28 97
28 99
29 32
29 34
29 36
29 37
29 43
29 44
29 46
29 48
29 49
29 50
29 52
29 59
29 60
29 61
29 63
29 64
29 65
29 68
29 69
29 70
29 71
29 74
29 75
29 77
29 79
29 80
29 81
29 82
29 83
29 98
30 31
30 33
30 34
30 36
30 38
30 40
30 41
30 42
30 44
30 45
30 46
30 49
30 50
30 51
30 53
30 56
30 57
30 58
30 59
30 60
30 62
30 64
30 65
30 66
30 67
30 68
30 71
30 73
30 74
30 75
30 76
30 83
30 84
30 86
30 87
30 88
30 89
30 91
30 92
30 94
30 95
30 96
30 99
31 33
31 34
31 35
31 37
31 39
31 44
31 46
31 47
31 48
31 49
31 55
31 59
31 60
31 61
31 64
31 66
31 67
31 68
31 71
31 72
31 76
31 82
31 83
31 84
31 85
31 88
31 89
31 90
31 91
31 93
31 95
32 33
32 34
32 35
32 36
32 38
32 40
32 41
32 42
32 44
32 46
32 49
32 50
32 51
32 52
32 56
32 60
32 61
32 64
32 66
32 72
32 75
32 78
32 80
32 82
32 83
32 85
32 88
32 89
32 90
32 91
32 93
32 94
32 96
32 97
33 35
33 36
33 41
33 42
33 45
33 46
33 48
33 50
33 52
33 55
33 56
33 59
33 60
33 64
33 65
33 66
33 69
33 73
33 74
33 76
33 77
33 79
33 80
33 81
33 83
33 87
33 89
33 94
33 96
33 99
34 35
34 37
34 41
34 42
34 47
34 49
34 51
34 53
34 54
34 57
34 58
34 60
34 62
34 65
34 68
34 75
34 76
34 77
34 79
34 80
34 81
34 82
34 83
34 86
34 87
34 88
34 91
34 95
34 96
34 99
35 36
35 37
35 38
35 40
35 41
35 42
35 43
35 44
35 45
35 47
35 48
35 49
35 50
35 51
35 53
35 55
35 57
35 58
35 60
35 61
35 62
35 63
35 65
35 66
35 67
35 68
35 70
35 71
35 73
35 74
35 75
35 78
35 81
35 89
35 90
35 92
35 93
35 95
35 96
35 97
35 98
36 38
36 40
36 43
36 45
36 46
36 47
36 49
36 54
36 55
36 57
36 61
36 62
36 66
36 68
36 69
36 71
36 72
36 76
36 77
36 78
36 79
36 80
36 82
36 90
36 92
36 93
36 95
36 96
36 98
36 99
37 39
37 40
37 44
37 45
37 46
37 48
37 50
37 51
37 52
37 54
37 55
37 56
37 58
37 59
37 60
37 62
37 64
37 65
37 70
37 71
37 77
37 78
37 81
37 83
37 87
37 90
37 91
37 92
37 93
37 94
37 96
37 98
38 40
38 45
38 46
38 51
38 57
38 59
38 60
38 61
38 66
38 68
38 71
38 76
38 80
38 82
38 85
38 87
38 91
38 96
39 40
39 41
39 43
39 46
39 47
39 48
39 52
39 53
39 54
39 55
39 56
39 57
39 58
39 59
39 60
39 62
39 66
39 67
39 70
39 71
39 73
39 74
39 77
39 79
39 82
39 84
39 87
39 91
39 92
39 95
39 96
39 99
40 41
40 42
40 48
40 51
40 52
40 53
40 55
40 57
40 59
40 60
40 61
40 63
40 66
40 67
40 73
40 74
40 75
40 76
40 77
40 79
40 82
40 84
40 93
40 99
41 42
41 43
41 44
41 45
41 47
41 48
41 49
41 50
41 54
41 55
41 58
41 59
41 67
41 69
41 74
41 76
41 77
41 78
41 79
41 80
41 84
41 87
41 89
41 90
41 91
41 92
41 95
41 97
41 98
42 43
42 46
42 49
42 52
42 59
42 60
42 62
42 63
42 64
42 65
42 66
42 70
42 72
42 74
42 76
42 77
42 81
42 83
42 88
42 90
42 91
42 92
42 93
42 95
42 96
43 44
43 48
43 49
43 50
43 51
43 53
43 56
43 58
43 59
43 61
43 63
43 66
43 67
43 68
43 70
43 71
43 72
43 76
43 78
43 80
43 82
43 83
43 85
43 89
43 90
43 91
43 92
43 93
43 94
43 96
43 98
44 48
44 49
44 50
44 51
44 52
44 53
44 60
44 62
44 64
44 67
44 68
44 72
44 74
44 75
44 76
44 77
44 80
44 83
44 84
44 85
44 86
44 87
44 88
44 89
44 90
44 91
44 93
44 96
44 97
45 46
45 47
45 48
45 49
45 51
45 52
45 54
45 55
45 61
45 63
45 64
45 65
45 67
45 68
45 69
45 71
45 74
45 75
45 78
45 82
45 85
45 86
45 88
45 90
45 94
45 95
45 98
46 47
46 48
46 50
46 52
46 54
46 55
46 57
46 60
46 61
46 64
46 66
46 68
46 69
46 71
46 72
46 75
46 76
46 81
46 82
46 83
46 86
46 90
46 93
46 95
46 97
46 98
47 53
47 54
47 56
47 60
47 65
47 67
47 69
47 74
47 75
47 80
47 81
47 82
47 83
47 84
47 85
47 86
47 89
47 90
47 91
47 92
47 94
47 96
47 97
47 98
47 99
48 52
48 54
48 58
48 60
48 62
48 69
48 73
48 77
48 78
48 80
48 81
48 82
48 85
48 87
48 88
48 89
48 91
48 94
48 96
49 51
49 52
49 53
49 54
49 55
49 58
49 60
49 64
49 66
49 67
49 68
49 69
49 71
49 72
49 73
49 74
49 79
49 80
49 82
49 84
49 85
49 86
49 89
49 90
49 91
49 94
49 95
49 96
49 97
49 99
50 51
50 56
50 60
50 63
50 65
50 66
50 67
50 68
50 69
50 70
50 73
50 75
50 76
50 79
50 81
50 84
50 85
50 86
50 88
50 90
50 94
50 95
50 96
51 52
51 53
51 54
51 60
51 64
51 65
51 67
51 69
51 70
51 73
51 74
51 80
51 84
51 85
51 86
51 90
51 91
51 93
51 96
51 99
52 53
52 55
52 58
52 59
52 62
52 66
52 67
52 69
52 70
52 71
52 72
52 75
52 76
52 77
52 80
52 81
52 83
52 84
52 86
52 87
52 89
52 90
52 91
52 92
52 95
52 98
52 99
53 54
53 60
53 65
53 66
53 67
53 71
53 73
53 74
53 76
53 77
53 78
53 79
53 80
53 81
53 83
53 86
53 87
53 88
53 90
53 92
53 94
53 95
53 99
54 55
54 59
54 60
54 62
54 63
54 66
54 67
54 68
54 70
54 71
54 75
54 76
54 78
54 79
54 80
54 81
54 83
54 85
54 93
54 94
54 97
54 99
55 56
55 57
55 60
55 63
55 64
55 66
55 67
55 69
55 70
55 73
55 74
55 75
55 76
55 79
55 80
55 81
55 82
55 84
55 85
55 86
55 88
55 89
55 91
55 95
55 96
55 99
56 58
56 63
56 66
56 70
56 76
56 77
56 78
56 79
56 80
56 82
56 83
56 84
56 85
56 87
56 90
56 93
56 94
56 99
57 59
57 61
57 62
57 63
57 64
57 65
57 66
57 69
57 70
57 73
57 74
57 75
57 76
57 77
57 79
57 81
57 82
57 83
57 85
57 87
57 88
57 89
57 92
57 94
57 96
57 97
57 98
58 59
58 60
58 61
58 62
58 64
58 67
58 70
58 71
58 74
58 75
58 77
58 78
58 80
58 81
58 84
58 85
58 89
58 91
58 95
58 97
58 99
59 60
59 64
59 66
59 67
59 68
59 73
59 74
59 77
59 79
59 80
59 81
59 83
59 85
59 88
59 89
59 92
59 93
59 95
59 98
60 68
60 70
60 72
60 74
60 76
60 77
60 78
60 81
60 82
60 83
60 84
60 86
60 91
60 92
60 94
60 96
60 97
60 99
61 62
61 65
61 66
61 67
61 71
61 72
61 73
61 76
61 78
61 81
61 82
61 85
61 86
61 88
61 90
61 92
61 93
61 96
61 97
61 98
62 63
62 64
62 65
62 66
62 67
62 68
62 69
62 71
62 72
62 74
62 77
62 78
62 79
62 80
62 81
62 82
62 84
62 90
62 95
62 96
62 97
62 98
63 67
63 68
63 69
63 71
63 72
63 73
63 78
63 79
63 80
63 82
63 83
63 84
63 88
63 89
63 91
63 92
63 93
63 94
63 96
63 97
64 68
64 72
64 74
64 75
64 77
64 78
64 79
64 80
64 81
64 82
64 85
64 87
64 89
64 90
64 95
64 96
64 97
64 98
65 67
65 69
65 71
65 72
65 76
65 77
65 80
65 81
65 85
65 86
65 87
65 88
65 89
65 90
65 93
65 96
66 68
66 70
66 71
66 72
66 73
66 78
66 82
66 84
66 85
66 86
66 89
66 90
66 91
66 95
66 98
67 70
67 71
67 72
67 73
67 76
67 77
67 79
67 82
67 83
67 84
67 86
67 92
67 93
67 94
67 95
67 96
67 99
68 70
68 71
68 74
68 75
68 76
68 78
68 79
68 82
68 84
68 85
68 87
68 94
68 95
68 97
69 72
69 74
69 75
69 77
69 78
69 80
69 83
69 85
69 86
69 88
69 89
69 92
69 94
69 95
69 96
69 97
69 98
70 72
70 74
70 76
70 78
70 82
70 83
70 86
70 88
70 91
70 93
70 95
70 97
70 98
70 99
71 72
71 74
71 75
71 76
71 78
71 79
71 81
71 84
71 86
71 87
71 88
71 92
71 93
71 96
71 97
72 75
72 77
72 83
72 84
72 86
72 87
72 88
72 89
72 90
72 92
72 98
73 76
73 77
73 79
73 80
73 82
73 83
73 85
73 91
73 93
73 94
73 95
73 96
74 75
74 76
74 78
74 79
74 81
74 82
74 83
74 85
74 86
74 87
74 88
74 91
74 92
74 93
74 94
74 95
74 96
74 98
75 76
75 77
75 79
75 82
75 84
75 85
75 87
75 88
75 89
75 91
75 92
75 93
75 94
75 98
75 99
76 78
76 80
76 82
76 84
76 86
76 87
76 88
76 91
76 96
76 97
76 99
77 83
77 86
77 88
77 89
77 92
77 93
77 94
77 97
77 99
78 79
78 84
78 85
78 88
78 90
78 91
78 92
78 93
78 94
78 95
78 98
79 81
79 82
79 83
79 84
79 85
79 86
79 89
79 92
79 94
79 96
79 99
80 81
80 82
80 85
80 89
80 92
80 93
80 95
80 99
81 84
81 86
81 87
81 91
81 92
81 93
81 96
81 97
82 83
82 84
82 86
82 88
82 89
82 90
82 91
82 92
82 93
82 97
82 98
83 85
83 89
83 90
83 92
83 97
83 98
83 99
84 85
84 86
84 87
84 88
84 90
84 93
84 95
84 96
84 97
84 99
85 87
85 89
85 90
85 91
85 92
85 94
85 95
85 97
85 98
86 89
86 94
86 95
86 98
86 99
87 90
87 92
87 93
87 94
87 95
87 96
88 89
88 90
88 95
89 90
89 93
89 94
89 97
90 93
90 94
90 97
90 99
91 92
91 93
91 94
91 96
92 93
92 94
92 96
92 98
93 95
93 99
94 95
94 97
94 98
95 96
95 98
95 99
96 97
96 98
97 98
