0 1
0 3
0 4
0 5
0 11
0 14
0 15
0 16
0 17
0 18
0 21
0 22
0 23
0 25
0 27
0 28
0 31
0 34
0 36
0 37
0 39
0 40
0 41
0 42
0 43
0 44
0 46
0 48
0 51
0 53
0 55
0 56
0 59
0 61
0 62
0 64
0 65
0 68
0 69
0 70
0 71
0 76
0 77
0 78
0 79
0 83
0 85
0 88
0 89
0 90
0 91
0 92
0 96
0 98
0 99
1 2
1 6
1 7
1 8
1 9
1 10
1 13
1 14
1 15
1 17
1 19
1 23
1 25
1 26
1 27
1 29
1 30
1 31
1 32
1 33
1 41
1 42
1 44
1 45
1 47
1 49
1 50
1 53
1 54
1 56
1 58
1 59
1 63
1 64
1 65
1 68
1 70
1 72
1 73
1 75
1 77
1 78
1 79
1 81
1 82
1 83
1 84
1 85
1 87
1 90
1 91
1 92
1 93
1 94
1 97
1 98
1 99
2 5
2 7
2 10
2 13
2 15
2 18
2 20
2 21
2 26
2 27
2 29
2 31
2 35
2 38
2 39
2 43
2 45
2 46
2 47
2 48
2 53
2 56
2 57
2 61
2 62
2 65
2 68
2 69
2 74
2 75
2 76
2 81
2 82
2 84
2 87
2 88
2 90
2 91
2 93
2 94
2 96
2 97
2 99
3 4
3 7
3 9
3 10
3 14
3 15
3 16
3 20
3 22
3 23
3 24
3 26
3 27
3 29
3 30
3 31
3 32
3 36
3 37
3 39
3 43
3 45
3 47
3 48
3 51
3 54
3 57
3 58
3 61
3 63
3 64
3 67
3 68
3 69
3 70
3 71
3 73
3 74
3 79
3 81
3 84
3 86
3 87
3 88
3 89
3 90
3 95
3 96
3 97
3 98
4 7
4 9
4 10
4 15
4 18
4 21
4 34
4 35
4 37
4 38
4 39
4 40
4 41
4 43
4 44
4 48
4 51
4 52
4 53
4 60
4 61
4 62
4 63
4 64
4 66
4 70
4 71
4 74
4 76
4 80
4 84
4 85
4 86
4 87
4 88
4 89
4 91
4 92
4 94
4 97
4 98
5 7
5 8
5 10
5 12
5 14
5 15
5 16
5 17
5 18
5 19
5 20
5 21
5 23
5 26
5 29
5 30
5 31
5 32
5 35
5 38
5 39
5 40
5 41
5 42
5 49
5 51
5 52
5 55
5 56
5 57
5 58
5 62
5 63
5 65
5 70
5 73
5 75
5 76
5 77
5 78
5 79
5 80
5 81
5 82
5 83
5 86
5 88
5 89
5 94
5 96
5 97
5 98
6 7
6 9
6 10
6 11
6 13
6 15
6 19
6 22
6 24
6 29
6 31
6 33
6 36
6 37
6 41
6 42
6 43
6 45
6 48
6 49
6 50
6 51
6 53
6 54
6 56
6 58
6 63
6 65
6 67
6 70
6 73
6 82
6 83
6 87
6 88
6 89
6 90
6 92
6 93
6 94
6 95
6 98
7 11
7 13
7 14
7 16
7 17
7 21
7 22
7 24
7 25
7 27
7 28
7 30
7 31
7 32
7 41
7 42
7 44
7 46
7 49
7 50
7 52
7 53
7 55
7 57
7 58
7 59
7 61
7 62
7 65
7 66
7 67
7 70
7 71
7 72
7 73
7 74
7 75
7 76
7 81
7 83
7 87
7 90
7 92
7 93
7 94
7 96
7 98
7 99
8 9
8 10
8 11
8 12
8 14
8 16
8 17
8 19
8 23
8 26
8 28
8 32
8 33
8 35
8 36
8 37
8 38
8 39
8 40
8 42
8 44
8 46
8 47
8 50
8 51
8 54
8 55
8 58
8 59
8 60
8 61
8 63
8 64
8 65
8 66
8 67
8 68
8 69
8 70
8 72
8 76
8 77
8 78
8 79
8 82
8 84
8 85
8 86
8 87
8 88
8 89
8 90
8 94
8 95
8 96
8 98
9 13
9 14
9 16
9 19
9 21
9 27
9 29
9 32
9 35
9 36
9 37
9 38
9 39
9 41
9 42
9 45
9 48
9 49
9 51
9 53
9 54
9 56
9 57
9 61
9 63
9 68
9 71
9 73
9 75
9 76
9 77
9 83
9 84
9 85
9 86
9 87
9 89
9 92
9 94
9 96
9 97
9 98
9 99
10 11
10 13
10 14
10 18
10 20
10 21
10 22
10 23
10 24
10 25
10 28
10 29
10 30
10 31
10 32
10 33
10 36
10 38
10 39
10 40
10 42
10 43
10 44
10 45
10 49
10 50
10 51
10 53
10 55
10 56
10 57
10 58
10 59
10 61
10 62
10 63
10 64
10 67
10 68
10 70
10 72
10 73
10 74
10 76
10 78
10 81
10 84
10 85
10 86
10 88
10 89
10 91
10 94
10 95
10 96
10 97
11 13
11 15
11 17
11 20
11 21
11 26
11 27
11 30
11 31
11 32
11 34
11 35
11 38
11 39
11 41
11 42
11 43
11 44
11 45
11 47
11 54
11 55
11 56
11 58
11 59
11 61
11 63
11 64
11 65
11 67
11 70
11 71
11 72
11 76
11 79
11 82
11 83
11 85
11 88
11 93
11 94
11 96
11 97
11 98
12 14
12 16
12 17
12 23
12 24
12 25
12 26
12 29
12 32
12 35
12 38
12 40
12 41
12 43
12 45
12 49
12 52
12 54
12 55
12 56
12 57
12 63
12 64
12 66
12 67
12 72
12 75
12 77
12 78
12 80
12 81
12 82
12 84
12 86
12 89
12 94
12 96
12 97
12 98
12 99
13 14
13 15
13 16
13 19
13 20
13 21
13 23
13 24
13 28
13 29
13 30
13 31
13 33
13 34
13 36
13 40
13 41
13 42
13 47
13 48
13 51
13 52
13 56
13 58
13 59
13 61
13 62
13 63
13 64
13 65
13 66
13 69
13 72
13 75
13 76
13 78
13 79
13 81
13 83
13 86
13 87
13 89
13 90
13 96
13 98
13 99
14 16
14 17
14 20
14 21
14 30
14 32
14 33
14 34
14 35
14 36
14 37
14 38
14 40
14 42
14 43
14 48
14 49
14 55
14 57
14 59
14 61
14 62
14 63
14 64
14 66
14 70
14 71
14 74
14 75
14 78
14 79
14 80
14 81
14 88
14 91
14 92
14 93
14 95
14 96
14 97
14 99
15 19
15 21
15 23
15 24
15 25
15 26
15 27
15 28
15 29
15 30
15 31
15 32
15 34
15 35
15 36
15 38
15 43
15 45
15 47
15 48
15 49
15 52
15 53
15 54
15 56
15 59
15 60
15 61
15 63
15 70
15 73
15 77
15 79
15 80
15 81
15 83
15 89
15 92
15 93
15 95
15 99
16 18
16 19
16 20
16 23
16 24
16 25
16 28
16 30
16 31
16 33
16 35
16 37
16 40
16 41
16 43
16 44
16 45
16 49
16 54
16 55
16 57
16 58
16 60
16 63
16 64
16 65
16 66
16 67
16 70
16 71
16 73
16 76
16 78
16 80
16 81
16 83
16 84
16 87
16 89
16 90
16 91
16 92
16 93
16 95
16 97
16 99
17 18
17 21
17 24
17 25
17 26
17 28
17 30
17 34
17 35
17 38
17 39
17 40
17 44
17 45
17 48
17 51
17 53
17 55
17 65
17 70
17 71
17 72
17 73
17 74
17 75
17 76
17 78
17 79
17 83
17 84
17 85
17 86
17 88
17 90
17 93
18 20
18 23
18 24
18 25
18 26
18 27
18 29
18 30
18 31
18 34
18 39
18 41
18 42
18 43
18 44
18 45
18 46
18 47
18 49
18 50
18 58
18 59
18 61
18 62
18 64
18 65
18 66
18 70
18 72
18 73
18 75
18 77
18 78
18 79
18 80
18 83
18 85
18 86
18 87
18 88
18 89
18 90
18 93
18 96
18 99
19 22
19 23
19 25
19 26
19 27
19 28
19 29
19 30
19 33
19 34
19 35
19 37
19 38
19 40
19 41
19 42
19 43
19 50
19 51
19 53
19 54
19 55
19 57
19 58
19 60
19 63
19 64
19 66
19 67
19 68
19 73
19 74
19 75
19 77
19 79
19 80
19 81
19 82
19 83
19 84
19 85
19 88
19 90
19 92
19 93
19 94
19 95
19 97
20 25
20 27
20 28
20 30
20 32
20 34
20 36
20 38
20 39
20 41
20 45
20 47
20 48
20 50
20 52
20 58
20 59
20 60
20 63
20 65
20 69
20 71
20 72
20 73
20 75
20 77
20 81
20 82
20 83
20 84
20 87
20 88
20 89
20 91
20 92
20 95
20 97
20 98
20 99
21 24
21 25
21 26
21 27
21 28
21 30
21 31
21 34
21 35
21 37
21 39
21 41
21 42
21 45
21 48
21 49
21 50
21 53
21 57
21 58
21 64
21 67
21 68
21 69
21 70
21 71
21 72
21 73
21 76
21 80
21 83
21 85
21 86
21 88
21 92
21 93
21 94
21 95
21 96
21 99
22 26
22 28
22 30
22 33
22 36
22 37
22 38
22 40
22 41
22 43
22 48
22 49
22 51
22 52
22 53
22 54
22 55
22 57
22 58
22 60
22 63
22 68
22 69
22 70
22 72
22 74
22 76
22 79
22 81
22 82
22 86
22 88
22 89
22 91
22 95
22 97
22 99
23 24
23 25
23 28
23 29
23 31
23 34
23 38
23 39
23 40
23 42
23 43
23 45
23 48
23 49
23 50
23 52
23 61
23 62
23 63
23 65
23 66
23 69
23 70
23 71
23 72
23 76
23 78
23 80
23 81
23 83
23 84
23 86
23 87
23 92
23 93
23 94
23 97
23 98
24 26
24 30
24 31
24 32
24 33
24 34
24 35
24 39
24 45
24 46
24 47
24 51
24 52
24 53
24 57
24 61
24 62
24 63
24 64
24 68
24 69
24 70
24 73
24 76
24 77
24 79
24 82
24 83
24 86
24 88
24 89
24 90
24 91
24 93
24 95
24 96
24 98
24 99
25 28
25 29
25 32
25 33
25 35
25 36
25 37
25 38
25 42
25 43
25 44
25 46
25 47
25 48
25 52
25 57
25 60
25 61
25 63
25 64
25 65
25 66
25 69
25 72
25 75
25 78
25 80
25 81
25 83
25 87
25 94
25 95
25 96
25 98
26 27
26 29
26 30
26 31
26 34
26 39
26 42
26 43
26 45
26 49
26 52
26 54
26 55
26 56
26 59
26 60
26 61
26 62
26 63
26 64
26 67
26 69
26 72
26 73
26 74
26 75
26 76
26 77
26 78
26 79
26 81
26 82
26 84
26 85
26 87
26 88
26 89
26 94
26 96
26 99
27 28
27 30
27 32
27 34
27 38
27 39
27 41
27 43
27 46
27 47
27 48
27 50
27 52
27 53
27 54
27 55
27 56
27 57
27 60
27 63
27 64
27 70
27 73
27 74
27 75
27 76
27 77
27 79
27 80
27 84
27 85
27 87
27 89
27 90
27 91
27 92
27 96
27 98
27 99
28 30
28 31
28 32
28 36
28 40
28 41
28 42
28 43
28 44
28 45
28 47
28 48
28 50
28 52
28 53
28 55
28 57
28 58
28 59
28 60
28 61
28 62
28 63
28 69
28 70
28 74
28 75
28 76
28 77
28 78
28 79
28 81
28 83
28 90
28 94
28 98
28 99
29 33
29 35
29 36
29 42
29 45
29 46
29 47
29 48
29 49
29 50
29 52
29 56
29 60
29 61
29 62
29 64
29 65
29 66
29 68
29 72
29 73
29 74
29 76
29 77
29 78
29 79
29 82
29 83
29 84
29 85
29 88
29 89
29 93
29 95
29 97
30 33
30 34
30 35
30 40
30 41
30 42
30 43
30 48
30 51
30 53
30 54
30 55
30 58
30 59
30 60
30 61
30 62
30 63
30 64
30 66
30 67
30 68
30 71
30 72
30 73
30 75
30 76
30 78
30 79
30 81
30 82
30 83
30 84
30 85
30 87
30 89
30 90
30 91
30 92
30 99
31 33
31 36
31 39
31 40
31 41
31 42
31 45
31 46
31 49
31 58
31 62
31 63
31 64
31 67
31 68
31 69
31 71
31 72
31 73
31 76
31 77
31 78
31 79
31 81
31 82
31 85
31 88
31 90
31 93
31 97
31 98
31 99
32 33
32 34
32 36
32 40
32 43
32 44
32 45
32 46
32 49
32 50
32 51
32 52
32 54
32 55
32 57
32 60
32 61
32 62
32 63
32 65
32 66
32 67
32 68
32 69
32 72
32 73
32 74
32 77
32 78
32 81
32 82
32 84
32 86
32 87
32 90
32 91
32 92
32 95
32 96
32 99
33 34
33 37
33 38
33 39
33 40
33 41
33 43
33 44
33 45
33 47
33 49
33 52
33 53
33 54
33 55
33 59
33 63
33 64
33 67
33 68
33 69
33 70
33 71
33 72
33 74
33 76
33 77
33 79
33 80
33 82
33 86
33 89
33 91
33 98
34 38
34 40
34 41
34 42
34 49
34 50
34 54
34 59
34 60
34 64
34 65
34 66
34 67
34 68
34 72
34 74
34 75
34 78
34 80
34 81
34 82
34 84
34 85
34 88
34 89
34 91
34 92
34 94
34 99
35 37
35 38
35 41
35 43
35 47
35 53
35 55
35 56
35 58
35 60
35 61
35 63
35 65
35 66
35 69
35 70
35 71
35 73
35 74
35 75
35 76
35 77
35 78
35 81
35 83
35 85
35 86
35 87
35 88
35 90
35 91
35 93
35 94
35 96
36 37
36 38
36 39
36 41
36 42
36 43
36 45
36 46
36 47
36 50
36 51
36 52
36 53
36 55
36 56
36 57
36 60
36 63
36 65
36 68
36 69
36 71
36 72
36 74
36 78
36 79
36 81
36 87
36 88
36 89
36 92
36 95
36 96
36 98
36 99
37 41
37 42
37 43
37 44
37 47
37 55
37 57
37 58
37 59
37 60
37 62
37 64
37 65
37 67
37 69
37 74
37 75
37 77
37 79
37 82
37 86
37 87
37 88
37 89
37 90
37 91
37 92
37 93
37 96
37 97
37 98
37 99
38 39
38 48
38 52
38 53
38 54
38 55
38 56
38 57
38 59
38 61
38 66
38 67
38 68
38 69
38 70
38 72
38 73
38 76
38 77
38 78
38 81
38 84
38 87
38 88
38 89
38 90
38 91
38 95
38 98
39 40
39 42
39 44
39 46
39 47
39 48
39 49
39 50
39 56
39 58
39 59
39 66
39 69
39 71
39 72
39 76
39 79
39 80
39 81
39 82
39 85
39 86
39 87
39 89
39 95
39 98
39 99
40 42
40 44
40 45
40 46
40 50
40 51
40 53
40 54
40 55
40 56
40 57
40 59
40 61
40 63
40 66
40 67
40 68
40 69
40 70
40 72
40 73
40 74
40 76
40 77
40 78
40 81
40 82
40 84
40 88
40 89
40 90
40 91
40 93
40 94
40 95
40 96
41 44
41 45
41 46
41 47
41 54
41 56
41 59
41 60
41 61
41 62
41 66
41 67
41 69
41 71
41 74
41 78
41 82
41 84
41 85
41 86
41 87
41 89
41 91
41 93
41 94
41 95
41 98
42 49
42 50
42 52
42 53
42 54
42 56
42 58
42 59
42 62
42 63
42 66
42 67
42 69
42 70
42 73
42 75
42 77
42 79
42 80
42 83
42 84
42 85
42 86
42 87
42 88
42 89
42 90
42 91
42 93
42 94
42 97
42 98
42 99
43 45
43 49
43 51
43 53
43 54
43 55
43 58
43 65
43 66
43 67
43 68
43 69
43 70
43 72
43 73
43 74
43 76
43 78
43 80
43 81
43 82
43 83
43 84
43 85
43 86
43 88
43 91
43 93
43 96
44 45
44 47
44 49
44 50
44 52
44 55
44 56
44 59
44 61
44 63
44 65
44 69
44 71
44 72
44 74
44 78
44 81
44 82
44 88
44 89
44 90
44 95
44 98
45 48
45 49
45 50
45 51
45 55
45 57
45 61
45 63
45 69
45 70
45 71
45 72
45 73
45 74
45 77
45 79
45 81
45 83
45 85
45 91
45 93
45 94
45 96
45 97
45 99
46 50
46 57
46 59
46 60
46 62
46 66
46 68
46 70
46 74
46 75
46 77
46 79
46 82
46 84
46 85
46 86
46 89
46 91
46 96
47 48
47 49
47 53
47 54
47 55
47 56
47 57
47 58
47 59
47 61
47 63
47 64
47 65
47 66
47 69
47 71
47 74
47 76
47 78
47 83
47 85
47 88
47 92
47 93
47 94
47 99
48 49
48 50
48 51
48 52
48 53
48 54
48 55
48 56
48 60
48 62
48 63
48 64
48 65
48 67
48 69
48 70
48 71
48 72
48 73
48 75
48 76
48 77
48 79
48 82
48 84
48 87
48 90
48 91
48 93
48 94
48 97
48 98
49 51
49 55
49 56
49 57
49 59
49 60
49 63
49 64
49 66
49 67
49 69
49 71
49 73
49 75
49 76
49 82
49 83
49 84
49 86
49 87
49 88
49 90
49 91
49 92
49 94
49 95
49 96
49 97
49 99
50 52
50 53
50 55
50 56
50 58
50 64
50 65
50 66
50 68
50 69
50 72
50 75
50 77
50 80
50 82
50 83
50 85
50 86
50 87
50 90
50 93
50 94
50 96
50 99
51 52
51 53
51 58
51 59
51 60
51 62
51 63
51 64
51 65
51 66
51 68
51 70
51 71
51 72
51 74
51 75
51 77
51 78
51 79
51 84
51 87
51 90
51 91
51 93
51 95
51 98
52 53
52 59
52 60
52 61
52 63
52 64
52 65
52 68
52 69
52 71
52 73
52 74
52 75
52 76
52 78
52 81
52 83
52 89
52 91
52 92
52 93
52 98
52 99
53 54
53 57
53 59
53 60
53 61
53 62
53 63
53 65
53 66
53 71
53 72
53 73
53 77
53 78
53 82
53 83
53 85
53 86
53 87
53 90
53 91
53 94
53 95
53 96
53 98
54 56
54 59
54 61
54 62
54 64
54 66
54 67
54 68
54 70
54 73
54 74
54 75
54 76
54 77
54 78
54 79
54 81
54 82
54 83
54 84
54 86
54 88
54 89
54 94
54 96
54 99
55 56
55 57
55 58
55 59
55 60
55 62
55 65
55 66
55 67
55 68
55 69
55 70
55 72
55 73
55 75
55 76
55 79
55 83
55 84
55 85
55 86
55 88
55 89
55 90
55 91
55 92
55 93
55 94
55 95
55 99
56 58
56 60
56 62
56 64
56 67
56 72
56 73
56 80
56 82
56 85
56 86
56 90
56 91
56 93
56 96
56 97
56 98
57 58
57 59
57 62
57 63
57 66
57 67
57 69
57 71
57 72
57 73
57 76
57 78
57 80
57 81
57 83
57 86
57 89
57 93
57 96
58 59
58 60
58 61
58 63
58 65
58 66
58 75
58 76
58 78
58 79
58 86
58 87
58 88
58 91
58 93
58 94
58 95
58 97
58 99
59 62
59 65
59 67
59 68
59 69
59 70
59 72
59 74
59 76
59 78
59 80
59 81
59 82
59 86
59 89
59 90
59 91
59 93
59 94
59 96
59 98
59 99
60 62
60 64
60 65
60 66
60 71
60 77
60 79
60 80
60 81
60 82
60 83
60 84
60 85
60 86
60 87
60 88
60 93
60 95
60 96
60 97
60 98
60 99
61 62
61 64
61 67
61 69
61 71
61 74
61 78
61 79
61 81
61 82
61 84
61 87
61 90
61 91
61 93
62 63
62 67
62 68
62 69
62 70
62 71
62 74
62 76
62 77
62 81
62 83
62 84
62 85
62 88
62 89
62 90
62 91
62 93
62 95
62 98
62 99
63 64
63 65
63 66
63 67
63 68
63 69
63 70
63 72
63 74
63 77
63 79
63 80
63 82
63 83
63 84
63 85
63 90
63 91
63 92
63 94
63 95
63 97
63 98
63 99
64 65
64 66
64 69
64 71
64 77
64 78
64 79
64 81
64 83
64 86
64 87
64 88
64 92
64 94
64 95
64 97
64 99
65 67
65 69
65 70
65 75
65 76
65 77
65 78
65 82
65 86
65 87
65 91
65 97
65 98
66 67
66 69
66 70
66 72
66 73
66 74
66 75
66 78
66 80
66 82
66 84
66 86
66 88
66 89
66 91
66 99
67 68
67 69
67 71
67 72
67 73
67 74
67 77
67 78
67 81
67 82
67 85
67 86
67 87
67 88
67 89
67 93
67 94
67 95
67 97
67 99
68 69
68 70
68 71
68 77
68 82
68 85
68 87
68 93
68 94
68 95
68 96
68 98
68 99
69 72
69 73
69 74
69 80
69 83
69 89
69 91
69 92
69 94
69 99
70 71
70 72
70 73
70 77
70 79
70 80
70 86
70 92
70 93
70 94
70 97
71 73
71 75
71 77
71 78
71 79
71 80
71 81
71 83
71 84
71 86
71 88
71 90
71 93
71 94
71 97
71 98
71 99
72 73
72 77
72 78
72 79
72 81
72 82
72 83
72 90
72 92
72 95
72 98
72 99
73 75
73 76
73 78
73 79
73 80
73 82
73 83
73 86
73 87
73 88
73 92
73 94
73 95
73 96
73 97
74 80
74 81
74 82
74 86
74 88
74 89
74 93
74 94
74 95
74 96
74 98
75 76
75 78
75 79
75 81
75 82
75 83
75 86
75 87
75 94
75 95
75 96
76 79
76 84
76 90
76 92
76 94
76 95
76 96
76 97
77 79
77 80
77 86
77 87
77 89
77 92
77 94
77 95
77 98
78 80
78 82
78 85
78 88
78 89
78 91
78 94
78 95
79 83
79 84
79 87
79 88
79 89
79 90
79 91
79 94
79 95
79 98
80 82
80 83
80 85
80 92
80 93
80 94
80 97
80 98
81 82
81 84
81 86
81 87
81 88
81 91
81 93
81 96
81 97
81 99
82 87
82 88
82 89
82 90
82 91
82 92
82 97
82 98
82 99
83 87
83 90
83 91
83 93
83 94
83 95
83 97
83 99
84 87
84 88
84 89
84 93
84 94
84 95
84 97
84 98
85 87
85 89
85 93
85 96
85 97
85 98
86 87
86 88
86 89
86 91
86 92
86 93
86 94
87 88
87 90
87 91
87 94
87 97
87 99
88 94
88 95
88 97
89 91
89 92
89 93
89 94
89 96
89 98
90 92
90 93
90 94
90 97
90 99
91 92
91 94
91 97
91 98
91 99
92 93
92 94
92 95
92 96
92 99
93 96
93 97
93 98
93 99
94 95
94 96
94 97
95 96
95 98
95 99
96 97
96 98
97 98
97 99
