0 1
0 2
0 3
0 5
0 7
0 14
0 15
0 16
0 18
0 19
0 21
0 25
0 27
0 29
0 30
0 31
0 32
0 33
0 34
0 36
0 38
0 39
0 40
0 41
0 42
0 44
0 45
0 50
0 51
0 53
0 54
0 55
0 56
0 57
0 59
0 60
0 62
0 64
0 65
0 67
0 69
0 70
0 71
0 74
0 76
0 77
0 79
0 80
0 82
0 85
0 88
0 89
0 91
0 93
0 95
0 98
1 6
1 7
1 8
1 9
1 14
1 15
1 19
1 20
1 21
1 24
1 26
1 28
1 30
1 33
1 35
1 37
1 40
1 41
1 42
1 43
1 44
1 45
1 46
1 49
1 50
1 51
1 52
1 53
1 55
1 57
1 58
1 60
1 61
1 68
1 72
1 73
1 74
1 77
1 78
1 80
1 82
1 84
1 85
1 86
1 88
1 89
1 95
1 96
2 3
2 4
2 7
2 8
2 9
2 13
2 14
2 18
2 19
2 23
2 25
2 27
2 28
2 29
2 30
2 32
2 34
2 38
2 39
2 43
2 46
2 47
2 49
2 52
2 53
2 54
2 56
2 59
2 62
2 63
2 65
2 66
2 68
2 69
2 70
2 73
2 74
2 77
2 82
2 85
2 86
2 87
2 89
2 90
2 94
2 95
2 96
2 97
3 6
3 7
3 9
3 10
3 16
3 17
3 19
3 20
3 22
3 24
3 28
3 29
3 37
3 40
3 41
3 45
3 46
3 49
3 59
3 60
3 64
3 68
3 70
3 71
3 73
3 74
3 75
3 76
3 77
3 78
3 79
3 80
3 81
3 82
3 83
3 85
3 86
3 87
3 88
3 89
3 91
3 97
3 98
4 9
4 10
4 11
4 17
4 21
4 24
4 26
4 30
4 35
4 44
4 45
4 46
4 49
4 51
4 52
4 53
4 55
4 56
4 57
4 59
4 60
4 65
4 66
4 69
4 73
4 76
4 77
4 78
4 79
4 82
4 86
4 88
4 89
4 90
4 91
4 92
4 94
4 95
4 97
4 98
4 99
5 7
5 8
5 9
5 11
5 12
5 13
5 16
5 17
5 18
5 19
5 21
5 22
5 23
5 26
5 27
5 29
5 34
5 35
5 36
5 42
5 44
5 45
5 47
5 49
5 50
5 53
5 54
5 55
5 58
5 61
5 62
5 63
5 66
5 70
5 71
5 72
5 74
5 76
5 78
5 79
5 82
5 84
5 85
5 88
5 89
5 91
5 92
5 93
5 96
6 7
6 8
6 9
6 10
6 13
6 18
6 19
6 20
6 22
6 23
6 25
6 28
6 31
6 33
6 37
6 38
6 39
6 40
6 43
6 44
6 46
6 47
6 49
6 50
6 52
6 54
6 58
6 59
6 60
6 61
6 63
6 66
6 73
6 74
6 75
6 79
6 80
6 81
6 82
6 85
6 86
6 87
6 88
6 89
6 93
6 95
6 97
6 98
7 8
7 9
7 11
7 12
7 14
7 17
7 19
7 20
7 23
7 25
7 28
7 29
7 32
7 38
7 45
7 48
7 52
7 53
7 55
7 56
7 57
7 59
7 61
7 62
7 63
7 65
7 66
7 68
7 71
7 81
7 82
7 83
7 84
7 85
7 89
7 90
7 91
7 93
7 96
7 97
7 99
8 10
8 11
8 18
8 21
8 22
8 23
8 26
8 29
8 30
8 33
8 34
8 36
8 37
8 43
8 46
8 47
8 48
8 50
8 52
8 57
8 59
8 61
8 63
8 64
8 65
8 66
8 68
8 69
8 71
8 72
8 75
8 77
8 78
8 79
8 81
8 82
8 83
8 84
8 86
8 88
8 89
8 91
8 96
8 97
8 99
9 14
9 17
9 20
9 22
9 23
9 25
9 27
9 29
9 30
9 31
9 33
9 34
9 35
9 38
9 39
9 40
9 43
9 44
9 45
9 46
9 47
9 48
9 49
9 50
9 51
9 55
9 61
9 62
9 66
9 73
9 74
9 75
9 77
9 79
9 81
9 85
9 89
9 90
9 92
9 94
9 95
9 96
10 12
10 13
10 15
10 17
10 18
10 19
10 21
10 27
10 28
10 32
10 34
10 37
10 38
10 39
10 40
10 41
10 43
10 44
10 46
10 47
10 48
10 49
10 50
10 51
10 52
10 56
10 57
10 64
10 65
10 67
10 68
10 70
10 83
10 84
10 86
10 88
10 90
10 92
10 93
11 17
11 18
11 22
11 23
11 25
11 26
11 29
11 35
11 36
11 37
11 39
11 40
11 41
11 47
11 48
11 49
11 53
11 55
11 58
11 59
11 60
11 61
11 67
11 69
11 70
11 71
11 72
11 73
11 74
11 75
11 77
11 78
11 79
11 84
11 85
11 87
11 88
11 89
11 90
11 91
11 93
11 94
11 95
11 96
11 97
11 98
12 14
12 15
12 16
12 19
12 20
12 21
12 22
12 23
12 25
12 26
12 30
12 32
12 36
12 37
12 39
12 45
12 47
12 50
12 51
12 54
12 55
12 57
12 58
12 60
12 61
12 62
12 63
12 66
12 70
12 72
12 74
12 76
12 77
12 80
12 82
12 85
12 87
12 90
12 91
12 92
12 93
12 95
12 96
12 97
13 17
13 18
13 19
13 20
13 21
13 22
13 28
13 29
13 36
13 37
13 38
13 40
13 41
13 43
13 45
13 46
13 50
13 51
13 52
13 54
13 56
13 57
13 58
13 60
13 61
13 63
13 64
13 65
13 66
13 68
13 70
13 74
13 76
13 77
13 78
13 80
13 81
13 84
13 85
13 86
13 87
13 88
13 89
13 91
13 92
13 93
13 94
13 99
14 16
14 17
14 18
14 22
14 23
14 29
14 45
14 48
14 49
14 50
14 51
14 56
14 58
14 61
14 62
14 64
14 65
14 66
14 67
14 68
14 69
14 74
14 75
14 77
14 79
14 82
14 86
14 90
14 91
14 96
15 17
15 19
15 20
15 27
15 28
15 29
15 30
15 31
15 33
15 35
15 37
15 38
15 43
15 46
15 47
15 48
15 52
15 53
15 54
15 55
15 67
15 72
15 73
15 75
15 78
15 80
15 85
15 86
15 87
15 88
15 89
15 92
15 94
15 95
15 97
15 99
16 17
16 18
16 19
16 20
16 21
16 23
16 24
16 27
16 29
16 30
16 31
16 32
16 34
16 35
16 36
16 37
16 38
16 39
16 41
16 43
16 48
16 49
16 51
16 52
16 53
16 55
16 59
16 60
16 61
16 63
16 64
16 67
16 69
16 70
16 72
16 73
16 76
16 77
16 78
16 79
16 80
16 82
16 85
16 87
16 88
16 89
16 90
16 91
16 92
16 93
16 96
16 98
17 18
17 19
17 22
17 23
17 25
17 26
17 29
17 30
17 33
17 34
17 36
17 37
17 38
17 40
17 41
17 43
17 44
17 46
17 48
17 50
17 54
17 57
17 59
17 66
17 67
17 70
17 71
17 72
17 74
17 77
17 79
17 80
17 82
17 83
17 86
17 92
17 93
17 96
17 99
18 19
18 20
18 21
18 22
18 23
18 24
18 30
18 34
18 35
18 38
18 39
18 41
18 44
18 45
18 46
18 52
18 53
18 54
18 55
18 56
18 57
18 58
18 62
18 63
18 66
18 72
18 77
18 78
18 79
18 80
18 81
18 82
18 83
18 84
18 86
18 88
18 90
18 93
18 95
18 96
18 97
18 98
18 99
19 20
19 21
19 25
19 26
19 28
19 30
19 32
19 33
19 34
19 36
19 37
19 40
19 42
19 45
19 48
19 49
19 50
19 52
19 55
19 60
19 61
19 63
19 64
19 65
19 66
19 67
19 72
19 73
19 76
19 82
19 83
19 87
19 91
19 92
19 94
19 98
20 23
20 26
20 27
20 29
20 30
20 31
20 32
20 34
20 35
20 39
20 41
20 43
20 46
20 49
20 50
20 51
20 53
20 54
20 56
20 58
20 61
20 62
20 63
20 66
20 67
20 68
20 71
20 72
20 75
20 77
20 78
20 79
20 81
20 86
20 88
20 93
20 94
20 95
20 96
21 23
21 25
21 28
21 30
21 31
21 36
21 37
21 43
21 44
21 45
21 47
21 48
21 49
21 50
21 52
21 54
21 55
21 56
21 57
21 58
21 59
21 62
21 63
21 64
21 65
21 68
21 70
21 71
21 72
21 74
21 75
21 78
21 82
21 84
21 85
21 88
21 91
21 94
21 98
21 99
22 24
22 25
22 27
22 29
22 31
22 33
22 34
22 39
22 40
22 42
22 43
22 44
22 45
22 46
22 49
22 50
22 53
22 54
22 56
22 57
22 60
22 62
22 65
22 67
22 68
22 69
22 71
22 72
22 75
22 77
22 79
22 80
22 82
22 84
22 85
22 87
22 88
22 89
22 90
22 93
22 95
22 96
23 24
23 26
23 30
23 34
23 35
23 37
23 39
23 40
23 41
23 44
23 46
23 47
23 48
23 50
23 52
23 53
23 54
23 56
23 58
23 59
23 62
23 64
23 66
23 70
23 72
23 74
23 75
23 78
23 82
23 83
23 86
23 88
23 89
23 90
23 91
23 93
23 94
23 96
23 97
23 98
24 29
24 30
24 31
24 32
24 33
24 35
24 36
24 38
24 39
24 41
24 47
24 48
24 50
24 51
24 54
24 55
24 56
24 57
24 65
24 69
24 70
24 71
24 72
24 74
24 75
24 77
24 79
24 80
24 81
24 85
24 88
24 89
24 90
24 91
24 93
24 95
24 96
24 98
24 99
25 27
25 28
25 31
25 33
25 34
25 37
25 38
25 39
25 40
25 41
25 42
25 43
25 44
25 45
25 50
25 52
25 54
25 55
25 56
25 58
25 62
25 63
25 64
25 67
25 69
25 70
25 71
25 72
25 74
25 78
25 81
25 82
25 84
25 88
25 91
25 92
25 93
25 95
25 97
25 98
25 99
26 27
26 28
26 30
26 32
26 33
26 35
26 36
26 37
26 40
26 42
26 43
26 47
26 48
26 52
26 53
26 55
26 56
26 59
26 62
26 65
26 66
26 67
26 68
26 69
26 70
26 71
26 72
26 75
26 77
26 78
26 80
26 83
26 85
26 86
26 89
26 91
26 92
26 93
26 95
26 96
27 28
27 36
27 39
27 40
27 44
27 46
27 50
27 54
27 57
27 58
27 60
27 61
27 62
27 63
27 64
27 65
27 68
27 70
27 71
27 72
27 73
27 74
27 75
27 77
27 79
27 80
27 81
27 82
27 83
27 84
27 89
27 90
27 94
27 95
27 96
28 29
28 31
28 33
28 34
28 37
28 38
28 40
28 44
28 45
28 46
28 47
28 48
28 50
28 54
28 56
28 58
28 59
28 61
28 62
28 63
28 64
28 65
28 67
28 69
28 71
28 73
28 74
28 76
28 77
28 78
28 80
28 83
28 85
28 87
28 88
28 91
28 96
28 98
28 99
29 30
29 32
29 33
29 38
29 39
29 41
29 42
29 44
29 46
29 49
29 50
29 53
29 56
29 58
29 62
29 65
29 66
29 67
29 68
29 69
29 70
29 72
29 75
29 78
29 80
29 86
29 88
29 89
29 90
29 91
29 92
29 93
29 95
29 97
29 98
29 99
30 31
30 34
30 36
30 37
30 39
30 40
30 42
30 45
30 46
30 47
30 48
30 49
30 52
30 53
30 55
30 56
30 59
30 60
30 63
30 65
30 72
30 74
30 77
30 79
30 81
30 82
30 87
30 90
30 91
30 92
30 93
30 94
30 95
30 97
30 98
30 99
31 37
31 39
31 45
31 47
31 48
31 49
31 50
31 51
31 52
31 55
31 56
31 60
31 62
31 64
31 66
31 67
31 70
31 72
31 74
31 77
31 82
31 85
31 86
31 89
31 92
31 94
31 95
31 96
31 99
32 33
32 35
32 37
32 38
32 40
32 41
32 42
32 45
32 46
32 47
32 49
32 50
32 52
32 53
32 54
32 56
32 58
32 61
32 62
32 63
32 64
32 65
32 67
32 69
32 71
32 72
32 73
32 74
32 75
32 77
32 78
32 79
32 80
32 81
32 82
32 83
32 84
32 86
32 88
32 89
32 90
32 92
32 97
33 35
33 37
33 39
33 40
33 41
33 44
33 47
33 52
33 54
33 59
33 60
33 61
33 63
33 64
33 68
33 71
33 73
33 77
33 78
33 79
33 81
33 82
33 84
33 85
33 89
33 90
33 94
33 96
33 98
33 99
34 35
34 36
34 38
34 39
34 40
34 42
34 43
34 45
34 46
34 47
34 50
34 51
34 53
34 56
34 57
34 58
34 61
34 62
34 63
34 65
34 70
34 71
34 73
34 75
34 76
34 79
34 84
34 85
34 89
34 90
34 91
34 92
34 93
34 95
34 96
34 97
35 36
35 38
35 39
35 40
35 41
35 43
35 44
35 46
35 48
35 49
35 53
35 55
35 60
35 61
35 62
35 64
35 65
35 66
35 68
35 73
35 74
35 79
35 80
35 83
35 85
35 86
35 88
35 90
35 92
35 94
35 96
35 98
36 37
36 38
36 40
36 41
36 43
36 46
36 48
36 49
36 54
36 55
36 56
36 57
36 59
36 62
36 63
36 64
36 70
36 74
36 78
36 85
36 93
36 94
36 95
36 98
36 99
37 40
37 41
37 43
37 44
37 48
37 51
37 52
37 55
37 56
37 61
37 63
37 64
37 66
37 68
37 70
37 75
37 76
37 77
37 82
37 83
37 85
37 89
37 92
37 93
37 94
37 95
37 97
37 98
38 39
38 41
38 43
38 45
38 47
38 48
38 49
38 52
38 53
38 54
38 59
38 60
38 62
38 63
38 64
38 65
38 67
38 68
38 71
38 72
38 74
38 75
38 77
38 78
38 88
38 90
38 93
38 94
38 96
38 98
39 41
39 43
39 44
39 45
39 47
39 48
39 49
39 53
39 54
39 56
39 57
39 60
39 61
39 63
39 64
39 66
39 67
39 71
39 73
39 74
39 75
39 77
39 80
39 82
39 89
39 91
39 93
39 94
39 95
39 97
39 98
39 99
40 41
40 43
40 45
40 46
40 48
40 50
40 51
40 52
40 54
40 55
40 57
40 58
40 61
40 64
40 67
40 71
40 73
40 75
40 76
40 80
40 81
40 82
40 85
40 86
40 88
40 90
40 92
40 94
40 95
40 97
40 99
41 42
41 49
41 52
41 56
41 57
41 60
41 61
41 62
41 66
41 67
41 69
41 70
41 75
41 79
41 80
41 83
41 84
41 87
41 92
41 95
41 96
41 97
41 99
42 43
42 45
42 46
42 48
42 49
42 50
42 52
42 53
42 54
42 55
42 57
42 60
42 62
42 63
42 64
42 66
42 68
42 70
42 73
42 74
42 75
42 76
42 77
42 78
42 79
42 84
42 85
42 88
42 89
42 90
42 92
42 95
42 98
42 99
43 44
43 45
43 46
43 47
43 48
43 49
43 50
43 52
43 53
43 54
43 55
43 56
43 57
43 58
43 61
43 64
43 65
43 67
43 68
43 70
43 71
43 72
43 76
43 77
43 81
43 84
43 86
43 93
43 94
43 96
43 99
44 45
44 51
44 55
44 59
44 60
44 63
44 64
44 68
44 69
44 71
44 73
44 74
44 77
44 81
44 84
44 86
44 87
44 88
44 91
44 92
44 97
44 98
44 99
45 46
45 48
45 49
45 53
45 54
45 56
45 58
45 60
45 61
45 63
45 64
45 66
45 68
45 69
45 71
45 73
45 75
45 76
45 77
45 79
45 83
45 84
45 85
45 87
45 88
45 89
45 90
45 92
45 94
45 95
45 97
45 98
46 47
46 52
46 53
46 54
46 55
46 56
46 59
46 63
46 65
46 67
46 68
46 70
46 73
46 74
46 75
46 76
46 77
46 79
46 81
46 82
46 83
46 84
46 85
46 90
46 91
46 95
46 98
46 99
47 49
47 51
47 52
47 53
47 54
47 55
47 58
47 59
47 63
47 65
47 66
47 67
47 68
47 69
47 78
47 79
47 80
47 84
47 85
47 86
47 87
47 93
47 94
47 97
47 98
47 99
48 49
48 53
48 56
48 57
48 65
48 69
48 70
48 72
48 74
48 76
48 77
48 78
48 79
48 81
48 83
48 84
48 89
48 91
48 92
48 94
48 97
48 98
48 99
49 51
49 52
49 54
49 55
49 58
49 59
49 60
49 62
49 64
49 65
49 67
49 68
49 69
49 70
49 72
49 73
49 74
49 75
49 76
49 77
49 78
49 79
49 83
49 85
49 86
49 87
49 89
49 91
49 92
49 93
49 94
49 98
50 51
50 54
50 55
50 57
50 58
50 61
50 62
50 64
50 68
50 69
50 70
50 71
50 74
50 75
50 76
50 80
50 82
50 83
50 84
50 86
50 87
50 88
50 89
50 92
50 94
50 98
50 99
51 52
51 53
51 55
51 56
51 57
51 58
51 59
51 60
51 61
51 62
51 63
51 64
51 65
51 68
51 69
51 70
51 71
51 75
51 76
51 77
51 78
51 81
51 82
51 86
51 87
51 89
51 91
51 93
51 94
51 96
51 98
52 53
52 55
52 60
52 65
52 66
52 68
52 69
52 70
52 71
52 77
52 78
52 79
52 81
52 82
52 83
52 84
52 88
52 91
52 94
52 98
52 99
53 54
53 55
53 56
53 58
53 59
53 61
53 64
53 65
53 66
53 67
53 68
53 70
53 72
53 73
53 76
53 77
53 78
53 79
53 80
53 85
53 86
53 87
53 91
53 99
54 56
54 57
54 59
54 60
54 61
54 65
54 66
54 67
54 69
54 71
54 73
54 74
54 76
54 77
54 78
54 79
54 80
54 81
54 85
54 87
54 88
54 90
54 91
54 93
54 94
55 57
55 58
55 60
55 63
55 64
55 65
55 68
55 71
55 72
55 73
55 75
55 76
55 77
55 79
55 80
55 81
55 82
55 84
55 87
55 88
55 89
55 90
55 93
55 95
55 97
56 58
56 59
56 60
56 61
56 62
56 65
56 67
56 68
56 72
56 75
56 76
56 79
56 80
56 81
56 84
56 87
56 89
56 90
56 91
56 92
56 95
56 98
56 99
57 59
57 61
57 64
57 65
57 66
57 67
57 69
57 70
57 71
57 72
57 74
57 75
57 77
57 78
57 79
57 80
57 81
57 82
57 85
57 87
57 90
57 92
57 93
57 94
57 96
57 98
57 99
58 65
58 66
58 71
58 72
58 74
58 75
58 76
58 79
58 83
58 85
58 86
58 88
58 89
58 92
58 97
58 98
58 99
59 60
59 61
59 62
59 63
59 64
59 65
59 67
59 69
59 72
59 75
59 76
59 77
59 79
59 80
59 86
59 87
59 92
59 93
59 98
59 99
60 61
60 62
60 66
60 67
60 68
60 70
60 76
60 77
60 80
60 84
60 85
60 86
60 87
60 91
60 93
60 98
60 99
61 63
61 64
61 67
61 68
61 70
61 71
61 74
61 75
61 79
61 83
61 85
61 86
61 88
61 89
61 92
61 97
61 99
62 65
62 66
62 71
62 73
62 80
62 81
62 82
62 83
62 84
62 86
62 88
62 89
62 90
62 91
62 92
62 94
62 96
62 97
62 98
63 65
63 68
63 69
63 76
63 77
63 78
63 80
63 81
63 82
63 84
63 87
63 89
63 90
63 93
63 96
63 98
63 99
64 66
64 68
64 69
64 71
64 72
64 74
64 75
64 76
64 77
64 79
64 80
64 81
64 82
64 84
64 86
64 88
64 94
64 96
64 98
64 99
65 67
65 70
65 74
65 76
65 77
65 78
65 79
65 83
65 84
65 86
65 90
65 92
65 93
65 95
65 97
65 99
66 69
66 70
66 71
66 80
66 81
66 83
66 84
66 86
66 88
66 90
66 92
66 93
66 94
66 95
66 97
66 99
67 68
67 69
67 70
67 71
67 73
67 74
67 76
67 80
67 81
67 83
67 84
67 85
67 86
67 87
67 88
67 89
67 91
67 92
67 94
67 96
67 98
67 99
68 69
68 72
68 75
68 76
68 77
68 78
68 82
68 83
68 89
68 90
68 92
68 93
68 96
68 97
68 98
69 70
69 71
69 72
69 73
69 74
69 75
69 77
69 81
69 84
69 85
69 90
69 91
69 92
69 95
69 96
69 99
70 71
70 74
70 75
70 78
70 79
70 82
70 83
70 88
70 89
70 91
70 94
70 97
70 98
70 99
71 72
71 73
71 74
71 77
71 80
71 81
71 82
71 83
71 84
71 86
71 87
71 88
71 89
71 94
71 95
71 96
71 97
71 99
72 77
72 81
72 85
72 86
72 88
72 89
72 90
72 91
72 94
72 95
72 97
72 98
72 99
73 75
73 79
73 80
73 83
73 84
73 85
73 87
73 88
73 95
73 98
74 75
74 76
74 80
74 84
74 85
74 88
74 92
74 93
74 95
74 96
74 97
74 98
75 76
75 77
75 79
75 80
75 84
75 86
75 87
75 88
75 97
76 78
76 79
76 81
76 85
76 86
76 89
76 90
76 92
76 93
76 94
76 95
76 98
77 78
77 82
77 83
77 86
77 87
77 91
77 94
77 97
77 99
78 80
78 81
78 83
78 85
78 87
78 94
78 96
78 97
78 99
79 84
79 85
79 89
79 91
79 93
79 95
79 99
80 84
80 85
80 90
80 93
80 94
80 95
80 96
80 98
80 99
81 83
81 84
81 85
81 88
81 91
81 93
81 95
81 97
81 99
82 83
82 84
82 85
82 89
82 91
82 96
82 98
82 99
83 86
83 87
83 89
83 91
83 92
83 94
83 96
84 85
84 89
84 91
84 92
84 94
84 95
84 96
84 99
85 87
85 93
85 94
85 99
86 87
86 88
86 89
86 92
86 93
86 94
86 95
86 97
86 98
87 88
87 90
87 91
87 92
87 96
87 97
87 99
88 89
88 91
88 92
88 93
88 94
88 96
88 97
88 98
89 91
89 92
89 93
89 95
89 97
89 98
90 91
90 92
90 93
90 97
90 98
91 92
91 93
91 94
91 98
92 94
92 95
92 96
92 97
92 98
93 96
93 99
94 96
94 97
94 99
95 97
95 98
96 97
96 98
96 99
97 98
97 99
