0 1
0 2
0 5
0 6
0 7
0 9
0 10
0 11
0 14
0 16
0 21
0 23
0 24
0 27
0 28
0 29
0 32
0 37
0 38
0 39
0 40
0 41
0 42
0 43
0 44
0 46
0 47
0 52
0 55
0 56
0 57
0 58
0 59
0 60
0 61
0 63
0 65
0 68
0 69
0 70
0 71
0 73
0 74
0 75
0 77
0 79
0 83
0 85
0 87
0 88
0 89
0 91
0 92
0 94
0 95
0 99
1 2
1 3
1 5
1 6
1 9
1 12
1 16
1 17
1 18
1 19
1 21
1 24
1 25
1 27
1 28
1 29
1 30
1 32
1 35
1 36
1 37
1 44
1 46
1 47
1 48
1 51
1 52
1 53
1 55
1 56
1 58
1 60
1 61
1 64
1 67
1 68
1 69
1 70
1 73
1 75
1 76
1 77
1 78
1 80
1 81
1 82
1 83
1 84
1 87
1 89
1 90
1 91
1 94
1 95
1 96
1 97
1 99
2 3
2 4
2 5
2 12
2 13
2 14
2 15
2 17
2 18
2 19
2 20
2 21
2 22
2 24
2 25
2 26
2 29
2 32
2 33
2 36
2 38
2 40
2 41
2 42
2 43
2 44
2 46
2 47
2 48
2 49
2 50
2 52
2 56
2 58
2 61
2 63
2 65
2 66
2 67
2 68
2 70
2 73
2 75
2 78
2 84
2 85
2 86
2 87
2 90
2 91
2 92
2 95
2 96
3 7
3 11
3 14
3 16
3 17
3 18
3 20
3 23
3 24
3 25
3 26
3 28
3 29
3 30
3 31
3 33
3 36
3 37
3 39
3 41
3 43
3 47
3 48
3 49
3 50
3 51
3 52
3 53
3 54
3 55
3 56
3 57
3 60
3 64
3 65
3 66
3 67
3 68
3 70
3 75
3 76
3 81
3 82
3 83
3 88
3 89
3 91
3 95
3 96
3 97
3 98
3 99
4 5
4 6
4 7
4 10
4 11
4 12
4 18
4 19
4 22
4 31
4 32
4 34
4 37
4 38
4 40
4 43
4 44
4 47
4 49
4 52
4 55
4 57
4 58
4 60
4 61
4 63
4 65
4 69
4 70
4 72
4 73
4 74
4 75
4 76
4 77
4 79
4 80
4 82
4 83
4 84
4 87
4 89
4 91
4 92
4 93
4 96
4 99
5 8
5 10
5 12
5 14
5 15
5 16
5 21
5 23
5 25
5 26
5 28
5 29
5 30
5 31
5 33
5 35
5 36
5 37
5 40
5 43
5 47
5 49
5 50
5 51
5 52
5 54
5 56
5 58
5 59
5 61
5 65
5 66
5 68
5 70
5 71
5 72
5 73
5 74
5 76
5 77
5 78
5 79
5 80
5 81
5 82
5 85
5 87
5 90
5 91
6 8
6 10
6 12
6 13
6 15
6 22
6 24
6 25
6 27
6 28
6 30
6 31
6 35
6 38
6 40
6 41
6 43
6 44
6 52
6 54
6 55
6 56
6 63
6 66
6 67
6 69
6 70
6 71
6 73
6 75
6 76
6 77
6 78
6 80
6 82
6 83
6 84
6 87
6 92
6 93
6 94
6 96
6 97
7 8
7 9
7 10
7 11
7 12
7 15
7 20
7 25
7 26
7 27
7 29
7 30
7 31
7 34
7 35
7 37
7 38
7 43
7 44
7 46
7 47
7 49
7 51
7 52
7 53
7 54
7 55
7 56
7 57
7 58
7 59
7 64
7 65
7 66
7 67
7 68
7 69
7 72
7 74
7 75
7 78
7 80
7 81
7 83
7 84
7 87
7 88
7 89
7 92
7 93
7 96
7 97
8 9
8 10
8 11
8 13
8 15
8 16
8 18
8 21
8 23
8 24
8 27
8 28
8 30
8 32
8 33
8 34
8 37
8 38
8 44
8 45
8 47
8 50
8 51
8 52
8 53
8 54
8 58
8 59
8 62
8 64
8 65
8 69
8 70
8 71
8 73
8 76
8 79
8 80
8 83
8 85
8 86
8 93
8 94
8 95
8 96
8 97
8 98
9 10
9 13
9 14
9 16
9 17
9 20
9 21
9 22
9 23
9 27
9 29
9 31
9 32
9 40
9 41
9 42
9 45
9 46
9 50
9 51
9 52
9 53
9 56
9 63
9 65
9 66
9 67
9 69
9 70
9 71
9 72
9 73
9 75
9 78
9 83
9 85
9 88
9 91
9 92
9 93
9 94
9 95
9 97
9 98
9 99
10 11
10 12
10 13
10 15
10 16
10 19
10 21
10 24
10 28
10 29
10 31
10 33
10 35
10 36
10 37
10 38
10 39
10 41
10 42
10 44
10 45
10 48
10 52
10 55
10 57
10 59
10 62
10 64
10 66
10 69
10 72
10 74
10 75
10 76
10 77
10 80
10 82
10 84
10 85
10 86
10 88
10 90
10 91
10 92
10 97
10 98
10 99
11 12
11 15
11 16
11 17
11 18
11 19
11 28
11 30
11 31
11 32
11 37
11 38
11 39
11 47
11 48
11 49
11 50
11 51
11 52
11 53
11 55
11 57
11 59
11 60
11 61
11 64
11 66
11 69
11 70
11 77
11 78
11 80
11 82
11 84
11 91
11 94
11 95
11 96
11 99
12 16
12 17
12 18
12 20
12 23
12 24
12 25
12 28
12 29
12 30
12 31
12 33
12 36
12 38
12 39
12 41
12 42
12 43
12 44
12 45
12 51
12 55
12 56
12 57
12 62
12 64
12 66
12 68
12 69
12 70
12 71
12 73
12 75
12 79
12 82
12 83
12 85
12 86
12 91
12 98
12 99
13 14
13 16
13 17
13 18
13 20
13 26
13 28
13 30
13 32
13 35
13 38
13 40
13 41
13 43
13 45
13 48
13 49
13 53
13 54
13 56
13 59
13 60
13 62
13 64
13 67
13 73
13 74
13 80
13 81
13 83
13 84
13 89
13 90
13 92
13 95
13 96
13 97
13 98
14 16
14 24
14 26
14 28
14 30
14 31
14 32
14 33
14 35
14 39
14 40
14 41
14 42
14 43
14 48
14 49
14 50
14 52
14 54
14 55
14 56
14 58
14 59
14 64
14 66
14 67
14 69
14 70
14 71
14 72
14 76
14 81
14 83
14 84
14 85
14 86
14 87
14 90
14 92
14 94
15 21
15 22
15 24
15 26
15 27
15 29
15 30
15 32
15 38
15 40
15 41
15 44
15 46
15 47
15 51
15 52
15 54
15 55
15 57
15 59
15 60
15 62
15 63
15 65
15 66
15 67
15 69
15 71
15 72
15 74
15 76
15 77
15 79
15 82
15 83
15 85
15 87
15 88
15 89
15 91
15 92
15 94
15 96
15 98
15 99
16 20
16 21
16 24
16 28
16 30
16 35
16 37
16 39
16 44
16 45
16 48
16 49
16 52
16 55
16 59
16 60
16 61
16 63
16 65
16 67
16 70
16 73
16 74
16 76
16 77
16 79
16 81
16 87
16 89
16 91
16 92
16 93
16 94
16 98
17 19
17 21
17 23
17 24
17 27
17 28
17 29
17 35
17 36
17 37
17 39
17 40
17 42
17 44
17 45
17 51
17 52
17 53
17 55
17 57
17 59
17 61
17 65
17 68
17 70
17 71
17 72
17 76
17 80
17 81
17 84
17 85
17 87
17 88
17 89
17 93
17 95
17 98
18 19
18 20
18 21
18 23
18 24
18 25
18 26
18 28
18 29
18 35
18 36
18 37
18 39
18 40
18 42
18 43
18 45
18 50
18 52
18 54
18 57
18 58
18 59
18 61
18 67
18 71
18 73
18 78
18 79
18 80
18 82
18 83
18 84
18 87
18 88
18 90
18 91
18 92
18 94
18 97
18 99
19 22
19 24
19 27
19 28
19 29
19 30
19 33
19 34
19 35
19 36
19 37
19 38
19 39
19 40
19 41
19 44
19 46
19 48
19 50
19 52
19 54
19 55
19 56
19 57
19 58
19 59
19 63
19 64
19 66
19 67
19 68
19 70
19 72
19 78
19 79
19 81
19 82
19 83
19 84
19 85
19 86
19 89
19 90
19 91
19 94
19 96
19 97
19 98
20 21
20 22
20 25
20 26
20 27
20 29
20 31
20 32
20 33
20 37
20 40
20 41
20 43
20 45
20 49
20 55
20 56
20 58
20 59
20 61
20 62
20 64
20 65
20 66
20 67
20 69
20 70
20 74
20 75
20 77
20 79
20 80
20 82
20 83
20 86
20 87
20 88
20 89
20 91
20 92
20 93
20 94
20 95
20 96
21 23
21 24
21 25
21 28
21 29
21 31
21 32
21 33
21 34
21 35
21 36
21 38
21 39
21 41
21 43
21 44
21 46
21 52
21 53
21 54
21 58
21 60
21 61
21 63
21 65
21 66
21 68
21 70
21 72
21 76
21 82
21 84
21 86
21 87
21 90
21 96
21 99
22 25
22 27
22 30
22 31
22 32
22 33
22 36
22 37
22 41
22 42
22 47
22 49
22 53
22 54
22 59
22 62
22 63
22 65
22 67
22 68
22 70
22 71
22 72
22 74
22 75
22 76
22 80
22 83
22 87
22 88
22 89
22 90
22 95
22 98
23 24
23 26
23 31
23 32
23 33
23 35
23 36
23 39
23 45
23 47
23 48
23 49
23 50
23 52
23 56
23 57
23 58
23 59
23 60
23 62
23 63
23 66
23 67
23 69
23 72
23 73
23 76
23 79
23 80
23 84
23 86
23 87
23 89
23 91
23 95
23 96
23 98
24 25
24 27
24 28
24 29
24 30
24 31
24 34
24 35
24 37
24 38
24 40
24 44
24 46
24 53
24 55
24 57
24 59
24 63
24 64
24 66
24 67
24 68
24 70
24 72
24 73
24 74
24 76
24 78
24 79
24 82
24 83
24 88
24 90
24 95
24 97
24 99
25 30
25 31
25 33
25 35
25 36
25 38
25 40
25 41
25 42
25 43
25 46
25 47
25 57
25 58
25 60
25 61
25 63
25 66
25 68
25 69
25 71
25 72
25 74
25 78
25 79
25 80
25 83
25 84
25 85
25 86
25 90
25 91
25 92
25 93
25 95
25 96
26 27
26 28
26 29
26 30
26 31
26 32
26 34
26 35
26 36
26 37
26 42
26 47
26 48
26 54
26 57
26 61
26 62
26 63
26 65
26 66
26 67
26 68
26 70
26 71
26 74
26 89
26 93
26 94
26 97
27 29
27 33
27 34
27 35
27 36
27 39
27 40
27 41
27 42
27 43
27 46
27 49
27 52
27 53
27 55
27 56
27 57
27 59
27 60
27 64
27 65
27 67
27 68
27 69
27 73
27 77
27 79
27 82
27 83
27 84
27 85
27 87
27 89
27 91
27 93
27 95
27 96
27 97
27 98
27 99
28 30
28 31
28 34
28 35
28 36
28 39
28 40
28 41
28 42
28 43
28 44
28 45
28 46
28 47
28 51
28 52
28 54
28 56
28 57
28 58
28 59
28 62
28 64
28 65
28 66
28 67
28 68
28 69
28 70
28 74
28 78
28 79
28 82
28 83
28 84
28 85
28 89
28 94
28 95
28 96
28 97
28 98
29 35
29 38
29 39
29 40
29 41
29 42
29 44
29 45
29 47
29 48
29 49
29 50
29 51
29 53
29 58
29 59
29 60
29 61
29 65
29 66
29 68
29 72
29 73
29 76
29 77
29 78
29 79
29 80
29 81
29 82
29 84
29 85
29 86
29 88
29 89
29 93
29 94
29 95
29 97
29 98
30 34
30 36
30 37
30 39
30 42
30 44
30 46
30 47
30 55
30 56
30 57
30 60
30 62
30 65
30 70
30 71
30 72
30 75
30 77
30 78
30 83
30 84
30 85
30 86
30 87
30 93
30 96
30 98
30 99
31 33
31 34
31 37
31 41
31 42
31 44
31 45
31 47
31 48
31 49
31 50
31 51
31 52
31 53
31 54
31 55
31 56
31 60
31 64
31 67
31 70
31 71
31 72
31 74
31 77
31 79
31 80
31 81
31 82
31 83
31 86
31 88
31 90
31 91
31 96
31 97
31 99
32 33
32 38
32 41
32 42
32 44
32 45
32 47
32 52
32 53
32 54
32 59
32 60
32 62
32 63
32 64
32 66
32 67
32 72
32 73
32 77
32 79
32 81
32 82
32 83
32 86
32 89
32 90
32 91
32 92
32 97
32 98
32 99
33 36
33 38
33 39
33 44
33 45
33 50
33 52
33 60
33 61
33 62
33 63
33 66
33 68
33 72
33 73
33 76
33 77
33 80
33 84
33 86
33 87
33 88
33 90
33 92
33 93
33 96
33 98
33 99
34 39
34 40
34 42
34 44
34 45
34 47
34 52
34 55
34 56
34 59
34 60
34 61
34 63
34 66
34 69
34 70
34 74
34 76
34 77
34 79
34 81
34 82
34 83
34 84
34 85
34 89
34 90
34 91
34 93
34 94
34 95
35 36
35 37
35 38
35 43
35 44
35 47
35 50
35 52
35 53
35 54
35 57
35 59
35 61
35 62
35 63
35 66
35 67
35 68
35 69
35 71
35 72
35 73
35 74
35 77
35 79
35 80
35 82
35 83
35 85
35 86
35 87
35 88
35 89
35 94
35 95
35 97
35 99
36 37
36 38
36 39
36 40
36 43
36 45
36 49
36 53
36 54
36 55
36 56
36 60
36 63
36 67
36 73
36 74
36 75
36 77
36 80
36 82
36 86
36 87
36 88
36 89
36 90
36 91
36 92
36 93
36 95
36 96
36 97
36 98
36 99
37 38
37 42
37 43
37 44
37 47
37 48
37 50
37 55
37 58
37 59
37 61
37 65
37 67
37 68
37 70
37 72
37 73
37 74
37 75
37 77
37 78
37 79
37 80
37 81
37 84
37 86
37 88
37 89
37 90
37 98
37 99
38 39
38 40
38 42
38 43
38 45
38 47
38 50
38 51
38 52
38 56
38 57
38 58
38 60
38 61
38 64
38 65
38 67
38 70
38 74
38 76
38 77
38 78
38 81
38 82
38 84
38 87
38 89
38 90
38 95
38 97
38 98
38 99
39 40
39 42
39 44
39 46
39 49
39 50
39 53
39 54
39 56
39 57
39 61
39 62
39 64
39 65
39 69
39 70
39 71
39 73
39 74
39 76
39 78
39 83
39 93
39 95
39 98
40 42
40 43
40 44
40 46
40 48
40 49
40 50
40 51
40 52
40 53
40 55
40 60
40 62
40 68
40 69
40 72
40 73
40 74
40 75
40 77
40 80
40 84
40 86
40 87
40 89
40 94
40 95
40 96
40 99
41 42
41 44
41 45
41 48
41 50
41 52
41 53
41 56
41 57
41 58
41 59
41 60
41 61
41 65
41 69
41 70
41 72
41 75
41 77
41 78
41 85
41 87
41 89
41 91
41 92
41 94
41 95
41 96
41 99
42 43
42 44
42 47
42 51
42 55
42 57
42 58
42 61
42 65
42 66
42 68
42 72
42 73
42 74
42 75
42 76
42 78
42 79
42 82
42 83
42 84
42 85
42 86
42 88
42 89
42 90
42 91
42 93
42 95
42 96
42 97
42 99
43 44
43 45
43 48
43 55
43 56
43 58
43 60
43 61
43 63
43 64
43 65
43 66
43 71
43 72
43 74
43 75
43 77
43 82
43 84
43 85
43 86
43 87
43 88
43 89
43 90
43 91
43 94
43 96
44 48
44 49
44 50
44 52
44 53
44 55
44 64
44 67
44 69
44 70
44 72
44 78
44 80
44 81
44 83
44 88
44 89
44 90
44 93
44 96
45 46
45 48
45 49
45 51
45 52
45 53
45 57
45 58
45 59
45 61
45 63
45 66
45 67
45 69
45 71
45 72
45 73
45 75
45 76
45 77
45 78
45 79
45 81
45 82
45 83
45 86
45 94
45 95
45 98
46 52
46 53
46 54
46 58
46 59
46 61
46 65
46 69
46 70
46 71
46 72
46 76
46 78
46 81
46 85
46 86
46 87
46 88
46 90
46 93
46 94
46 95
46 96
47 50
47 54
47 57
47 59
47 62
47 63
47 64
47 65
47 69
47 71
47 72
47 73
47 74
47 76
47 77
47 79
47 80
47 81
47 83
47 84
47 85
47 86
47 87
47 88
47 90
47 91
47 93
47 95
47 99
48 50
48 52
48 54
48 57
48 58
48 59
48 64
48 66
48 71
48 72
48 73
48 74
48 75
48 76
48 77
48 78
48 79
48 81
48 82
48 84
48 87
48 88
48 90
48 95
48 96
48 97
48 98
49 52
49 53
49 54
49 55
49 57
49 58
49 59
49 60
49 62
49 63
49 66
49 69
49 70
49 76
49 77
49 82
49 84
49 85
49 87
49 88
49 89
49 90
49 98
50 52
50 54
50 55
50 61
50 62
50 66
50 67
50 68
50 69
50 70
50 76
50 77
50 82
50 84
50 85
50 86
50 87
50 88
50 89
50 90
50 91
50 92
50 93
50 94
51 53
51 54
51 55
51 56
51 63
51 64
51 65
51 69
51 70
51 71
51 76
51 80
51 85
51 87
51 88
51 89
51 91
51 92
51 93
51 94
51 96
51 98
51 99
52 54
52 55
52 58
52 61
52 63
52 64
52 66
52 67
52 69
52 70
52 71
52 74
52 78
52 79
52 81
52 83
52 85
52 87
52 88
52 92
52 93
52 94
52 95
52 98
52 99
53 54
53 56
53 64
53 65
53 66
53 67
53 68
53 71
53 75
53 77
53 78
53 81
53 82
53 84
53 86
53 87
53 93
53 97
53 98
53 99
54 55
54 56
54 60
54 64
54 66
54 70
54 74
54 75
54 77
54 81
54 82
54 83
54 84
54 85
54 86
54 88
54 90
54 92
54 94
54 97
55 57
55 58
55 61
55 62
55 63
55 65
55 66
55 67
55 68
55 71
55 72
55 73
55 75
55 77
55 79
55 80
55 86
55 88
55 91
55 92
55 97
56 57
56 59
56 60
56 61
56 63
56 66
56 68
56 69
56 72
56 74
56 77
56 78
56 83
56 86
56 87
56 96
57 64
57 68
57 69
57 71
57 72
57 73
57 75
57 76
57 77
57 78
57 79
57 80
57 81
57 84
57 87
57 88
57 89
57 91
57 92
57 94
57 97
57 98
58 59
58 65
58 67
58 74
58 75
58 76
58 77
58 79
58 80
58 82
58 83
58 84
58 85
58 86
58 87
58 88
58 89
58 90
58 91
58 93
58 94
58 98
58 99
59 61
59 64
59 65
59 66
59 67
59 71
59 75
59 76
59 78
59 83
59 86
59 88
59 89
59 91
59 92
59 93
59 95
59 96
59 97
59 98
60 63
60 65
60 71
60 72
60 74
60 79
60 82
60 83
60 87
60 88
60 94
60 95
60 96
60 97
61 63
61 65
61 66
61 71
61 72
61 82
61 83
61 84
61 87
61 91
61 92
61 98
61 99
62 64
62 67
62 68
62 70
62 74
62 76
62 77
62 79
62 80
62 81
62 83
62 85
62 86
62 88
62 89
62 99
63 65
63 67
63 68
63 69
63 70
63 71
63 72
63 73
63 74
63 75
63 76
63 77
63 81
63 82
63 83
63 84
63 87
63 88
63 90
63 91
63 93
63 94
63 99
64 66
64 67
64 68
64 69
64 70
64 71
64 74
64 75
64 76
64 77
64 80
64 81
64 82
64 83
64 85
64 87
64 88
64 93
64 96
64 97
64 98
65 67
65 70
65 71
65 76
65 78
65 79
65 82
65 84
65 89
65 91
65 94
65 97
65 98
65 99
66 71
66 76
66 77
66 78
66 82
66 83
66 85
66 86
66 87
66 90
66 92
66 93
66 97
67 69
67 70
67 71
67 72
67 75
67 76
67 78
67 82
67 83
67 84
67 86
67 88
67 92
67 93
67 94
67 96
67 97
67 99
68 74
68 75
68 76
68 77
68 83
68 87
68 88
68 89
68 92
68 93
68 94
68 95
68 96
69 71
69 72
69 73
69 74
69 80
69 83
69 88
69 90
69 92
69 93
69 94
69 95
69 96
69 97
70 72
70 74
70 76
70 78
70 79
70 80
70 81
70 84
70 85
70 86
70 88
70 91
70 93
70 95
70 96
70 97
70 99
71 72
71 74
71 75
71 76
71 77
71 81
71 82
71 85
71 86
71 87
71 89
71 90
71 91
71 93
71 96
71 98
72 74
72 75
72 76
72 77
72 78
72 79
72 80
72 81
72 83
72 85
72 86
72 87
72 88
72 90
72 93
72 94
72 95
73 74
73 79
73 81
73 84
73 90
73 91
73 92
73 93
73 94
73 95
73 96
73 98
74 77
74 78
74 80
74 82
74 83
74 86
74 88
74 90
74 91
74 93
74 94
74 95
74 96
74 97
74 98
75 77
75 78
75 81
75 83
75 85
75 89
75 92
75 93
75 99
76 81
76 83
76 85
76 86
76 87
76 91
76 92
76 93
76 97
77 80
77 82
77 83
77 84
77 85
77 87
77 89
77 90
77 91
77 92
77 93
77 95
77 96
77 99
78 79
78 81
78 83
78 84
78 86
78 88
78 91
78 94
78 95
78 98
78 99
79 82
79 87
79 89
79 90
79 91
79 92
79 93
79 98
79 99
80 82
80 84
80 87
80 89
80 90
80 91
80 93
80 95
80 97
81 84
81 85
81 89
81 90
81 94
81 96
81 97
81 99
82 83
82 84
82 85
82 87
82 90
82 91
82 92
82 95
82 97
83 84
83 87
83 88
83 89
83 91
83 93
83 98
83 99
84 85
84 86
84 87
84 90
84 91
84 94
84 96
84 97
84 99
85 87
85 90
85 92
85 93
85 94
85 95
85 96
85 97
85 98
85 99
86 89
86 90
86 91
86 92
86 93
86 94
86 97
87 88
87 90
87 93
87 96
87 98
88 89
88 90
88 91
88 92
88 94
88 95
88 96
88 97
88 98
89 91
89 92
89 95
89 97
89 98
90 92
90 94
90 95
90 96
90 97
90 99
91 92
91 93
91 94
91 98
91 99
92 94
92 96
92 97
92 98
92 99
93 94
93 95
93 97
94 98
94 99
95 96
95 98
95 99
97 99
