0 1
0 3
0 5
0 6
0 7
0 8
0 12
0 13
0 15
0 18
0 20
0 22
0 23
0 24
0 26
0 27
0 29
0 30
0 31
0 32
0 36
0 38
0 40
0 41
0 42
0 44
0 47
0 49
0 52
0 53
0 56
0 57
0 58
0 61
0 62
0 63
0 64
0 65
0 67
0 69
0 71
0 72
0 73
0 78
0 80
0 82
0 83
0 84
0 85
0 88
0 89
0 90
0 97
0 98
1 7
1 9
1 10
1 11
1 15
1 20
1 22
1 23
1 27
1 29
1 34
1 35
1 41
1 42
1 44
1 45
1 46
1 48
1 52
1 54
1 56
1 59
1 69
1 70
1 71
1 73
1 79
1 85
1 86
1 87
1 89
1 91
1 93
1 96
1 99
2 3
2 4
2 5
2 6
2 11
2 12
2 13
2 14
2 15
2 20
2 21
2 22
2 23
2 25
2 26
2 27
2 29
2 35
2 36
2 37
2 42
2 43
2 45
2 47
2 50
2 53
2 54
2 55
2 56
2 57
2 59
2 60
2 62
2 65
2 66
2 69
2 71
2 73
2 79
2 81
2 83
2 85
2 89
2 90
2 91
2 92
2 93
2 94
2 95
2 96
2 99
3 4
3 5
3 10
3 11
3 12
3 13
3 15
3 19
3 20
3 25
3 26
3 31
3 33
3 35
3 36
3 41
3 42
3 44
3 45
3 46
3 48
3 49
3 50
3 58
3 59
3 60
3 63
3 64
3 66
3 71
3 72
3 74
3 76
3 77
3 78
3 80
3 81
3 86
3 88
3 89
3 90
3 91
3 92
3 93
3 95
3 96
3 98
4 6
4 7
4 9
4 10
4 12
4 13
4 14
4 16
4 18
4 19
4 20
4 21
4 22
4 31
4 32
4 35
4 40
4 43
4 46
4 47
4 49
4 50
4 51
4 52
4 53
4 55
4 57
4 58
4 60
4 63
4 65
4 67
4 69
4 71
4 72
4 74
4 78
4 79
4 81
4 82
4 83
4 84
4 86
4 90
4 91
4 93
4 94
4 95
4 98
5 10
5 11
5 13
5 14
5 15
5 19
5 20
5 24
5 27
5 28
5 30
5 31
5 33
5 34
5 37
5 41
5 43
5 44
5 46
5 48
5 49
5 55
5 61
5 66
5 72
5 73
5 74
5 78
5 79
5 80
5 81
5 82
5 83
5 84
5 85
5 95
5 97
5 99
6 8
6 10
6 11
6 12
6 13
6 16
6 19
6 20
6 21
6 25
6 27
6 28
6 29
6 30
6 34
6 35
6 36
6 37
6 38
6 41
6 42
6 45
6 47
6 50
6 52
6 54
6 57
6 58
6 59
6 62
6 63
6 65
6 69
6 70
6 73
6 88
6 89
6 90
6 92
6 93
6 95
6 96
6 97
6 99
7 9
7 10
7 11
7 13
7 14
7 18
7 20
7 24
7 26
7 28
7 33
7 34
7 35
7 37
7 41
7 42
7 43
7 44
7 48
7 49
7 50
7 53
7 55
7 56
7 57
7 58
7 63
7 65
7 67
7 68
7 70
7 72
7 73
7 76
7 77
7 79
7 80
7 83
7 85
7 86
7 87
7 89
7 91
7 92
7 95
7 96
7 97
7 98
7 99
8 10
8 12
8 14
8 15
8 17
8 18
8 22
8 24
8 25
8 26
8 27
8 28
8 29
8 30
8 36
8 44
8 45
8 46
8 48
8 49
8 50
8 54
8 57
8 59
8 60
8 63
8 64
8 65
8 66
8 67
8 71
8 73
8 74
8 75
8 77
8 78
8 80
8 81
8 82
8 84
8 85
8 86
8 87
8 88
8 90
8 92
8 93
8 94
8 95
8 96
8 98
9 12
9 13
9 15
9 16
9 17
9 19
9 22
9 23
9 25
9 27
9 28
9 30
9 33
9 34
9 35
9 40
9 41
9 42
9 44
9 45
9 46
9 49
9 57
9 58
9 61
9 62
9 63
9 68
9 69
9 70
9 71
9 72
9 73
9 74
9 75
9 77
9 78
9 80
9 81
9 83
9 87
9 91
9 92
9 93
9 96
9 98
10 11
10 16
10 19
10 24
10 25
10 28
10 29
10 35
10 36
10 37
10 41
10 42
10 44
10 46
10 47
10 48
10 49
10 50
10 51
10 56
10 57
10 61
10 63
10 65
10 66
10 69
10 71
10 72
10 79
10 80
10 81
10 85
10 88
10 89
10 90
10 91
10 95
10 98
11 12
11 15
11 19
11 21
11 23
11 25
11 26
11 28
11 30
11 31
11 32
11 34
11 37
11 38
11 40
11 43
11 44
11 45
11 46
11 48
11 51
11 53
11 58
11 60
11 61
11 64
11 69
11 70
11 72
11 74
11 77
11 78
11 80
11 81
11 84
11 85
11 86
11 87
11 89
11 91
11 95
11 96
11 98
11 99
12 14
12 15
12 18
12 20
12 24
12 28
12 30
12 32
12 34
12 35
12 36
12 40
12 42
12 43
12 44
12 46
12 47
12 49
12 54
12 55
12 56
12 57
12 60
12 62
12 65
12 66
12 67
12 69
12 72
12 74
12 78
12 81
12 82
12 83
12 84
12 90
12 91
12 95
12 97
13 14
13 15
13 16
13 17
13 20
13 23
13 24
13 28
13 29
13 30
13 31
13 34
13 36
13 37
13 38
13 41
13 43
13 44
13 45
13 47
13 51
13 52
13 53
13 54
13 55
13 56
13 58
13 62
13 63
13 64
13 65
13 67
13 69
13 70
13 71
13 73
13 74
13 76
13 79
13 80
13 81
13 82
13 83
13 84
13 85
13 86
13 87
13 88
13 89
13 90
13 94
13 95
13 97
13 99
14 16
14 18
14 20
14 21
14 25
14 29
14 32
14 33
14 34
14 36
14 37
14 39
14 40
14 42
14 44
14 45
14 47
14 49
14 50
14 51
14 52
14 56
14 59
14 63
14 64
14 66
14 67
14 69
14 70
14 78
14 79
14 81
14 82
14 86
14 87
14 88
14 90
14 99
15 16
15 18
15 19
15 20
15 22
15 24
15 25
15 26
15 27
15 32
15 34
15 36
15 37
15 38
15 39
15 40
15 41
15 43
15 45
15 46
15 47
15 48
15 49
15 52
15 53
15 54
15 56
15 57
15 58
15 59
15 61
15 62
15 64
15 67
15 68
15 72
15 73
15 74
15 76
15 80
15 81
15 82
15 86
15 88
15 93
15 95
15 96
16 21
16 23
16 24
16 25
16 27
16 30
16 31
16 33
16 37
16 39
16 40
16 41
16 45
16 47
16 49
16 51
16 53
16 54
16 55
16 58
16 60
16 61
16 62
16 63
16 65
16 69
16 70
16 71
16 75
16 76
16 81
16 84
16 88
16 89
16 90
16 91
16 93
16 94
16 95
16 96
16 97
16 98
16 99
17 18
17 19
17 20
17 22
17 24
17 26
17 32
17 34
17 39
17 40
17 42
17 45
17 46
17 47
17 50
17 51
17 52
17 53
17 54
17 55
17 56
17 57
17 58
17 60
17 61
17 63
17 67
17 68
17 72
17 73
17 74
17 76
17 82
17 83
17 84
17 88
17 90
17 94
17 95
17 96
17 98
18 19
18 20
18 24
18 25
18 27
18 31
18 32
18 37
18 38
18 40
18 41
18 43
18 44
18 46
18 47
18 50
18 52
18 53
18 55
18 57
18 60
18 61
18 62
18 64
18 65
18 66
18 71
18 72
18 73
18 74
18 76
18 78
18 80
18 83
18 84
18 85
18 86
18 89
18 91
18 92
18 93
18 98
18 99
19 20
19 21
19 22
19 23
19 24
19 27
19 29
19 31
19 32
19 34
19 36
19 38
19 39
19 42
19 43
19 44
19 45
19 50
19 54
19 55
19 56
19 58
19 60
19 61
19 62
19 63
19 64
19 75
19 78
19 79
19 80
19 85
19 86
19 87
19 93
19 96
19 98
19 99
20 21
20 22
20 23
20 24
20 25
20 26
20 28
20 30
20 33
20 36
20 38
20 39
20 42
20 47
20 49
20 50
20 54
20 56
20 61
20 66
20 68
20 69
20 70
20 71
20 72
20 79
20 80
20 82
20 85
20 87
20 91
20 92
20 94
20 95
20 97
20 98
20 99
21 24
21 25
21 26
21 28
21 29
21 30
21 31
21 32
21 33
21 35
21 37
21 40
21 41
21 42
21 43
21 45
21 48
21 49
21 50
21 54
21 55
21 56
21 60
21 62
21 63
21 66
21 67
21 68
21 69
21 72
21 74
21 75
21 77
21 79
21 80
21 81
21 82
21 83
21 84
21 85
21 86
21 87
21 88
21 89
21 90
21 91
21 92
21 95
21 96
21 97
22 25
22 26
22 32
22 33
22 34
22 37
22 39
22 40
22 41
22 43
22 44
22 46
22 48
22 50
22 51
22 52
22 53
22 55
22 57
22 58
22 60
22 67
22 68
22 69
22 70
22 71
22 76
22 77
22 78
22 79
22 80
22 81
22 83
22 84
22 86
22 88
22 89
22 90
22 91
22 92
22 93
22 94
22 96
22 97
23 26
23 27
23 28
23 29
23 30
23 31
23 32
23 33
23 34
23 35
23 36
23 37
23 38
23 39
23 42
23 46
23 47
23 50
23 51
23 52
23 59
23 60
23 61
23 62
23 65
23 66
23 67
23 68
23 71
23 72
23 74
23 75
23 77
23 78
23 82
23 84
23 87
23 88
23 90
23 91
23 94
23 95
23 96
24 25
24 26
24 27
24 31
24 33
24 34
24 35
24 36
24 39
24 41
24 43
24 44
24 52
24 53
24 57
24 58
24 63
24 64
24 65
24 66
24 67
24 69
24 70
24 72
24 75
24 76
24 79
24 84
24 90
24 91
24 92
24 95
24 97
24 99
25 26
25 31
25 34
25 36
25 37
25 41
25 48
25 55
25 57
25 58
25 59
25 60
25 61
25 64
25 65
25 67
25 69
25 71
25 72
25 77
25 79
25 83
25 85
25 86
25 90
25 91
25 97
25 98
26 27
26 28
26 30
26 32
26 33
26 36
26 38
26 39
26 40
26 42
26 43
26 44
26 49
26 51
26 53
26 54
26 55
26 56
26 57
26 59
26 61
26 63
26 64
26 65
26 66
26 67
26 69
26 70
26 73
26 74
26 78
26 79
26 81
26 82
26 83
26 84
26 90
26 95
26 96
26 97
26 98
26 99
27 28
27 34
27 35
27 41
27 44
27 46
27 48
27 49
27 52
27 54
27 61
27 62
27 63
27 65
27 66
27 67
27 71
27 74
27 77
27 78
27 80
27 82
27 83
27 86
27 88
27 94
27 95
27 97
27 98
28 32
28 33
28 34
28 38
28 40
28 41
28 43
28 45
28 50
28 53
28 54
28 55
28 56
28 57
28 59
28 60
28 67
28 70
28 71
28 72
28 74
28 75
28 76
28 77
28 79
28 80
28 81
28 82
28 83
28 85
28 86
28 88
28 94
28 95
28 97
29 30
29 32
29 33
29 37
29 38
29 39
29 40
29 44
29 45
29 49
29 52
29 54
29 55
29 56
29 58
29 59
29 62
29 63
29 67
29 71
29 74
29 75
29 77
29 81
29 82
29 86
29 90
29 93
29 95
29 99
30 31
30 33
30 34
30 35
30 36
30 37
30 38
30 45
30 48
30 54
30 59
30 60
30 61
30 63
30 64
30 66
30 72
30 74
30 75
30 78
30 80
30 81
30 84
30 86
30 88
30 90
30 91
30 92
30 93
30 97
31 32
31 33
31 34
31 40
31 41
31 43
31 44
31 47
31 49
31 52
31 53
31 54
31 55
31 56
31 58
31 63
31 65
31 66
31 67
31 68
31 70
31 72
31 74
31 79
31 81
31 82
31 83
31 84
31 92
31 93
31 95
31 96
31 97
31 98
31 99
32 35
32 41
32 43
32 44
32 45
32 49
32 52
32 53
32 54
32 57
32 58
32 59
32 61
32 65
32 66
32 72
32 75
32 78
32 79
32 80
32 81
32 82
32 83
32 84
32 86
32 88
32 89
32 91
32 92
32 94
32 96
32 97
33 35
33 39
33 41
33 42
33 43
33 44
33 46
33 47
33 51
33 53
33 62
33 63
33 68
33 69
33 72
33 78
33 79
33 82
33 84
33 86
33 87
33 88
33 90
33 94
33 95
33 99
34 39
34 40
34 42
34 43
34 44
34 47
34 48
34 49
34 50
34 51
34 52
34 54
34 56
34 59
34 60
34 64
34 68
34 73
34 74
34 75
34 76
34 79
34 80
34 83
34 85
34 86
34 87
34 88
34 92
34 93
34 96
34 97
34 98
35 36
35 38
35 39
35 41
35 44
35 45
35 50
35 51
35 53
35 56
35 60
35 64
35 66
35 69
35 74
35 77
35 78
35 79
35 80
35 81
35 82
35 84
35 86
35 87
35 88
35 89
35 91
35 92
35 94
35 95
35 97
35 98
36 37
36 38
36 41
36 42
36 43
36 44
36 47
36 48
36 49
36 50
36 53
36 54
36 55
36 56
36 61
36 67
36 70
36 71
36 72
36 75
36 77
36 78
36 81
36 85
36 86
36 88
36 90
36 91
36 93
37 42
37 43
37 44
37 50
37 53
37 55
37 56
37 57
37 60
37 61
37 63
37 68
37 69
37 70
37 75
37 78
37 80
37 82
37 83
37 84
37 85
37 86
37 87
37 88
37 89
37 90
37 91
37 92
37 93
37 94
37 95
37 96
38 39
38 42
38 43
38 44
38 45
38 46
38 52
38 54
38 55
38 56
38 57
38 61
38 63
38 64
38 65
38 66
38 67
38 68
38 69
38 70
38 71
38 72
38 75
38 76
38 78
38 79
38 82
38 83
38 84
38 87
38 90
38 93
38 94
38 97
38 98
38 99
39 40
39 41
39 44
39 45
39 46
39 52
39 53
39 54
39 55
39 56
39 57
39 58
39 61
39 62
39 63
39 64
39 65
39 67
39 69
39 70
39 74
39 76
39 78
39 79
39 80
39 81
39 83
39 85
39 86
39 87
39 88
39 89
39 92
39 94
39 97
39 99
40 41
40 43
40 44
40 47
40 50
40 52
40 53
40 57
40 60
40 63
40 65
40 67
40 69
40 76
40 79
40 80
40 83
40 84
40 85
40 86
40 87
40 88
40 89
40 90
40 91
40 92
40 93
40 94
40 95
40 98
40 99
41 44
41 51
41 56
41 57
41 58
41 61
41 62
41 63
41 64
41 66
41 67
41 68
41 70
41 71
41 72
41 73
41 75
41 78
41 79
41 81
41 82
41 84
41 85
41 87
41 88
41 90
41 92
41 93
41 94
41 95
41 96
42 46
42 47
42 49
42 51
42 53
42 56
42 58
42 61
42 62
42 64
42 66
42 67
42 69
42 71
42 72
42 76
42 80
42 81
42 83
42 84
42 85
42 87
42 91
42 92
42 96
42 97
43 45
43 46
43 48
43 49
43 50
43 52
43 53
43 54
43 55
43 56
43 57
43 58
43 59
43 60
43 63
43 64
43 67
43 69
43 72
43 73
43 75
43 76
43 77
43 79
43 80
43 82
43 83
43 86
43 89
43 92
43 93
43 94
43 96
44 47
44 48
44 50
44 52
44 54
44 55
44 56
44 59
44 60
44 65
44 66
44 68
44 70
44 75
44 76
44 77
44 79
44 80
44 81
44 84
44 86
44 87
44 89
44 91
44 93
44 94
44 95
44 98
45 46
45 47
45 50
45 52
45 54
45 56
45 57
45 58
45 60
45 62
45 65
45 71
45 73
45 74
45 75
45 77
45 79
45 81
45 83
45 85
45 88
45 89
45 90
45 92
45 93
45 96
45 98
46 47
46 49
46 50
46 51
46 52
46 53
46 54
46 56
46 57
46 58
46 59
46 61
46 63
46 66
46 68
46 69
46 70
46 73
46 75
46 80
46 84
46 85
46 86
46 87
46 88
46 89
46 90
46 92
46 94
46 95
46 96
46 97
46 98
47 48
47 51
47 54
47 55
47 56
47 57
47 58
47 59
47 60
47 62
47 63
47 64
47 66
47 68
47 69
47 70
47 74
47 75
47 78
47 79
47 80
47 82
47 83
47 87
47 88
47 92
47 94
47 96
48 49
48 51
48 54
48 57
48 59
48 60
48 61
48 62
48 63
48 64
48 72
48 75
48 76
48 77
48 80
48 81
48 84
48 85
48 86
48 87
48 89
48 90
48 91
48 93
48 94
48 95
48 99
49 50
49 51
49 52
49 54
49 55
49 56
49 57
49 59
49 60
49 64
49 65
49 73
49 77
49 79
49 80
49 83
49 89
49 91
49 94
49 95
49 96
49 97
49 99
50 51
50 52
50 55
50 58
50 59
50 61
50 62
50 63
50 64
50 65
50 66
50 69
50 70
50 75
50 77
50 80
50 81
50 83
50 84
50 85
50 86
50 87
50 88
50 89
50 90
50 91
50 93
50 95
50 96
50 98
51 52
51 53
51 54
51 55
51 56
51 57
51 61
51 63
51 64
51 66
51 67
51 68
51 70
51 72
51 73
51 74
51 75
51 77
51 78
51 81
51 83
51 84
51 86
51 88
51 89
51 90
51 92
51 95
51 96
51 97
51 98
51 99
52 53
52 54
52 55
52 56
52 57
52 60
52 63
52 65
52 68
52 69
52 72
52 73
52 74
52 80
52 81
52 83
52 84
52 86
52 94
52 97
52 99
53 57
53 58
53 59
53 60
53 61
53 65
53 66
53 67
53 69
53 70
53 71
53 73
53 74
53 76
53 77
53 79
53 83
53 84
53 89
53 90
53 91
53 92
53 93
53 95
53 97
53 98
54 59
54 60
54 61
54 62
54 63
54 66
54 71
54 73
54 75
54 76
54 77
54 78
54 79
54 85
54 86
54 87
54 88
54 90
54 91
54 92
54 93
54 94
54 95
54 99
55 60
55 61
55 62
55 63
55 64
55 65
55 68
55 70
55 75
55 76
55 77
55 80
55 81
55 83
55 84
55 86
55 88
55 89
55 91
55 95
55 99
56 57
56 59
56 61
56 62
56 64
56 68
56 72
56 75
56 76
56 77
56 79
56 80
56 81
56 84
56 90
56 92
56 93
56 95
56 96
56 97
57 59
57 62
57 64
57 68
57 69
57 70
57 72
57 73
57 76
57 78
57 79
57 80
57 81
57 83
57 85
57 88
57 90
57 94
57 96
57 98
57 99
58 59
58 61
58 63
58 66
58 68
58 70
58 72
58 73
58 74
58 75
58 76
58 78
58 79
58 81
58 85
58 87
58 88
58 89
58 95
58 98
59 60
59 61
59 62
59 63
59 67
59 69
59 70
59 72
59 73
59 76
59 80
59 82
59 83
59 87
59 92
59 93
59 94
59 96
59 97
59 98
60 63
60 65
60 69
60 70
60 71
60 72
60 76
60 77
60 78
60 81
60 82
60 83
60 84
60 87
60 91
60 94
60 95
60 96
60 97
60 98
60 99
61 62
61 63
61 66
61 69
61 70
61 72
61 74
61 79
61 82
61 83
61 84
61 86
61 87
61 89
61 90
61 92
61 93
61 94
61 96
61 98
62 66
62 67
62 69
62 71
62 72
62 75
62 76
62 78
62 81
62 86
62 87
62 89
62 92
62 93
62 94
62 96
62 98
63 66
63 67
63 69
63 71
63 75
63 76
63 77
63 79
63 80
63 81
63 82
63 84
63 86
63 87
63 88
63 89
63 90
63 93
63 95
63 96
63 98
63 99
64 68
64 69
64 71
64 72
64 73
64 75
64 77
64 78
64 79
64 81
64 83
64 85
64 86
64 87
64 88
64 92
64 93
64 94
64 95
64 97
64 98
65 66
65 67
65 69
65 70
65 73
65 74
65 75
65 77
65 78
65 82
65 83
65 84
65 85
65 87
65 90
65 91
65 93
65 94
65 97
65 98
65 99
66 69
66 70
66 80
66 83
66 88
66 93
66 94
66 95
66 99
67 68
67 69
67 70
67 73
67 74
67 75
67 76
67 77
67 81
67 82
67 83
67 90
67 91
67 93
67 95
67 97
67 98
68 72
68 74
68 75
68 76
68 80
68 81
68 82
68 83
68 84
68 93
68 94
68 95
68 96
68 97
68 98
69 70
69 71
69 72
69 75
69 81
69 86
69 88
69 90
69 94
69 97
69 99
70 71
70 72
70 75
70 77
70 78
70 80
70 81
70 85
70 88
70 89
70 92
70 93
70 94
70 95
70 96
70 97
70 99
71 72
71 73
71 75
71 80
71 82
71 83
71 86
71 87
71 88
71 91
71 93
71 95
71 96
71 97
71 98
71 99
72 73
72 78
72 79
72 80
72 81
72 84
72 90
72 91
72 93
72 94
72 98
73 75
73 78
73 79
73 80
73 82
73 84
73 85
73 90
73 92
73 93
73 94
73 96
73 97
73 98
73 99
74 75
74 76
74 78
74 84
74 85
74 86
74 89
74 93
74 95
74 96
74 97
75 77
75 79
75 81
75 85
75 87
75 90
75 94
75 97
75 99
76 81
76 84
76 86
76 91
76 97
77 78
77 79
77 83
77 85
77 87
77 88
77 89
77 90
77 91
77 92
77 93
77 94
77 95
77 96
77 98
78 79
78 81
78 82
78 85
78 86
78 88
78 92
78 94
78 96
78 97
78 98
78 99
79 80
79 82
79 87
79 88
79 89
79 90
79 91
79 92
79 94
80 82
80 83
80 84
80 89
80 93
80 94
80 97
80 98
81 83
81 84
81 85
81 88
81 89
81 91
81 92
81 93
81 95
81 96
81 97
82 84
82 85
82 88
82 92
82 93
82 94
82 95
82 98
83 84
83 86
83 87
83 90
83 91
83 92
83 98
84 86
84 88
84 89
84 90
84 91
84 94
84 95
84 99
85 86
85 87
85 89
85 90
85 91
85 95
85 96
86 87
86 88
86 90
86 91
86 94
86 95
86 97
86 99
87 90
87 91
87 92
87 93
87 94
87 96
88 89
88 90
88 92
88 93
88 94
88 97
88 99
89 90
89 92
89 93
89 94
89 96
89 97
89 99
90 93
90 94
90 95
90 96
90 97
91 96
91 97
91 99
92 94
92 96
92 97
93 97
93 99
94 95
95 96
95 99
96 97
97 99
98 99
