0 1
0 6
0 11
0 12
0 13
0 18
0 19
0 21
0 24
0 27
0 28
0 31
0 34
0 35
0 37
0 39
0 40
0 41
0 42
0 44
0 45
0 46
0 47
0 49
0 50
0 53
0 54
0 55
0 56
0 57
0 58
0 62
0 63
0 65
0 68
0 70
0 71
0 74
0 75
0 76
0 77
0 84
0 86
0 91
0 92
0 93
0 96
0 97
0 98
0 99
1 2
1 5
1 6
1 7
1 9
1 10
1 11
1 15
1 16
1 17
1 21
1 23
1 26
1 27
1 29
1 32
1 34
1 35
1 36
1 38
1 40
1 41
1 45
1 47
1 49
1 50
1 54
1 58
1 59
1 60
1 62
1 63
1 64
1 66
1 69
1 70
1 71
1 75
1 76
1 77
1 78
1 79
1 82
1 85
1 86
1 88
1 89
1 91
1 93
1 94
1 95
1 97
1 98
2 4
2 5
2 6
2 7
2 9
2 10
2 11
2 12
2 13
2 17
2 19
2 22
2 24
2 26
2 29
2 30
2 31
2 32
2 33
2 34
2 35
2 36
2 37
2 39
2 41
2 43
2 44
2 45
2 46
2 48
2 51
2 52
2 53
2 55
2 57
2 60
2 61
2 62
2 65
2 67
2 68
2 69
2 70
2 72
2 75
2 76
2 77
2 78
2 80
2 85
2 90
2 94
2 96
2 99
3 4
3 6
3 11
3 12
3 20
3 27
3 30
3 31
3 35
3 37
3 38
3 41
3 42
3 44
3 46
3 47
3 50
3 57
3 58
3 60
3 63
3 64
3 66
3 72
3 73
3 74
3 75
3 79
3 80
3 81
3 84
3 86
3 88
3 89
3 90
3 93
3 95
3 97
3 98
3 99
4 6
4 7
4 8
4 9
4 10
4 11
4 16
4 18
4 20
4 21
4 22
4 23
4 25
4 26
4 27
4 29
4 31
4 33
4 38
4 39
4 40
4 43
4 49
4 54
4 55
4 56
4 60
4 63
4 66
4 69
4 71
4 72
4 73
4 75
4 77
4 78
4 80
4 81
4 84
4 87
4 88
4 89
4 92
4 97
5 8
5 10
5 11
5 12
5 13
5 16
5 20
5 23
5 24
5 26
5 27
5 30
5 32
5 35
5 38
5 39
5 42
5 45
5 46
5 47
5 50
5 51
5 53
5 60
5 61
5 63
5 71
5 74
5 76
5 77
5 78
5 79
5 81
5 82
5 84
5 86
5 88
5 89
5 90
5 92
5 94
5 95
5 96
5 98
6 9
6 13
6 22
6 23
6 24
6 29
6 30
6 32
6 35
6 36
6 37
6 38
6 41
6 42
6 43
6 44
6 45
6 46
6 48
6 49
6 50
6 51
6 54
6 55
6 58
6 60
6 62
6 63
6 65
6 67
6 74
6 76
6 78
6 79
6 82
6 85
6 86
6 88
6 90
6 92
6 93
6 95
6 96
6 97
6 99
7 8
7 10
7 12
7 13
7 16
7 17
7 20
7 22
7 24
7 26
7 29
7 30
7 34
7 35
7 36
7 37
7 40
7 41
7 42
7 43
7 44
7 45
7 51
7 52
7 53
7 54
7 58
7 59
7 62
7 63
7 64
7 66
7 67
7 70
7 73
7 76
7 79
7 95
7 98
8 9
8 10
8 12
8 13
8 14
8 15
8 16
8 18
8 19
8 21
8 22
8 23
8 28
8 31
8 32
8 33
8 34
8 38
8 39
8 40
8 41
8 42
8 45
8 47
8 48
8 50
8 51
8 52
8 53
8 55
8 56
8 57
8 58
8 59
8 60
8 61
8 62
8 64
8 67
8 68
8 69
8 71
8 72
8 80
8 81
8 86
8 89
8 90
8 92
8 94
8 95
8 97
8 98
8 99
9 12
9 14
9 18
9 21
9 24
9 28
9 29
9 32
9 33
9 34
9 36
9 37
9 38
9 41
9 43
9 46
9 48
9 49
9 52
9 53
9 54
9 56
9 57
9 58
9 60
9 61
9 64
9 65
9 66
9 67
9 69
9 70
9 73
9 74
9 75
9 76
9 77
9 80
9 82
9 88
9 91
9 93
9 94
9 95
9 96
9 97
9 98
10 15
10 16
10 17
10 20
10 21
10 24
10 25
10 27
10 32
10 34
10 35
10 38
10 41
10 42
10 43
10 44
10 48
10 51
10 52
10 53
10 58
10 59
10 60
10 63
10 67
10 68
10 69
10 70
10 71
10 74
10 75
10 76
10 77
10 78
10 82
10 83
10 84
10 85
10 88
10 91
10 93
10 95
10 97
10 99
11 18
11 23
11 25
11 26
11 27
11 28
11 31
11 32
11 41
11 44
11 45
11 46
11 47
11 49
11 56
11 57
11 60
11 62
11 63
11 65
11 73
11 74
11 75
11 76
11 77
11 78
11 79
11 80
11 83
11 84
11 85
11 87
11 89
11 90
11 91
11 92
11 97
11 98
11 99
12 13
12 14
12 15
12 16
12 17
12 19
12 22
12 24
12 25
12 27
12 28
12 32
12 33
12 34
12 35
12 37
12 38
12 39
12 41
12 42
12 45
12 46
12 47
12 48
12 50
12 51
12 56
12 60
12 61
12 62
12 65
12 67
12 68
12 69
12 73
12 75
12 78
12 81
12 82
12 85
12 87
12 88
12 92
12 96
12 98
13 14
13 18
13 21
13 22
13 23
13 25
13 27
13 29
13 30
13 31
13 32
13 34
13 35
13 36
13 37
13 41
13 43
13 44
13 45
13 46
13 47
13 49
13 54
13 57
13 61
13 63
13 65
13 66
13 68
13 72
13 77
13 78
13 80
13 81
13 82
13 84
13 86
13 90
13 92
13 94
13 95
13 96
13 98
13 99
14 15
14 16
14 18
14 20
14 22
14 25
14 27
14 29
14 30
14 32
14 35
14 45
14 49
14 52
14 54
14 55
14 56
14 58
14 61
14 63
14 66
14 67
14 69
14 70
14 71
14 72
14 74
14 75
14 76
14 78
14 80
14 85
14 86
14 88
14 90
14 91
14 94
14 97
14 98
14 99
15 16
15 17
15 19
15 20
15 22
15 26
15 29
15 30
15 31
15 33
15 36
15 37
15 38
15 41
15 42
15 43
15 44
15 49
15 50
15 51
15 54
15 59
15 60
15 61
15 62
15 63
15 66
15 67
15 70
15 71
15 72
15 73
15 75
15 76
15 77
15 78
15 80
15 85
15 89
15 90
15 93
15 98
16 17
16 19
16 20
16 23
16 24
16 26
16 28
16 31
16 32
16 33
16 40
16 42
16 49
16 55
16 56
16 58
16 59
16 60
16 62
16 63
16 65
16 68
16 71
16 72
16 73
16 74
16 78
16 79
16 80
16 81
16 82
16 84
16 87
16 88
16 89
16 90
16 91
16 92
16 97
17 18
17 19
17 20
17 24
17 25
17 27
17 28
17 31
17 33
17 35
17 36
17 37
17 38
17 39
17 44
17 45
17 48
17 49
17 50
17 52
17 55
17 56
17 62
17 64
17 67
17 68
17 71
17 72
17 73
17 74
17 76
17 78
17 80
17 82
17 88
17 90
17 91
17 94
17 95
17 98
18 19
18 20
18 22
18 24
18 25
18 27
18 28
18 30
18 33
18 35
18 36
18 38
18 46
18 47
18 49
18 50
18 51
18 52
18 55
18 56
18 62
18 63
18 65
18 67
18 69
18 70
18 72
18 73
18 75
18 77
18 79
18 80
18 81
18 83
18 87
18 88
18 91
18 93
18 96
18 98
18 99
19 20
19 21
19 22
19 24
19 25
19 26
19 27
19 28
19 30
19 32
19 33
19 35
19 36
19 42
19 45
19 47
19 50
19 51
19 52
19 53
19 56
19 59
19 60
19 61
19 62
19 65
19 67
19 70
19 71
19 72
19 73
19 75
19 81
19 86
19 88
19 89
19 90
19 93
19 94
20 21
20 30
20 31
20 33
20 34
20 35
20 36
20 38
20 41
20 43
20 44
20 45
20 46
20 47
20 49
20 56
20 60
20 61
20 62
20 63
20 66
20 67
20 68
20 69
20 72
20 76
20 85
20 88
20 89
20 90
20 92
20 94
20 95
20 99
21 23
21 25
21 27
21 28
21 30
21 35
21 36
21 37
21 39
21 40
21 41
21 48
21 49
21 51
21 52
21 54
21 55
21 56
21 57
21 58
21 60
21 61
21 63
21 64
21 65
21 66
21 70
21 73
21 76
21 79
21 82
21 83
21 84
21 87
21 88
21 93
21 97
21 98
21 99
22 23
22 24
22 25
22 26
22 27
22 28
22 30
22 33
22 35
22 39
22 44
22 45
22 46
22 47
22 48
22 49
22 53
22 54
22 55
22 58
22 59
22 60
22 62
22 65
22 66
22 69
22 73
22 75
22 76
22 77
22 79
22 80
22 82
22 83
22 84
22 85
22 86
22 87
22 88
22 90
22 91
22 92
22 96
22 98
23 25
23 26
23 30
23 33
23 35
23 38
23 39
23 40
23 41
23 43
23 44
23 45
23 49
23 50
23 52
23 57
23 59
23 60
23 61
23 62
23 63
23 64
23 65
23 66
23 67
23 68
23 69
23 70
23 71
23 73
23 82
23 84
23 85
23 86
23 87
23 90
23 91
23 92
23 93
23 95
23 98
24 25
24 26
24 27
24 28
24 29
24 30
24 31
24 33
24 34
24 36
24 37
24 39
24 40
24 45
24 46
24 48
24 50
24 53
24 56
24 57
24 58
24 59
24 60
24 61
24 62
24 63
24 65
24 68
24 71
24 73
24 74
24 78
24 79
24 81
24 86
24 87
24 88
24 89
24 90
24 91
24 93
24 96
24 98
25 26
25 27
25 28
25 30
25 33
25 34
25 35
25 36
25 39
25 41
25 42
25 43
25 48
25 52
25 55
25 60
25 63
25 64
25 65
25 66
25 67
25 68
25 69
25 70
25 71
25 72
25 73
25 74
25 75
25 76
25 77
25 78
25 79
25 80
25 82
25 84
25 86
25 89
25 90
25 91
25 94
25 95
25 96
25 97
25 99
26 28
26 30
26 33
26 34
26 35
26 36
26 37
26 38
26 39
26 45
26 46
26 47
26 49
26 50
26 51
26 52
26 56
26 57
26 59
26 60
26 64
26 66
26 67
26 70
26 72
26 73
26 74
26 75
26 76
26 77
26 78
26 79
26 80
26 81
26 82
26 87
26 88
26 90
26 92
26 97
26 98
26 99
27 29
27 30
27 32
27 33
27 35
27 36
27 37
27 38
27 40
27 42
27 44
27 46
27 48
27 50
27 55
27 56
27 57
27 58
27 59
27 61
27 65
27 67
27 68
27 71
27 73
27 74
27 76
27 79
27 80
27 81
27 82
27 84
27 85
27 89
27 91
27 93
27 94
28 29
28 30
28 32
28 34
28 35
28 37
28 39
28 41
28 45
28 46
28 50
28 52
28 56
28 57
28 58
28 59
28 60
28 61
28 62
28 65
28 67
28 69
28 72
28 75
28 76
28 85
28 86
28 92
28 93
28 95
28 96
28 98
28 99
29 30
29 32
29 33
29 37
29 39
29 41
29 42
29 43
29 45
29 47
29 48
29 49
29 50
29 51
29 52
29 53
29 54
29 56
29 57
29 58
29 59
29 60
29 62
29 67
29 68
29 69
29 74
29 76
29 78
29 79
29 82
29 84
29 86
29 87
29 89
29 90
29 92
29 95
29 97
29 99
30 34
30 35
30 36
30 38
30 39
30 40
30 41
30 43
30 44
30 46
30 47
30 54
30 56
30 61
30 67
30 70
30 71
30 73
30 74
30 76
30 77
30 79
30 82
30 83
30 84
30 85
30 87
30 88
30 89
30 90
30 92
30 94
30 96
30 97
30 98
30 99
31 33
31 34
31 35
31 36
31 37
31 41
31 42
31 44
31 45
31 47
31 48
31 49
31 50
31 51
31 53
31 56
31 57
31 59
31 60
31 62
31 63
31 64
31 66
31 67
31 70
31 72
31 74
31 78
31 79
31 83
31 87
31 89
31 90
31 91
31 92
31 94
31 97
31 98
31 99
32 34
32 35
32 36
32 37
32 38
32 40
32 41
32 44
32 47
32 49
32 50
32 51
32 52
32 54
32 56
32 67
32 69
32 71
32 75
32 77
32 81
32 83
32 85
32 86
32 87
32 92
32 96
32 99
33 34
33 38
33 41
33 42
33 43
33 44
33 45
33 48
33 49
33 51
33 54
33 58
33 60
33 62
33 63
33 64
33 67
33 68
33 69
33 74
33 77
33 80
33 82
33 86
33 88
33 90
33 92
33 93
33 95
33 98
34 35
34 37
34 39
34 40
34 44
34 46
34 47
34 49
34 50
34 51
34 53
34 55
34 57
34 58
34 59
34 61
34 62
34 65
34 70
34 71
34 73
34 74
34 75
34 77
34 79
34 82
34 85
34 86
34 90
34 91
34 94
34 95
34 97
34 99
35 37
35 40
35 42
35 44
35 47
35 52
35 55
35 57
35 58
35 59
35 60
35 62
35 63
35 68
35 70
35 71
35 72
35 73
35 75
35 77
35 78
35 80
35 81
35 82
35 83
35 84
35 85
35 86
35 87
35 88
35 89
35 90
35 93
35 95
35 99
36 37
36 39
36 40
36 41
36 42
36 45
36 49
36 50
36 52
36 53
36 54
36 55
36 56
36 57
36 62
36 63
36 65
36 67
36 73
36 76
36 77
36 78
36 79
36 80
36 83
36 84
36 85
36 89
36 90
36 93
36 97
37 38
37 41
37 46
37 47
37 48
37 49
37 51
37 52
37 56
37 57
37 60
37 61
37 62
37 63
37 64
37 66
37 67
37 68
37 69
37 72
37 74
37 76
37 80
37 81
37 85
37 87
37 90
37 91
37 94
37 96
37 97
37 99
38 40
38 41
38 42
38 43
38 44
38 45
38 46
38 47
38 49
38 50
38 56
38 57
38 59
38 63
38 64
38 68
38 69
38 70
38 73
38 75
38 79
38 80
38 81
38 83
38 84
38 86
38 88
38 93
38 96
38 99
39 41
39 42
39 43
39 44
39 45
39 47
39 49
39 51
39 52
39 58
39 59
39 62
39 63
39 64
39 65
39 67
39 72
39 74
39 78
39 81
39 82
39 83
39 86
39 87
39 89
39 93
39 94
39 95
39 96
39 97
39 98
39 99
40 41
40 44
40 45
40 46
40 47
40 49
40 50
40 51
40 53
40 54
40 55
40 57
40 58
40 63
40 66
40 69
40 70
40 71
40 73
40 74
40 76
40 78
40 79
40 80
40 84
40 85
40 87
40 88
40 91
40 95
40 97
40 98
40 99
41 44
41 47
41 48
41 50
41 52
41 54
41 55
41 56
41 57
41 58
41 59
41 60
41 62
41 64
41 65
41 67
41 69
41 74
41 75
41 78
41 79
41 83
41 85
41 86
41 91
41 93
41 97
41 98
42 43
42 44
42 45
42 46
42 48
42 49
42 50
42 51
42 53
42 55
42 57
42 59
42 60
42 62
42 63
42 67
42 68
42 73
42 74
42 79
42 82
42 87
42 88
42 89
42 92
42 99
43 44
43 45
43 46
43 48
43 49
43 50
43 52
43 58
43 61
43 62
43 64
43 65
43 66
43 67
43 71
43 72
43 73
43 75
43 76
43 77
43 78
43 80
43 82
43 83
43 85
43 86
43 90
43 93
43 94
43 95
43 97
43 99
44 45
44 46
44 48
44 50
44 51
44 54
44 55
44 56
44 59
44 60
44 62
44 64
44 65
44 66
44 67
44 68
44 69
44 70
44 74
44 76
44 79
44 82
44 84
44 85
44 88
44 89
44 91
44 93
44 94
44 95
44 96
44 97
44 98
45 47
45 49
45 51
45 53
45 54
45 61
45 62
45 64
45 66
45 68
45 74
45 77
45 78
45 79
45 80
45 81
45 84
45 86
45 87
45 88
45 89
45 90
45 91
45 92
45 93
45 94
45 95
45 96
45 98
46 47
46 51
46 60
46 61
46 62
46 63
46 65
46 66
46 67
46 68
46 69
46 71
46 72
46 73
46 74
46 76
46 78
46 80
46 84
46 88
46 89
46 90
46 91
46 93
46 95
46 98
46 99
47 54
47 55
47 59
47 60
47 61
47 62
47 66
47 67
47 68
47 69
47 71
47 72
47 73
47 74
47 76
47 77
47 78
47 81
47 82
47 83
47 85
47 86
47 88
47 89
47 90
47 92
48 49
48 55
48 56
48 58
48 59
48 62
48 63
48 65
48 68
48 73
48 75
48 77
48 79
48 80
48 82
48 84
48 86
48 87
48 88
48 93
48 96
48 98
49 50
49 54
49 55
49 57
49 58
49 59
49 60
49 61
49 64
49 67
49 68
49 71
49 74
49 75
49 76
49 77
49 80
49 83
49 87
49 88
49 89
49 90
49 92
49 93
49 96
49 99
50 52
50 53
50 55
50 56
50 61
50 64
50 65
50 67
50 69
50 70
50 71
50 72
50 73
50 74
50 82
50 86
50 90
50 94
50 99
51 52
51 53
51 54
51 56
51 57
51 59
51 60
51 61
51 64
51 65
51 68
51 70
51 72
51 74
51 76
51 78
51 79
51 84
51 86
51 88
51 94
52 54
52 55
52 57
52 58
52 61
52 62
52 65
52 68
52 70
52 71
52 72
52 74
52 76
52 79
52 80
52 82
52 83
52 84
52 85
52 88
52 89
52 93
52 95
52 96
52 99
53 54
53 55
53 57
53 58
53 59
53 60
53 63
53 64
53 67
53 68
53 69
53 70
53 71
53 72
53 76
53 78
53 81
53 83
53 86
53 88
53 91
53 92
53 95
53 99
54 56
54 58
54 60
54 61
54 66
54 68
54 70
54 71
54 73
54 75
54 76
54 77
54 78
54 79
54 80
54 81
54 83
54 84
54 85
54 87
54 88
54 91
54 92
55 57
55 58
55 62
55 65
55 67
55 69
55 70
55 73
55 75
55 78
55 81
55 82
55 84
55 85
55 87
55 90
55 91
55 92
55 95
55 98
56 57
56 60
56 61
56 63
56 64
56 67
56 70
56 77
56 78
56 81
56 82
56 83
56 87
56 91
56 92
56 93
56 94
56 96
56 97
56 99
57 58
57 59
57 60
57 66
57 67
57 69
57 70
57 71
57 75
57 79
57 80
57 81
57 84
57 86
57 89
57 90
57 91
57 94
57 95
57 96
57 99
58 60
58 63
58 64
58 67
58 68
58 69
58 75
58 76
58 78
58 83
58 84
58 86
58 89
58 90
58 91
58 96
58 98
59 60
59 61
59 62
59 65
59 66
59 67
59 69
59 73
59 75
59 76
59 77
59 78
59 80
59 81
59 85
59 87
59 88
59 89
59 90
59 92
59 94
60 61
60 67
60 69
60 71
60 72
60 73
60 74
60 77
60 78
60 81
60 82
60 85
60 87
60 88
60 90
60 91
60 92
60 93
60 95
60 97
60 99
61 64
61 65
61 67
61 68
61 70
61 71
61 73
61 75
61 76
61 79
61 82
61 83
61 85
61 89
61 93
61 94
61 95
61 97
62 65
62 68
62 70
62 71
62 75
62 76
62 83
62 85
62 86
62 87
62 88
62 91
62 92
62 93
62 94
62 95
62 96
62 98
63 64
63 67
63 69
63 70
63 73
63 74
63 78
63 80
63 82
63 84
63 85
63 86
63 88
63 89
63 91
63 93
63 94
63 95
63 97
64 71
64 72
64 74
64 76
64 80
64 81
64 82
64 84
64 85
64 88
64 89
64 90
64 92
64 93
64 95
64 96
64 99
65 66
65 68
65 74
65 75
65 76
65 77
65 78
65 81
65 84
65 85
65 88
65 90
65 93
65 94
65 96
65 97
65 99
66 68
66 72
66 73
66 74
66 75
66 79
66 80
66 81
66 82
66 83
66 84
66 89
66 90
66 92
66 94
66 95
66 96
66 97
66 98
67 69
67 70
67 72
67 73
67 75
67 77
67 78
67 79
67 84
67 85
67 86
67 87
67 92
67 94
67 95
67 96
67 97
67 98
67 99
68 69
68 70
68 72
68 73
68 75
68 76
68 77
68 80
68 82
68 85
68 88
68 89
68 91
68 93
68 95
69 71
69 72
69 74
69 75
69 76
69 82
69 83
69 84
69 86
69 89
69 91
69 92
69 93
69 94
69 96
69 99
70 71
70 73
70 74
70 76
70 80
70 82
70 87
70 88
70 89
70 90
70 91
70 92
70 93
70 94
70 95
70 97
70 98
71 73
71 75
71 78
71 81
71 83
71 85
71 88
71 89
71 91
71 93
71 95
71 96
71 97
71 98
71 99
72 73
72 77
72 80
72 81
72 82
72 83
72 86
72 87
72 88
72 90
72 91
72 92
72 93
72 94
72 98
73 75
73 76
73 80
73 81
73 82
73 83
73 85
73 86
73 88
73 89
73 90
73 91
73 94
73 95
73 96
74 75
74 76
74 77
74 78
74 79
74 83
74 85
74 88
74 89
74 90
74 94
74 96
74 98
74 99
75 76
75 79
75 82
75 83
75 84
75 85
75 87
75 91
75 94
75 95
75 96
75 97
75 99
76 78
76 80
76 81
76 82
76 85
76 86
76 87
76 89
76 90
76 93
76 98
76 99
77 78
77 79
77 81
77 82
77 83
77 89
77 90
77 92
77 94
78 79
78 80
78 82
78 83
78 86
78 87
78 88
78 89
78 90
78 91
78 92
78 93
78 95
78 96
78 97
79 84
79 85
79 86
79 87
79 91
79 92
79 93
79 94
79 97
79 98
79 99
80 83
80 84
80 85
80 89
80 90
80 91
80 92
80 93
80 94
80 95
80 97
81 92
81 96
81 97
81 98
81 99
82 85
82 88
82 92
82 93
82 95
82 97
82 98
82 99
83 85
83 87
83 88
83 89
83 92
83 95
83 96
83 97
83 98
83 99
84 87
84 89
84 90
84 91
84 93
84 94
84 96
84 99
85 86
85 87
85 88
85 89
85 90
85 92
85 94
85 98
85 99
86 88
86 89
86 94
86 95
86 98
87 89
87 90
87 92
87 95
87 96
87 99
88 91
88 92
88 93
88 97
88 99
89 91
89 93
89 94
89 96
89 97
89 99
90 91
90 92
90 94
90 95
90 97
90 99
91 92
91 93
91 95
91 96
91 97
91 99
92 97
92 99
93 94
93 99
94 95
94 98
94 99
95 96
96 99
97 98
98 99
