0 2
0 3
0 4
0 10
0 11
0 12
0 14
0 17
0 18
0 20
0 21
0 23
0 25
0 26
0 32
0 33
0 35
0 37
0 42
0 43
0 45
0 46
0 47
0 48
0 49
0 50
0 52
0 53
0 54
0 56
0 59
0 62
0 63
0 64
0 65
0 66
0 67
0 68
0 70
0 71
0 72
0 76
0 77
0 78
0 80
0 81
0 83
0 84
0 85
0 86
0 88
0 90
0 91
0 92
0 93
0 94
0 95
0 98
1 4
1 7
1 9
1 14
1 15
1 16
1 18
1 21
1 23
1 26
1 28
1 29
1 34
1 36
1 37
1 38
1 40
1 42
1 43
1 44
1 47
1 49
1 50
1 52
1 56
1 58
1 62
1 64
1 65
1 68
1 69
1 70
1 71
1 72
1 73
1 75
1 79
1 82
1 83
1 84
1 85
1 86
1 87
1 88
1 90
1 92
1 93
1 98
2 4
2 10
2 11
2 13
2 14
2 16
2 18
2 21
2 22
2 24
2 25
2 26
2 29
2 31
2 32
2 33
2 34
2 39
2 40
2 44
2 45
2 46
2 47
2 50
2 51
2 52
2 60
2 62
2 67
2 70
2 76
2 79
2 81
2 82
2 83
2 87
2 88
2 89
2 93
2 96
2 97
2 99
3 5
3 9
3 12
3 13
3 15
3 16
3 19
3 22
3 24
3 25
3 28
3 29
3 31
3 32
3 33
3 34
3 36
3 38
3 39
3 40
3 41
3 42
3 43
3 44
3 45
3 48
3 50
3 52
3 59
3 61
3 62
3 65
3 71
3 73
3 76
3 82
3 84
3 85
3 86
3 87
3 88
3 89
3 91
3 93
3 94
3 97
3 99
4 6
4 8
4 10
4 11
4 12
4 13
4 14
4 15
4 17
4 21
4 23
4 24
4 28
4 29
4 30
4 31
4 36
4 38
4 39
4 40
4 44
4 46
4 47
4 49
4 50
4 51
4 53
4 56
4 62
4 63
4 66
4 68
4 69
4 74
4 75
4 77
4 79
4 80
4 82
4 87
4 88
4 91
4 92
4 95
4 97
5 7
5 10
5 12
5 13
5 15
5 16
5 18
5 19
5 22
5 23
5 25
5 31
5 36
5 39
5 40
5 41
5 42
5 43
5 44
5 46
5 49
5 51
5 52
5 55
5 56
5 58
5 59
5 64
5 66
5 67
5 68
5 69
5 72
5 75
5 77
5 78
5 79
5 80
5 82
5 83
5 84
5 86
5 87
5 88
5 90
5 92
5 97
6 7
6 11
6 13
6 14
6 16
6 17
6 21
6 22
6 23
6 24
6 25
6 27
6 28
6 30
6 33
6 34
6 35
6 38
6 40
6 43
6 46
6 47
6 51
6 54
6 60
6 61
6 62
6 64
6 65
6 66
6 68
6 69
6 71
6 73
6 75
6 76
6 78
6 79
6 81
6 83
6 85
6 86
6 87
6 88
6 93
6 94
6 95
6 98
6 99
7 8
7 14
7 18
7 20
7 21
7 22
7 24
7 29
7 30
7 32
7 40
7 41
7 42
7 43
7 44
7 45
7 47
7 48
7 50
7 52
7 53
7 54
7 56
7 57
7 59
7 60
7 61
7 62
7 64
7 65
7 71
7 74
7 76
7 77
7 80
7 81
7 83
7 86
7 87
7 92
7 93
7 98
7 99
8 9
8 13
8 15
8 16
8 17
8 18
8 19
8 21
8 23
8 24
8 26
8 28
8 29
8 31
8 36
8 38
8 39
8 40
8 41
8 44
8 46
8 47
8 48
8 50
8 53
8 54
8 55
8 56
8 57
8 61
8 63
8 64
8 66
8 69
8 70
8 73
8 74
8 75
8 76
8 77
8 78
8 84
8 93
8 97
9 11
9 12
9 13
9 14
9 15
9 16
9 18
9 19
9 20
9 21
9 23
9 24
9 25
9 27
9 28
9 29
9 30
9 33
9 34
9 35
9 37
9 38
9 40
9 44
9 46
9 48
9 49
9 52
9 57
9 59
9 61
9 62
9 63
9 65
9 68
9 69
9 70
9 72
9 73
9 77
9 78
9 81
9 84
9 85
9 86
9 87
9 89
9 93
9 95
9 96
9 97
10 11
10 12
10 14
10 15
10 16
10 18
10 20
10 21
10 22
10 25
10 27
10 31
10 37
10 39
10 41
10 42
10 46
10 48
10 50
10 51
10 52
10 53
10 55
10 57
10 58
10 59
10 60
10 61
10 63
10 64
10 66
10 70
10 72
10 74
10 75
10 76
10 77
10 78
10 79
10 80
10 82
10 87
10 88
10 90
10 91
10 94
10 95
10 98
10 99
11 14
11 16
11 25
11 27
11 32
11 34
11 36
11 38
11 41
11 46
11 47
11 48
11 49
11 50
11 51
11 52
11 54
11 55
11 60
11 61
11 62
11 63
11 65
11 66
11 67
11 68
11 70
11 75
11 76
11 80
11 82
11 84
11 85
11 88
11 89
11 90
11 91
11 92
11 96
11 97
12 14
12 21
12 22
12 27
12 32
12 39
12 40
12 41
12 43
12 46
12 48
12 54
12 56
12 58
12 59
12 60
12 63
12 66
12 68
12 69
12 73
12 74
12 76
12 77
12 82
12 84
12 87
12 88
12 90
12 92
12 96
12 97
12 98
13 15
13 16
13 17
13 18
13 20
13 21
13 23
13 28
13 29
13 30
13 32
13 33
13 34
13 35
13 36
13 37
13 39
13 40
13 41
13 44
13 45
13 46
13 47
13 48
13 49
13 50
13 54
13 58
13 59
13 60
13 62
13 65
13 67
13 68
13 72
13 74
13 75
13 76
13 78
13 79
13 80
13 81
13 82
13 84
13 87
13 88
13 90
13 93
13 94
13 97
13 99
14 15
14 16
14 17
14 18
14 19
14 23
14 25
14 26
14 27
14 31
14 33
14 38
14 41
14 43
14 45
14 46
14 47
14 48
14 49
14 51
14 53
14 61
14 63
14 66
14 69
14 70
14 71
14 74
14 75
14 80
14 87
14 88
14 89
14 90
14 91
14 93
14 96
14 97
14 98
14 99
15 16
15 18
15 21
15 22
15 23
15 28
15 31
15 37
15 39
15 40
15 42
15 43
15 44
15 47
15 48
15 49
15 50
15 53
15 54
15 56
15 57
15 58
15 61
15 62
15 64
15 65
15 67
15 68
15 72
15 74
15 77
15 79
15 80
15 81
15 83
15 85
15 87
15 90
15 92
15 93
15 98
16 17
16 19
16 20
16 21
16 22
16 23
16 25
16 33
16 34
16 36
16 38
16 41
16 45
16 47
16 49
16 50
16 51
16 52
16 53
16 55
16 58
16 59
16 60
16 62
16 64
16 65
16 66
16 67
16 69
16 71
16 73
16 80
16 83
16 84
16 85
16 86
16 87
16 88
16 96
16 98
17 18
17 19
17 21
17 24
17 26
17 29
17 31
17 32
17 33
17 34
17 37
17 39
17 41
17 45
17 49
17 51
17 52
17 53
17 55
17 57
17 58
17 60
17 61
17 62
17 63
17 67
17 70
17 74
17 75
17 76
17 77
17 80
17 82
17 83
17 84
17 85
17 86
17 93
17 94
17 95
17 99
18 20
18 23
18 26
18 27
18 28
18 29
18 31
18 33
18 34
18 35
18 36
18 38
18 39
18 40
18 43
18 45
18 47
18 48
18 49
18 51
18 53
18 54
18 55
18 56
18 57
18 60
18 61
18 64
18 66
18 67
18 69
18 73
18 76
18 77
18 79
18 81
18 86
18 87
18 88
18 91
18 93
18 94
18 95
18 96
18 97
18 98
19 20
19 24
19 25
19 26
19 27
19 32
19 35
19 38
19 41
19 42
19 43
19 48
19 49
19 52
19 54
19 56
19 57
19 59
19 63
19 64
19 65
19 69
19 70
19 71
19 72
19 73
19 74
19 75
19 76
19 77
19 83
19 84
19 85
19 86
19 91
19 93
19 94
19 95
19 96
19 97
19 99
20 22
20 23
20 25
20 28
20 30
20 32
20 34
20 36
20 38
20 40
20 42
20 43
20 47
20 49
20 51
20 52
20 53
20 54
20 55
20 56
20 57
20 59
20 61
20 62
20 64
20 66
20 67
20 69
20 71
20 78
20 80
20 81
20 82
20 83
20 84
20 85
20 86
20 92
20 97
20 98
20 99
21 22
21 23
21 25
21 26
21 30
21 33
21 36
21 37
21 40
21 42
21 45
21 50
21 51
21 53
21 54
21 56
21 57
21 58
21 60
21 61
21 62
21 63
21 64
21 71
21 73
21 82
21 84
21 86
21 87
21 89
21 93
21 94
21 96
21 98
21 99
22 23
22 24
22 27
22 28
22 29
22 30
22 33
22 34
22 35
22 38
22 39
22 45
22 46
22 47
22 49
22 50
22 51
22 52
22 53
22 54
22 55
22 58
22 61
22 63
22 65
22 67
22 69
22 70
22 71
22 72
22 75
22 76
22 77
22 78
22 81
22 83
22 84
22 86
22 88
22 90
22 93
22 94
22 98
23 24
23 26
23 27
23 29
23 30
23 31
23 34
23 35
23 41
23 43
23 44
23 46
23 49
23 50
23 57
23 58
23 59
23 64
23 65
23 66
23 70
23 73
23 77
23 81
23 85
23 86
23 88
23 93
23 94
23 96
23 97
23 98
24 27
24 32
24 33
24 35
24 39
24 40
24 41
24 42
24 43
24 47
24 49
24 50
24 52
24 53
24 56
24 58
24 63
24 64
24 68
24 69
24 72
24 73
24 75
24 76
24 77
24 78
24 79
24 82
24 83
24 84
24 85
24 88
24 89
24 90
24 91
24 99
25 28
25 29
25 32
25 35
25 36
25 37
25 39
25 40
25 41
25 42
25 48
25 49
25 50
25 55
25 58
25 59
25 60
25 61
25 62
25 66
25 68
25 69
25 73
25 75
25 77
25 78
25 84
25 85
25 86
25 87
25 88
25 91
25 92
25 93
25 95
25 96
26 27
26 31
26 32
26 35
26 39
26 41
26 43
26 44
26 46
26 47
26 52
26 53
26 56
26 57
26 60
26 61
26 62
26 64
26 66
26 67
26 69
26 71
26 72
26 73
26 75
26 76
26 77
26 82
26 83
26 84
26 86
26 88
26 91
26 96
26 97
26 98
26 99
27 32
27 34
27 35
27 37
27 42
27 44
27 45
27 46
27 47
27 52
27 57
27 59
27 60
27 61
27 63
27 66
27 67
27 68
27 70
27 71
27 72
27 73
27 74
27 77
27 79
27 81
27 82
27 86
27 87
27 90
27 91
27 97
28 31
28 32
28 37
28 41
28 43
28 47
28 50
28 51
28 65
28 69
28 70
28 71
28 72
28 73
28 74
28 75
28 76
28 77
28 78
28 80
28 81
28 87
28 88
28 89
28 91
28 93
28 95
28 97
28 99
29 30
29 32
29 34
29 38
29 43
29 44
29 47
29 48
29 50
29 51
29 53
29 57
29 63
29 64
29 66
29 67
29 68
29 69
29 73
29 74
29 77
29 78
29 82
29 84
29 85
29 89
29 90
29 95
29 96
29 97
29 98
29 99
30 31
30 33
30 34
30 35
30 38
30 40
30 41
30 46
30 49
30 50
30 53
30 54
30 57
30 60
30 65
30 66
30 68
30 70
30 71
30 72
30 75
30 79
30 80
30 86
30 87
30 88
30 89
30 90
30 91
30 93
30 95
30 96
30 99
31 32
31 33
31 34
31 36
31 37
31 39
31 40
31 41
31 44
31 45
31 47
31 49
31 50
31 53
31 54
31 59
31 62
31 63
31 65
31 66
31 67
31 70
31 71
31 72
31 73
31 75
31 76
31 77
31 79
31 80
31 81
31 82
31 84
31 85
31 86
31 89
31 90
31 91
31 92
31 95
31 97
31 98
31 99
32 38
32 40
32 41
32 42
32 43
32 44
32 47
32 48
32 49
32 52
32 53
32 59
32 60
32 61
32 63
32 64
32 65
32 67
32 69
32 70
32 71
32 72
32 75
32 78
32 79
32 80
32 81
32 82
32 85
32 90
32 92
32 94
32 95
32 97
32 98
32 99
33 34
33 35
33 36
33 37
33 38
33 42
33 43
33 44
33 45
33 48
33 49
33 51
33 55
33 57
33 58
33 59
33 62
33 64
33 70
33 79
33 80
33 81
33 82
33 83
33 84
33 86
33 87
33 88
33 89
33 91
33 92
33 93
33 95
33 96
33 97
34 39
34 40
34 41
34 42
34 44
34 46
34 47
34 48
34 51
34 54
34 55
34 58
34 59
34 60
34 61
34 62
34 63
34 64
34 68
34 71
34 76
34 78
34 80
34 81
34 83
34 86
34 87
34 88
34 89
34 93
34 95
34 96
34 97
35 37
35 41
35 42
35 45
35 47
35 48
35 49
35 50
35 51
35 52
35 53
35 60
35 61
35 62
35 63
35 64
35 69
35 74
35 75
35 76
35 78
35 79
35 80
35 84
35 86
35 88
35 89
35 90
35 92
35 93
35 94
35 95
35 96
35 97
35 99
36 39
36 41
36 45
36 46
36 47
36 48
36 52
36 53
36 56
36 57
36 58
36 59
36 60
36 63
36 64
36 68
36 69
36 74
36 76
36 78
36 81
36 82
36 83
36 84
36 87
36 91
36 92
36 93
36 94
36 95
36 98
36 99
37 38
37 43
37 45
37 46
37 47
37 48
37 49
37 50
37 52
37 54
37 57
37 59
37 61
37 63
37 64
37 66
37 68
37 69
37 72
37 75
37 77
37 81
37 83
37 84
37 86
37 88
37 89
37 90
37 92
37 93
37 94
37 95
37 96
37 97
37 99
38 41
38 42
38 43
38 44
38 47
38 50
38 53
38 54
38 55
38 58
38 59
38 60
38 61
38 62
38 66
38 67
38 68
38 69
38 70
38 71
38 72
38 74
38 76
38 79
38 81
38 83
38 84
38 85
38 86
38 87
38 90
38 95
38 96
38 99
39 41
39 42
39 43
39 47
39 49
39 51
39 54
39 55
39 56
39 57
39 59
39 61
39 62
39 63
39 66
39 67
39 69
39 71
39 73
39 76
39 77
39 78
39 81
39 83
39 84
39 85
39 86
39 90
39 91
39 94
39 95
39 97
39 99
40 42
40 43
40 45
40 46
40 47
40 48
40 51
40 53
40 54
40 57
40 59
40 60
40 61
40 62
40 64
40 65
40 66
40 67
40 68
40 69
40 72
40 74
40 76
40 77
40 79
40 82
40 84
40 87
40 89
40 96
41 43
41 44
41 45
41 46
41 47
41 49
41 51
41 52
41 53
41 56
41 62
41 63
41 65
41 68
41 73
41 74
41 78
41 80
41 83
41 85
41 90
41 91
41 93
41 94
41 96
41 97
41 98
41 99
42 43
42 45
42 46
42 48
42 49
42 53
42 54
42 55
42 58
42 60
42 61
42 63
42 64
42 65
42 68
42 69
42 70
42 71
42 74
42 77
42 78
42 81
42 84
42 86
42 87
42 88
42 89
42 90
42 92
42 93
42 95
42 97
42 98
42 99
43 44
43 46
43 48
43 49
43 50
43 56
43 57
43 60
43 61
43 62
43 65
43 66
43 67
43 68
43 71
43 72
43 76
43 77
43 78
43 79
43 80
43 82
43 85
43 86
43 87
43 88
43 89
43 90
43 91
43 99
44 46
44 47
44 48
44 49
44 51
44 53
44 54
44 55
44 56
44 57
44 60
44 61
44 63
44 67
44 68
44 70
44 71
44 73
44 74
44 75
44 78
44 79
44 81
44 82
44 83
44 84
44 88
44 89
44 91
44 92
44 94
44 95
44 96
44 97
44 98
45 47
45 48
45 51
45 52
45 53
45 54
45 55
45 56
45 57
45 58
45 59
45 63
45 64
45 65
45 69
45 70
45 72
45 76
45 77
45 79
45 81
45 82
45 83
45 84
45 86
45 89
45 95
45 96
45 99
46 47
46 49
46 51
46 52
46 53
46 54
46 55
46 57
46 59
46 61
46 62
46 63
46 66
46 67
46 69
46 70
46 72
46 74
46 75
46 76
46 78
46 79
46 83
46 84
46 87
46 88
46 90
46 92
46 93
46 94
46 95
46 96
46 99
47 54
47 55
47 57
47 58
47 60
47 61
47 62
47 63
47 66
47 67
47 73
47 74
47 76
47 78
47 79
47 81
47 82
47 86
47 87
47 88
47 93
47 95
47 97
47 98
48 49
48 50
48 51
48 52
48 54
48 59
48 60
48 62
48 63
48 65
48 66
48 68
48 71
48 73
48 75
48 85
48 88
48 89
48 91
48 93
48 95
48 97
48 98
49 51
49 52
49 53
49 54
49 56
49 57
49 58
49 63
49 65
49 68
49 69
49 71
49 72
49 74
49 75
49 76
49 77
49 78
49 80
49 83
49 86
49 88
49 89
49 92
49 96
49 99
50 52
50 57
50 58
50 59
50 60
50 61
50 62
50 63
50 65
50 67
50 68
50 75
50 78
50 79
50 82
50 84
50 85
50 86
50 87
50 88
50 93
50 94
50 95
50 98
50 99
51 53
51 54
51 59
51 61
51 64
51 69
51 70
51 72
51 73
51 78
51 79
51 80
51 81
51 86
51 89
51 94
51 97
52 56
52 59
52 61
52 63
52 65
52 71
52 73
52 75
52 78
52 79
52 80
52 81
52 82
52 83
52 84
52 85
52 86
52 89
52 94
52 96
52 97
52 98
52 99
53 54
53 55
53 56
53 57
53 58
53 59
53 66
53 70
53 72
53 73
53 77
53 78
53 79
53 80
53 83
53 84
53 87
53 89
53 90
53 91
53 92
53 96
53 97
53 99
54 55
54 56
54 58
54 63
54 64
54 65
54 67
54 68
54 71
54 72
54 76
54 83
54 84
54 85
54 89
54 90
54 91
54 94
54 98
55 57
55 61
55 62
55 63
55 70
55 71
55 75
55 77
55 79
55 82
55 83
55 84
55 86
55 87
55 88
55 90
55 91
55 93
55 96
56 58
56 60
56 65
56 67
56 70
56 71
56 72
56 78
56 80
56 81
56 85
56 86
56 88
56 91
56 94
56 95
56 97
57 58
57 60
57 61
57 62
57 63
57 64
57 65
57 67
57 68
57 69
57 70
57 72
57 77
57 78
57 86
57 87
57 92
57 93
57 96
57 99
58 60
58 61
58 64
58 67
58 69
58 70
58 72
58 73
58 77
58 79
58 82
58 83
58 90
58 93
58 98
59 60
59 63
59 67
59 70
59 71
59 78
59 84
59 85
59 87
59 90
59 93
59 97
59 98
60 61
60 62
60 64
60 65
60 66
60 69
60 72
60 76
60 78
60 79
60 81
60 82
60 83
60 84
60 86
60 87
60 89
60 90
60 93
60 95
60 96
60 97
60 99
61 62
61 63
61 65
61 67
61 70
61 71
61 75
61 77
61 78
61 80
61 81
61 82
61 83
61 84
61 85
61 86
61 87
61 89
61 91
61 93
61 94
61 95
61 98
62 63
62 66
62 69
62 77
62 78
62 79
62 81
62 82
62 84
62 85
62 87
62 90
62 92
62 95
62 96
62 97
62 99
63 65
63 67
63 68
63 70
63 71
63 72
63 73
63 74
63 77
63 79
63 80
63 81
63 82
63 83
63 87
63 90
63 94
63 95
64 66
64 68
64 70
64 73
64 77
64 78
64 79
64 81
64 82
64 86
64 87
64 88
64 89
64 92
64 93
64 94
64 95
64 97
64 98
65 68
65 71
65 72
65 74
65 81
65 84
65 86
65 87
65 88
65 89
65 90
65 94
65 97
65 98
65 99
66 67
66 69
66 70
66 73
66 78
66 81
66 82
66 86
66 87
66 88
66 89
66 90
66 92
66 93
66 95
66 96
66 97
67 70
67 71
67 73
67 77
67 78
67 83
67 84
67 88
67 90
67 91
67 93
67 94
67 99
68 69
68 70
68 71
68 72
68 73
68 75
68 77
68 78
68 80
68 81
68 82
68 83
68 86
68 90
68 96
68 98
68 99
69 74
69 77
69 78
69 79
69 80
69 81
69 82
69 83
69 84
69 85
69 88
69 89
69 90
69 93
69 95
69 97
69 98
70 75
70 77
70 79
70 80
70 83
70 84
70 88
70 89
70 90
70 92
70 95
70 96
70 98
71 74
71 76
71 77
71 81
71 82
71 85
71 86
71 88
71 91
71 93
71 94
71 96
71 97
71 98
72 74
72 76
72 79
72 80
72 82
72 85
72 86
72 88
72 90
72 92
72 94
72 97
72 98
72 99
73 74
73 75
73 76
73 77
73 80
73 81
73 82
73 85
73 86
73 90
73 91
73 97
73 98
73 99
74 75
74 76
74 77
74 78
74 80
74 81
74 84
74 85
74 86
74 87
74 88
74 89
74 90
74 91
74 94
74 96
75 80
75 83
75 85
75 91
75 93
75 95
75 98
75 99
76 79
76 81
76 82
76 84
76 85
76 86
76 88
76 89
76 94
77 78
77 79
77 80
77 81
77 84
77 85
77 86
77 87
77 88
77 89
77 90
77 91
77 92
77 93
77 95
77 96
77 99
78 80
78 85
78 86
78 88
78 89
78 90
78 91
78 94
78 95
78 96
78 99
79 81
79 85
79 86
79 87
79 88
79 89
79 90
79 95
79 98
80 83
80 84
80 87
80 88
80 89
80 96
80 98
80 99
81 82
81 83
81 85
81 87
81 89
81 92
81 94
81 95
81 98
82 83
82 88
82 90
82 91
82 94
82 95
83 90
83 92
83 93
83 94
83 97
83 98
83 99
84 86
84 87
84 88
84 91
84 92
84 95
84 99
85 86
85 91
85 93
85 94
86 88
86 89
86 90
86 91
86 92
86 93
86 97
86 98
87 88
87 91
87 92
87 95
87 98
88 89
88 90
88 91
88 92
88 93
88 94
88 95
88 96
88 97
88 99
89 91
89 95
89 96
89 97
89 98
89 99
91 92
91 94
91 98
91 99
92 93
92 94
92 96
92 97
93 94
93 95
93 96
93 98
93 99
94 97
94 98
94 99
95 98
95 99
96 98
96 99
97 99
