0 1
0 2
0 3
0 4
0 5
0 6
0 11
0 12
0 13
0 15
0 17
0 18
0 19
0 26
0 29
0 30
0 31
0 32
0 33
0 36
0 37
0 38
0 40
0 44
0 46
0 49
0 50
0 51
0 52
0 53
0 55
0 56
0 57
0 59
0 60
0 64
0 65
0 66
0 67
0 72
0 73
0 75
0 76
0 80
0 81
0 83
0 85
0 87
0 88
0 89
0 90
0 95
0 96
1 2
1 4
1 7
1 12
1 16
1 17
1 18
1 21
1 26
1 28
1 32
1 34
1 36
1 37
1 39
1 41
1 42
1 43
1 46
1 48
1 50
1 51
1 52
1 56
1 58
1 59
1 60
1 62
1 64
1 65
1 66
1 68
1 69
1 70
1 71
1 73
1 74
1 78
1 80
1 82
1 83
1 85
1 86
1 88
1 90
1 91
1 92
1 93
1 94
1 97
1 99
2 6
2 7
2 8
2 9
2 10
2 15
2 18
2 20
2 21
2 24
2 26
2 27
2 28
2 30
2 31
2 32
2 37
2 39
2 41
2 43
2 44
2 45
2 46
2 47
2 48
2 49
2 51
2 55
2 60
2 61
2 62
2 64
2 65
2 68
2 69
2 70
2 72
2 74
2 75
2 77
2 79
2 80
2 82
2 85
2 86
2 89
2 93
2 95
2 96
2 97
2 99
3 5
3 9
3 11
3 14
3 15
3 18
3 21
3 22
3 23
3 25
3 27
3 29
3 30
3 32
3 33
3 35
3 37
3 38
3 39
3 40
3 42
3 45
3 47
3 48
3 49
3 52
3 53
3 54
3 55
3 56
3 58
3 61
3 64
3 66
3 67
3 68
3 69
3 71
3 73
3 74
3 78
3 85
3 87
3 88
3 90
3 93
3 94
3 95
3 96
3 97
3 98
3 99
4 6
4 7
4 8
4 9
4 10
4 12
4 14
4 15
4 18
4 19
4 20
4 24
4 26
4 30
4 32
4 33
4 34
4 35
4 36
4 39
4 46
4 47
4 50
4 51
4 52
4 56
4 57
4 60
4 61
4 62
4 63
4 64
4 65
4 67
4 69
4 71
4 74
4 76
4 77
4 78
4 81
4 83
4 84
4 85
4 87
4 89
4 90
4 94
4 96
4 97
5 6
5 7
5 9
5 11
5 14
5 15
5 17
5 18
5 19
5 20
5 24
5 27
5 28
5 31
5 32
5 33
5 35
5 36
5 37
5 38
5 41
5 43
5 46
5 47
5 48
5 51
5 52
5 54
5 55
5 62
5 64
5 67
5 69
5 71
5 74
5 78
5 79
5 80
5 82
5 85
5 92
5 94
5 95
6 9
6 10
6 12
6 15
6 16
6 22
6 23
6 24
6 25
6 30
6 32
6 33
6 35
6 37
6 39
6 41
6 44
6 45
6 46
6 50
6 51
6 55
6 56
6 61
6 63
6 65
6 66
6 67
6 70
6 71
6 73
6 75
6 76
6 80
6 81
6 82
6 83
6 84
6 86
6 87
6 88
6 89
6 91
6 93
6 98
7 9
7 13
7 16
7 18
7 19
7 20
7 22
7 23
7 27
7 28
7 29
7 32
7 33
7 34
7 35
7 36
7 37
7 39
7 40
7 43
7 44
7 45
7 46
7 49
7 50
7 51
7 52
7 53
7 54
7 56
7 57
7 59
7 62
7 64
7 65
7 66
7 67
7 68
7 69
7 73
7 74
7 75
7 76
7 77
7 78
7 79
7 81
7 82
7 83
7 85
7 87
7 88
7 92
7 94
8 10
8 18
8 23
8 24
8 31
8 33
8 34
8 36
8 38
8 39
8 40
8 46
8 47
8 53
8 54
8 58
8 59
8 62
8 63
8 67
8 69
8 72
8 73
8 76
8 84
8 93
8 94
8 95
8 98
9 12
9 13
9 15
9 17
9 18
9 22
9 23
9 25
9 27
9 29
9 31
9 32
9 33
9 34
9 37
9 40
9 43
9 44
9 46
9 47
9 48
9 49
9 50
9 51
9 52
9 53
9 54
9 55
9 57
9 58
9 61
9 62
9 63
9 67
9 68
9 71
9 72
9 73
9 74
9 77
9 78
9 79
9 87
9 88
9 91
9 95
9 97
9 98
10 14
10 22
10 24
10 28
10 29
10 30
10 32
10 34
10 38
10 39
10 40
10 48
10 51
10 53
10 56
10 59
10 60
10 63
10 65
10 68
10 72
10 73
10 74
10 75
10 80
10 81
10 82
10 83
10 85
10 86
10 87
10 88
10 89
10 90
10 92
10 93
10 94
10 95
10 98
11 12
11 13
11 17
11 18
11 19
11 20
11 21
11 22
11 23
11 24
11 26
11 27
11 29
11 30
11 32
11 35
11 37
11 38
11 39
11 40
11 43
11 46
11 47
11 48
11 50
11 52
11 54
11 56
11 57
11 60
11 62
11 65
11 67
11 71
11 72
11 74
11 76
11 84
11 86
11 89
11 91
11 92
11 93
11 95
11 97
11 98
12 16
12 19
12 22
12 23
12 25
12 27
12 30
12 32
12 34
12 36
12 39
12 40
12 41
12 43
12 45
12 48
12 49
12 51
12 54
12 55
12 56
12 57
12 60
12 62
12 66
12 67
12 69
12 70
12 71
12 73
12 75
12 78
12 80
12 81
12 84
12 87
12 88
12 90
12 93
12 97
12 98
12 99
13 14
13 15
13 16
13 19
13 20
13 21
13 22
13 24
13 26
13 28
13 30
13 32
13 33
13 34
13 35
13 36
13 44
13 46
13 48
13 49
13 51
13 52
13 54
13 56
13 58
13 59
13 63
13 64
13 66
13 69
13 71
13 72
13 73
13 74
13 76
13 77
13 78
13 79
13 83
13 84
13 86
13 87
13 88
13 91
13 93
13 94
13 98
14 15
14 17
14 23
14 30
14 31
14 40
14 43
14 44
14 46
14 47
14 48
14 49
14 51
14 52
14 53
14 54
14 59
14 65
14 67
14 70
14 72
14 75
14 76
14 77
14 78
14 79
14 83
14 84
14 89
14 90
14 92
14 94
14 95
14 98
15 17
15 19
15 21
15 26
15 28
15 29
15 33
15 34
15 35
15 39
15 44
15 48
15 49
15 50
15 51
15 52
15 54
15 55
15 59
15 60
15 61
15 62
15 65
15 66
15 67
15 70
15 71
15 73
15 74
15 76
15 77
15 78
15 79
15 81
15 87
15 89
15 90
15 91
15 93
15 96
15 97
15 98
16 17
16 18
16 19
16 21
16 22
16 24
16 26
16 31
16 32
16 33
16 34
16 37
16 38
16 42
16 45
16 46
16 47
16 49
16 52
16 54
16 56
16 58
16 59
16 60
16 61
16 62
16 63
16 65
16 68
16 69
16 71
16 72
16 74
16 79
16 83
16 85
16 89
16 90
16 92
16 94
16 95
16 96
16 98
16 99
17 20
17 23
17 29
17 32
17 34
17 35
17 38
17 39
17 40
17 42
17 43
17 44
17 53
17 55
17 56
17 57
17 58
17 59
17 63
17 65
17 68
17 69
17 70
17 72
17 78
17 82
17 86
17 87
17 90
17 91
17 92
17 93
17 98
18 19
18 22
18 25
18 26
18 27
18 29
18 31
18 35
18 37
18 40
18 41
18 42
18 44
18 45
18 46
18 47
18 48
18 49
18 52
18 53
18 54
18 55
18 56
18 58
18 59
18 61
18 66
18 67
18 68
18 70
18 71
18 72
18 73
18 75
18 77
18 78
18 83
18 84
18 86
18 91
18 93
18 95
18 96
18 97
18 98
19 20
19 21
19 23
19 24
19 27
19 28
19 29
19 32
19 34
19 35
19 36
19 38
19 40
19 41
19 42
19 44
19 45
19 47
19 48
19 50
19 51
19 52
19 54
19 55
19 57
19 58
19 59
19 60
19 61
19 62
19 64
19 67
19 69
19 70
19 73
19 75
19 76
19 79
19 82
19 87
19 88
19 89
19 90
19 93
19 95
19 99
20 21
20 22
20 23
20 28
20 29
20 31
20 34
20 35
20 36
20 38
20 42
20 43
20 44
20 45
20 46
20 47
20 48
20 49
20 52
20 53
20 54
20 55
20 56
20 59
20 61
20 63
20 64
20 69
20 71
20 72
20 73
20 77
20 79
20 80
20 83
20 84
20 85
20 87
20 89
20 92
20 93
20 94
20 95
20 96
20 97
21 24
21 25
21 27
21 30
21 31
21 33
21 35
21 36
21 37
21 41
21 42
21 43
21 46
21 47
21 48
21 49
21 54
21 59
21 64
21 67
21 68
21 70
21 71
21 72
21 73
21 74
21 76
21 79
21 80
21 82
21 84
21 85
21 86
21 87
21 90
21 91
21 97
21 98
22 23
22 24
22 25
22 26
22 27
22 29
22 31
22 32
22 33
22 36
22 37
22 38
22 39
22 40
22 43
22 44
22 45
22 46
22 48
22 49
22 51
22 54
22 55
22 56
22 61
22 62
22 63
22 64
22 68
22 70
22 71
22 76
22 78
22 79
22 80
22 82
22 83
22 84
22 86
22 87
22 89
22 90
22 93
22 95
22 96
22 97
22 99
23 25
23 26
23 28
23 33
23 34
23 36
23 37
23 38
23 39
23 40
23 41
23 42
23 43
23 46
23 47
23 48
23 51
23 52
23 54
23 55
23 56
23 57
23 58
23 59
23 61
23 62
23 64
23 65
23 67
23 69
23 70
23 71
23 72
23 77
23 79
23 80
23 81
23 82
23 84
23 85
23 86
23 89
23 90
23 91
23 95
23 96
23 98
23 99
24 25
24 27
24 28
24 29
24 31
24 32
24 33
24 35
24 37
24 38
24 39
24 40
24 41
24 42
24 43
24 45
24 57
24 59
24 60
24 63
24 66
24 68
24 69
24 72
24 74
24 76
24 79
24 80
24 82
24 83
24 85
24 86
24 87
24 88
24 90
24 91
24 92
24 93
24 94
24 95
24 96
24 97
24 98
25 26
25 29
25 30
25 31
25 32
25 33
25 34
25 35
25 40
25 44
25 46
25 53
25 55
25 58
25 59
25 60
25 62
25 64
25 66
25 74
25 76
25 82
25 85
25 86
25 89
25 91
25 97
25 98
26 27
26 28
26 29
26 30
26 31
26 33
26 34
26 35
26 36
26 37
26 39
26 40
26 41
26 42
26 46
26 47
26 49
26 50
26 52
26 53
26 55
26 56
26 63
26 66
26 67
26 68
26 71
26 72
26 74
26 75
26 76
26 77
26 78
26 80
26 81
26 84
26 85
26 86
26 88
26 92
26 93
26 94
26 95
26 96
26 98
27 28
27 30
27 33
27 35
27 36
27 37
27 39
27 40
27 41
27 43
27 44
27 45
27 46
27 47
27 49
27 50
27 51
27 52
27 53
27 55
27 56
27 57
27 58
27 59
27 60
27 63
27 64
27 65
27 66
27 68
27 69
27 71
27 72
27 73
27 75
27 77
27 79
27 85
27 90
27 92
27 94
28 31
28 33
28 34
28 35
28 39
28 44
28 45
28 46
28 47
28 49
28 51
28 52
28 53
28 54
28 56
28 57
28 59
28 60
28 61
28 63
28 64
28 66
28 73
28 75
28 76
28 77
28 78
28 79
28 80
28 83
28 84
28 85
28 86
28 89
28 91
28 92
28 94
29 30
29 32
29 33
29 36
29 37
29 40
29 41
29 43
29 44
29 45
29 46
29 48
29 50
29 52
29 54
29 55
29 56
29 57
29 60
29 65
29 66
29 67
29 70
29 71
29 72
29 73
29 74
29 75
29 77
29 79
29 89
29 91
29 95
29 97
29 99
30 35
30 38
30 39
30 41
30 42
30 44
30 45
30 46
30 47
30 51
30 53
30 54
30 55
30 58
30 59
30 60
30 61
30 63
30 64
30 66
30 67
30 70
30 71
30 73
30 76
30 78
30 79
30 80
30 81
30 82
30 84
30 85
30 88
30 91
30 92
30 94
30 95
30 96
30 97
30 98
30 99
31 33
31 35
31 36
31 39
31 41
31 43
31 45
31 46
31 48
31 52
31 57
31 59
31 62
31 65
31 66
31 68
31 71
31 72
31 73
31 80
31 81
31 82
31 83
31 86
31 89
31 90
31 93
31 94
31 95
31 97
32 33
32 34
32 35
32 36
32 37
32 40
32 41
32 42
32 44
32 45
32 47
32 48
32 55
32 56
32 59
32 60
32 64
32 69
32 70
32 73
32 74
32 75
32 76
32 77
32 81
32 82
32 83
32 84
32 86
32 87
32 88
32 89
32 91
32 92
32 93
32 95
32 96
32 97
33 37
33 38
33 40
33 43
33 44
33 45
33 46
33 51
33 54
33 55
33 56
33 58
33 62
33 64
33 65
33 66
33 68
33 69
33 70
33 71
33 72
33 74
33 75
33 76
33 80
33 81
33 83
33 84
33 85
33 86
33 88
33 89
33 90
33 91
33 92
33 95
33 97
33 98
33 99
34 35
34 36
34 37
34 40
34 46
34 49
34 51
34 52
34 53
34 54
34 55
34 59
34 62
34 64
34 65
34 66
34 68
34 69
34 71
34 75
34 77
34 78
34 79
34 81
34 82
34 84
34 85
34 87
34 91
34 92
34 96
34 97
34 99
35 36
35 37
35 39
35 44
35 47
35 49
35 50
35 52
35 53
35 54
35 56
35 58
35 61
35 63
35 64
35 66
35 67
35 73
35 74
35 75
35 76
35 77
35 78
35 79
35 81
35 91
35 92
35 94
35 97
35 98
36 41
36 46
36 49
36 52
36 53
36 55
36 56
36 59
36 61
36 62
36 64
36 70
36 72
36 73
36 75
36 76
36 77
36 83
36 84
36 85
36 86
36 88
36 89
36 91
36 92
36 93
36 95
36 96
36 97
37 39
37 40
37 42
37 44
37 46
37 48
37 53
37 57
37 63
37 64
37 65
37 66
37 67
37 73
37 74
37 76
37 78
37 79
37 80
37 85
37 86
37 87
37 88
37 89
37 91
37 94
37 95
37 98
37 99
38 39
38 41
38 45
38 46
38 47
38 48
38 49
38 51
38 53
38 54
38 58
38 59
38 62
38 63
38 65
38 66
38 68
38 71
38 74
38 76
38 79
38 81
38 82
38 84
38 88
38 89
38 90
38 92
38 93
38 95
38 96
38 99
39 41
39 44
39 45
39 47
39 48
39 54
39 58
39 59
39 60
39 61
39 63
39 65
39 68
39 72
39 73
39 76
39 77
39 78
39 80
39 81
39 82
39 83
39 88
39 89
39 91
39 92
39 93
39 95
39 96
39 97
39 99
40 41
40 46
40 47
40 48
40 49
40 59
40 62
40 65
40 68
40 69
40 73
40 74
40 76
40 78
40 79
40 82
40 85
40 92
40 96
40 98
40 99
41 44
41 47
41 49
41 53
41 55
41 57
41 59
41 61
41 63
41 64
41 65
41 68
41 70
41 71
41 75
41 77
41 78
41 79
41 82
41 84
41 86
41 87
41 88
41 90
41 93
41 98
42 44
42 45
42 49
42 51
42 52
42 53
42 54
42 58
42 59
42 60
42 61
42 63
42 64
42 65
42 67
42 69
42 71
42 72
42 73
42 76
42 79
42 81
42 82
42 86
42 87
42 88
42 90
42 91
42 93
43 44
43 47
43 48
43 49
43 50
43 53
43 56
43 60
43 65
43 66
43 68
43 72
43 75
43 77
43 79
43 84
43 87
43 88
43 91
43 92
43 93
43 95
43 96
43 99
44 47
44 51
44 52
44 56
44 57
44 59
44 60
44 61
44 63
44 64
44 65
44 68
44 72
44 73
44 75
44 80
44 81
44 87
44 88
44 90
44 91
44 92
44 93
44 96
44 98
45 48
45 49
45 50
45 52
45 54
45 57
45 59
45 63
45 65
45 67
45 68
45 69
45 70
45 72
45 73
45 74
45 75
45 76
45 78
45 82
45 83
45 88
45 89
45 90
45 95
45 96
45 98
45 99
46 49
46 53
46 54
46 56
46 60
46 61
46 63
46 64
46 66
46 69
46 72
46 75
46 76
46 77
46 80
46 84
46 85
46 86
46 87
46 90
46 91
46 94
46 96
47 48
47 49
47 51
47 53
47 54
47 58
47 59
47 61
47 65
47 66
47 67
47 68
47 69
47 70
47 72
47 73
47 74
47 76
47 77
47 78
47 79
47 83
47 84
47 87
47 88
47 89
47 90
47 92
47 94
47 95
47 97
47 98
47 99
48 50
48 52
48 54
48 57
48 62
48 63
48 64
48 68
48 71
48 72
48 73
48 74
48 76
48 77
48 78
48 81
48 82
48 84
48 87
48 89
48 91
48 94
48 95
48 97
48 99
49 50
49 51
49 53
49 56
49 57
49 61
49 66
49 68
49 69
49 71
49 72
49 73
49 78
49 79
49 80
49 83
49 85
49 86
49 88
49 96
49 98
49 99
50 51
50 52
50 57
50 58
50 59
50 60
50 62
50 63
50 65
50 68
50 70
50 74
50 76
50 78
50 79
50 81
50 83
50 85
50 87
50 88
50 89
50 98
50 99
51 53
51 54
51 59
51 60
51 61
51 62
51 63
51 64
51 67
51 69
51 73
51 74
51 76
51 79
51 81
51 86
51 95
51 96
51 97
51 99
52 54
52 55
52 56
52 57
52 59
52 60
52 64
52 65
52 67
52 69
52 74
52 77
52 78
52 82
52 83
52 84
52 85
52 86
52 87
52 91
52 92
52 97
52 98
53 56
53 57
53 59
53 63
53 64
53 65
53 67
53 69
53 75
53 80
53 82
53 84
53 85
53 86
53 88
53 91
53 93
53 95
53 99
54 58
54 64
54 66
54 68
54 70
54 77
54 78
54 79
54 80
54 81
54 84
54 86
54 87
54 89
54 94
54 95
54 98
54 99
55 59
55 64
55 65
55 67
55 71
55 72
55 73
55 74
55 77
55 81
55 82
55 83
55 86
55 88
55 90
55 91
55 92
55 94
55 95
55 97
55 99
56 57
56 62
56 64
56 65
56 69
56 70
56 71
56 73
56 74
56 79
56 82
56 84
56 86
56 88
56 92
56 93
56 95
56 97
57 61
57 63
57 67
57 68
57 69
57 70
57 71
57 75
57 76
57 77
57 79
57 80
57 87
57 88
57 90
57 96
57 98
57 99
58 59
58 62
58 65
58 69
58 71
58 74
58 75
58 76
58 77
58 80
58 81
58 83
58 87
58 89
58 92
58 95
58 97
59 60
59 61
59 64
59 65
59 66
59 67
59 68
59 69
59 72
59 73
59 77
59 79
59 80
59 81
59 82
59 83
59 84
59 85
59 89
59 91
59 93
59 94
59 95
59 96
59 97
59 98
60 64
60 67
60 68
60 69
60 71
60 72
60 73
60 74
60 75
60 77
60 79
60 81
60 83
60 85
60 86
60 87
60 89
60 91
60 94
60 96
61 62
61 64
61 66
61 67
61 68
61 69
61 70
61 73
61 75
61 76
61 78
61 79
61 80
61 89
61 90
61 92
61 93
61 95
61 99
62 63
62 67
62 68
62 69
62 71
62 72
62 76
62 79
62 82
62 85
62 88
62 92
62 94
62 95
62 97
63 65
63 66
63 69
63 70
63 74
63 75
63 80
63 82
63 83
63 84
63 85
63 87
63 89
63 90
63 94
63 96
64 66
64 68
64 69
64 70
64 73
64 74
64 75
64 78
64 80
64 81
64 83
64 84
64 86
64 87
64 88
64 91
64 93
64 94
64 95
64 96
64 98
64 99
65 66
65 70
65 71
65 72
65 75
65 78
65 79
65 81
65 82
65 83
65 84
65 89
65 90
65 91
65 96
65 97
65 98
65 99
66 69
66 70
66 71
66 72
66 73
66 74
66 76
66 82
66 83
66 84
66 85
66 86
66 87
66 88
66 89
66 92
66 93
66 94
66 99
67 69
67 70
67 72
67 73
67 74
67 75
67 76
67 77
67 78
67 79
67 83
67 84
67 85
67 86
67 87
67 88
67 89
67 90
67 93
67 94
67 95
68 69
68 70
68 83
68 84
68 86
68 87
68 91
68 92
68 98
68 99
69 72
69 74
69 76
69 79
69 80
69 82
69 83
69 84
69 85
69 86
69 88
69 89
69 94
69 95
69 96
69 97
70 71
70 73
70 76
70 77
70 78
70 80
70 82
70 83
70 84
70 87
70 88
70 93
70 95
70 96
70 97
70 98
71 72
71 73
71 76
71 77
71 81
71 83
71 84
71 86
71 87
71 89
71 90
71 91
71 96
71 98
72 77
72 78
72 80
72 82
72 83
72 84
72 85
72 86
72 87
72 88
72 89
72 92
72 96
72 97
72 99
73 75
73 76
73 78
73 79
73 80
73 82
73 83
73 86
73 87
73 89
73 91
73 97
73 99
74 77
74 78
74 79
74 80
74 82
74 85
74 87
74 91
74 95
74 97
75 77
75 79
75 81
75 83
75 84
75 85
75 88
75 89
75 90
75 91
75 96
75 97
75 99
76 77
76 79
76 81
76 82
76 84
76 85
76 86
76 87
76 90
76 92
76 94
76 96
76 99
77 78
77 79
77 80
77 84
77 86
77 89
77 90
77 92
77 93
77 94
77 95
77 96
77 98
78 79
78 80
78 82
78 87
78 91
78 93
78 94
78 95
78 96
78 98
79 84
79 86
79 90
79 92
79 93
79 98
80 81
80 82
80 84
80 85
80 86
80 88
80 89
80 94
80 95
80 97
80 98
80 99
81 84
81 91
81 92
81 93
81 94
81 96
81 97
82 83
82 84
82 87
82 88
82 94
82 97
82 99
83 88
83 89
83 90
83 94
83 97
84 87
84 88
84 90
84 91
84 94
84 99
85 87
85 90
85 92
85 93
85 95
85 96
86 87
86 88
86 90
86 91
86 93
86 95
86 96
86 97
87 88
87 90
87 92
87 94
87 95
87 96
88 91
88 92
88 93
88 95
88 97
88 98
88 99
89 91
89 92
89 95
89 97
89 98
89 99
90 95
90 98
90 99
91 92
91 94
91 95
91 96
91 97
91 99
92 93
92 94
92 95
92 98
93 97
93 99
94 99
95 98
97 98
97 99
