0 1
0 4
0 5
0 8
0 9
0 10
0 11
0 16
0 17
0 20
0 22
0 23
0 25
0 26
0 27
0 33
0 35
0 39
0 45
0 47
0 48
0 52
0 55
0 57
0 58
0 59
0 60
0 61
0 62
0 65
0 69
0 73
0 75
0 77
0 79
0 80
0 81
0 82
0 83
0 86
0 87
0 89
0 92
0 93
0 94
0 97
1 2
1 4
1 7
1 8
1 11
1 16
1 17
1 18
1 27
1 28
1 29
1 30
1 31
1 32
1 34
1 38
1 40
1 43
1 44
1 45
1 48
1 51
1 55
1 56
1 63
1 69
1 70
1 75
1 83
1 88
1 89
1 92
1 93
1 95
1 98
2 3
2 14
2 15
2 18
2 19
2 21
2 25
2 26
2 28
2 29
2 33
2 34
2 38
2 44
2 47
2 49
2 51
2 53
2 54
2 56
2 58
2 59
2 60
2 61
2 62
2 63
2 67
2 68
2 72
2 73
2 77
2 84
2 85
2 86
2 87
2 88
2 93
2 94
2 95
2 97
2 98
3 6
3 8
3 12
3 13
3 15
3 16
3 17
3 19
3 20
3 24
3 26
3 28
3 32
3 33
3 34
3 36
3 37
3 39
3 44
3 47
3 48
3 49
3 51
3 53
3 55
3 57
3 64
3 71
3 72
3 73
3 74
3 77
3 81
3 82
3 83
3 84
3 89
3 90
3 93
3 98
4 8
4 10
4 11
4 13
4 14
4 16
4 17
4 18
4 19
4 20
4 23
4 24
4 26
4 30
4 32
4 34
4 36
4 37
4 38
4 40
4 41
4 42
4 44
4 49
4 50
4 59
4 60
4 61
4 64
4 65
4 66
4 68
4 71
4 77
4 79
4 80
4 83
4 84
4 86
4 87
4 88
4 89
4 90
4 91
4 93
4 94
4 95
4 96
4 98
5 8
5 10
5 12
5 13
5 14
5 15
5 18
5 19
5 20
5 21
5 23
5 25
5 26
5 28
5 30
5 32
5 33
5 34
5 35
5 37
5 39
5 44
5 45
5 46
5 54
5 55
5 57
5 58
5 60
5 61
5 62
5 64
5 67
5 68
5 69
5 73
5 74
5 76
5 78
5 80
5 82
5 84
5 85
5 86
5 88
5 91
5 92
5 93
5 94
5 97
6 7
6 8
6 9
6 11
6 13
6 14
6 16
6 17
6 18
6 19
6 20
6 21
6 25
6 27
6 28
6 30
6 31
6 34
6 35
6 37
6 40
6 41
6 43
6 44
6 46
6 49
6 50
6 51
6 54
6 55
6 56
6 57
6 58
6 61
6 62
6 63
6 64
6 65
6 66
6 67
6 70
6 71
6 72
6 73
6 75
6 76
6 79
6 80
6 84
6 85
6 87
6 91
6 92
6 94
6 97
6 99
7 8
7 9
7 11
7 12
7 16
7 19
7 23
7 24
7 27
7 31
7 33
7 34
7 38
7 39
7 41
7 43
7 46
7 47
7 50
7 51
7 55
7 59
7 66
7 67
7 70
7 72
7 77
7 82
7 83
7 85
7 90
7 94
7 96
7 99
8 9
8 10
8 11
8 12
8 14
8 15
8 16
8 17
8 18
8 22
8 23
8 25
8 26
8 27
8 28
8 29
8 30
8 31
8 33
8 35
8 37
8 39
8 42
8 43
8 45
8 47
8 48
8 49
8 53
8 56
8 58
8 59
8 60
8 61
8 63
8 64
8 66
8 70
8 73
8 75
8 76
8 77
8 78
8 80
8 81
8 82
8 83
8 84
8 87
8 88
8 89
8 90
8 92
8 95
8 96
8 99
9 13
9 14
9 17
9 18
9 20
9 21
9 22
9 24
9 25
9 27
9 32
9 35
9 36
9 42
9 45
9 46
9 47
9 48
9 49
9 50
9 52
9 55
9 57
9 63
9 64
9 65
9 66
9 68
9 73
9 74
9 77
9 78
9 79
9 80
9 82
9 84
9 85
9 87
9 92
9 93
9 97
9 99
10 11
10 12
10 14
10 17
10 18
10 20
10 21
10 22
10 23
10 25
10 36
10 37
10 40
10 43
10 45
10 48
10 50
10 52
10 53
10 54
10 57
10 58
10 59
10 63
10 66
10 68
10 69
10 70
10 73
10 76
10 77
10 81
10 85
10 93
10 96
10 99
11 12
11 13
11 14
11 15
11 18
11 20
11 21
11 22
11 23
11 25
11 26
11 28
11 30
11 31
11 32
11 35
11 37
11 38
11 39
11 40
11 43
11 44
11 45
11 46
11 47
11 54
11 55
11 56
11 57
11 58
11 63
11 64
11 66
11 67
11 69
11 70
11 72
11 75
11 76
11 77
11 78
11 80
11 81
11 82
11 83
11 85
11 86
11 87
11 88
11 89
11 91
11 92
11 93
11 94
11 95
11 97
11 98
11 99
12 13
12 20
12 24
12 25
12 26
12 27
12 30
12 38
12 39
12 41
12 42
12 43
12 48
12 51
12 53
12 54
12 55
12 58
12 59
12 60
12 62
12 63
12 68
12 69
12 72
12 73
12 74
12 75
12 76
12 77
12 79
12 80
12 83
12 84
12 85
12 88
12 91
12 92
12 93
12 94
12 95
12 99
13 14
13 24
13 25
13 26
13 27
13 28
13 34
13 35
13 36
13 38
13 44
13 46
13 48
13 49
13 51
13 53
13 55
13 56
13 58
13 63
13 65
13 66
13 68
13 71
13 72
13 75
13 76
13 81
13 82
13 83
13 84
13 86
13 87
13 90
13 92
13 94
13 95
13 96
13 98
14 15
14 16
14 19
14 21
14 22
14 25
14 33
14 34
14 38
14 39
14 40
14 43
14 44
14 46
14 47
14 52
14 53
14 55
14 57
14 60
14 64
14 71
14 72
14 73
14 75
14 77
14 81
14 88
14 89
14 90
14 92
14 93
14 94
14 98
15 20
15 24
15 28
15 29
15 32
15 33
15 35
15 36
15 40
15 43
15 45
15 46
15 47
15 48
15 50
15 51
15 53
15 56
15 58
15 59
15 60
15 61
15 62
15 63
15 64
15 68
15 71
15 72
15 73
15 74
15 75
15 78
15 80
15 85
15 87
15 88
15 91
15 98
16 17
16 18
16 19
16 21
16 22
16 23
16 24
16 26
16 27
16 31
16 32
16 33
16 34
16 36
16 37
16 40
16 41
16 42
16 43
16 44
16 48
16 49
16 50
16 52
16 55
16 58
16 59
16 60
16 64
16 65
16 68
16 69
16 71
16 76
16 77
16 81
16 83
16 84
16 85
16 86
16 88
16 89
16 92
16 97
16 98
17 20
17 21
17 22
17 23
17 24
17 25
17 26
17 36
17 37
17 40
17 41
17 42
17 43
17 44
17 45
17 49
17 51
17 52
17 56
17 58
17 59
17 60
17 61
17 62
17 65
17 68
17 69
17 70
17 75
17 76
17 77
17 82
17 83
17 85
17 87
17 88
17 91
17 92
17 95
17 96
17 98
18 19
18 23
18 28
18 29
18 34
18 37
18 38
18 40
18 41
18 44
18 45
18 46
18 48
18 50
18 51
18 54
18 55
18 56
18 57
18 60
18 62
18 64
18 65
18 66
18 71
18 72
18 74
18 75
18 76
18 79
18 80
18 83
18 84
18 85
18 86
18 89
19 21
19 25
19 26
19 27
19 28
19 29
19 31
19 32
19 35
19 37
19 39
19 41
19 43
19 44
19 49
19 50
19 51
19 52
19 54
19 56
19 58
19 60
19 63
19 65
19 67
19 68
19 71
19 74
19 77
19 80
19 81
19 86
19 87
19 88
19 89
19 93
19 94
19 96
19 97
19 98
19 99
20 21
20 25
20 26
20 27
20 29
20 30
20 32
20 34
20 36
20 39
20 40
20 41
20 42
20 45
20 47
20 48
20 50
20 51
20 52
20 53
20 55
20 57
20 61
20 62
20 63
20 64
20 65
20 67
20 69
20 71
20 72
20 73
20 74
20 75
20 76
20 77
20 81
20 82
20 83
20 85
20 88
20 89
20 90
20 91
20 92
20 95
20 97
20 98
20 99
21 22
21 25
21 26
21 27
21 29
21 36
21 39
21 45
21 47
21 48
21 49
21 51
21 52
21 53
21 55
21 56
21 57
21 58
21 59
21 60
21 61
21 62
21 63
21 67
21 70
21 72
21 73
21 78
21 79
21 80
21 81
21 82
21 83
21 84
21 85
21 88
21 89
21 90
22 23
22 25
22 27
22 28
22 30
22 33
22 34
22 36
22 37
22 41
22 51
22 52
22 53
22 54
22 55
22 57
22 59
22 60
22 61
22 65
22 67
22 69
22 70
22 72
22 76
22 78
22 79
22 80
22 82
22 87
22 89
22 91
22 92
22 94
22 96
22 98
22 99
23 24
23 25
23 27
23 28
23 32
23 36
23 38
23 42
23 43
23 44
23 47
23 49
23 50
23 51
23 52
23 55
23 57
23 58
23 59
23 65
23 69
23 70
23 72
23 73
23 75
23 76
23 78
23 83
23 85
23 86
23 87
23 89
23 90
23 91
23 92
23 95
23 96
23 99
24 25
24 26
24 30
24 32
24 33
24 34
24 36
24 38
24 39
24 41
24 42
24 46
24 48
24 50
24 53
24 56
24 58
24 59
24 63
24 68
24 69
24 71
24 72
24 76
24 79
24 81
24 83
24 87
24 91
24 92
24 96
24 99
25 26
25 27
25 28
25 29
25 32
25 33
25 35
25 36
25 37
25 39
25 43
25 46
25 47
25 49
25 50
25 51
25 52
25 54
25 55
25 57
25 58
25 64
25 66
25 67
25 69
25 70
25 71
25 73
25 74
25 75
25 78
25 79
25 80
25 83
25 84
25 85
25 86
25 87
25 88
25 90
25 91
25 92
25 93
25 94
25 95
25 97
26 27
26 30
26 31
26 33
26 34
26 35
26 38
26 41
26 42
26 44
26 45
26 48
26 51
26 53
26 56
26 59
26 60
26 61
26 62
26 66
26 68
26 69
26 70
26 71
26 78
26 82
26 83
26 84
26 85
26 88
26 91
26 92
26 93
26 94
26 95
27 28
27 30
27 31
27 33
27 34
27 36
27 39
27 40
27 42
27 43
27 45
27 46
27 47
27 48
27 49
27 53
27 57
27 58
27 59
27 61
27 62
27 66
27 70
27 71
27 72
27 74
27 75
27 77
27 78
27 79
27 80
27 81
27 83
27 85
27 86
27 88
27 93
27 94
27 96
27 97
27 98
27 99
28 30
28 34
28 35
28 37
28 39
28 41
28 43
28 44
28 45
28 47
28 49
28 50
28 51
28 52
28 53
28 54
28 55
28 56
28 60
28 62
28 65
28 66
28 67
28 70
28 72
28 73
28 74
28 76
28 79
28 81
28 85
28 87
28 88
28 92
28 93
28 94
28 95
28 97
28 98
29 32
29 33
29 35
29 37
29 39
29 40
29 43
29 45
29 48
29 53
29 54
29 56
29 58
29 60
29 65
29 67
29 68
29 70
29 73
29 76
29 77
29 79
29 81
29 84
29 86
29 87
29 88
29 89
29 90
29 91
29 92
29 93
29 94
29 95
29 98
30 31
30 35
30 37
30 41
30 42
30 43
30 46
30 50
30 51
30 54
30 56
30 58
30 60
30 61
30 65
30 70
30 71
30 72
30 75
30 76
30 80
30 81
30 82
30 83
30 85
30 88
30 90
30 93
30 94
30 96
30 97
30 98
30 99
31 32
31 33
31 35
31 38
31 40
31 41
31 43
31 45
31 46
31 50
31 55
31 56
31 57
31 61
31 62
31 63
31 70
31 72
31 74
31 76
31 78
31 80
31 82
31 83
31 84
31 87
31 92
31 93
31 95
31 96
31 97
32 33
32 36
32 37
32 38
32 39
32 40
32 41
32 44
32 46
32 47
32 53
32 55
32 58
32 61
32 62
32 63
32 65
32 66
32 67
32 68
32 70
32 74
32 77
32 78
32 79
32 81
32 83
32 85
32 86
32 87
32 90
32 91
32 94
32 97
32 98
32 99
33 34
33 35
33 36
33 37
33 39
33 40
33 44
33 46
33 48
33 50
33 53
33 54
33 56
33 59
33 61
33 64
33 65
33 76
33 78
33 81
33 84
33 85
33 88
33 89
33 94
33 95
33 99
34 40
34 41
34 43
34 47
34 54
34 55
34 58
34 59
34 61
34 62
34 68
34 69
34 72
34 75
34 76
34 77
34 79
34 84
34 85
34 87
34 93
34 94
34 98
35 36
35 40
35 42
35 44
35 45
35 47
35 48
35 53
35 54
35 55
35 57
35 58
35 59
35 61
35 62
35 63
35 64
35 66
35 68
35 69
35 70
35 71
35 73
35 74
35 75
35 76
35 79
35 83
35 84
35 86
35 88
35 89
35 90
35 91
35 93
35 94
35 96
35 98
35 99
36 38
36 40
36 42
36 43
36 45
36 46
36 47
36 55
36 56
36 57
36 58
36 59
36 60
36 61
36 64
36 66
36 71
36 73
36 79
36 80
36 82
36 83
36 85
36 86
36 90
36 92
36 94
36 98
37 38
37 39
37 41
37 43
37 53
37 56
37 59
37 62
37 63
37 64
37 66
37 67
37 73
37 75
37 76
37 77
37 78
37 79
37 81
37 82
37 84
37 86
37 88
37 92
37 93
37 95
37 96
37 98
37 99
38 39
38 40
38 41
38 42
38 44
38 45
38 46
38 48
38 53
38 55
38 56
38 58
38 59
38 64
38 65
38 69
38 74
38 75
38 76
38 77
38 79
38 82
38 86
38 87
38 92
38 95
38 97
38 98
39 43
39 44
39 46
39 50
39 53
39 55
39 56
39 57
39 58
39 59
39 61
39 62
39 63
39 64
39 65
39 66
39 67
39 72
39 75
39 76
39 77
39 78
39 80
39 81
39 84
39 86
39 87
39 91
39 92
39 93
39 94
39 97
39 99
40 41
40 42
40 43
40 44
40 45
40 46
40 47
40 48
40 49
40 50
40 52
40 54
40 55
40 57
40 60
40 61
40 62
40 66
40 67
40 68
40 69
40 70
40 72
40 73
40 77
40 79
40 88
40 89
40 91
40 92
40 94
40 95
40 98
41 42
41 44
41 45
41 47
41 49
41 51
41 52
41 54
41 59
41 60
41 61
41 62
41 64
41 65
41 67
41 71
41 72
41 74
41 78
41 79
41 80
41 89
41 93
41 95
41 97
41 99
42 44
42 45
42 46
42 47
42 51
42 53
42 56
42 58
42 59
42 60
42 62
42 63
42 64
42 65
42 66
42 67
42 68
42 71
42 72
42 73
42 76
42 81
42 83
42 84
42 87
42 90
42 91
42 92
42 93
42 94
42 98
43 44
43 46
43 52
43 53
43 55
43 58
43 59
43 61
43 62
43 63
43 66
43 69
43 74
43 76
43 80
43 83
43 85
43 86
43 90
43 92
43 94
43 96
44 45
44 50
44 51
44 52
44 53
44 57
44 58
44 60
44 63
44 64
44 66
44 67
44 68
44 69
44 70
44 71
44 72
44 75
44 76
44 81
44 82
44 84
44 85
44 86
44 92
44 95
44 96
44 97
44 99
45 46
45 48
45 49
45 50
45 51
45 57
45 59
45 60
45 61
45 62
45 63
45 64
45 67
45 68
45 71
45 83
45 85
45 87
45 93
45 94
45 95
45 97
45 98
46 47
46 49
46 50
46 51
46 52
46 53
46 55
46 59
46 61
46 62
46 63
46 64
46 67
46 74
46 83
46 85
46 89
46 92
46 94
46 95
46 96
46 98
47 50
47 59
47 61
47 63
47 65
47 67
47 72
47 78
47 79
47 88
47 89
47 92
47 93
47 94
47 96
47 97
47 98
47 99
48 49
48 51
48 52
48 54
48 56
48 58
48 59
48 61
48 62
48 63
48 64
48 65
48 70
48 71
48 72
48 74
48 75
48 77
48 79
48 80
48 82
48 83
48 84
48 85
48 87
48 88
48 89
48 90
48 92
48 94
48 95
48 98
48 99
49 50
49 51
49 52
49 53
49 55
49 56
49 57
49 61
49 65
49 66
49 67
49 68
49 70
49 73
49 76
49 79
49 85
49 86
49 87
49 88
49 95
49 96
49 98
50 54
50 55
50 56
50 60
50 61
50 62
50 64
50 65
50 67
50 69
50 70
50 73
50 74
50 78
50 79
50 81
50 83
50 84
50 85
50 86
50 91
50 93
50 95
50 96
51 52
51 53
51 59
51 61
51 63
51 67
51 68
51 73
51 75
51 77
51 78
51 81
51 83
51 85
51 86
51 88
51 89
51 92
51 96
51 97
51 98
52 53
52 55
52 56
52 57
52 59
52 61
52 62
52 63
52 65
52 66
52 67
52 68
52 69
52 70
52 71
52 72
52 73
52 75
52 76
52 78
52 80
52 82
52 84
52 86
52 88
52 89
52 91
52 92
52 96
52 98
52 99
53 55
53 57
53 58
53 59
53 60
53 63
53 66
53 67
53 73
53 75
53 77
53 78
53 79
53 81
53 82
53 83
53 84
53 86
53 87
53 88
53 90
53 91
53 92
53 93
53 96
53 99
54 55
54 56
54 57
54 63
54 64
54 65
54 66
54 74
54 75
54 77
54 78
54 82
54 83
54 84
54 86
54 89
54 93
54 99
55 62
55 65
55 67
55 71
55 73
55 75
55 77
55 81
55 82
55 83
55 84
55 85
55 86
55 88
55 90
55 91
55 93
55 94
55 95
55 96
55 99
56 58
56 61
56 66
56 70
56 72
56 78
56 80
56 84
56 85
56 88
56 92
56 94
56 98
57 58
57 60
57 62
57 63
57 65
57 67
57 68
57 73
57 74
57 75
57 76
57 78
57 79
57 80
57 81
57 82
57 84
57 85
57 86
57 89
57 91
57 93
57 94
57 96
57 98
57 99
58 60
58 62
58 65
58 66
58 67
58 70
58 71
58 72
58 73
58 74
58 75
58 77
58 78
58 80
58 83
58 86
58 88
58 89
58 91
58 94
58 95
58 99
59 61
59 62
59 63
59 65
59 66
59 67
59 68
59 70
59 71
59 74
59 75
59 76
59 78
59 80
59 81
59 84
59 85
59 86
59 88
59 89
59 90
59 93
59 95
59 96
59 98
60 61
60 64
60 65
60 66
60 68
60 69
60 70
60 71
60 72
60 74
60 78
60 80
60 83
60 84
60 88
60 89
60 90
60 94
60 95
60 98
61 62
61 63
61 65
61 66
61 67
61 68
61 70
61 71
61 73
61 77
61 78
61 79
61 81
61 82
61 83
61 84
61 85
61 87
61 90
61 92
61 93
61 95
61 97
61 98
62 63
62 65
62 67
62 69
62 70
62 72
62 75
62 78
62 79
62 80
62 81
62 86
62 87
62 88
62 89
62 90
62 91
62 93
62 94
62 95
62 96
62 98
62 99
63 65
63 66
63 67
63 68
63 69
63 70
63 72
63 74
63 76
63 77
63 80
63 82
63 84
63 86
63 89
63 90
63 91
63 94
63 97
64 66
64 67
64 68
64 69
64 71
64 74
64 75
64 77
64 78
64 79
64 82
64 83
64 84
64 85
64 86
64 88
64 91
64 94
64 95
65 66
65 67
65 69
65 70
65 71
65 72
65 73
65 74
65 75
65 76
65 80
65 81
65 84
65 88
65 89
65 90
65 92
65 93
65 94
65 95
65 96
65 99
66 70
66 71
66 72
66 75
66 76
66 77
66 83
66 85
66 87
66 89
66 93
66 94
66 96
66 97
67 68
67 69
67 71
67 74
67 80
67 82
67 85
67 86
67 89
67 91
67 92
67 93
67 95
67 96
67 97
67 99
68 69
68 70
68 72
68 73
68 74
68 75
68 79
68 80
68 81
68 85
68 86
68 87
68 88
68 90
68 92
68 97
68 98
69 71
69 72
69 74
69 77
69 78
69 83
69 85
69 86
69 89
69 93
69 96
69 97
69 98
69 99
70 72
70 73
70 74
70 75
70 76
70 77
70 79
70 80
70 83
70 85
70 91
70 92
70 94
70 96
70 98
71 75
71 76
71 77
71 81
71 82
71 83
71 84
71 85
71 86
71 90
71 91
71 94
71 96
72 76
72 80
72 81
72 83
72 92
72 93
72 95
72 96
72 98
73 74
73 75
73 76
73 77
73 78
73 82
73 83
73 85
73 90
73 97
74 77
74 80
74 82
74 83
74 85
74 90
74 94
74 95
74 96
74 98
74 99
75 79
75 81
75 89
75 93
75 96
75 97
75 98
75 99
76 77
76 79
76 80
76 83
76 89
76 90
76 91
76 95
76 97
76 98
77 79
77 80
77 82
77 83
77 85
77 87
77 88
77 89
77 92
77 98
77 99
78 79
78 82
78 83
78 85
78 86
78 87
78 88
78 89
78 93
78 94
78 96
79 82
79 83
79 85
79 86
79 91
79 95
79 96
79 98
80 84
80 86
80 87
80 90
80 93
80 96
80 99
81 85
81 88
81 89
81 90
81 91
81 92
81 93
81 96
81 99
82 88
82 92
82 94
82 99
83 84
83 85
83 87
83 88
83 90
83 91
83 92
83 94
83 99
84 85
84 86
84 87
84 88
84 90
84 91
84 92
84 95
84 97
85 86
85 87
85 90
85 92
85 94
85 95
85 96
85 98
86 87
86 89
86 91
86 92
86 94
86 96
86 99
87 92
87 93
87 94
87 95
87 98
87 99
88 89
88 90
88 95
88 97
88 99
89 90
89 97
90 94
90 95
90 97
90 98
91 93
91 94
92 93
92 94
92 96
92 98
92 99
93 95
93 98
93 99
94 95
94 96
95 97
95 99
97 98
98 99
