0 1
0 3
0 4
0 6
0 8
0 11
0 12
0 13
0 14
0 17
0 20
0 22
0 23
0 27
0 29
0 30
0 34
0 36
0 37
0 38
0 39
0 40
0 43
0 45
0 47
0 49
0 50
0 51
0 52
0 54
0 56
0 59
0 61
0 65
0 66
0 67
0 68
0 71
0 76
0 78
0 83
0 85
0 86
0 89
0 90
0 91
0 92
0 93
0 94
0 95
0 98
1 2
1 6
1 8
1 9
1 10
1 12
1 14
1 16
1 18
1 19
1 20
1 22
1 26
1 27
1 30
1 33
1 36
1 37
1 38
1 42
1 47
1 52
1 58
1 59
1 60
1 61
1 62
1 64
1 65
1 67
1 70
1 75
1 77
1 78
1 81
1 82
1 83
1 84
1 85
1 87
1 88
1 91
1 92
1 94
1 95
1 96
1 99
2 4
2 5
2 9
2 10
2 11
2 14
2 20
2 22
2 24
2 25
2 27
2 29
2 30
2 31
2 32
2 33
2 34
2 35
2 36
2 37
2 39
2 40
2 43
2 44
2 48
2 49
2 50
2 51
2 52
2 53
2 54
2 55
2 57
2 58
2 60
2 61
2 62
2 63
2 64
2 67
2 68
2 70
2 71
2 73
2 74
2 75
2 76
2 77
2 79
2 81
2 84
2 85
2 86
2 87
2 88
2 92
2 93
2 94
2 95
2 97
3 4
3 11
3 12
3 17
3 19
3 22
3 28
3 29
3 31
3 33
3 34
3 35
3 39
3 44
3 45
3 47
3 48
3 49
3 51
3 53
3 54
3 56
3 57
3 59
3 60
3 64
3 66
3 68
3 69
3 70
3 71
3 73
3 74
3 79
3 82
3 83
3 84
3 87
3 88
3 90
3 94
3 95
3 96
3 99
4 7
4 8
4 10
4 12
4 13
4 15
4 16
4 17
4 18
4 19
4 20
4 21
4 22
4 24
4 25
4 27
4 28
4 30
4 31
4 33
4 35
4 36
4 43
4 44
4 48
4 49
4 50
4 51
4 53
4 54
4 59
4 60
4 61
4 63
4 64
4 65
4 68
4 72
4 76
4 78
4 79
4 83
4 84
4 86
4 89
4 90
4 93
4 94
4 97
4 98
4 99
5 6
5 13
5 14
5 17
5 18
5 19
5 22
5 24
5 26
5 27
5 28
5 32
5 33
5 35
5 36
5 37
5 39
5 44
5 48
5 49
5 52
5 53
5 56
5 59
5 63
5 68
5 70
5 73
5 74
5 75
5 76
5 77
5 78
5 79
5 80
5 82
5 83
5 84
5 85
5 86
5 87
5 89
5 90
5 91
5 92
5 94
5 95
5 97
5 99
6 11
6 13
6 15
6 17
6 20
6 21
6 22
6 23
6 25
6 26
6 31
6 33
6 35
6 38
6 39
6 41
6 42
6 45
6 46
6 48
6 54
6 55
6 61
6 62
6 64
6 65
6 67
6 74
6 75
6 78
6 79
6 80
6 83
6 86
6 87
6 89
6 90
6 94
6 95
6 97
7 8
7 9
7 14
7 16
7 18
7 21
7 23
7 27
7 29
7 31
7 32
7 35
7 37
7 38
7 39
7 41
7 44
7 46
7 47
7 49
7 54
7 55
7 56
7 57
7 59
7 60
7 62
7 66
7 69
7 72
7 73
7 74
7 78
7 83
7 86
7 87
7 88
7 89
7 90
7 93
7 94
7 95
7 96
7 97
7 99
8 9
8 12
8 14
8 15
8 16
8 19
8 22
8 26
8 28
8 29
8 30
8 31
8 33
8 34
8 36
8 38
8 41
8 42
8 46
8 50
8 52
8 53
8 56
8 57
8 58
8 60
8 63
8 64
8 65
8 67
8 68
8 70
8 73
8 75
8 77
8 78
8 79
8 80
8 83
8 84
8 85
8 86
8 87
8 88
8 89
8 90
8 91
8 96
8 97
8 98
8 99
9 10
9 12
9 13
9 14
9 16
9 17
9 18
9 19
9 20
9 21
9 23
9 25
9 29
9 31
9 32
9 34
9 35
9 36
9 39
9 40
9 41
9 42
9 43
9 44
9 46
9 49
9 50
9 51
9 52
9 53
9 56
9 58
9 60
9 62
9 63
9 65
9 66
9 68
9 70
9 71
9 74
9 76
9 77
9 79
9 83
9 84
9 85
9 87
9 88
9 89
9 92
9 93
9 95
9 96
9 97
9 98
10 11
10 12
10 19
10 20
10 21
10 25
10 27
10 31
10 32
10 33
10 35
10 37
10 39
10 40
10 42
10 44
10 47
10 50
10 55
10 56
10 58
10 59
10 63
10 65
10 71
10 74
10 80
10 82
10 83
10 85
10 87
10 90
10 91
10 92
10 93
10 95
10 96
10 98
10 99
11 12
11 14
11 15
11 19
11 20
11 21
11 22
11 24
11 27
11 29
11 30
11 31
11 32
11 37
11 38
11 39
11 40
11 41
11 46
11 48
11 49
11 50
11 51
11 53
11 57
11 58
11 59
11 61
11 67
11 70
11 71
11 72
11 79
11 80
11 84
11 85
11 86
11 91
11 92
11 93
11 99
12 14
12 19
12 22
12 25
12 28
12 30
12 31
12 32
12 33
12 34
12 35
12 36
12 37
12 39
12 40
12 44
12 45
12 46
12 47
12 50
12 51
12 52
12 53
12 55
12 57
12 59
12 62
12 66
12 74
12 75
12 76
12 80
12 81
12 82
12 85
12 87
12 88
12 89
12 92
12 93
12 94
12 96
12 98
13 16
13 18
13 19
13 21
13 24
13 26
13 27
13 29
13 30
13 33
13 34
13 43
13 48
13 51
13 52
13 53
13 56
13 61
13 62
13 63
13 68
13 71
13 73
13 75
13 76
13 77
13 78
13 79
13 80
13 84
13 85
13 87
13 89
13 91
13 92
13 93
13 95
13 98
13 99
14 16
14 17
14 19
14 23
14 24
14 25
14 26
14 29
14 30
14 32
14 33
14 34
14 35
14 39
14 41
14 42
14 44
14 45
14 47
14 50
14 51
14 55
14 56
14 57
14 58
14 60
14 61
14 62
14 63
14 64
14 66
14 68
14 69
14 74
14 75
14 76
14 77
14 78
14 80
14 83
14 85
14 86
14 87
14 88
14 89
14 90
14 92
14 95
14 96
14 97
14 98
14 99
15 16
15 18
15 19
15 20
15 22
15 25
15 27
15 28
15 29
15 31
15 34
15 40
15 41
15 42
15 43
15 44
15 46
15 48
15 49
15 50
15 51
15 52
15 55
15 57
15 58
15 59
15 62
15 63
15 64
15 67
15 68
15 70
15 71
15 73
15 74
15 79
15 80
15 82
15 84
15 88
15 89
15 91
15 94
15 95
15 96
15 99
16 17
16 19
16 20
16 21
16 23
16 28
16 30
16 31
16 32
16 34
16 36
16 39
16 40
16 41
16 42
16 43
16 46
16 47
16 48
16 50
16 51
16 52
16 53
16 56
16 57
16 58
16 59
16 60
16 62
16 63
16 66
16 67
16 70
16 71
16 73
16 74
16 78
16 80
16 81
16 89
16 90
16 91
16 92
16 93
16 97
16 98
16 99
17 20
17 24
17 29
17 30
17 31
17 32
17 33
17 34
17 37
17 38
17 39
17 40
17 41
17 43
17 46
17 48
17 50
17 51
17 53
17 54
17 57
17 60
17 62
17 68
17 73
17 75
17 76
17 77
17 79
17 80
17 84
17 87
17 89
17 90
17 92
17 94
17 96
17 98
18 19
18 21
18 28
18 30
18 33
18 35
18 36
18 37
18 40
18 41
18 44
18 45
18 47
18 50
18 54
18 55
18 57
18 58
18 59
18 60
18 61
18 62
18 67
18 68
18 69
18 71
18 72
18 74
18 76
18 77
18 79
18 80
18 82
18 83
18 85
18 86
18 87
18 89
18 90
18 92
18 93
18 94
18 97
18 99
19 23
19 24
19 25
19 27
19 28
19 33
19 37
19 38
19 40
19 44
19 50
19 53
19 54
19 57
19 59
19 61
19 64
19 66
19 71
19 72
19 73
19 74
19 75
19 76
19 77
19 79
19 80
19 81
19 82
19 83
19 84
19 86
19 89
19 90
19 91
19 92
19 93
19 97
20 21
20 24
20 25
20 26
20 30
20 31
20 32
20 35
20 40
20 43
20 46
20 50
20 51
20 53
20 55
20 57
20 58
20 64
20 65
20 66
20 67
20 68
20 70
20 76
20 77
20 80
20 81
20 83
20 85
20 86
20 87
20 88
20 90
20 91
20 93
20 96
20 97
20 98
20 99
21 23
21 24
21 25
21 28
21 31
21 35
21 36
21 40
21 42
21 45
21 46
21 48
21 49
21 50
21 51
21 52
21 53
21 55
21 61
21 63
21 65
21 66
21 67
21 70
21 72
21 74
21 75
21 78
21 79
21 80
21 81
21 82
21 83
21 88
21 90
21 92
21 94
21 96
21 99
22 23
22 26
22 27
22 28
22 29
22 30
22 35
22 37
22 45
22 46
22 47
22 48
22 49
22 50
22 56
22 58
22 60
22 61
22 66
22 68
22 70
22 71
22 72
22 74
22 77
22 80
22 82
22 88
22 89
22 92
22 93
22 95
22 96
22 98
23 25
23 26
23 27
23 28
23 29
23 31
23 32
23 38
23 39
23 40
23 41
23 43
23 45
23 46
23 47
23 48
23 51
23 52
23 54
23 55
23 56
23 58
23 59
23 60
23 64
23 65
23 66
23 68
23 69
23 71
23 72
23 73
23 78
23 79
23 80
23 81
23 83
23 86
23 87
23 88
23 89
23 91
23 92
23 98
24 25
24 28
24 30
24 31
24 32
24 34
24 35
24 39
24 42
24 43
24 44
24 46
24 47
24 48
24 49
24 50
24 51
24 52
24 53
24 57
24 58
24 62
24 63
24 65
24 69
24 70
24 73
24 74
24 75
24 82
24 84
24 85
24 86
24 87
24 89
24 91
24 93
24 94
24 97
24 98
25 26
25 27
25 28
25 29
25 30
25 35
25 38
25 42
25 43
25 47
25 49
25 50
25 53
25 54
25 55
25 57
25 60
25 61
25 62
25 63
25 64
25 69
25 71
25 74
25 75
25 76
25 77
25 78
25 79
25 80
25 82
25 86
25 87
25 88
25 90
25 92
25 97
25 99
26 28
26 30
26 31
26 32
26 36
26 38
26 39
26 41
26 42
26 50
26 54
26 57
26 60
26 63
26 64
26 65
26 66
26 67
26 68
26 70
26 73
26 74
26 77
26 78
26 81
26 82
26 83
26 86
26 87
26 88
26 92
26 95
26 96
26 98
27 28
27 30
27 33
27 38
27 40
27 41
27 42
27 46
27 47
27 49
27 50
27 52
27 53
27 54
27 60
27 63
27 65
27 66
27 69
27 70
27 71
27 73
27 76
27 77
27 78
27 81
27 83
27 87
27 88
27 91
27 92
27 94
27 96
28 33
28 35
28 36
28 37
28 40
28 41
28 45
28 52
28 55
28 56
28 57
28 62
28 65
28 66
28 68
28 69
28 70
28 75
28 79
28 81
28 85
28 89
28 95
28 96
28 98
28 99
29 30
29 33
29 35
29 36
29 40
29 41
29 43
29 44
29 46
29 49
29 50
29 51
29 52
29 53
29 54
29 55
29 57
29 60
29 61
29 62
29 64
29 65
29 68
29 72
29 73
29 74
29 79
29 80
29 85
29 91
29 93
29 94
29 96
29 97
30 32
30 33
30 34
30 36
30 37
30 39
30 40
30 42
30 45
30 46
30 47
30 48
30 49
30 51
30 53
30 54
30 56
30 58
30 64
30 65
30 66
30 67
30 68
30 72
30 73
30 75
30 76
30 77
30 78
30 81
30 83
30 85
30 88
30 91
30 92
30 93
30 94
30 95
30 98
31 32
31 39
31 40
31 41
31 42
31 44
31 48
31 50
31 52
31 53
31 55
31 56
31 59
31 60
31 64
31 67
31 70
31 71
31 73
31 75
31 77
31 79
31 80
31 81
31 84
31 85
31 87
31 88
31 89
31 91
31 95
31 99
32 33
32 34
32 41
32 44
32 46
32 47
32 48
32 49
32 50
32 52
32 53
32 54
32 58
32 59
32 61
32 62
32 65
32 67
32 68
32 69
32 70
32 71
32 72
32 73
32 76
32 77
32 78
32 79
32 81
32 82
32 84
32 87
32 88
32 89
32 92
32 93
32 94
32 95
32 96
32 98
32 99
33 37
33 39
33 43
33 45
33 47
33 49
33 50
33 52
33 55
33 56
33 57
33 59
33 61
33 64
33 65
33 67
33 68
33 71
33 72
33 74
33 75
33 77
33 80
33 81
33 86
33 87
33 88
33 93
33 95
33 96
33 98
33 99
34 36
34 37
34 38
34 40
34 41
34 43
34 45
34 46
34 47
34 48
34 49
34 51
34 52
34 55
34 56
34 57
34 58
34 62
34 63
34 64
34 65
34 69
34 73
34 78
34 79
34 82
34 83
34 84
34 88
34 91
34 94
34 96
34 97
34 99
35 36
35 37
35 38
35 39
35 41
35 43
35 44
35 46
35 47
35 48
35 49
35 50
35 52
35 53
35 60
35 61
35 63
35 65
35 67
35 72
35 73
35 75
35 79
35 83
35 86
35 87
35 88
35 92
35 93
35 95
35 96
35 98
36 39
36 40
36 41
36 43
36 46
36 47
36 48
36 49
36 52
36 55
36 56
36 57
36 58
36 59
36 60
36 61
36 62
36 64
36 65
36 66
36 71
36 72
36 73
36 74
36 75
36 77
36 81
36 82
36 84
36 85
36 86
36 87
36 90
36 92
36 94
36 96
36 97
36 98
37 38
37 39
37 40
37 43
37 45
37 47
37 49
37 51
37 54
37 55
37 56
37 57
37 58
37 59
37 61
37 62
37 63
37 69
37 70
37 77
37 79
37 80
37 82
37 83
37 85
37 93
37 94
37 95
37 96
37 98
37 99
38 43
38 45
38 47
38 50
38 51
38 52
38 53
38 55
38 57
38 58
38 59
38 60
38 68
38 69
38 71
38 72
38 76
38 81
38 86
38 89
38 92
38 95
38 96
38 97
38 98
38 99
39 40
39 51
39 53
39 54
39 55
39 56
39 57
39 59
39 60
39 61
39 62
39 63
39 64
39 66
39 68
39 72
39 78
39 79
39 81
39 85
39 87
39 88
39 89
39 90
39 91
39 92
39 93
39 96
39 97
40 42
40 44
40 50
40 51
40 54
40 58
40 61
40 64
40 65
40 66
40 70
40 72
40 74
40 75
40 77
40 79
40 80
40 83
40 84
40 86
40 87
40 90
40 91
40 94
40 95
40 96
41 44
41 45
41 46
41 47
41 49
41 50
41 51
41 57
41 58
41 60
41 61
41 64
41 70
41 71
41 72
41 73
41 75
41 76
41 78
41 79
41 82
41 83
41 84
41 85
41 86
41 87
41 91
41 92
41 93
41 95
41 97
41 98
42 43
42 44
42 48
42 53
42 54
42 56
42 58
42 63
42 65
42 68
42 74
42 76
42 77
42 79
42 80
42 81
42 84
42 85
42 86
42 88
42 89
42 91
42 94
42 97
43 44
43 47
43 48
43 49
43 50
43 51
43 52
43 53
43 54
43 55
43 56
43 58
43 60
43 62
43 64
43 65
43 66
43 73
43 74
43 75
43 77
43 78
43 79
43 80
43 81
43 82
43 85
43 86
43 89
43 90
43 91
43 93
43 96
43 97
43 98
43 99
44 45
44 46
44 48
44 51
44 53
44 54
44 55
44 58
44 59
44 60
44 63
44 66
44 68
44 70
44 71
44 72
44 74
44 77
44 78
44 79
44 84
44 88
44 91
44 94
44 95
44 96
44 97
44 98
44 99
45 48
45 51
45 52
45 54
45 56
45 57
45 58
45 60
45 63
45 67
45 69
45 71
45 72
45 77
45 79
45 82
45 84
45 85
45 86
45 87
45 88
45 89
45 90
45 94
45 98
46 50
46 51
46 53
46 55
46 59
46 61
46 63
46 64
46 65
46 68
46 69
46 70
46 72
46 78
46 79
46 82
46 84
46 85
46 86
46 87
46 91
46 92
46 93
46 94
46 95
46 96
46 97
46 98
46 99
47 52
47 53
47 55
47 58
47 64
47 66
47 70
47 71
47 72
47 73
47 74
47 77
47 79
47 82
47 83
47 85
47 88
47 91
47 92
47 93
47 94
47 95
47 96
47 98
48 52
48 54
48 56
48 57
48 62
48 63
48 65
48 70
48 72
48 74
48 75
48 80
48 84
48 88
48 90
48 91
48 93
48 96
48 97
49 50
49 52
49 54
49 57
49 60
49 61
49 64
49 65
49 71
49 73
49 76
49 83
49 85
49 87
49 91
49 92
49 93
49 94
49 98
49 99
50 51
50 52
50 54
50 58
50 59
50 61
50 67
50 68
50 70
50 72
50 74
50 75
50 78
50 83
50 84
50 85
50 88
50 89
51 52
51 53
51 54
51 55
51 56
51 58
51 59
51 63
51 65
51 69
51 70
51 71
51 73
51 75
51 76
51 78
51 80
51 82
51 84
51 85
51 87
51 88
51 89
51 90
51 91
51 92
51 93
51 94
51 96
51 97
51 98
52 55
52 57
52 61
52 63
52 66
52 68
52 69
52 70
52 72
52 74
52 78
52 79
52 80
52 81
52 82
52 83
52 84
52 89
52 90
52 93
52 94
52 95
52 97
52 98
53 54
53 55
53 58
53 59
53 60
53 63
53 64
53 66
53 67
53 71
53 72
53 73
53 74
53 75
53 77
53 78
53 80
53 81
53 82
53 85
53 86
53 91
53 94
53 98
53 99
54 55
54 59
54 60
54 61
54 62
54 63
54 66
54 68
54 72
54 73
54 74
54 75
54 76
54 77
54 80
54 82
54 83
54 87
54 88
54 89
54 93
54 94
54 95
54 96
54 97
54 98
55 56
55 58
55 59
55 63
55 64
55 65
55 66
55 69
55 70
55 71
55 72
55 73
55 74
55 78
55 80
55 86
55 87
55 89
55 90
55 91
55 96
55 97
55 98
55 99
56 59
56 60
56 61
56 65
56 69
56 71
56 75
56 76
56 77
56 81
56 88
56 91
56 92
56 93
56 95
56 96
56 97
56 98
56 99
57 58
57 59
57 61
57 62
57 65
57 68
57 70
57 72
57 76
57 77
57 79
57 80
57 81
57 83
57 84
57 88
57 90
57 94
57 95
57 96
57 97
57 98
57 99
58 59
58 61
58 64
58 65
58 66
58 68
58 73
58 74
58 80
58 81
58 83
58 84
58 85
58 86
58 87
58 90
58 91
58 93
58 95
58 96
58 97
58 99
59 61
59 64
59 66
59 67
59 68
59 70
59 72
59 75
59 77
59 78
59 80
59 81
59 83
59 84
59 86
59 87
59 89
59 92
59 93
59 94
59 98
59 99
60 61
60 64
60 66
60 67
60 68
60 73
60 74
60 75
60 76
60 78
60 80
60 84
60 88
60 95
60 97
60 99
61 62
61 66
61 68
61 71
61 73
61 77
61 79
61 82
61 88
61 89
61 90
61 91
61 92
61 93
61 94
62 63
62 65
62 68
62 69
62 71
62 72
62 74
62 77
62 83
62 84
62 88
62 89
62 93
62 94
62 95
62 96
62 97
62 98
62 99
63 67
63 70
63 71
63 74
63 76
63 77
63 78
63 79
63 80
63 82
63 83
63 84
63 86
63 89
63 90
63 92
63 95
63 99
64 66
64 67
64 70
64 71
64 74
64 76
64 78
64 82
64 84
64 86
64 87
64 88
64 89
64 93
64 94
64 95
64 96
64 99
65 68
65 69
65 70
65 71
65 72
65 77
65 78
65 79
65 81
65 83
65 84
65 85
65 86
65 87
65 89
65 90
65 92
65 93
66 68
66 69
66 70
66 72
66 76
66 77
66 81
66 82
66 83
66 85
66 86
66 87
66 88
66 90
66 93
66 94
66 95
66 96
67 70
67 71
67 72
67 74
67 75
67 77
67 78
67 79
67 80
67 84
67 85
67 88
67 90
67 91
67 94
67 95
67 96
67 97
67 98
67 99
68 69
68 70
68 71
68 73
68 74
68 75
68 76
68 77
68 78
68 79
68 80
68 81
68 82
68 83
68 85
68 86
68 87
68 88
68 90
68 92
68 93
68 94
68 95
68 96
68 98
69 71
69 72
69 73
69 75
69 77
69 81
69 83
69 84
69 85
69 87
69 88
69 90
69 96
69 97
70 72
70 73
70 75
70 76
70 77
70 78
70 81
70 82
70 84
70 85
70 86
70 88
70 89
70 90
70 91
70 93
70 94
70 97
71 72
71 73
71 75
71 76
71 77
71 78
71 82
71 84
71 85
71 86
71 93
71 97
71 99
72 73
72 74
72 76
72 77
72 78
72 79
72 84
72 86
72 87
72 88
72 89
72 90
72 91
72 92
72 93
72 94
72 95
72 96
72 97
73 75
73 76
73 78
73 79
73 81
73 83
73 84
73 85
73 87
73 89
73 92
73 96
73 97
73 98
74 75
74 76
74 83
74 84
74 86
74 87
74 91
74 93
74 96
74 97
74 98
75 76
75 79
75 80
75 81
75 84
75 87
75 89
75 95
75 96
75 97
75 99
76 78
76 79
76 80
76 82
76 83
76 85
76 86
76 92
76 94
76 97
76 98
76 99
77 78
77 79
77 81
77 82
77 84
77 85
77 87
77 88
77 89
77 91
77 93
77 99
78 79
78 80
78 81
78 83
78 87
78 90
78 92
78 94
78 95
78 96
78 97
79 80
79 81
79 82
79 84
79 89
79 90
79 91
79 92
79 96
79 97
79 98
79 99
80 81
80 82
80 83
80 84
80 87
80 89
80 92
80 95
80 96
80 98
81 85
81 86
81 87
81 88
81 89
81 91
81 94
81 96
81 98
82 83
82 86
82 87
82 90
82 92
82 93
82 95
82 96
82 98
82 99
83 84
83 85
83 87
83 90
83 92
83 94
83 95
83 97
83 99
84 85
84 86
84 87
84 91
84 92
84 93
84 98
84 99
85 90
85 91
85 93
85 99
86 88
86 89
86 92
86 93
86 94
87 89
87 91
87 92
87 94
87 95
87 96
88 89
88 91
88 93
88 94
88 95
88 96
89 92
89 94
89 96
90 92
90 93
90 95
90 96
90 98
90 99
91 92
91 93
91 94
91 95
91 97
91 99
92 94
92 96
92 99
93 96
93 97
94 95
95 96
96 99
97 98
98 99
