0 1
0 7
0 8
0 12
0 16
0 18
0 20
0 21
0 25
0 28
0 30
0 31
0 32
0 33
0 34
0 35
0 42
0 45
0 46
0 47
0 49
0 50
0 53
0 54
0 55
0 56
0 57
0 58
0 59
0 66
0 67
0 71
0 73
0 75
0 76
0 77
0 78
0 79
0 80
0 81
0 82
0 85
0 86
0 87
0 88
0 89
0 90
0 91
0 92
0 94
0 95
0 98
0 99
1 5
1 6
1 7
1 11
1 13
1 18
1 20
1 21
1 23
1 25
1 26
1 28
1 29
1 32
1 34
1 35
1 36
1 37
1 40
1 41
1 42
1 46
1 47
1 49
1 50
1 51
1 53
1 54
1 57
1 58
1 59
1 60
1 61
1 62
1 63
1 65
1 66
1 74
1 75
1 76
1 77
1 81
1 84
1 85
1 87
1 88
1 90
1 92
1 95
1 99
2 3
2 4
2 6
2 10
2 12
2 13
2 14
2 15
2 16
2 17
2 21
2 23
2 25
2 29
2 30
2 31
2 34
2 35
2 36
2 39
2 41
2 42
2 43
2 44
2 46
2 51
2 52
2 53
2 56
2 64
2 65
2 66
2 69
2 70
2 71
2 73
2 74
2 77
2 80
2 81
2 85
2 87
2 88
2 89
2 94
2 96
2 98
2 99
3 4
3 5
3 6
3 8
3 9
3 10
3 12
3 16
3 18
3 19
3 20
3 22
3 23
3 24
3 25
3 26
3 28
3 31
3 34
3 35
3 38
3 40
3 41
3 44
3 48
3 49
3 50
3 51
3 52
3 53
3 54
3 57
3 60
3 61
3 62
3 63
3 68
3 70
3 71
3 73
3 75
3 79
3 83
3 85
3 90
3 93
3 95
3 97
3 98
3 99
4 5
4 8
4 11
4 12
4 13
4 14
4 15
4 25
4 26
4 27
4 30
4 32
4 34
4 36
4 37
4 39
4 40
4 42
4 45
4 47
4 49
4 50
4 52
4 59
4 63
4 68
4 71
4 72
4 79
4 80
4 81
4 82
4 83
4 84
4 85
4 86
4 87
4 89
4 90
4 91
4 92
4 95
4 97
4 98
4 99
5 9
5 10
5 12
5 15
5 16
5 17
5 18
5 19
5 23
5 25
5 26
5 28
5 36
5 38
5 39
5 41
5 42
5 45
5 47
5 50
5 51
5 52
5 54
5 57
5 61
5 63
5 67
5 68
5 69
5 70
5 72
5 73
5 74
5 78
5 79
5 80
5 81
5 82
5 83
5 84
5 85
5 86
5 88
5 91
5 94
5 95
5 99
6 7
6 8
6 10
6 15
6 16
6 18
6 19
6 21
6 22
6 23
6 25
6 26
6 27
6 30
6 32
6 33
6 37
6 39
6 41
6 42
6 43
6 46
6 49
6 50
6 51
6 52
6 53
6 54
6 56
6 57
6 60
6 61
6 64
6 67
6 69
6 70
6 71
6 72
6 73
6 77
6 78
6 79
6 80
6 84
6 87
6 89
6 90
6 93
6 95
6 97
7 10
7 12
7 13
7 14
7 17
7 19
7 20
7 21
7 23
7 24
7 26
7 29
7 31
7 32
7 34
7 35
7 38
7 39
7 43
7 46
7 47
7 49
7 51
7 52
7 54
7 56
7 57
7 59
7 60
7 61
7 62
7 64
7 67
7 68
7 69
7 70
7 71
7 73
7 74
7 75
7 76
7 77
7 79
7 81
7 82
7 85
7 86
7 87
7 88
7 89
7 91
7 94
7 95
7 97
7 98
7 99
8 9
8 10
8 12
8 16
8 21
8 22
8 23
8 24
8 27
8 29
8 30
8 32
8 33
8 34
8 35
8 36
8 37
8 39
8 42
8 43
8 45
8 48
8 49
8 52
8 57
8 58
8 62
8 63
8 65
8 66
8 67
8 68
8 69
8 70
8 77
8 83
8 84
8 85
8 89
8 90
8 93
8 95
8 96
8 97
9 10
9 11
9 12
9 13
9 15
9 19
9 20
9 21
9 25
9 28
9 30
9 33
9 36
9 39
9 40
9 41
9 42
9 44
9 46
9 47
9 48
9 49
9 50
9 51
9 52
9 54
9 55
9 57
9 58
9 61
9 66
9 67
9 71
9 72
9 76
9 77
9 79
9 81
9 84
9 86
9 88
9 89
9 90
9 91
9 94
9 95
9 96
9 97
10 11
10 18
10 21
10 22
10 23
10 24
10 25
10 27
10 28
10 29
10 40
10 41
10 43
10 45
10 46
10 49
10 54
10 57
10 58
10 59
10 60
10 61
10 63
10 65
10 68
10 72
10 74
10 79
10 81
10 85
10 86
10 87
10 89
10 90
10 92
10 93
10 96
10 97
11 12
11 17
11 18
11 19
11 20
11 22
11 25
11 26
11 27
11 28
11 29
11 30
11 31
11 32
11 36
11 39
11 40
11 43
11 49
11 51
11 53
11 54
11 55
11 56
11 59
11 60
11 61
11 63
11 64
11 65
11 67
11 68
11 69
11 73
11 74
11 81
11 85
11 86
11 94
11 96
11 97
12 13
12 14
12 16
12 26
12 27
12 32
12 34
12 36
12 37
12 43
12 44
12 45
12 47
12 49
12 52
12 54
12 59
12 61
12 62
12 63
12 64
12 67
12 68
12 70
12 71
12 73
12 76
12 77
12 79
12 89
12 92
12 94
12 95
12 96
12 98
13 15
13 16
13 17
13 20
13 21
13 23
13 26
13 30
13 31
13 33
13 35
13 38
13 40
13 41
13 43
13 44
13 45
13 46
13 47
13 48
13 49
13 51
13 53
13 54
13 56
13 59
13 60
13 61
13 62
13 63
13 64
13 66
13 68
13 69
13 71
13 74
13 75
13 76
13 77
13 82
13 86
13 88
13 89
13 90
13 92
13 93
13 96
13 98
14 15
14 18
14 21
14 22
14 23
14 24
14 25
14 26
14 27
14 28
14 29
14 30
14 31
14 32
14 33
14 34
14 36
14 38
14 41
14 42
14 44
14 46
14 49
14 52
14 55
14 58
14 59
14 60
14 62
14 63
14 64
14 65
14 66
14 67
14 68
14 69
14 71
14 72
14 74
14 75
14 78
14 80
14 82
14 83
14 85
14 86
14 90
14 92
14 93
14 94
14 95
14 96
14 97
14 98
14 99
15 16
15 17
15 18
15 25
15 27
15 29
15 30
15 33
15 34
15 39
15 40
15 41
15 43
15 45
15 46
15 49
15 50
15 54
15 55
15 57
15 59
15 60
15 61
15 63
15 66
15 67
15 68
15 69
15 70
15 71
15 76
15 77
15 78
15 79
15 80
15 83
15 84
15 87
15 90
15 92
15 93
15 94
15 97
15 98
16 20
16 21
16 23
16 24
16 25
16 27
16 28
16 29
16 31
16 32
16 36
16 37
16 38
16 39
16 41
16 43
16 44
16 45
16 46
16 47
16 48
16 52
16 58
16 60
16 62
16 65
16 67
16 68
16 70
16 72
16 74
16 76
16 77
16 78
16 79
16 83
16 84
16 88
16 90
16 92
16 93
16 95
16 96
16 97
16 98
16 99
17 19
17 21
17 22
17 26
17 27
17 28
17 32
17 33
17 34
17 35
17 36
17 37
17 41
17 44
17 48
17 53
17 58
17 59
17 65
17 66
17 68
17 69
17 72
17 73
17 74
17 75
17 81
17 83
17 84
17 91
17 92
17 93
17 95
17 96
17 97
18 20
18 22
18 26
18 28
18 32
18 35
18 38
18 41
18 43
18 44
18 46
18 47
18 48
18 50
18 53
18 56
18 58
18 59
18 60
18 61
18 63
18 65
18 67
18 68
18 69
18 73
18 76
18 78
18 79
18 81
18 86
18 90
18 91
18 92
18 93
18 97
18 98
18 99
19 21
19 27
19 30
19 33
19 34
19 38
19 39
19 42
19 43
19 44
19 46
19 48
19 51
19 53
19 54
19 56
19 60
19 61
19 64
19 69
19 72
19 75
19 77
19 78
19 82
19 85
19 92
19 96
19 97
19 98
20 21
20 23
20 25
20 26
20 28
20 30
20 34
20 35
20 38
20 43
20 47
20 49
20 51
20 52
20 53
20 57
20 59
20 60
20 62
20 63
20 66
20 68
20 69
20 70
20 72
20 76
20 78
20 79
20 80
20 83
20 84
20 85
20 86
20 87
20 89
20 90
20 91
20 93
20 95
20 99
21 22
21 24
21 28
21 29
21 30
21 33
21 34
21 35
21 36
21 37
21 38
21 39
21 40
21 41
21 42
21 43
21 45
21 47
21 50
21 51
21 53
21 54
21 60
21 62
21 63
21 65
21 66
21 68
21 70
21 71
21 72
21 74
21 79
21 80
21 81
21 83
21 84
21 87
21 88
21 90
21 91
21 95
21 96
21 99
22 23
22 26
22 27
22 29
22 31
22 36
22 38
22 40
22 41
22 42
22 48
22 49
22 50
22 51
22 52
22 53
22 55
22 56
22 57
22 58
22 62
22 64
22 65
22 66
22 70
22 73
22 74
22 76
22 77
22 81
22 82
22 84
22 86
22 87
22 90
22 94
22 96
22 97
22 98
23 24
23 26
23 27
23 29
23 31
23 33
23 35
23 36
23 37
23 39
23 41
23 43
23 44
23 45
23 47
23 48
23 49
23 52
23 53
23 54
23 57
23 58
23 59
23 60
23 61
23 62
23 63
23 64
23 65
23 68
23 69
23 70
23 71
23 73
23 74
23 77
23 81
23 82
23 83
23 87
23 88
23 92
23 94
23 96
23 98
23 99
24 26
24 28
24 29
24 30
24 31
24 36
24 37
24 40
24 41
24 43
24 44
24 45
24 46
24 48
24 50
24 53
24 55
24 58
24 59
24 60
24 61
24 63
24 65
24 66
24 67
24 70
24 72
24 75
24 77
24 79
24 80
24 82
24 83
24 84
24 85
24 87
24 89
24 90
24 93
24 94
24 97
24 98
25 26
25 27
25 30
25 32
25 34
25 41
25 43
25 46
25 47
25 50
25 52
25 53
25 55
25 56
25 58
25 59
25 60
25 67
25 68
25 70
25 76
25 77
25 78
25 84
25 88
25 94
25 95
25 96
25 97
25 98
26 28
26 31
26 36
26 39
26 47
26 53
26 54
26 57
26 58
26 61
26 62
26 63
26 64
26 65
26 66
26 68
26 70
26 71
26 73
26 74
26 78
26 79
26 82
26 84
26 86
26 91
26 93
26 94
26 95
27 28
27 29
27 30
27 33
27 35
27 36
27 37
27 38
27 39
27 40
27 41
27 42
27 45
27 46
27 47
27 48
27 53
27 54
27 55
27 57
27 58
27 59
27 60
27 61
27 62
27 63
27 64
27 65
27 66
27 67
27 68
27 69
27 74
27 75
27 78
27 79
27 82
27 83
27 85
27 86
27 88
27 91
27 92
27 93
27 95
27 96
27 97
27 98
27 99
28 32
28 33
28 35
28 38
28 41
28 42
28 44
28 45
28 47
28 48
28 49
28 57
28 59
28 61
28 64
28 67
28 72
28 74
28 75
28 76
28 77
28 83
28 84
28 85
28 86
28 87
28 88
28 90
28 91
28 93
28 95
28 97
28 98
28 99
29 30
29 32
29 33
29 34
29 35
29 36
29 43
29 45
29 46
29 49
29 50
29 51
29 54
29 55
29 57
29 59
29 60
29 61
29 62
29 64
29 66
29 67
29 68
29 70
29 72
29 74
29 78
29 79
29 81
29 82
29 83
29 84
29 85
29 86
29 88
29 91
29 93
29 94
29 95
29 96
29 97
29 98
30 35
30 38
30 39
30 41
30 45
30 46
30 49
30 50
30 51
30 53
30 54
30 56
30 58
30 59
30 62
30 66
30 68
30 69
30 71
30 72
30 78
30 80
30 82
30 84
30 85
30 86
30 87
30 91
30 93
30 97
30 99
31 32
31 33
31 34
31 35
31 37
31 41
31 42
31 43
31 45
31 46
31 47
31 50
31 52
31 53
31 63
31 65
31 66
31 68
31 69
31 70
31 74
31 76
31 78
31 79
31 80
31 82
31 84
31 85
31 87
31 90
31 91
31 94
31 95
31 97
31 98
31 99
32 33
32 35
32 36
32 37
32 38
32 39
32 40
32 41
32 42
32 44
32 45
32 48
32 49
32 51
32 52
32 54
32 55
32 57
32 58
32 60
32 65
32 71
32 72
32 73
32 74
32 75
32 77
32 78
32 80
32 81
32 82
32 84
32 85
32 86
32 88
32 91
32 99
33 37
33 40
33 41
33 44
33 46
33 48
33 49
33 50
33 51
33 56
33 61
33 62
33 65
33 67
33 68
33 69
33 78
33 83
33 84
33 85
33 86
33 90
33 92
33 93
33 94
33 99
34 35
34 36
34 37
34 39
34 45
34 46
34 49
34 50
34 51
34 53
34 59
34 61
34 63
34 66
34 69
34 71
34 72
34 73
34 75
34 76
34 77
34 81
34 85
34 88
34 89
34 90
34 91
34 93
34 95
34 97
35 36
35 40
35 44
35 45
35 46
35 47
35 48
35 49
35 50
35 52
35 55
35 58
35 59
35 65
35 67
35 68
35 69
35 79
35 81
35 85
35 88
35 90
35 91
35 99
36 39
36 43
36 44
36 46
36 49
36 51
36 53
36 55
36 56
36 59
36 61
36 62
36 63
36 65
36 66
36 69
36 70
36 71
36 72
36 73
36 78
36 79
36 88
36 89
36 90
36 94
36 95
36 99
37 38
37 39
37 41
37 42
37 43
37 44
37 45
37 46
37 47
37 49
37 52
37 54
37 55
37 58
37 60
37 62
37 63
37 64
37 66
37 67
37 68
37 72
37 74
37 75
37 76
37 78
37 81
37 84
37 87
37 88
37 89
37 91
37 93
37 95
37 96
37 98
37 99
38 40
38 41
38 46
38 47
38 48
38 49
38 52
38 53
38 55
38 56
38 57
38 58
38 60
38 62
38 65
38 68
38 70
38 71
38 72
38 73
38 75
38 78
38 80
38 81
38 84
38 85
38 86
38 87
38 92
38 93
38 94
38 95
38 96
39 40
39 43
39 50
39 53
39 54
39 56
39 57
39 59
39 60
39 61
39 62
39 63
39 66
39 67
39 69
39 70
39 71
39 72
39 73
39 76
39 77
39 78
39 80
39 81
39 83
39 85
39 86
39 88
39 89
39 92
39 95
39 97
39 99
40 45
40 46
40 47
40 48
40 49
40 50
40 55
40 57
40 58
40 59
40 60
40 64
40 65
40 67
40 68
40 69
40 74
40 75
40 76
40 78
40 79
40 80
40 85
40 86
40 88
40 91
40 94
40 95
41 43
41 44
41 45
41 46
41 48
41 50
41 52
41 56
41 58
41 63
41 64
41 65
41 66
41 67
41 68
41 69
41 70
41 72
41 73
41 74
41 75
41 76
41 77
41 79
41 81
41 83
41 85
41 87
41 88
41 89
41 93
41 94
41 96
41 98
41 99
42 45
42 48
42 49
42 51
42 52
42 54
42 57
42 58
42 59
42 61
42 64
42 65
42 71
42 72
42 75
42 78
42 82
42 83
42 85
42 89
42 90
42 92
42 97
42 99
43 44
43 45
43 46
43 47
43 49
43 52
43 58
43 59
43 62
43 65
43 67
43 71
43 72
43 73
43 74
43 75
43 77
43 79
43 80
43 81
43 83
43 84
43 85
43 86
43 87
43 90
43 94
44 46
44 51
44 52
44 53
44 54
44 55
44 58
44 59
44 60
44 62
44 64
44 65
44 66
44 68
44 69
44 70
44 73
44 74
44 77
44 80
44 81
44 83
44 84
44 88
44 89
44 90
44 93
44 96
45 46
45 48
45 53
45 55
45 57
45 60
45 63
45 64
45 67
45 69
45 70
45 71
45 73
45 74
45 75
45 76
45 79
45 80
45 82
45 83
45 85
45 87
45 90
45 93
45 94
45 97
45 99
46 48
46 49
46 57
46 58
46 61
46 64
46 65
46 67
46 68
46 69
46 70
46 72
46 78
46 82
46 84
46 91
46 92
46 94
47 50
47 51
47 54
47 55
47 57
47 59
47 60
47 64
47 68
47 69
47 70
47 76
47 81
47 82
47 84
47 85
47 87
47 89
47 91
47 92
47 94
47 95
47 97
47 99
48 49
48 50
48 51
48 53
48 55
48 57
48 58
48 59
48 60
48 63
48 65
48 66
48 67
48 68
48 69
48 70
48 72
48 73
48 74
48 76
48 78
48 80
48 81
48 82
48 87
48 88
48 91
48 92
48 96
49 50
49 52
49 55
49 57
49 58
49 60
49 61
49 62
49 63
49 68
49 69
49 73
49 77
49 78
49 79
49 82
49 85
49 86
49 88
49 91
49 92
49 93
49 94
49 95
49 96
49 97
50 53
50 55
50 56
50 60
50 63
50 65
50 67
50 70
50 71
50 72
50 73
50 80
50 82
50 86
50 88
50 90
50 91
50 92
50 95
50 98
51 52
51 53
51 59
51 60
51 63
51 64
51 65
51 66
51 68
51 72
51 74
51 76
51 78
51 79
51 83
51 85
51 87
51 88
51 89
51 90
51 91
51 92
51 93
51 95
51 98
52 53
52 54
52 55
52 59
52 60
52 62
52 65
52 67
52 68
52 70
52 71
52 73
52 75
52 77
52 78
52 81
52 83
52 85
52 88
52 90
52 91
52 92
52 93
52 95
52 96
53 54
53 55
53 56
53 57
53 58
53 59
53 60
53 63
53 66
53 67
53 72
53 73
53 74
53 75
53 76
53 81
53 82
53 85
53 89
53 90
53 93
53 95
53 96
53 97
54 55
54 56
54 58
54 59
54 60
54 65
54 67
54 68
54 69
54 70
54 76
54 79
54 81
54 82
54 87
54 89
54 90
54 92
54 93
54 94
54 98
54 99
55 59
55 60
55 63
55 65
55 67
55 69
55 75
55 76
55 77
55 78
55 79
55 80
55 81
55 82
55 83
55 85
55 86
55 87
55 91
55 92
55 94
55 95
55 96
55 97
55 98
55 99
56 58
56 62
56 65
56 67
56 69
56 72
56 73
56 76
56 77
56 78
56 79
56 87
56 88
56 89
56 91
56 94
56 96
56 97
56 98
57 58
57 59
57 60
57 67
57 68
57 70
57 71
57 72
57 80
57 83
57 85
57 87
57 88
57 91
57 92
57 93
57 94
57 95
57 98
58 59
58 60
58 61
58 63
58 64
58 65
58 66
58 68
58 69
58 71
58 72
58 74
58 78
58 80
58 82
58 83
58 84
58 89
58 94
58 95
58 96
58 97
59 63
59 67
59 68
59 70
59 74
59 76
59 78
59 79
59 81
59 82
59 85
59 86
59 88
59 89
59 90
59 91
59 93
59 94
59 97
59 99
60 62
60 64
60 65
60 66
60 67
60 71
60 72
60 75
60 78
60 79
60 80
60 82
60 83
60 86
60 88
60 91
60 93
60 94
60 96
60 97
60 99
61 63
61 67
61 68
61 69
61 73
61 75
61 76
61 79
61 81
61 82
61 84
61 86
61 87
61 88
61 90
61 91
61 93
61 94
61 97
61 99
62 63
62 64
62 67
62 70
62 71
62 73
62 76
62 82
62 86
62 89
62 92
62 94
62 95
62 96
63 66
63 68
63 69
63 70
63 71
63 77
63 78
63 80
63 82
63 84
63 87
63 94
63 95
63 96
63 97
64 65
64 69
64 70
64 71
64 72
64 73
64 74
64 76
64 79
64 80
64 82
64 83
64 85
64 87
64 89
64 90
64 91
64 93
64 94
64 96
64 98
65 66
65 68
65 69
65 70
65 71
65 72
65 74
65 75
65 80
65 81
65 82
65 83
65 84
65 86
65 87
65 89
65 91
65 92
65 93
65 95
65 97
65 98
66 67
66 72
66 74
66 75
66 79
66 80
66 82
66 84
66 87
66 88
66 89
66 92
66 95
66 99
67 70
67 71
67 72
67 73
67 74
67 75
67 77
67 80
67 85
67 91
67 95
67 98
68 69
68 70
68 71
68 73
68 74
68 75
68 76
68 77
68 84
68 85
68 86
68 88
68 90
68 92
68 94
68 95
68 97
68 98
68 99
69 71
69 72
69 74
69 75
69 78
69 81
69 83
69 86
69 87
69 88
69 90
69 92
69 93
69 95
69 97
69 98
70 71
70 72
70 73
70 76
70 77
70 81
70 82
70 84
70 85
70 89
70 90
70 94
70 96
70 98
70 99
71 72
71 73
71 74
71 75
71 77
71 79
71 82
71 84
71 85
71 86
71 88
71 89
71 91
71 92
71 93
71 96
71 97
72 73
72 75
72 79
72 80
72 86
72 88
72 89
72 93
72 96
72 97
72 98
72 99
73 75
73 76
73 78
73 79
73 80
73 81
73 83
73 85
73 86
73 87
73 90
73 92
73 93
73 94
73 99
74 75
74 76
74 77
74 80
74 82
74 84
74 85
74 87
74 88
74 89
74 94
75 80
75 81
75 82
75 84
75 85
75 86
75 87
75 93
75 96
75 97
75 98
75 99
76 79
76 80
76 82
76 85
76 89
76 93
76 97
76 99
77 78
77 83
77 84
77 85
77 87
77 88
77 94
77 95
77 97
78 79
78 80
78 81
78 84
78 85
78 93
78 99
79 85
79 86
79 87
79 89
79 92
79 93
79 94
79 96
79 98
79 99
80 81
80 82
80 83
80 84
80 85
80 88
80 90
80 91
80 92
80 93
80 95
80 96
80 98
80 99
81 82
81 83
81 84
81 87
81 89
81 90
81 92
81 93
81 96
81 97
81 98
81 99
82 83
82 85
82 86
82 88
82 90
82 92
82 94
82 96
83 84
83 85
83 86
83 89
83 91
83 94
83 95
83 96
83 97
83 98
83 99
84 87
84 88
84 89
84 90
84 92
84 93
84 94
84 96
84 99
85 86
85 87
85 88
85 89
85 94
85 96
85 98
85 99
86 88
86 91
86 92
86 94
86 96
86 99
87 88
87 91
87 94
87 95
87 97
87 98
87 99
88 89
88 92
88 95
88 96
88 98
89 90
89 91
89 92
89 95
89 97
89 99
90 92
90 93
90 95
90 96
91 92
91 95
91 98
92 93
92 94
92 96
92 97
92 99
93 96
93 97
93 99
94 97
94 98
94 99
95 98
96 97
96 99
97 98
97 99
