0 2
0 6
0 7
0 8
0 10
0 11
0 13
0 14
0 16
0 17
0 19
0 20
0 22
0 25
0 27
0 29
0 31
0 32
0 33
0 35
0 36
0 37
0 43
0 46
0 47
0 49
0 52
0 53
0 56
0 57
0 59
0 60
0 73
0 74
0 75
0 78
0 80
0 82
0 83
0 87
0 88
0 89
0 90
0 91
0 92
0 93
0 94
0 95
0 96
1 2
1 3
1 5
1 7
1 8
1 12
1 13
1 15
1 16
1 18
1 19
1 20
1 24
1 27
1 28
1 29
1 30
1 31
1 34
1 35
1 38
1 41
1 46
1 47
1 53
1 56
1 57
1 58
1 59
1 60
1 64
1 67
1 68
1 69
1 70
1 72
1 73
1 75
1 76
1 78
1 79
1 81
1 82
1 83
1 87
1 89
1 91
1 92
1 94
1 96
1 98
2 6
2 8
2 9
2 12
2 17
2 18
2 19
2 22
2 25
2 28
2 29
2 30
2 34
2 36
2 39
2 40
2 41
2 42
2 45
2 48
2 50
2 51
2 52
2 54
2 56
2 58
2 59
2 60
2 61
2 62
2 63
2 65
2 66
2 67
2 68
2 71
2 72
2 74
2 75
2 76
2 77
2 78
2 79
2 80
2 81
2 86
2 88
2 90
2 91
2 93
2 94
2 98
3 4
3 6
3 7
3 8
3 15
3 17
3 18
3 23
3 26
3 27
3 29
3 30
3 33
3 34
3 37
3 38
3 44
3 47
3 50
3 51
3 53
3 54
3 56
3 60
3 62
3 63
3 64
3 65
3 66
3 69
3 72
3 73
3 74
3 75
3 76
3 78
3 79
3 80
3 81
3 82
3 83
3 84
3 89
3 90
3 91
3 92
3 94
3 96
3 99
4 9
4 13
4 14
4 15
4 17
4 18
4 19
4 20
4 22
4 29
4 34
4 39
4 42
4 43
4 44
4 45
4 46
4 47
4 50
4 51
4 53
4 55
4 57
4 58
4 61
4 64
4 65
4 66
4 67
4 68
4 69
4 71
4 72
4 75
4 76
4 77
4 79
4 81
4 83
4 85
4 88
4 89
4 93
4 94
4 99
5 6
5 9
5 11
5 13
5 14
5 15
5 17
5 18
5 19
5 20
5 21
5 23
5 25
5 27
5 28
5 30
5 32
5 34
5 35
5 37
5 40
5 41
5 42
5 43
5 45
5 46
5 47
5 49
5 53
5 54
5 55
5 57
5 58
5 59
5 60
5 61
5 64
5 66
5 67
5 68
5 69
5 70
5 71
5 75
5 78
5 79
5 80
5 81
5 85
5 86
5 88
5 89
5 92
5 93
5 94
5 95
5 96
5 97
5 98
6 9
6 10
6 13
6 14
6 21
6 22
6 25
6 26
6 27
6 28
6 29
6 33
6 34
6 35
6 36
6 37
6 39
6 45
6 46
6 48
6 49
6 51
6 56
6 57
6 60
6 61
6 62
6 63
6 67
6 69
6 71
6 72
6 73
6 74
6 75
6 77
6 78
6 81
6 84
6 85
6 86
6 87
6 88
6 92
6 93
6 96
6 97
7 9
7 13
7 16
7 17
7 19
7 24
7 25
7 29
7 34
7 35
7 37
7 38
7 41
7 44
7 45
7 46
7 47
7 50
7 51
7 55
7 58
7 59
7 60
7 61
7 64
7 69
7 70
7 71
7 75
7 77
7 79
7 82
7 87
7 90
7 92
7 93
7 97
7 98
8 9
8 10
8 11
8 16
8 19
8 20
8 23
8 25
8 26
8 28
8 31
8 32
8 33
8 35
8 37
8 38
8 40
8 42
8 47
8 48
8 49
8 50
8 51
8 53
8 54
8 55
8 56
8 57
8 62
8 68
8 70
8 72
8 73
8 74
8 75
8 77
8 78
8 80
8 82
8 83
8 84
8 85
8 86
8 87
8 89
8 91
8 94
8 95
8 96
9 18
9 19
9 20
9 24
9 28
9 30
9 33
9 35
9 36
9 37
9 38
9 39
9 40
9 43
9 44
9 45
9 46
9 47
9 48
9 49
9 51
9 56
9 59
9 60
9 64
9 65
9 67
9 68
9 69
9 71
9 72
9 73
9 74
9 75
9 76
9 77
9 78
9 79
9 80
9 84
9 85
9 86
9 91
9 92
9 96
9 97
10 12
10 14
10 16
10 18
10 20
10 22
10 24
10 25
10 26
10 33
10 34
10 38
10 43
10 50
10 53
10 54
10 55
10 56
10 59
10 60
10 62
10 65
10 67
10 68
10 71
10 74
10 75
10 76
10 77
10 78
10 82
10 83
10 84
10 86
10 88
10 89
10 90
10 91
10 94
10 95
10 97
10 99
11 15
11 16
11 20
11 22
11 25
11 26
11 28
11 35
11 36
11 37
11 38
11 40
11 41
11 42
11 51
11 55
11 58
11 60
11 61
11 64
11 65
11 72
11 75
11 77
11 79
11 81
11 82
11 84
11 86
11 93
11 94
11 99
12 13
12 16
12 17
12 18
12 19
12 21
12 22
12 24
12 26
12 28
12 29
12 31
12 32
12 34
12 35
12 37
12 39
12 40
12 48
12 52
12 55
12 57
12 58
12 59
12 63
12 65
12 67
12 69
12 70
12 73
12 75
12 76
12 77
12 83
12 86
12 90
12 92
12 93
12 94
12 96
12 98
13 14
13 20
13 21
13 22
13 23
13 27
13 29
13 30
13 31
13 33
13 34
13 36
13 38
13 42
13 45
13 49
13 50
13 52
13 53
13 54
13 55
13 58
13 62
13 65
13 68
13 69
13 70
13 72
13 73
13 76
13 78
13 80
13 81
13 82
13 85
13 86
13 87
13 88
13 90
13 92
13 94
13 95
13 97
13 98
14 15
14 16
14 18
14 19
14 23
14 24
14 25
14 26
14 27
14 28
14 29
14 30
14 32
14 33
14 35
14 40
14 41
14 42
14 43
14 44
14 47
14 54
14 58
14 60
14 62
14 63
14 65
14 66
14 67
14 68
14 69
14 72
14 73
14 76
14 77
14 78
14 80
14 81
14 82
14 83
14 84
14 86
14 88
14 89
14 92
14 93
14 98
15 16
15 21
15 22
15 23
15 27
15 29
15 30
15 31
15 34
15 36
15 38
15 40
15 41
15 42
15 43
15 45
15 46
15 47
15 48
15 49
15 51
15 54
15 55
15 59
15 63
15 64
15 65
15 67
15 69
15 70
15 74
15 76
15 77
15 78
15 80
15 81
15 83
15 84
15 85
15 87
15 89
15 91
15 92
15 93
15 96
15 98
15 99
16 18
16 19
16 20
16 21
16 22
16 23
16 25
16 27
16 29
16 30
16 32
16 34
16 35
16 37
16 40
16 44
16 45
16 48
16 50
16 51
16 53
16 54
16 56
16 57
16 58
16 60
16 62
16 63
16 64
16 67
16 73
16 74
16 76
16 77
16 78
16 85
16 87
16 88
16 90
16 93
16 95
16 96
16 99
17 18
17 19
17 20
17 22
17 24
17 27
17 31
17 32
17 33
17 36
17 38
17 39
17 40
17 42
17 43
17 44
17 47
17 48
17 49
17 52
17 53
17 54
17 55
17 56
17 59
17 62
17 63
17 65
17 67
17 68
17 71
17 73
17 76
17 77
17 79
17 80
17 82
17 83
17 87
17 88
17 89
17 90
17 92
17 93
17 94
17 99
18 21
18 23
18 24
18 25
18 26
18 27
18 28
18 31
18 32
18 33
18 36
18 37
18 38
18 39
18 41
18 42
18 43
18 45
18 49
18 50
18 51
18 52
18 55
18 57
18 62
18 65
18 69
18 70
18 71
18 73
18 74
18 76
18 77
18 79
18 80
18 83
18 84
18 85
18 94
18 96
19 20
19 22
19 23
19 31
19 32
19 33
19 35
19 37
19 41
19 44
19 45
19 46
19 48
19 49
19 50
19 51
19 53
19 54
19 55
19 57
19 59
19 62
19 63
19 64
19 67
19 69
19 71
19 72
19 74
19 76
19 77
19 79
19 85
19 87
19 88
19 89
19 91
19 92
19 96
19 97
19 98
19 99
20 22
20 23
20 25
20 29
20 30
20 31
20 33
20 37
20 38
20 39
20 40
20 41
20 45
20 47
20 48
20 49
20 52
20 57
20 58
20 59
20 60
20 61
20 63
20 64
20 66
20 67
20 69
20 72
20 73
20 74
20 75
20 78
20 83
20 84
20 85
20 88
20 89
20 90
20 96
20 97
20 98
20 99
21 22
21 23
21 25
21 26
21 27
21 28
21 30
21 31
21 33
21 36
21 38
21 39
21 40
21 41
21 42
21 44
21 45
21 50
21 54
21 56
21 57
21 58
21 59
21 60
21 62
21 69
21 70
21 71
21 72
21 73
21 74
21 75
21 77
21 79
21 80
21 81
21 85
21 87
21 90
21 91
21 94
21 95
21 97
21 99
22 24
22 27
22 30
22 32
22 33
22 34
22 37
22 38
22 39
22 43
22 44
22 46
22 49
22 51
22 55
22 60
22 61
22 63
22 67
22 68
22 73
22 74
22 76
22 78
22 79
22 80
22 84
22 85
22 86
22 88
22 89
22 90
22 91
22 93
22 96
22 97
22 98
22 99
23 24
23 26
23 28
23 30
23 31
23 32
23 33
23 38
23 39
23 42
23 44
23 45
23 48
23 51
23 52
23 53
23 55
23 56
23 57
23 58
23 59
23 60
23 61
23 62
23 67
23 68
23 69
23 70
23 73
23 75
23 77
23 81
23 83
23 84
23 86
23 87
23 88
23 90
23 94
23 95
24 25
24 26
24 28
24 31
24 34
24 35
24 38
24 40
24 43
24 44
24 46
24 51
24 53
24 55
24 56
24 57
24 58
24 60
24 63
24 65
24 66
24 67
24 68
24 70
24 72
24 73
24 76
24 77
24 78
24 81
24 82
24 84
24 85
24 88
24 89
24 90
24 92
24 93
24 94
24 95
24 96
24 97
24 98
24 99
25 27
25 29
25 32
25 33
25 35
25 38
25 39
25 40
25 42
25 45
25 49
25 50
25 52
25 55
25 56
25 57
25 64
25 65
25 67
25 68
25 70
25 72
25 73
25 74
25 75
25 76
25 77
25 78
25 80
25 81
25 82
25 83
25 88
25 89
25 90
25 91
25 93
26 27
26 31
26 32
26 34
26 36
26 37
26 39
26 43
26 45
26 46
26 48
26 50
26 52
26 55
26 57
26 58
26 60
26 64
26 67
26 71
26 75
26 78
26 79
26 81
26 88
26 90
26 91
26 95
26 96
27 32
27 33
27 35
27 36
27 37
27 40
27 42
27 43
27 44
27 47
27 48
27 49
27 54
27 56
27 58
27 62
27 63
27 65
27 66
27 67
27 68
27 69
27 70
27 71
27 76
27 78
27 80
27 83
27 84
27 87
27 89
27 91
27 93
27 95
27 98
27 99
28 29
28 32
28 33
28 35
28 36
28 37
28 43
28 44
28 47
28 50
28 53
28 54
28 55
28 60
28 62
28 65
28 66
28 69
28 70
28 72
28 74
28 76
28 77
28 79
28 80
28 82
28 83
28 85
28 86
28 87
28 90
28 93
29 30
29 36
29 37
29 42
29 44
29 47
29 48
29 49
29 53
29 55
29 57
29 58
29 59
29 60
29 65
29 67
29 68
29 69
29 70
29 75
29 78
29 80
29 81
29 82
29 83
29 84
29 88
29 91
29 93
29 94
29 95
29 99
30 31
30 33
30 37
30 38
30 39
30 40
30 46
30 47
30 48
30 55
30 56
30 60
30 63
30 65
30 67
30 70
30 71
30 76
30 79
30 85
30 86
30 88
30 92
30 94
30 95
30 98
30 99
31 33
31 34
31 35
31 45
31 49
31 50
31 52
31 53
31 54
31 55
31 58
31 59
31 68
31 69
31 70
31 71
31 72
31 73
31 74
31 75
31 76
31 83
31 85
31 88
31 89
31 99
32 37
32 40
32 42
32 44
32 45
32 47
32 48
32 49
32 55
32 57
32 58
32 61
32 67
32 71
32 74
32 76
32 80
32 84
32 85
32 86
32 94
32 95
32 96
32 99
33 35
33 38
33 40
33 41
33 42
33 43
33 44
33 45
33 47
33 48
33 49
33 53
33 56
33 57
33 59
33 60
33 65
33 75
33 76
33 77
33 79
33 80
33 81
33 84
33 85
33 92
33 93
33 94
33 95
33 98
34 36
34 37
34 38
34 40
34 47
34 48
34 49
34 52
34 54
34 55
34 56
34 58
34 59
34 61
34 62
34 64
34 65
34 70
34 71
34 72
34 73
34 75
34 76
34 77
34 78
34 79
34 80
34 82
34 85
34 86
34 89
34 90
34 92
34 94
34 96
34 98
34 99
35 36
35 41
35 47
35 48
35 49
35 53
35 55
35 57
35 58
35 59
35 62
35 63
35 64
35 67
35 68
35 71
35 72
35 73
35 74
35 75
35 76
35 77
35 78
35 81
35 85
35 86
35 87
35 88
35 89
35 92
35 93
35 95
35 98
35 99
36 39
36 43
36 46
36 47
36 50
36 54
36 55
36 56
36 57
36 58
36 59
36 64
36 65
36 66
36 68
36 69
36 70
36 71
36 72
36 73
36 75
36 76
36 78
36 79
36 80
36 87
36 88
36 89
36 90
36 91
36 97
36 98
37 39
37 40
37 41
37 43
37 45
37 46
37 48
37 54
37 56
37 58
37 61
37 62
37 67
37 68
37 71
37 73
37 74
37 75
37 76
37 77
37 78
37 79
37 81
37 83
37 85
37 87
37 89
37 91
37 92
37 93
37 94
37 96
37 99
38 39
38 41
38 46
38 47
38 51
38 52
38 53
38 54
38 55
38 56
38 57
38 59
38 65
38 66
38 73
38 74
38 86
38 87
38 88
38 92
38 99
39 41
39 42
39 43
39 46
39 48
39 49
39 53
39 59
39 60
39 61
39 62
39 65
39 68
39 72
39 73
39 74
39 75
39 77
39 80
39 81
39 82
39 87
39 90
39 96
39 97
39 98
39 99
40 43
40 44
40 45
40 46
40 47
40 48
40 51
40 52
40 58
40 59
40 63
40 66
40 67
40 68
40 70
40 71
40 72
40 74
40 75
40 76
40 77
40 78
40 81
40 82
40 87
40 89
40 90
40 91
40 93
40 97
40 98
40 99
41 42
41 44
41 48
41 50
41 52
41 57
41 58
41 59
41 60
41 61
41 62
41 65
41 67
41 68
41 71
41 75
41 76
41 79
41 81
41 83
41 92
41 93
41 95
41 97
41 98
41 99
42 43
42 49
42 51
42 52
42 55
42 57
42 59
42 61
42 63
42 67
42 71
42 72
42 73
42 78
42 79
42 81
42 82
42 85
42 88
42 91
42 92
42 96
43 46
43 47
43 49
43 51
43 52
43 53
43 55
43 56
43 58
43 60
43 62
43 64
43 68
43 72
43 75
43 76
43 77
43 83
43 85
43 86
43 88
43 89
43 90
43 93
43 95
43 96
43 97
43 99
44 45
44 48
44 50
44 51
44 52
44 55
44 56
44 57
44 59
44 61
44 62
44 64
44 65
44 66
44 67
44 68
44 70
44 73
44 74
44 75
44 79
44 80
44 84
44 85
44 86
44 87
44 88
44 89
44 92
44 94
44 95
44 96
44 98
45 46
45 47
45 48
45 49
45 54
45 55
45 57
45 64
45 65
45 66
45 67
45 69
45 71
45 75
45 76
45 79
45 81
45 82
45 84
45 87
45 89
45 91
45 92
45 93
45 94
45 95
45 96
45 98
45 99
46 47
46 48
46 51
46 54
46 55
46 59
46 60
46 63
46 69
46 73
46 76
46 78
46 80
46 81
46 82
46 83
46 85
46 87
46 88
46 91
46 92
46 93
46 94
46 95
46 96
47 48
47 49
47 50
47 51
47 52
47 53
47 55
47 56
47 60
47 63
47 65
47 66
47 72
47 73
47 77
47 78
47 79
47 80
47 81
47 82
47 86
47 87
47 88
47 90
47 97
48 53
48 54
48 55
48 58
48 59
48 61
48 67
48 68
48 69
48 71
48 72
48 76
48 80
48 82
48 83
48 88
48 90
48 94
48 96
48 97
49 50
49 53
49 54
49 55
49 57
49 65
49 68
49 71
49 72
49 74
49 76
49 77
49 78
49 83
49 84
49 86
49 87
49 88
49 90
49 93
49 94
49 96
50 51
50 52
50 54
50 57
50 61
50 64
50 65
50 67
50 68
50 69
50 70
50 71
50 74
50 75
50 77
50 80
50 81
50 82
50 83
50 84
50 85
50 86
50 89
50 90
50 92
50 94
50 95
50 99
51 52
51 53
51 54
51 56
51 59
51 64
51 65
51 72
51 75
51 76
51 79
51 80
51 81
51 85
51 86
51 87
51 89
51 91
51 92
51 93
51 94
51 96
51 97
51 99
52 54
52 58
52 59
52 60
52 61
52 64
52 65
52 69
52 71
52 74
52 77
52 78
52 79
52 80
52 82
52 83
52 88
52 90
52 91
52 93
52 96
53 54
53 57
53 58
53 59
53 60
53 61
53 62
53 64
53 66
53 69
53 70
53 71
53 72
53 75
53 76
53 80
53 82
53 83
53 84
53 86
53 88
53 89
53 94
53 99
54 57
54 58
54 63
54 65
54 66
54 68
54 69
54 71
54 72
54 73
54 75
54 76
54 77
54 78
54 83
54 85
54 86
54 87
54 89
54 90
54 93
54 94
54 95
54 96
54 97
54 98
55 56
55 60
55 61
55 62
55 64
55 66
55 67
55 69
55 70
55 71
55 73
55 75
55 76
55 78
55 79
55 81
55 83
55 84
55 85
55 87
55 88
55 89
55 91
55 92
55 93
55 95
55 96
55 97
55 98
55 99
56 58
56 59
56 62
56 67
56 68
56 74
56 80
56 85
56 87
56 89
56 90
56 95
56 96
56 97
56 98
56 99
57 58
57 59
57 60
57 63
57 64
57 65
57 68
57 69
57 71
57 75
57 77
57 80
57 82
57 83
57 84
57 88
57 89
57 91
57 96
57 97
57 98
58 59
58 60
58 61
58 62
58 63
58 64
58 68
58 69
58 71
58 72
58 74
58 76
58 78
58 79
58 80
58 85
58 87
58 91
58 92
58 96
58 97
58 99
59 60
59 61
59 64
59 65
59 68
59 69
59 71
59 73
59 74
59 75
59 76
59 77
59 78
59 79
59 81
59 82
59 83
59 89
59 91
59 92
59 97
59 98
59 99
60 63
60 64
60 66
60 70
60 71
60 72
60 76
60 77
60 78
60 79
60 80
60 81
60 82
60 83
60 84
60 87
60 88
60 89
60 91
60 96
60 97
61 67
61 71
61 74
61 77
61 78
61 79
61 80
61 81
61 83
61 86
61 87
61 89
61 90
61 91
61 92
61 96
61 97
61 99
62 65
62 71
62 72
62 73
62 76
62 77
62 79
62 81
62 84
62 86
62 89
62 91
62 92
62 94
62 98
62 99
63 70
63 71
63 72
63 75
63 79
63 80
63 82
63 85
63 91
63 94
63 96
63 97
64 65
64 68
64 69
64 70
64 71
64 73
64 77
64 82
64 84
64 85
64 86
64 87
64 89
64 90
64 92
64 93
64 95
64 96
64 97
64 98
65 67
65 68
65 71
65 72
65 74
65 82
65 83
65 84
65 85
65 86
65 89
65 98
66 67
66 68
66 69
66 72
66 77
66 81
66 83
66 85
66 86
66 87
66 89
66 94
66 95
66 96
66 98
66 99
67 68
67 69
67 71
67 72
67 73
67 78
67 80
67 82
67 83
67 87
67 92
67 97
67 99
68 69
68 71
68 72
68 73
68 78
68 80
68 81
68 83
68 84
68 85
68 86
68 88
68 90
68 91
68 92
68 95
68 96
68 97
68 98
69 70
69 72
69 73
69 80
69 81
69 82
69 83
69 84
69 85
69 93
69 95
69 96
69 98
70 74
70 77
70 78
70 79
70 80
70 81
70 83
70 84
70 85
70 87
70 88
70 93
70 95
70 96
70 98
70 99
71 72
71 75
71 76
71 77
71 78
71 79
71 81
71 82
71 86
71 89
71 92
71 93
71 94
71 96
72 74
72 76
72 77
72 84
72 86
72 91
72 92
72 93
72 94
73 75
73 76
73 77
73 78
73 79
73 80
73 81
73 82
73 87
73 88
73 89
73 90
73 92
73 93
73 94
73 96
74 78
74 79
74 80
74 81
74 82
74 84
74 86
74 90
74 91
74 93
74 94
74 95
74 96
74 97
74 98
74 99
75 76
75 78
75 79
75 80
75 81
75 84
75 85
75 87
75 88
75 91
75 93
76 78
76 81
76 82
76 85
76 86
76 87
76 91
76 92
76 93
76 94
76 95
76 96
77 81
77 83
77 86
77 90
77 91
77 92
77 97
77 98
77 99
78 80
78 83
78 85
78 86
78 87
78 88
78 89
78 90
78 91
78 92
78 93
78 95
78 96
78 97
78 98
79 82
79 83
79 85
79 86
79 89
79 92
79 93
79 95
79 96
79 98
79 99
80 81
80 83
80 84
80 85
80 86
80 87
80 88
80 91
80 92
80 94
80 95
80 97
81 82
81 83
81 85
81 88
81 89
81 93
81 95
81 97
82 83
82 85
82 86
82 90
82 91
82 93
82 95
82 96
82 97
83 86
83 89
83 92
83 93
83 97
84 88
84 89
84 93
84 94
84 96
84 97
84 98
85 86
85 91
85 94
85 98
86 88
86 89
86 90
86 94
86 95
86 97
86 99
87 89
87 91
87 92
87 93
87 94
87 95
87 97
87 98
88 94
88 95
88 97
88 98
89 93
89 94
89 95
89 96
89 97
89 99
90 91
90 94
90 96
91 96
91 99
92 93
92 95
92 96
92 97
93 94
93 95
93 96
93 97
93 98
94 98
94 99
95 97
95 99
96 97
96 98
96 99
97 99
