0 1
0 3
0 6
0 11
0 14
0 18
0 22
0 25
0 26
0 29
0 36
0 37
0 38
0 40
0 42
0 43
0 44
0 45
0 46
0 51
0 53
0 56
0 57
0 64
0 65
0 70
0 71
0 72
0 73
0 74
0 76
0 78
0 80
0 81
0 82
0 85
0 86
0 87
0 88
0 89
0 91
0 93
0 98
0 99
1 2
1 3
1 4
1 5
1 7
1 14
1 18
1 20
1 27
1 28
1 31
1 37
1 38
1 40
1 42
1 45
1 46
1 47
1 49
1 51
1 53
1 54
1 55
1 58
1 59
1 62
1 65
1 69
1 71
1 76
1 78
1 79
1 83
1 84
1 85
1 87
1 88
1 89
1 90
1 91
1 97
2 8
2 10
2 12
2 14
2 15
2 16
2 17
2 18
2 22
2 23
2 24
2 27
2 28
2 29
2 33
2 35
2 36
2 39
2 41
2 42
2 45
2 46
2 47
2 48
2 51
2 52
2 54
2 56
2 57
2 59
2 62
2 63
2 64
2 66
2 68
2 72
2 73
2 74
2 80
2 81
2 82
2 83
2 87
2 91
2 95
2 98
2 99
3 4
3 5
3 6
3 9
3 11
3 12
3 14
3 15
3 16
3 17
3 23
3 24
3 25
3 26
3 29
3 31
3 33
3 34
3 35
3 37
3 44
3 47
3 48
3 51
3 52
3 53
3 54
3 55
3 59
3 62
3 66
3 67
3 68
3 69
3 71
3 72
3 73
3 74
3 75
3 76
3 78
3 79
3 81
3 82
3 84
3 86
3 87
3 88
3 89
3 90
3 95
3 98
4 7
4 8
4 10
4 11
4 12
4 15
4 19
4 21
4 26
4 27
4 30
4 31
4 36
4 39
4 42
4 43
4 45
4 46
4 48
4 49
4 52
4 55
4 56
4 59
4 62
4 69
4 72
4 73
4 75
4 77
4 79
4 81
4 83
4 85
4 89
4 91
4 96
4 97
4 98
4 99
5 7
5 8
5 11
5 12
5 13
5 15
5 17
5 18
5 19
5 20
5 21
5 22
5 23
5 25
5 27
5 32
5 33
5 34
5 35
5 36
5 39
5 40
5 42
5 43
5 46
5 47
5 48
5 49
5 50
5 54
5 55
5 58
5 60
5 64
5 65
5 66
5 67
5 68
5 69
5 70
5 72
5 75
5 76
5 77
5 78
5 80
5 82
5 83
5 84
5 86
5 90
5 92
5 93
5 94
5 98
6 9
6 11
6 12
6 13
6 14
6 19
6 21
6 22
6 24
6 29
6 32
6 33
6 34
6 35
6 38
6 39
6 40
6 41
6 43
6 44
6 45
6 47
6 49
6 51
6 52
6 53
6 54
6 57
6 59
6 60
6 63
6 65
6 71
6 73
6 74
6 77
6 78
6 79
6 80
6 81
6 83
6 86
6 88
6 89
6 90
6 93
6 96
6 97
6 98
7 13
7 14
7 18
7 22
7 23
7 25
7 27
7 28
7 30
7 35
7 36
7 39
7 41
7 42
7 43
7 48
7 49
7 50
7 56
7 61
7 63
7 66
7 67
7 68
7 70
7 73
7 78
7 79
7 84
7 87
7 89
7 95
7 97
8 12
8 14
8 15
8 19
8 20
8 21
8 22
8 25
8 28
8 31
8 32
8 36
8 37
8 38
8 41
8 46
8 47
8 49
8 50
8 51
8 53
8 55
8 56
8 57
8 59
8 60
8 61
8 63
8 64
8 65
8 66
8 67
8 69
8 70
8 72
8 77
8 78
8 87
8 88
8 89
8 91
8 95
8 96
8 97
8 99
9 10
9 13
9 15
9 18
9 21
9 22
9 25
9 28
9 31
9 32
9 33
9 35
9 36
9 40
9 41
9 42
9 43
9 46
9 48
9 51
9 52
9 54
9 61
9 62
9 64
9 66
9 69
9 71
9 73
9 75
9 77
9 78
9 79
9 80
9 81
9 82
9 84
9 86
9 89
9 90
9 92
9 95
9 96
9 97
9 99
10 11
10 19
10 25
10 28
10 29
10 30
10 31
10 34
10 35
10 36
10 38
10 39
10 40
10 41
10 42
10 43
10 44
10 45
10 49
10 50
10 51
10 52
10 53
10 60
10 61
10 62
10 63
10 66
10 67
10 69
10 72
10 75
10 76
10 81
10 82
10 83
10 85
10 89
10 95
10 97
10 99
11 12
11 16
11 17
11 18
11 19
11 22
11 23
11 26
11 27
11 28
11 31
11 36
11 37
11 38
11 41
11 42
11 46
11 49
11 50
11 54
11 55
11 58
11 59
11 60
11 63
11 65
11 69
11 70
11 71
11 72
11 73
11 75
11 77
11 78
11 79
11 80
11 81
11 82
11 84
11 86
11 87
11 88
11 89
11 90
11 92
11 93
11 95
11 96
11 97
12 15
12 16
12 19
12 22
12 23
12 25
12 26
12 28
12 29
12 30
12 31
12 34
12 38
12 39
12 40
12 41
12 42
12 44
12 45
12 46
12 50
12 51
12 55
12 56
12 59
12 62
12 64
12 65
12 67
12 71
12 73
12 74
12 75
12 77
12 78
12 79
12 80
12 83
12 85
12 86
12 87
12 88
12 93
12 95
12 96
12 97
12 98
13 14
13 15
13 17
13 18
13 25
13 27
13 28
13 32
13 33
13 37
13 39
13 40
13 43
13 45
13 46
13 47
13 49
13 51
13 53
13 61
13 62
13 64
13 65
13 71
13 72
13 74
13 75
13 76
13 77
13 79
13 80
13 81
13 82
13 83
13 84
13 86
13 88
13 89
13 92
13 97
13 98
13 99
14 15
14 18
14 20
14 22
14 24
14 25
14 27
14 29
14 32
14 35
14 39
14 41
14 42
14 48
14 50
14 58
14 61
14 62
14 64
14 66
14 67
14 68
14 74
14 76
14 78
14 79
14 82
14 86
14 87
14 89
14 93
14 96
14 97
14 98
14 99
15 19
15 20
15 22
15 25
15 26
15 27
15 28
15 30
15 31
15 32
15 35
15 36
15 42
15 43
15 46
15 47
15 48
15 49
15 50
15 51
15 52
15 53
15 59
15 61
15 62
15 67
15 68
15 69
15 70
15 71
15 73
15 74
15 75
15 77
15 78
15 79
15 80
15 82
15 84
15 87
15 89
15 90
15 95
15 96
16 26
16 27
16 28
16 33
16 39
16 41
16 43
16 44
16 45
16 46
16 50
16 51
16 54
16 55
16 56
16 57
16 58
16 64
16 67
16 76
16 79
16 80
16 81
16 86
16 87
16 88
16 89
16 90
16 93
17 18
17 19
17 22
17 23
17 24
17 25
17 28
17 29
17 31
17 34
17 39
17 42
17 44
17 45
17 46
17 48
17 49
17 51
17 54
17 55
17 58
17 60
17 61
17 63
17 64
17 65
17 66
17 71
17 73
17 74
17 76
17 77
17 83
17 85
17 86
17 87
17 88
17 90
17 92
17 93
17 94
17 96
17 99
18 19
18 22
18 23
18 25
18 27
18 28
18 29
18 33
18 34
18 35
18 38
18 43
18 45
18 47
18 51
18 52
18 53
18 54
18 56
18 57
18 58
18 59
18 61
18 64
18 65
18 66
18 67
18 70
18 73
18 74
18 75
18 78
18 83
18 84
18 85
18 87
18 88
18 93
18 96
18 97
18 98
18 99
19 20
19 21
19 22
19 24
19 25
19 26
19 31
19 32
19 34
19 35
19 37
19 39
19 41
19 42
19 44
19 45
19 48
19 52
19 53
19 55
19 57
19 58
19 59
19 60
19 64
19 66
19 68
19 70
19 72
19 73
19 74
19 75
19 77
19 78
19 81
19 82
19 84
19 86
19 87
19 88
19 89
19 90
19 97
19 98
19 99
20 21
20 22
20 23
20 28
20 31
20 33
20 34
20 36
20 38
20 40
20 42
20 46
20 49
20 50
20 51
20 54
20 55
20 56
20 58
20 61
20 62
20 63
20 64
20 65
20 66
20 67
20 68
20 79
20 81
20 82
20 83
20 84
20 85
20 86
20 91
20 92
20 96
21 22
21 23
21 25
21 29
21 30
21 32
21 37
21 38
21 39
21 44
21 46
21 50
21 52
21 55
21 56
21 57
21 58
21 61
21 62
21 66
21 68
21 69
21 71
21 73
21 74
21 75
21 79
21 85
21 86
21 90
21 95
21 96
21 97
21 99
22 23
22 24
22 25
22 26
22 27
22 28
22 32
22 34
22 41
22 42
22 44
22 45
22 46
22 47
22 48
22 56
22 57
22 59
22 62
22 65
22 69
22 70
22 71
22 76
22 77
22 81
22 82
22 83
22 87
22 90
22 91
22 92
22 94
22 95
22 96
22 97
23 26
23 31
23 35
23 36
23 37
23 40
23 44
23 52
23 53
23 54
23 55
23 56
23 58
23 60
23 62
23 66
23 69
23 70
23 74
23 77
23 79
23 80
23 81
23 83
23 84
23 85
23 86
23 87
23 91
23 95
23 96
23 98
24 29
24 30
24 32
24 33
24 34
24 36
24 37
24 38
24 39
24 40
24 42
24 44
24 46
24 47
24 53
24 54
24 56
24 57
24 59
24 61
24 62
24 63
24 64
24 65
24 67
24 68
24 69
24 70
24 71
24 73
24 74
24 75
24 76
24 77
24 78
24 79
24 80
24 81
24 83
24 85
24 87
24 88
24 91
24 92
24 94
24 98
25 29
25 31
25 32
25 33
25 35
25 36
25 37
25 38
25 39
25 41
25 42
25 44
25 46
25 48
25 52
25 55
25 57
25 58
25 61
25 62
25 73
25 75
25 83
25 84
25 88
25 90
25 93
25 95
25 97
25 98
26 28
26 29
26 30
26 31
26 32
26 33
26 34
26 35
26 37
26 38
26 39
26 40
26 51
26 55
26 58
26 59
26 60
26 61
26 62
26 63
26 67
26 72
26 73
26 76
26 80
26 83
26 84
26 85
26 86
26 88
26 89
26 90
26 92
26 94
26 95
27 28
27 29
27 32
27 37
27 38
27 40
27 41
27 42
27 44
27 45
27 46
27 48
27 49
27 56
27 57
27 59
27 64
27 65
27 68
27 71
27 72
27 74
27 75
27 76
27 78
27 79
27 81
27 84
27 86
27 87
27 89
27 90
27 91
27 94
27 96
27 98
28 31
28 32
28 35
28 37
28 43
28 46
28 48
28 49
28 51
28 54
28 56
28 59
28 60
28 61
28 62
28 64
28 68
28 72
28 74
28 75
28 76
28 78
28 79
28 80
28 84
28 86
28 88
28 89
28 91
28 94
28 95
28 96
28 97
28 99
29 31
29 32
29 33
29 35
29 36
29 39
29 40
29 42
29 43
29 44
29 47
29 48
29 49
29 50
29 51
29 52
29 53
29 54
29 55
29 59
29 60
29 61
29 62
29 63
29 65
29 69
29 71
29 72
29 73
29 75
29 81
29 84
29 86
29 90
29 94
29 95
29 96
30 32
30 33
30 34
30 36
30 38
30 39
30 46
30 47
30 48
30 50
30 52
30 53
30 55
30 56
30 58
30 59
30 62
30 64
30 65
30 67
30 69
30 70
30 71
30 73
30 74
30 75
30 79
30 80
30 81
30 83
30 84
30 85
30 87
30 88
30 95
30 97
30 98
30 99
31 33
31 35
31 37
31 38
31 41
31 42
31 43
31 46
31 48
31 49
31 50
31 51
31 52
31 53
31 54
31 55
31 59
31 60
31 61
31 64
31 66
31 70
31 73
31 74
31 77
31 78
31 80
31 81
31 83
31 84
31 88
31 89
31 91
31 92
31 93
31 95
31 96
31 98
32 33
32 34
32 36
32 38
32 39
32 40
32 42
32 46
32 48
32 50
32 55
32 56
32 57
32 60
32 65
32 66
32 67
32 72
32 73
32 75
32 76
32 79
32 80
32 82
32 86
32 87
32 91
32 96
33 34
33 35
33 37
33 38
33 39
33 40
33 41
33 45
33 46
33 47
33 49
33 51
33 53
33 56
33 58
33 60
33 61
33 63
33 64
33 65
33 66
33 67
33 68
33 71
33 73
33 75
33 77
33 78
33 79
33 80
33 81
33 83
33 84
33 86
33 87
33 90
33 93
33 94
33 95
33 98
33 99
34 35
34 36
34 37
34 38
34 39
34 40
34 41
34 43
34 44
34 48
34 50
34 52
34 55
34 56
34 57
34 59
34 61
34 62
34 64
34 65
34 66
34 68
34 69
34 70
34 74
34 77
34 78
34 79
34 80
34 81
34 82
34 83
34 84
34 86
34 92
34 97
34 98
35 36
35 37
35 39
35 40
35 41
35 42
35 44
35 45
35 46
35 49
35 51
35 53
35 55
35 58
35 59
35 66
35 67
35 70
35 71
35 73
35 74
35 76
35 77
35 80
35 82
35 85
35 86
35 89
35 90
35 91
35 92
35 93
35 94
35 95
35 96
35 97
36 37
36 38
36 39
36 40
36 42
36 44
36 45
36 46
36 47
36 49
36 51
36 55
36 57
36 59
36 63
36 64
36 65
36 66
36 68
36 69
36 71
36 72
36 73
36 77
36 78
36 79
36 83
36 84
36 86
36 89
36 90
36 91
36 92
36 96
36 97
36 98
36 99
37 39
37 41
37 44
37 46
37 49
37 50
37 51
37 52
37 53
37 55
37 56
37 58
37 60
37 63
37 64
37 67
37 69
37 70
37 71
37 72
37 76
37 77
37 78
37 79
37 85
37 87
37 88
37 89
37 91
37 92
37 94
37 96
37 98
38 44
38 46
38 47
38 48
38 49
38 50
38 53
38 54
38 55
38 56
38 58
38 59
38 60
38 61
38 65
38 68
38 69
38 71
38 73
38 75
38 76
38 77
38 78
38 79
38 81
38 82
38 84
38 85
38 91
38 97
38 99
39 43
39 44
39 45
39 46
39 49
39 50
39 51
39 56
39 57
39 61
39 62
39 64
39 65
39 66
39 67
39 75
39 76
39 79
39 81
39 83
39 84
39 85
39 86
39 87
39 88
39 90
39 92
39 94
39 95
39 96
39 97
39 99
40 44
40 45
40 47
40 48
40 49
40 52
40 54
40 56
40 59
40 60
40 61
40 66
40 67
40 69
40 71
40 72
40 75
40 77
40 87
40 96
41 42
41 43
41 44
41 45
41 47
41 48
41 49
41 51
41 52
41 54
41 56
41 58
41 59
41 61
41 64
41 65
41 66
41 70
41 72
41 74
41 75
41 76
41 78
41 79
41 80
41 82
41 83
41 86
41 87
41 89
41 93
41 98
42 45
42 46
42 48
42 50
42 53
42 56
42 58
42 60
42 61
42 62
42 64
42 66
42 67
42 69
42 70
42 76
42 77
42 81
42 82
42 84
42 85
42 86
42 87
42 89
42 90
42 94
42 95
42 98
43 46
43 48
43 49
43 50
43 52
43 53
43 54
43 63
43 64
43 67
43 68
43 70
43 72
43 75
43 76
43 78
43 81
43 82
43 83
43 85
43 86
43 87
43 88
43 89
43 90
43 92
43 93
43 95
43 96
43 98
43 99
44 46
44 47
44 48
44 50
44 53
44 59
44 61
44 62
44 63
44 65
44 68
44 69
44 70
44 71
44 72
44 77
44 79
44 82
44 86
44 87
44 88
44 90
44 91
44 92
44 94
44 95
45 47
45 48
45 49
45 52
45 55
45 56
45 57
45 59
45 62
45 67
45 68
45 69
45 71
45 75
45 77
45 84
45 86
45 88
45 93
45 96
46 47
46 49
46 51
46 55
46 58
46 59
46 64
46 65
46 69
46 75
46 78
46 79
46 81
46 82
46 87
46 90
46 91
46 92
46 94
46 97
46 98
47 48
47 49
47 52
47 53
47 54
47 58
47 59
47 60
47 63
47 64
47 67
47 70
47 71
47 73
47 75
47 76
47 77
47 80
47 81
47 85
47 86
47 87
47 89
47 91
47 92
47 94
47 95
47 97
47 98
47 99
48 51
48 52
48 53
48 55
48 58
48 59
48 63
48 64
48 67
48 72
48 73
48 75
48 77
48 78
48 79
48 80
48 82
48 83
48 85
48 86
48 88
48 89
48 90
48 91
48 93
48 99
49 51
49 52
49 53
49 59
49 62
49 63
49 67
49 71
49 73
49 74
49 75
49 77
49 79
49 80
49 86
49 89
49 90
49 92
49 93
49 96
49 97
49 99
50 51
50 54
50 55
50 58
50 61
50 65
50 67
50 69
50 72
50 73
50 74
50 75
50 76
50 78
50 79
50 80
50 81
50 83
50 84
50 86
50 91
50 92
50 94
50 95
50 97
51 52
51 55
51 58
51 59
51 60
51 61
51 62
51 64
51 66
51 68
51 69
51 70
51 71
51 74
51 75
51 76
51 77
51 78
51 79
51 81
51 82
51 84
51 85
51 88
51 89
51 92
51 93
51 94
51 96
51 98
52 53
52 54
52 55
52 57
52 58
52 59
52 60
52 62
52 63
52 67
52 69
52 75
52 77
52 80
52 81
52 83
52 84
52 90
52 95
52 96
52 98
53 54
53 55
53 56
53 57
53 58
53 62
53 63
53 64
53 66
53 67
53 70
53 79
53 80
53 81
53 82
53 83
53 85
53 86
53 87
53 88
53 89
53 90
53 91
53 92
53 94
53 97
53 99
54 55
54 57
54 58
54 60
54 61
54 62
54 63
54 64
54 65
54 66
54 68
54 73
54 76
54 82
54 85
54 86
54 89
54 91
54 92
54 93
54 96
54 97
55 58
55 59
55 60
55 64
55 67
55 68
55 69
55 71
55 74
55 75
55 76
55 79
55 80
55 83
55 84
55 85
55 86
55 88
55 89
55 91
55 92
55 93
55 96
55 97
55 98
56 57
56 59
56 60
56 62
56 64
56 65
56 66
56 67
56 68
56 71
56 73
56 74
56 75
56 76
56 77
56 78
56 81
56 82
56 83
56 84
56 89
56 91
56 93
56 94
56 97
56 98
56 99
57 61
57 62
57 63
57 68
57 69
57 70
57 71
57 72
57 74
57 75
57 76
57 79
57 83
57 84
57 86
57 87
57 88
57 89
57 90
57 92
57 95
57 97
57 98
57 99
58 59
58 60
58 61
58 70
58 71
58 74
58 78
58 79
58 80
58 82
58 89
58 90
58 91
58 93
58 95
58 96
58 98
58 99
59 61
59 63
59 64
59 66
59 67
59 71
59 73
59 74
59 80
59 84
59 85
59 87
59 88
59 89
59 91
59 92
59 94
59 96
59 97
59 98
60 63
60 64
60 69
60 72
60 75
60 82
60 84
60 86
60 87
60 92
60 94
60 95
60 97
61 65
61 66
61 69
61 73
61 77
61 78
61 79
61 81
61 84
61 87
61 88
61 89
61 92
61 94
61 95
61 96
62 66
62 67
62 68
62 69
62 71
62 73
62 74
62 76
62 77
62 80
62 81
62 84
62 87
62 89
62 91
62 96
62 97
62 98
62 99
63 64
63 66
63 68
63 69
63 70
63 74
63 76
63 78
63 79
63 80
63 82
63 83
63 86
63 87
63 89
63 92
63 94
63 95
63 98
63 99
64 66
64 69
64 70
64 73
64 74
64 75
64 80
64 81
64 84
64 85
64 88
64 89
64 96
64 98
65 66
65 67
65 69
65 70
65 73
65 74
65 75
65 77
65 81
65 83
65 87
65 91
65 92
65 96
65 98
65 99
66 71
66 72
66 75
66 76
66 79
66 80
66 81
66 82
66 83
66 84
66 85
66 86
66 90
66 94
66 95
66 97
66 98
67 70
67 71
67 73
67 74
67 77
67 78
67 79
67 80
67 81
67 82
67 83
67 86
67 88
67 92
67 93
67 94
67 96
68 70
68 73
68 77
68 78
68 79
68 82
68 87
68 91
68 97
69 70
69 71
69 78
69 79
69 82
69 84
69 85
69 86
69 87
69 88
69 89
69 90
69 95
69 96
69 97
70 75
70 76
70 77
70 80
70 81
70 85
70 87
70 88
70 92
70 94
70 99
71 72
71 73
71 74
71 75
71 76
71 78
71 79
71 81
71 87
71 89
71 90
71 94
71 95
71 96
71 97
71 98
71 99
72 75
72 77
72 78
72 79
72 81
72 85
72 86
72 88
72 89
72 90
72 91
72 92
72 93
72 94
72 96
72 97
72 99
73 75
73 76
73 80
73 82
73 84
73 87
73 89
73 90
73 92
73 93
74 75
74 84
74 88
74 90
74 96
74 99
75 80
75 83
75 87
75 88
75 89
75 93
75 95
75 96
76 78
76 81
76 83
76 84
76 86
76 88
76 93
76 94
76 95
76 96
76 99
77 80
77 81
77 82
77 84
77 86
77 87
77 88
77 89
77 90
77 91
77 93
77 94
77 96
77 97
77 98
78 79
78 80
78 84
78 85
78 86
78 87
78 88
78 90
78 91
78 94
78 96
79 80
79 81
79 83
79 84
79 87
79 88
79 90
79 94
79 95
79 99
80 86
80 87
80 89
80 90
80 94
80 96
80 97
81 85
81 86
81 87
81 89
81 90
81 94
81 96
81 99
82 84
82 87
82 90
82 92
82 93
82 94
82 95
82 97
82 98
82 99
83 84
83 85
83 88
83 89
83 91
83 93
83 96
83 98
84 86
84 87
84 88
84 89
84 91
84 92
84 93
84 94
84 96
84 98
85 87
85 88
85 90
85 91
85 92
85 96
85 98
86 87
86 88
86 92
86 95
86 98
86 99
87 91
87 92
87 94
87 95
87 98
87 99
88 89
88 90
88 92
88 93
88 94
88 95
88 96
88 97
89 90
89 91
89 92
89 95
89 97
89 99
90 93
91 92
91 93
91 94
91 95
91 98
91 99
92 93
92 94
92 96
92 98
93 94
93 95
93 96
93 97
94 96
94 97
94 98
95 99
96 97
97 98
