0 3
0 5
0 6
0 7
0 8
0 11
0 12
0 15
0 17
0 21
0 22
0 23
0 28
0 29
0 30
0 31
0 33
0 34
0 36
0 37
0 43
0 45
0 47
0 48
0 52
0 53
0 55
0 57
0 58
0 60
0 61
0 63
0 65
0 67
0 70
0 73
0 74
0 75
0 79
0 80
0 81
0 83
0 84
0 87
0 89
0 91
0 92
0 93
0 94
0 95
0 99
1 2
1 3
1 6
1 7
1 9
1 10
1 11
1 13
1 14
1 16
1 19
1 20
1 23
1 24
1 25
1 27
1 29
1 30
1 32
1 35
1 39
1 41
1 42
1 44
1 45
1 47
1 48
1 50
1 54
1 55
1 56
1 57
1 61
1 62
1 63
1 64
1 65
1 66
1 70
1 71
1 73
1 74
1 75
1 81
1 84
1 85
1 88
1 89
1 91
1 93
1 95
1 98
2 3
2 4
2 6
2 14
2 15
2 17
2 19
2 20
2 21
2 24
2 25
2 26
2 29
2 30
2 33
2 34
2 36
2 37
2 38
2 39
2 40
2 42
2 43
2 47
2 48
2 49
2 50
2 52
2 53
2 58
2 59
2 62
2 66
2 67
2 72
2 73
2 75
2 78
2 80
2 84
2 87
2 90
2 94
2 95
2 97
2 98
2 99
3 4
3 5
3 7
3 11
3 12
3 16
3 18
3 19
3 20
3 22
3 24
3 25
3 27
3 28
3 29
3 31
3 34
3 36
3 39
3 41
3 42
3 44
3 46
3 49
3 50
3 51
3 55
3 56
3 63
3 67
3 70
3 72
3 73
3 74
3 76
3 78
3 79
3 81
3 83
3 84
3 85
3 86
3 87
3 91
3 92
3 93
3 95
3 96
3 97
4 5
4 6
4 7
4 12
4 15
4 19
4 21
4 23
4 24
4 26
4 28
4 30
4 36
4 39
4 42
4 43
4 44
4 45
4 47
4 49
4 50
4 52
4 57
4 58
4 60
4 61
4 64
4 68
4 72
4 73
4 76
4 80
4 83
4 88
4 89
4 90
4 94
4 96
4 98
4 99
5 7
5 9
5 10
5 13
5 14
5 15
5 16
5 17
5 18
5 19
5 21
5 22
5 23
5 25
5 26
5 30
5 32
5 33
5 34
5 35
5 39
5 40
5 41
5 42
5 43
5 44
5 46
5 48
5 49
5 50
5 54
5 55
5 56
5 57
5 59
5 60
5 62
5 64
5 66
5 71
5 72
5 73
5 74
5 75
5 76
5 77
5 80
5 84
5 86
5 87
5 88
5 89
5 91
5 93
5 94
5 95
5 97
5 99
6 9
6 13
6 15
6 16
6 17
6 18
6 19
6 22
6 25
6 29
6 34
6 35
6 38
6 43
6 44
6 46
6 47
6 48
6 49
6 51
6 52
6 56
6 57
6 60
6 61
6 62
6 63
6 67
6 69
6 71
6 75
6 77
6 78
6 79
6 80
6 81
6 83
6 84
6 85
6 86
6 87
6 89
6 91
6 92
6 96
6 97
6 98
6 99
7 8
7 11
7 13
7 14
7 15
7 16
7 19
7 20
7 21
7 22
7 23
7 25
7 26
7 27
7 28
7 32
7 33
7 34
7 35
7 36
7 38
7 40
7 41
7 43
7 45
7 52
7 55
7 57
7 59
7 62
7 63
7 64
7 65
7 66
7 67
7 68
7 69
7 70
7 72
7 74
7 76
7 77
7 79
7 80
7 81
7 83
7 85
7 89
7 90
7 93
7 95
7 96
7 97
8 10
8 13
8 14
8 15
8 16
8 20
8 21
8 23
8 24
8 29
8 31
8 32
8 34
8 38
8 41
8 42
8 43
8 45
8 46
8 48
8 56
8 58
8 60
8 62
8 65
8 66
8 67
8 70
8 71
8 74
8 76
8 77
8 79
8 80
8 81
8 82
8 83
8 84
8 86
8 87
8 91
8 92
8 95
8 99
9 11
9 15
9 19
9 23
9 25
9 26
9 27
9 28
9 31
9 33
9 35
9 38
9 39
9 40
9 41
9 43
9 45
9 50
9 54
9 55
9 56
9 58
9 62
9 63
9 64
9 68
9 72
9 73
9 74
9 75
9 78
9 83
9 85
9 88
9 98
9 99
10 11
10 12
10 13
10 16
10 17
10 18
10 20
10 22
10 23
10 27
10 28
10 30
10 31
10 32
10 33
10 36
10 37
10 41
10 42
10 43
10 45
10 46
10 47
10 50
10 55
10 57
10 59
10 60
10 61
10 62
10 64
10 71
10 76
10 78
10 83
10 84
10 85
10 92
10 94
10 95
11 12
11 13
11 17
11 18
11 19
11 20
11 23
11 24
11 26
11 28
11 29
11 30
11 31
11 40
11 42
11 44
11 49
11 51
11 54
11 58
11 59
11 62
11 63
11 65
11 67
11 69
11 72
11 73
11 74
11 75
11 81
11 82
11 83
11 84
11 86
11 87
11 88
11 90
11 93
11 94
11 95
11 97
11 98
12 13
12 14
12 15
12 17
12 21
12 23
12 24
12 28
12 29
12 30
12 32
12 33
12 34
12 35
12 36
12 40
12 41
12 42
12 44
12 45
12 46
12 48
12 49
12 50
12 51
12 52
12 54
12 59
12 62
12 63
12 64
12 65
12 66
12 67
12 69
12 71
12 73
12 74
12 75
12 77
12 78
12 80
12 86
12 87
12 89
12 90
12 94
12 95
12 98
13 17
13 19
13 22
13 25
13 27
13 28
13 29
13 32
13 34
13 37
13 38
13 41
13 42
13 43
13 45
13 47
13 51
13 54
13 55
13 56
13 58
13 66
13 76
13 77
13 81
13 84
13 87
13 88
13 89
13 94
13 95
13 97
13 98
14 15
14 16
14 17
14 18
14 19
14 20
14 22
14 25
14 29
14 33
14 35
14 38
14 39
14 40
14 42
14 47
14 48
14 49
14 51
14 52
14 55
14 57
14 62
14 64
14 65
14 66
14 67
14 71
14 72
14 73
14 75
14 76
14 77
14 78
14 83
14 84
14 89
14 90
14 91
14 92
14 93
14 95
15 19
15 20
15 21
15 25
15 26
15 27
15 28
15 32
15 34
15 35
15 36
15 39
15 43
15 46
15 52
15 53
15 54
15 55
15 59
15 60
15 61
15 65
15 66
15 67
15 68
15 69
15 71
15 73
15 74
15 75
15 77
15 78
15 79
15 80
15 83
15 84
15 88
15 89
15 90
15 92
15 93
15 94
15 97
16 17
16 18
16 21
16 22
16 23
16 24
16 28
16 29
16 31
16 34
16 36
16 38
16 40
16 42
16 43
16 46
16 47
16 48
16 49
16 53
16 55
16 56
16 57
16 58
16 60
16 63
16 66
16 67
16 68
16 70
16 75
16 77
16 78
16 79
16 80
16 82
16 85
16 86
16 89
16 91
16 94
16 96
16 98
16 99
17 18
17 19
17 20
17 21
17 22
17 23
17 28
17 31
17 34
17 38
17 39
17 40
17 43
17 44
17 47
17 49
17 51
17 52
17 57
17 58
17 59
17 62
17 63
17 65
17 66
17 67
17 72
17 74
17 75
17 76
17 78
17 79
17 81
17 82
17 85
17 86
17 88
17 95
18 19
18 22
18 25
18 27
18 28
18 29
18 30
18 31
18 33
18 36
18 37
18 38
18 40
18 41
18 43
18 45
18 47
18 48
18 53
18 54
18 55
18 56
18 58
18 62
18 63
18 67
18 69
18 70
18 71
18 72
18 73
18 74
18 75
18 78
18 80
18 81
18 83
18 85
18 86
18 87
18 88
18 89
18 92
18 95
18 99
19 21
19 22
19 23
19 26
19 27
19 28
19 29
19 30
19 31
19 35
19 38
19 39
19 41
19 42
19 44
19 52
19 53
19 55
19 58
19 59
19 61
19 65
19 68
19 72
19 73
19 76
19 77
19 82
19 85
19 87
19 92
19 93
19 94
19 96
19 98
19 99
20 21
20 25
20 26
20 27
20 29
20 30
20 31
20 32
20 33
20 35
20 36
20 37
20 38
20 40
20 42
20 43
20 44
20 50
20 51
20 56
20 57
20 64
20 67
20 71
20 72
20 74
20 76
20 78
20 80
20 81
20 82
20 85
20 88
20 89
20 95
20 96
20 97
20 99
21 23
21 25
21 29
21 30
21 32
21 33
21 34
21 35
21 39
21 40
21 41
21 42
21 43
21 47
21 49
21 50
21 58
21 61
21 63
21 65
21 68
21 76
21 77
21 80
21 81
21 82
21 83
21 85
21 88
21 89
21 91
21 92
21 94
21 99
22 24
22 25
22 27
22 29
22 31
22 33
22 34
22 40
22 41
22 42
22 43
22 44
22 46
22 47
22 53
22 54
22 55
22 57
22 61
22 62
22 63
22 64
22 65
22 66
22 70
22 71
22 75
22 77
22 79
22 80
22 82
22 84
22 86
22 87
22 90
22 91
22 93
22 95
22 96
22 98
22 99
23 24
23 27
23 28
23 30
23 31
23 35
23 38
23 41
23 42
23 43
23 46
23 48
23 49
23 53
23 54
23 55
23 56
23 57
23 60
23 64
23 65
23 66
23 67
23 69
23 70
23 71
23 74
23 78
23 80
23 81
23 83
23 85
23 89
23 90
23 91
23 93
23 95
23 97
24 26
24 29
24 30
24 31
24 33
24 34
24 41
24 42
24 43
24 44
24 45
24 47
24 50
24 51
24 54
24 55
24 57
24 58
24 59
24 60
24 61
24 64
24 66
24 69
24 72
24 74
24 76
24 78
24 82
24 83
24 85
24 86
24 88
24 90
24 93
24 94
24 95
24 98
24 99
25 27
25 28
25 29
25 33
25 35
25 38
25 43
25 46
25 47
25 49
25 51
25 52
25 53
25 55
25 57
25 58
25 63
25 66
25 70
25 71
25 72
25 73
25 74
25 75
25 76
25 81
25 83
25 84
25 85
25 91
25 92
25 94
25 95
25 96
25 97
25 99
26 28
26 30
26 31
26 32
26 33
26 36
26 37
26 39
26 41
26 42
26 44
26 47
26 49
26 50
26 52
26 53
26 54
26 56
26 58
26 59
26 60
26 61
26 62
26 64
26 65
26 66
26 69
26 70
26 73
26 74
26 76
26 78
26 80
26 82
26 85
26 87
26 88
26 89
26 91
26 92
26 94
26 96
26 97
27 29
27 30
27 32
27 35
27 36
27 40
27 42
27 43
27 46
27 54
27 58
27 60
27 61
27 63
27 64
27 65
27 66
27 67
27 68
27 69
27 70
27 71
27 72
27 74
27 75
27 77
27 78
27 79
27 81
27 82
27 83
27 85
27 92
27 93
27 94
27 96
27 98
27 99
28 30
28 33
28 34
28 35
28 41
28 43
28 44
28 45
28 46
28 48
28 50
28 51
28 53
28 58
28 64
28 65
28 67
28 68
28 69
28 71
28 72
28 73
28 74
28 76
28 78
28 81
28 82
28 83
28 85
28 86
28 87
28 88
28 92
28 97
29 31
29 33
29 34
29 37
29 41
29 44
29 45
29 48
29 52
29 53
29 54
29 55
29 56
29 57
29 59
29 60
29 61
29 62
29 65
29 67
29 68
29 70
29 73
29 74
29 76
29 81
29 85
29 86
29 87
29 89
29 90
29 93
29 95
29 99
30 32
30 34
30 35
30 39
30 40
30 41
30 47
30 49
30 50
30 52
30 53
30 55
30 57
30 60
30 62
30 63
30 64
30 65
30 66
30 68
30 69
30 70
30 71
30 72
30 73
30 74
30 77
30 79
30 81
30 82
30 85
30 87
30 90
30 96
30 97
30 99
31 32
31 34
31 37
31 38
31 39
31 40
31 41
31 43
31 45
31 46
31 47
31 49
31 52
31 54
31 55
31 56
31 60
31 62
31 63
31 65
31 68
31 71
31 72
31 73
31 75
31 76
31 77
31 79
31 81
31 82
31 86
31 87
31 93
31 94
31 95
31 96
31 97
31 98
31 99
32 35
32 37
32 39
32 42
32 45
32 46
32 51
32 53
32 58
32 59
32 61
32 63
32 64
32 65
32 71
32 74
32 76
32 77
32 79
32 82
32 84
32 85
32 87
32 89
32 90
32 91
32 92
32 94
32 95
32 96
32 97
32 98
33 36
33 37
33 38
33 40
33 43
33 44
33 48
33 50
33 51
33 52
33 53
33 54
33 55
33 57
33 58
33 59
33 60
33 63
33 70
33 71
33 74
33 75
33 77
33 78
33 79
33 80
33 83
33 85
33 87
33 88
33 89
33 90
33 94
33 97
34 37
34 38
34 40
34 41
34 42
34 43
34 44
34 46
34 48
34 53
34 54
34 57
34 58
34 59
34 61
34 64
34 65
34 66
34 68
34 70
34 71
34 72
34 73
34 74
34 75
34 76
34 77
34 79
34 80
34 83
34 88
34 90
34 92
34 93
34 95
34 96
34 97
34 98
34 99
35 37
35 39
35 41
35 42
35 43
35 51
35 57
35 59
35 62
35 64
35 65
35 67
35 68
35 71
35 72
35 73
35 74
35 78
35 79
35 81
35 82
35 83
35 85
35 89
35 90
35 91
35 92
35 93
35 94
35 95
35 96
35 99
36 37
36 39
36 41
36 42
36 46
36 47
36 54
36 55
36 57
36 59
36 61
36 64
36 65
36 71
36 72
36 73
36 76
36 77
36 78
36 79
36 80
36 82
36 83
36 85
36 87
36 89
36 90
36 91
36 92
36 93
36 96
36 98
36 99
37 39
37 40
37 42
37 43
37 48
37 50
37 54
37 55
37 56
37 58
37 62
37 64
37 65
37 66
37 69
37 70
37 71
37 74
37 75
37 78
37 79
37 85
37 88
37 91
37 92
37 96
38 40
38 41
38 42
38 45
38 46
38 47
38 50
38 52
38 53
38 54
38 57
38 58
38 60
38 61
38 63
38 64
38 65
38 68
38 69
38 70
38 71
38 72
38 75
38 76
38 78
38 80
38 81
38 83
38 84
38 88
38 89
38 92
38 93
38 95
38 96
38 97
38 98
39 44
39 46
39 49
39 50
39 51
39 54
39 55
39 56
39 57
39 61
39 65
39 68
39 70
39 72
39 74
39 77
39 78
39 79
39 80
39 82
39 83
39 84
39 90
39 91
39 93
39 98
39 99
40 41
40 42
40 43
40 45
40 47
40 48
40 49
40 50
40 51
40 52
40 55
40 57
40 58
40 59
40 61
40 63
40 65
40 66
40 71
40 72
40 74
40 76
40 77
40 78
40 79
40 80
40 83
40 84
40 87
40 88
40 89
40 90
40 91
40 92
40 93
40 95
40 96
40 98
41 42
41 43
41 44
41 47
41 51
41 52
41 54
41 58
41 59
41 63
41 65
41 66
41 68
41 69
41 74
41 75
41 78
41 80
41 81
41 82
41 84
41 85
41 89
41 91
41 92
41 95
41 97
41 98
42 44
42 46
42 47
42 48
42 50
42 53
42 54
42 55
42 58
42 60
42 63
42 64
42 68
42 69
42 70
42 71
42 72
42 75
42 78
42 79
42 82
42 87
42 88
42 89
42 91
42 92
42 95
42 99
43 44
43 46
43 48
43 51
43 54
43 56
43 58
43 60
43 62
43 63
43 64
43 66
43 68
43 74
43 77
43 85
43 89
43 93
43 94
43 97
43 98
43 99
44 45
44 47
44 48
44 49
44 50
44 51
44 53
44 62
44 66
44 71
44 72
44 73
44 74
44 75
44 77
44 79
44 80
44 82
44 83
44 87
44 88
44 91
44 92
44 95
44 97
45 47
45 49
45 50
45 52
45 58
45 60
45 61
45 62
45 64
45 67
45 71
45 76
45 77
45 78
45 79
45 82
45 87
45 88
45 90
45 93
45 94
45 97
45 99
46 48
46 50
46 52
46 55
46 56
46 57
46 59
46 61
46 64
46 65
46 66
46 67
46 68
46 70
46 73
46 78
46 79
46 80
46 81
46 85
46 88
46 90
46 92
46 94
46 98
47 48
47 49
47 50
47 52
47 53
47 54
47 57
47 59
47 61
47 65
47 66
47 67
47 70
47 71
47 78
47 79
47 81
47 83
47 85
47 86
47 87
47 88
47 89
47 91
47 92
47 93
47 94
48 56
48 58
48 61
48 64
48 65
48 68
48 70
48 72
48 74
48 76
48 78
48 82
48 83
48 85
48 89
48 90
48 91
48 92
48 93
48 94
48 97
48 98
48 99
49 50
49 53
49 55
49 58
49 60
49 61
49 65
49 66
49 67
49 68
49 72
49 74
49 75
49 76
49 79
49 80
49 82
49 83
49 84
49 88
49 89
49 90
49 92
49 94
49 97
50 51
50 54
50 55
50 59
50 61
50 65
50 66
50 67
50 73
50 74
50 75
50 76
50 77
50 80
50 82
50 84
50 86
50 88
50 90
50 91
50 92
50 93
50 96
50 97
51 52
51 53
51 56
51 57
51 58
51 59
51 60
51 62
51 63
51 65
51 66
51 67
51 71
51 77
51 78
51 80
51 81
51 82
51 83
51 88
51 92
51 93
51 97
51 99
52 53
52 55
52 57
52 59
52 60
52 62
52 64
52 68
52 71
52 72
52 75
52 77
52 78
52 79
52 80
52 82
52 83
52 86
52 88
52 90
52 91
52 92
52 93
52 95
52 98
52 99
53 56
53 57
53 59
53 60
53 61
53 63
53 66
53 67
53 68
53 70
53 72
53 73
53 75
53 79
53 82
53 85
53 87
53 88
53 90
53 92
53 93
53 95
53 96
53 97
54 56
54 57
54 58
54 61
54 62
54 64
54 69
54 70
54 73
54 75
54 77
54 78
54 80
54 81
54 82
54 83
54 86
54 88
54 90
54 95
54 96
54 97
54 98
55 60
55 61
55 63
55 65
55 69
55 71
55 72
55 75
55 78
55 79
55 85
55 87
55 88
55 89
55 91
55 92
55 93
55 94
55 97
55 98
56 57
56 58
56 60
56 62
56 63
56 64
56 67
56 68
56 70
56 73
56 75
56 78
56 84
56 86
56 87
56 89
56 90
56 91
56 93
56 96
56 97
56 98
56 99
57 59
57 62
57 66
57 67
57 68
57 69
57 70
57 71
57 72
57 74
57 75
57 76
57 77
57 78
57 79
57 80
57 82
57 84
57 95
57 97
57 99
58 59
58 60
58 61
58 63
58 64
58 66
58 70
58 71
58 72
58 73
58 80
58 83
58 86
58 87
58 88
58 91
58 93
58 94
58 95
58 99
59 60
59 61
59 62
59 63
59 65
59 66
59 67
59 71
59 72
59 73
59 74
59 76
59 77
59 78
59 79
59 82
59 83
59 86
59 87
59 91
59 98
60 61
60 63
60 65
60 67
60 71
60 72
60 75
60 76
60 79
60 83
60 84
60 85
60 89
60 92
60 93
60 95
60 96
60 97
61 64
61 66
61 67
61 68
61 71
61 74
61 75
61 79
61 80
61 82
61 84
61 85
61 86
61 88
61 90
61 92
61 93
61 94
61 97
61 98
62 63
62 72
62 73
62 75
62 77
62 78
62 80
62 81
62 82
62 86
62 93
62 99
63 70
63 71
63 73
63 74
63 78
63 79
63 80
63 81
63 83
63 84
63 88
63 89
63 90
63 95
63 98
64 65
64 67
64 68
64 71
64 72
64 77
64 80
64 81
64 82
64 83
64 84
64 85
64 86
64 87
64 88
64 90
64 91
64 92
64 93
64 94
64 96
65 66
65 70
65 71
65 72
65 74
65 76
65 77
65 78
65 79
65 80
65 82
65 83
65 86
65 92
65 93
65 99
66 67
66 69
66 70
66 73
66 74
66 75
66 76
66 78
66 80
66 82
66 85
66 86
66 87
66 90
66 93
66 94
66 96
66 97
66 98
66 99
67 68
67 69
67 70
67 71
67 72
67 74
67 75
67 76
67 77
67 79
67 84
67 85
67 86
67 90
67 93
67 94
67 98
68 71
68 72
68 77
68 80
68 81
68 83
68 86
68 91
68 93
68 97
69 71
69 75
69 80
69 82
69 83
69 85
69 86
69 89
69 90
69 94
69 96
69 97
70 71
70 72
70 73
70 78
70 80
70 82
70 83
70 84
70 85
70 87
70 90
70 91
70 92
70 97
70 99
71 72
71 74
71 75
71 77
71 78
71 79
71 81
71 83
71 86
71 88
71 89
71 90
71 91
71 94
71 95
71 96
71 98
71 99
72 74
72 77
72 82
72 83
72 86
72 89
72 91
72 94
72 97
72 98
73 76
73 77
73 78
73 79
73 81
73 82
73 83
73 86
73 87
73 92
73 93
73 94
73 95
73 96
73 99
74 75
74 77
74 78
74 79
74 81
74 83
74 84
74 85
74 86
74 87
74 88
74 89
74 90
74 95
75 76
75 78
75 80
75 83
75 85
75 88
75 90
75 91
75 92
75 96
75 98
76 79
76 80
76 81
76 83
76 85
76 86
76 87
76 92
76 93
77 78
77 79
77 80
77 82
77 84
77 94
77 95
77 96
77 98
78 79
78 80
78 81
78 84
78 86
78 87
78 88
78 89
78 91
78 93
78 94
78 95
78 99
79 82
79 87
79 93
79 94
79 95
79 96
79 97
79 98
80 81
80 84
80 85
80 88
80 89
80 90
80 92
80 93
80 94
80 96
81 82
81 83
81 85
81 86
81 87
81 88
81 89
81 91
81 93
82 83
82 88
82 91
82 92
82 95
82 96
82 97
82 98
82 99
83 84
83 85
83 86
83 87
83 91
83 92
83 97
83 99
84 87
84 90
84 92
84 96
84 99
85 86
85 90
85 93
85 94
85 95
85 97
85 98
85 99
86 87
86 94
86 96
86 97
87 88
87 91
87 92
87 94
87 96
87 97
87 98
87 99
88 89
88 90
88 92
88 95
88 96
88 97
88 99
89 90
89 91
89 92
89 94
89 95
89 96
89 97
90 92
90 93
90 94
90 95
90 99
91 92
91 93
91 94
91 96
91 97
91 98
91 99
92 94
92 97
93 95
93 97
93 98
94 96
95 97
95 99
96 97
97 98
98 99
