0 1
0 7
0 8
0 9
0 12
0 17
0 18
0 19
0 22
0 26
0 28
0 30
0 31
0 32
0 37
0 38
0 39
0 41
0 42
0 43
0 45
0 46
0 48
0 51
0 52
0 53
0 59
0 61
0 63
0 66
0 67
0 70
0 72
0 76
0 77
0 78
0 80
0 81
0 82
0 83
0 84
0 87
0 88
0 92
0 93
0 94
0 97
0 99
1 2
1 3
1 5
1 6
1 9
1 11
1 14
1 17
1 19
1 20
1 22
1 24
1 25
1 27
1 28
1 31
1 33
1 35
1 40
1 41
1 42
1 46
1 49
1 50
1 51
1 52
1 61
1 62
1 63
1 64
1 66
1 68
1 70
1 71
1 73
1 74
1 75
1 76
1 77
1 78
1 80
1 81
1 85
1 86
1 87
1 88
1 89
1 90
1 92
1 93
1 95
1 96
1 99
2 3
2 4
2 6
2 7
2 8
2 12
2 21
2 23
2 25
2 31
2 34
2 36
2 39
2 40
2 41
2 42
2 45
2 46
2 48
2 49
2 51
2 52
2 53
2 57
2 59
2 60
2 61
2 67
2 68
2 69
2 70
2 72
2 80
2 85
2 86
2 87
2 89
2 90
2 94
2 95
2 96
2 97
2 99
3 4
3 5
3 8
3 9
3 13
3 15
3 16
3 17
3 18
3 21
3 22
3 26
3 28
3 29
3 30
3 31
3 32
3 34
3 36
3 37
3 38
3 41
3 44
3 46
3 47
3 48
3 49
3 54
3 58
3 61
3 66
3 67
3 68
3 69
3 72
3 74
3 79
3 82
3 83
3 84
3 85
3 86
3 87
3 88
3 91
3 92
3 93
3 95
3 96
3 99
4 7
4 8
4 11
4 12
4 14
4 16
4 17
4 25
4 26
4 28
4 29
4 31
4 32
4 33
4 40
4 43
4 45
4 53
4 54
4 59
4 62
4 63
4 64
4 66
4 69
4 80
4 81
4 82
4 88
4 89
4 93
4 95
4 96
4 97
4 98
5 6
5 9
5 10
5 11
5 12
5 16
5 17
5 18
5 19
5 20
5 22
5 23
5 24
5 25
5 26
5 27
5 28
5 30
5 33
5 34
5 35
5 36
5 41
5 43
5 44
5 48
5 50
5 53
5 54
5 55
5 56
5 57
5 60
5 61
5 64
5 65
5 67
5 70
5 72
5 73
5 75
5 76
5 78
5 79
5 80
5 81
5 82
5 83
5 84
5 88
5 89
5 93
5 94
5 95
6 7
6 8
6 9
6 11
6 12
6 13
6 14
6 15
6 17
6 21
6 22
6 26
6 27
6 28
6 32
6 35
6 36
6 37
6 38
6 39
6 40
6 42
6 43
6 45
6 50
6 51
6 52
6 55
6 56
6 57
6 58
6 59
6 60
6 61
6 63
6 64
6 65
6 69
6 71
6 72
6 73
6 75
6 76
6 77
6 79
6 81
6 82
6 85
6 86
6 89
6 90
6 94
6 96
6 97
6 99
7 12
7 13
7 14
7 16
7 17
7 19
7 24
7 25
7 26
7 28
7 31
7 32
7 34
7 36
7 38
7 44
7 46
7 48
7 49
7 50
7 54
7 55
7 56
7 59
7 60
7 62
7 63
7 64
7 65
7 66
7 71
7 73
7 75
7 78
7 80
7 81
7 82
7 83
7 85
7 87
7 89
7 90
7 92
7 96
7 99
8 13
8 14
8 15
8 16
8 19
8 20
8 21
8 23
8 24
8 26
8 28
8 30
8 33
8 34
8 35
8 37
8 38
8 42
8 43
8 45
8 48
8 50
8 51
8 52
8 53
8 54
8 56
8 58
8 61
8 63
8 64
8 65
8 69
8 70
8 74
8 76
8 77
8 78
8 79
8 80
8 85
8 86
8 88
8 89
8 90
8 94
8 97
8 99
9 10
9 11
9 15
9 17
9 18
9 21
9 22
9 23
9 24
9 26
9 27
9 31
9 33
9 35
9 38
9 43
9 46
9 49
9 50
9 53
9 55
9 59
9 60
9 62
9 63
9 64
9 65
9 67
9 69
9 70
9 71
9 74
9 76
9 78
9 80
9 81
9 82
9 86
9 87
9 88
9 89
9 92
9 93
9 94
9 97
9 98
10 12
10 13
10 15
10 16
10 18
10 20
10 21
10 22
10 26
10 30
10 31
10 32
10 34
10 35
10 37
10 38
10 40
10 43
10 45
10 48
10 49
10 51
10 54
10 55
10 56
10 60
10 61
10 63
10 67
10 69
10 74
10 78
10 83
10 85
10 87
10 88
10 89
10 93
10 95
10 96
11 12
11 14
11 19
11 20
11 24
11 26
11 27
11 30
11 41
11 42
11 43
11 44
11 45
11 50
11 51
11 52
11 53
11 55
11 57
11 59
11 61
11 62
11 66
11 67
11 68
11 70
11 71
11 72
11 81
11 83
11 85
11 86
11 88
11 89
11 91
11 94
11 95
11 97
12 14
12 17
12 21
12 22
12 25
12 27
12 37
12 47
12 50
12 55
12 56
12 58
12 59
12 60
12 61
12 66
12 67
12 68
12 69
12 70
12 72
12 74
12 76
12 81
12 82
12 83
12 84
12 85
12 89
12 90
12 91
12 92
12 93
12 95
12 97
12 98
12 99
13 14
13 19
13 21
13 22
13 23
13 24
13 25
13 27
13 28
13 30
13 32
13 33
13 34
13 36
13 39
13 40
13 41
13 42
13 48
13 52
13 54
13 55
13 57
13 59
13 62
13 64
13 65
13 66
13 67
13 68
13 69
13 70
13 72
13 74
13 75
13 79
13 80
13 81
13 83
13 84
13 85
13 89
13 90
13 91
13 92
13 93
13 97
14 16
14 17
14 19
14 22
14 23
14 25
14 27
14 29
14 31
14 32
14 33
14 34
14 35
14 39
14 47
14 48
14 49
14 51
14 54
14 55
14 59
14 60
14 61
14 62
14 67
14 69
14 70
14 72
14 73
14 74
14 75
14 76
14 77
14 78
14 81
14 82
14 83
14 87
14 91
14 93
14 94
14 95
14 96
14 98
15 16
15 18
15 20
15 21
15 24
15 25
15 27
15 28
15 29
15 30
15 32
15 37
15 39
15 42
15 43
15 45
15 46
15 47
15 49
15 50
15 51
15 53
15 55
15 57
15 59
15 60
15 61
15 62
15 65
15 66
15 67
15 69
15 72
15 73
15 74
15 75
15 78
15 79
15 81
15 82
15 84
15 85
15 87
15 92
15 93
15 96
15 97
16 20
16 21
16 22
16 23
16 24
16 25
16 27
16 28
16 29
16 31
16 34
16 35
16 37
16 38
16 40
16 41
16 47
16 51
16 53
16 58
16 60
16 63
16 64
16 66
16 67
16 68
16 70
16 71
16 72
16 74
16 76
16 78
16 79
16 81
16 83
16 85
16 86
16 87
16 89
16 93
16 94
16 97
16 99
17 18
17 22
17 25
17 28
17 31
17 32
17 33
17 34
17 35
17 37
17 39
17 40
17 42
17 49
17 51
17 52
17 54
17 60
17 62
17 64
17 68
17 69
17 70
17 72
17 74
17 75
17 76
17 77
17 78
17 87
17 88
17 91
17 92
17 93
17 94
17 95
17 96
17 98
18 19
18 22
18 23
18 27
18 28
18 29
18 30
18 31
18 32
18 36
18 38
18 39
18 41
18 42
18 43
18 46
18 47
18 50
18 53
18 54
18 56
18 57
18 58
18 59
18 60
18 61
18 62
18 64
18 65
18 66
18 67
18 68
18 71
18 72
18 75
18 76
18 79
18 83
18 84
18 85
18 87
18 88
18 89
18 90
18 91
18 92
18 95
18 99
19 21
19 22
19 23
19 24
19 25
19 27
19 31
19 32
19 33
19 34
19 36
19 40
19 44
19 46
19 47
19 51
19 55
19 56
19 57
19 58
19 60
19 62
19 63
19 66
19 67
19 68
19 69
19 74
19 80
19 81
19 83
19 86
19 88
19 89
19 90
19 91
19 92
19 93
19 96
20 23
20 25
20 29
20 30
20 31
20 32
20 33
20 34
20 40
20 42
20 43
20 44
20 48
20 53
20 54
20 57
20 59
20 60
20 62
20 65
20 67
20 68
20 69
20 70
20 73
20 75
20 80
20 81
20 82
20 83
20 84
20 85
20 86
20 87
20 88
20 90
20 91
20 93
20 97
21 22
21 23
21 24
21 25
21 26
21 29
21 31
21 33
21 34
21 35
21 36
21 37
21 38
21 39
21 45
21 46
21 47
21 49
21 50
21 52
21 54
21 57
21 58
21 65
21 66
21 67
21 69
21 70
21 71
21 74
21 77
21 79
21 80
21 83
21 85
21 87
21 88
21 89
21 90
21 91
21 93
21 94
21 95
21 98
22 24
22 25
22 26
22 27
22 30
22 31
22 34
22 35
22 38
22 41
22 43
22 47
22 51
22 53
22 54
22 57
22 61
22 62
22 63
22 64
22 65
22 69
22 75
22 76
22 79
22 80
22 83
22 84
22 88
22 89
22 91
22 92
22 94
22 97
22 98
22 99
23 24
23 25
23 26
23 29
23 30
23 34
23 38
23 40
23 41
23 43
23 44
23 46
23 50
23 51
23 52
23 53
23 54
23 55
23 56
23 57
23 58
23 61
23 64
23 68
23 69
23 70
23 72
23 73
23 74
23 78
23 82
23 84
23 85
23 89
23 90
23 91
23 92
23 96
23 97
23 98
24 25
24 28
24 31
24 32
24 35
24 36
24 38
24 40
24 44
24 47
24 49
24 50
24 51
24 54
24 55
24 56
24 58
24 63
24 65
24 66
24 67
24 69
24 74
24 77
24 78
24 81
24 82
24 86
24 88
24 89
24 90
24 93
24 94
24 96
24 97
24 99
25 27
25 28
25 29
25 30
25 32
25 34
25 36
25 37
25 38
25 39
25 44
25 46
25 47
25 48
25 49
25 50
25 51
25 52
25 53
25 54
25 55
25 56
25 57
25 58
25 59
25 63
25 65
25 66
25 67
25 70
25 71
25 73
25 74
25 75
25 78
25 79
25 80
25 81
25 82
25 83
25 84
25 89
25 93
25 94
25 98
26 28
26 30
26 32
26 33
26 35
26 37
26 42
26 43
26 47
26 50
26 56
26 57
26 58
26 59
26 60
26 62
26 63
26 65
26 67
26 70
26 71
26 72
26 73
26 76
26 78
26 79
26 80
26 81
26 86
26 89
26 93
26 94
26 96
26 98
27 30
27 31
27 32
27 33
27 34
27 35
27 38
27 39
27 42
27 43
27 45
27 48
27 49
27 50
27 51
27 55
27 56
27 57
27 64
27 65
27 66
27 68
27 69
27 70
27 72
27 74
27 78
27 81
27 86
27 89
27 91
27 96
27 98
27 99
28 32
28 33
28 35
28 37
28 41
28 44
28 47
28 48
28 49
28 52
28 53
28 54
28 58
28 62
28 63
28 64
28 65
28 68
28 69
28 70
28 71
28 74
28 75
28 76
28 77
28 79
28 80
28 85
28 86
28 88
28 89
28 91
28 94
28 96
28 97
28 99
29 35
29 36
29 38
29 39
29 40
29 42
29 43
29 44
29 45
29 48
29 50
29 52
29 56
29 57
29 59
29 66
29 67
29 68
29 69
29 70
29 71
29 76
29 78
29 80
29 87
29 89
29 90
29 91
29 92
29 94
29 98
29 99
30 31
30 33
30 36
30 38
30 39
30 44
30 45
30 46
30 47
30 48
30 52
30 53
30 54
30 55
30 56
30 57
30 61
30 62
30 63
30 65
30 66
30 68
30 69
30 70
30 72
30 75
30 76
30 77
30 78
30 79
30 80
30 85
30 86
30 87
30 91
30 92
30 94
30 96
30 97
30 98
31 32
31 36
31 38
31 39
31 42
31 43
31 44
31 45
31 47
31 48
31 51
31 54
31 57
31 59
31 63
31 65
31 66
31 70
31 74
31 76
31 77
31 83
31 85
31 86
31 88
31 91
31 92
31 96
31 98
32 34
32 35
32 36
32 38
32 39
32 42
32 43
32 45
32 48
32 50
32 51
32 53
32 54
32 55
32 56
32 58
32 60
32 61
32 62
32 63
32 65
32 66
32 74
32 77
32 78
32 79
32 80
32 81
32 82
32 83
32 89
32 90
32 91
32 94
32 95
32 96
32 99
33 34
33 35
33 37
33 38
33 39
33 41
33 42
33 45
33 46
33 47
33 48
33 49
33 50
33 53
33 58
33 59
33 60
33 63
33 65
33 66
33 68
33 69
33 70
33 71
33 72
33 75
33 81
33 82
33 83
33 84
33 91
33 92
33 93
33 96
33 99
34 36
34 39
34 41
34 45
34 47
34 48
34 49
34 50
34 52
34 53
34 55
34 63
34 64
34 65
34 67
34 68
34 71
34 72
34 73
34 74
34 75
34 76
34 77
34 82
34 83
34 84
34 86
34 87
34 88
34 89
34 92
34 93
34 94
34 97
35 36
35 37
35 40
35 41
35 42
35 44
35 45
35 47
35 48
35 50
35 53
35 54
35 60
35 61
35 65
35 67
35 68
35 72
35 74
35 75
35 77
35 81
35 82
35 83
35 85
35 86
35 87
35 88
35 89
35 90
35 91
35 95
35 96
35 97
35 98
36 41
36 43
36 46
36 47
36 48
36 49
36 50
36 51
36 53
36 54
36 57
36 58
36 59
36 61
36 63
36 64
36 70
36 72
36 74
36 76
36 79
36 81
36 82
36 83
36 86
36 87
36 90
36 94
36 99
37 40
37 41
37 42
37 43
37 46
37 49
37 50
37 53
37 57
37 58
37 61
37 65
37 69
37 70
37 74
37 75
37 79
37 80
37 81
37 82
37 83
37 86
37 87
37 88
37 91
37 92
37 94
37 95
37 96
37 97
38 41
38 43
38 44
38 48
38 52
38 53
38 54
38 58
38 59
38 60
38 67
38 68
38 69
38 70
38 72
38 74
38 77
38 78
38 79
38 80
38 82
38 83
38 84
38 86
38 87
38 88
38 89
38 90
38 93
38 94
38 95
38 98
39 41
39 42
39 44
39 45
39 47
39 48
39 49
39 50
39 54
39 56
39 57
39 63
39 64
39 66
39 72
39 73
39 75
39 76
39 79
39 80
39 81
39 82
39 84
39 85
39 91
39 95
39 96
39 98
39 99
40 42
40 44
40 45
40 49
40 53
40 57
40 58
40 60
40 63
40 65
40 66
40 67
40 71
40 74
40 75
40 77
40 78
40 79
40 82
40 85
40 86
40 90
40 91
40 92
40 94
40 95
40 96
40 97
40 98
41 43
41 47
41 48
41 49
41 50
41 53
41 55
41 60
41 61
41 62
41 66
41 70
41 71
41 72
41 73
41 75
41 77
41 78
41 79
41 80
41 82
41 83
41 85
41 86
41 92
41 94
41 96
41 97
42 43
42 47
42 48
42 49
42 50
42 51
42 52
42 53
42 54
42 55
42 56
42 57
42 58
42 61
42 62
42 65
42 66
42 70
42 71
42 73
42 75
42 80
42 81
42 86
42 88
42 93
42 95
43 45
43 46
43 47
43 48
43 50
43 51
43 53
43 54
43 55
43 56
43 59
43 61
43 62
43 63
43 67
43 68
43 72
43 75
43 77
43 78
43 79
43 80
43 83
43 84
43 85
43 86
43 89
43 91
43 92
43 94
43 95
43 96
43 98
43 99
44 49
44 50
44 51
44 56
44 57
44 60
44 61
44 63
44 65
44 67
44 68
44 71
44 72
44 74
44 77
44 80
44 82
44 83
44 84
44 87
44 92
44 93
44 97
44 98
45 48
45 49
45 50
45 51
45 52
45 54
45 59
45 65
45 66
45 67
45 69
45 70
45 71
45 72
45 73
45 75
45 76
45 77
45 79
45 80
45 83
45 84
45 87
45 90
45 92
45 93
45 95
45 97
46 50
46 51
46 52
46 54
46 56
46 57
46 58
46 59
46 60
46 61
46 69
46 70
46 71
46 73
46 74
46 76
46 77
46 81
46 83
46 85
46 86
46 87
46 88
46 91
46 92
46 94
46 95
46 96
46 97
46 99
47 48
47 49
47 50
47 52
47 54
47 55
47 57
47 59
47 65
47 67
47 69
47 72
47 73
47 74
47 78
47 80
47 81
47 82
47 85
47 87
47 88
47 90
47 91
47 93
47 94
47 95
47 96
47 97
47 99
48 49
48 50
48 51
48 52
48 53
48 54
48 55
48 57
48 58
48 60
48 61
48 62
48 65
48 66
48 67
48 69
48 70
48 72
48 74
48 76
48 79
48 81
48 83
48 84
48 87
48 88
48 91
48 92
48 93
48 94
49 52
49 54
49 55
49 57
49 62
49 66
49 67
49 72
49 74
49 78
49 80
49 81
49 82
49 83
49 84
49 85
49 86
49 87
49 88
49 90
49 93
49 94
49 96
49 98
49 99
50 52
50 54
50 56
50 57
50 58
50 59
50 60
50 61
50 62
50 63
50 64
50 65
50 66
50 67
50 70
50 71
50 76
50 77
50 78
50 79
50 82
50 83
50 88
50 93
50 94
50 99
51 52
51 54
51 55
51 56
51 57
51 58
51 61
51 62
51 63
51 65
51 67
51 69
51 70
51 73
51 74
51 78
51 79
51 83
51 84
51 86
51 87
51 88
51 89
51 90
51 91
51 95
51 96
51 97
52 54
52 58
52 60
52 61
52 64
52 66
52 67
52 70
52 71
52 72
52 73
52 75
52 77
52 78
52 82
52 83
52 84
52 85
52 87
52 90
52 91
52 95
52 99
53 54
53 55
53 56
53 57
53 58
53 62
53 63
53 65
53 66
53 69
53 74
53 75
53 76
53 78
53 79
53 84
53 85
53 86
53 90
53 94
53 95
53 96
53 98
54 55
54 56
54 60
54 62
54 66
54 67
54 69
54 70
54 75
54 76
54 78
54 83
54 85
54 86
54 87
54 88
54 89
54 90
54 91
54 94
54 96
55 56
55 59
55 60
55 64
55 67
55 68
55 71
55 72
55 76
55 78
55 82
55 83
55 85
55 91
55 93
55 95
55 98
56 58
56 61
56 63
56 65
56 66
56 67
56 70
56 71
56 73
56 74
56 75
56 78
56 79
56 81
56 82
56 83
56 85
56 86
56 87
56 88
56 91
56 92
56 94
56 98
57 60
57 62
57 63
57 66
57 67
57 68
57 69
57 70
57 79
57 83
57 85
57 87
57 88
57 90
57 93
57 95
57 96
57 97
58 60
58 62
58 66
58 67
58 68
58 70
58 71
58 72
58 74
58 75
58 77
58 78
58 79
58 83
58 84
58 86
58 88
58 91
58 92
58 93
58 94
58 95
58 97
58 98
59 61
59 66
59 67
59 68
59 69
59 72
59 73
59 74
59 75
59 78
59 79
59 80
59 81
59 86
59 87
59 89
59 90
59 91
59 92
59 94
59 95
59 97
60 61
60 62
60 63
60 65
60 66
60 67
60 71
60 72
60 80
60 82
60 83
60 85
60 86
60 87
60 90
60 94
60 95
60 96
61 63
61 64
61 65
61 66
61 67
61 68
61 69
61 70
61 71
61 72
61 73
61 75
61 77
61 78
61 79
61 80
61 83
61 85
61 87
61 88
61 89
61 90
61 91
61 92
61 94
61 96
61 97
61 98
61 99
62 63
62 65
62 66
62 68
62 69
62 73
62 74
62 75
62 76
62 77
62 78
62 79
62 80
62 81
62 82
62 83
62 84
62 85
62 93
62 94
62 97
63 71
63 75
63 76
63 78
63 79
63 80
63 82
63 83
63 84
63 85
63 86
63 88
63 94
63 96
63 98
63 99
64 65
64 66
64 68
64 69
64 71
64 72
64 74
64 75
64 76
64 77
64 79
64 82
64 83
64 84
64 89
64 90
64 91
64 92
64 94
64 95
64 99
65 67
65 68
65 70
65 71
65 74
65 75
65 76
65 77
65 79
65 83
65 84
65 85
65 87
65 90
65 93
65 96
65 98
66 67
66 68
66 69
66 80
66 81
66 84
66 85
66 86
66 87
66 88
66 89
66 91
66 97
66 99
67 68
67 71
67 74
67 77
67 78
67 79
67 82
67 83
67 84
67 85
67 86
67 87
67 89
67 91
67 95
67 96
67 98
67 99
68 69
68 70
68 72
68 74
68 75
68 77
68 80
68 81
68 82
68 83
68 86
68 91
68 92
68 95
68 96
68 97
68 99
69 70
69 71
69 72
69 73
69 76
69 80
69 81
69 82
69 83
69 86
69 87
69 89
69 94
69 95
69 97
69 99
70 72
70 75
70 76
70 77
70 78
70 79
70 80
70 82
70 83
70 85
70 86
70 87
70 89
70 90
70 91
70 95
70 97
70 98
71 74
71 75
71 77
71 79
71 80
71 81
71 82
71 83
71 87
71 93
71 95
72 74
72 75
72 76
72 79
72 80
72 83
72 84
72 85
72 86
72 89
72 91
72 92
72 93
72 95
72 98
73 74
73 83
73 84
73 86
73 87
73 88
73 89
73 90
73 92
73 93
73 95
73 96
73 97
74 79
74 80
74 82
74 83
74 84
74 85
74 86
74 89
74 90
74 91
74 93
74 96
75 76
75 80
75 82
75 83
75 85
75 87
75 90
75 92
75 93
75 95
75 96
75 98
76 77
76 81
76 82
76 85
76 86
76 90
76 91
76 95
76 96
76 97
76 99
77 78
77 81
77 87
77 88
77 89
77 91
77 93
77 94
77 97
77 98
78 79
78 80
78 82
78 83
78 85
78 86
78 87
78 89
78 90
78 91
78 92
78 95
78 98
78 99
79 80
79 81
79 82
79 83
79 84
79 86
79 87
79 93
79 94
79 96
79 99
80 81
80 82
80 83
80 84
80 86
80 91
80 94
80 96
80 97
81 82
81 85
81 87
81 88
81 90
81 91
81 92
81 93
81 97
81 99
82 84
82 85
82 86
82 89
82 95
82 97
82 98
82 99
83 86
83 87
83 88
83 89
83 90
83 93
83 94
83 95
83 98
83 99
84 86
84 87
84 90
84 91
84 92
84 96
84 97
84 99
85 86
85 90
85 92
85 93
85 94
85 99
86 88
86 90
86 91
86 92
86 95
87 91
87 92
87 93
87 96
87 97
87 98
87 99
88 89
88 91
88 92
88 93
88 95
88 96
88 97
88 98
88 99
89 91
89 93
89 95
89 97
89 98
90 91
90 92
90 93
90 94
90 95
90 96
90 99
91 99
92 93
92 94
92 96
92 97
92 98
92 99
93 94
93 95
94 96
94 97
94 98
95 99
96 98
97 98
98 99
