0 1
0 2
0 5
0 8
0 9
0 11
0 12
0 13
0 14
0 17
0 18
0 20
0 21
0 22
0 23
0 25
0 27
0 28
0 29
0 32
0 36
0 37
0 38
0 39
0 40
0 42
0 43
0 44
0 46
0 49
0 50
0 51
0 54
0 55
0 56
0 57
0 62
0 63
0 67
0 68
0 69
0 70
0 71
0 72
0 74
0 75
0 76
0 77
0 78
0 82
0 83
0 84
0 85
0 87
0 88
0 89
0 90
0 92
0 96
0 97
1 2
1 5
1 6
1 7
1 8
1 9
1 12
1 13
1 14
1 16
1 19
1 20
1 22
1 23
1 27
1 28
1 30
1 31
1 34
1 39
1 40
1 41
1 42
1 44
1 49
1 52
1 53
1 56
1 57
1 60
1 61
1 67
1 69
1 70
1 73
1 74
1 77
1 78
1 79
1 84
1 86
1 87
1 91
1 92
1 95
1 97
1 98
1 99
2 4
2 5
2 7
2 11
2 13
2 14
2 15
2 16
2 20
2 21
2 26
2 28
2 29
2 31
2 32
2 33
2 35
2 37
2 38
2 39
2 40
2 42
2 45
2 46
2 47
2 48
2 50
2 51
2 52
2 53
2 56
2 59
2 60
2 61
2 62
2 63
2 64
2 68
2 69
2 70
2 71
2 74
2 75
2 77
2 82
2 86
2 88
2 89
2 90
2 92
2 93
2 96
2 97
2 98
3 4
3 6
3 8
3 11
3 13
3 16
3 17
3 19
3 21
3 22
3 25
3 26
3 27
3 29
3 30
3 31
3 33
3 35
3 36
3 38
3 39
3 40
3 43
3 44
3 45
3 46
3 49
3 55
3 56
3 57
3 59
3 60
3 62
3 64
3 66
3 69
3 71
3 74
3 75
3 78
3 79
3 80
3 82
3 83
3 84
3 87
3 89
3 90
3 92
3 93
3 97
4 5
4 7
4 11
4 12
4 16
4 17
4 18
4 20
4 22
4 24
4 27
4 28
4 29
4 33
4 35
4 36
4 37
4 38
4 39
4 43
4 44
4 45
4 47
4 48
4 50
4 52
4 55
4 56
4 57
4 58
4 59
4 61
4 66
4 67
4 69
4 80
4 88
4 91
4 92
4 93
4 94
4 96
4 98
5 6
5 7
5 8
5 10
5 12
5 13
5 14
5 17
5 18
5 22
5 23
5 31
5 32
5 34
5 39
5 40
5 48
5 49
5 51
5 52
5 53
5 54
5 55
5 57
5 58
5 61
5 65
5 66
5 73
5 74
5 75
5 77
5 80
5 81
5 82
5 83
5 84
5 85
5 86
5 87
5 88
5 90
5 91
5 93
5 94
5 97
5 98
5 99
6 7
6 16
6 17
6 20
6 21
6 22
6 23
6 24
6 28
6 29
6 30
6 31
6 32
6 35
6 36
6 39
6 41
6 42
6 43
6 44
6 45
6 46
6 50
6 52
6 53
6 55
6 57
6 58
6 59
6 60
6 62
6 65
6 67
6 68
6 73
6 74
6 75
6 76
6 78
6 79
6 80
6 81
6 88
6 92
6 96
6 97
6 98
7 9
7 10
7 13
7 14
7 15
7 16
7 17
7 20
7 22
7 24
7 26
7 30
7 31
7 32
7 33
7 35
7 37
7 38
7 39
7 40
7 44
7 45
7 48
7 49
7 52
7 53
7 54
7 56
7 58
7 59
7 62
7 64
7 65
7 69
7 70
7 72
7 78
7 79
7 82
7 83
7 84
7 86
7 87
7 88
7 89
7 91
7 92
7 94
7 97
7 98
7 99
8 9
8 10
8 12
8 15
8 19
8 20
8 23
8 24
8 26
8 27
8 28
8 33
8 34
8 35
8 37
8 38
8 41
8 42
8 43
8 46
8 47
8 48
8 49
8 51
8 52
8 54
8 55
8 56
8 57
8 58
8 61
8 63
8 66
8 68
8 69
8 72
8 73
8 75
8 76
8 77
8 78
8 80
8 81
8 85
8 86
8 87
8 90
8 91
8 92
8 93
8 94
8 96
8 99
9 19
9 21
9 22
9 26
9 27
9 29
9 30
9 32
9 33
9 34
9 42
9 44
9 46
9 47
9 48
9 49
9 51
9 52
9 53
9 54
9 57
9 64
9 66
9 69
9 70
9 73
9 74
9 75
9 78
9 81
9 83
9 84
9 85
9 88
9 90
9 91
9 92
9 93
9 94
9 97
9 98
10 12
10 13
10 15
10 16
10 18
10 20
10 25
10 28
10 31
10 32
10 34
10 35
10 36
10 37
10 40
10 41
10 42
10 43
10 44
10 45
10 46
10 48
10 49
10 51
10 52
10 55
10 63
10 67
10 68
10 71
10 74
10 76
10 78
10 82
10 83
10 86
10 87
10 90
10 91
10 93
10 95
10 96
10 98
11 12
11 13
11 15
11 17
11 18
11 19
11 20
11 21
11 23
11 25
11 26
11 27
11 32
11 34
11 36
11 39
11 40
11 41
11 42
11 44
11 45
11 50
11 51
11 52
11 53
11 54
11 57
11 58
11 61
11 62
11 66
11 68
11 69
11 70
11 71
11 72
11 73
11 75
11 81
11 82
11 84
11 85
11 88
11 90
11 92
11 94
11 95
11 97
12 15
12 17
12 18
12 20
12 23
12 25
12 26
12 27
12 28
12 30
12 35
12 38
12 39
12 42
12 48
12 51
12 53
12 54
12 57
12 59
12 61
12 65
12 66
12 67
12 68
12 71
12 72
12 74
12 75
12 76
12 80
12 82
12 83
12 85
12 88
12 89
12 90
12 91
12 92
12 95
12 99
13 14
13 16
13 17
13 20
13 21
13 23
13 25
13 27
13 28
13 30
13 33
13 36
13 37
13 47
13 53
13 54
13 55
13 56
13 58
13 60
13 61
13 62
13 63
13 65
13 68
13 69
13 72
13 73
13 74
13 79
13 80
13 82
13 86
13 89
13 90
13 95
13 97
13 98
14 15
14 16
14 17
14 18
14 19
14 20
14 21
14 22
14 26
14 27
14 28
14 30
14 31
14 32
14 34
14 35
14 38
14 39
14 40
14 43
14 44
14 45
14 46
14 48
14 50
14 53
14 54
14 58
14 59
14 60
14 63
14 64
14 66
14 69
14 70
14 71
14 72
14 74
14 75
14 76
14 77
14 79
14 80
14 82
14 83
14 84
14 87
14 88
14 90
14 91
14 92
14 94
14 95
14 96
15 18
15 19
15 20
15 24
15 25
15 26
15 27
15 30
15 34
15 35
15 37
15 39
15 42
15 44
15 46
15 47
15 50
15 51
15 55
15 56
15 57
15 63
15 64
15 65
15 66
15 68
15 71
15 74
15 75
15 76
15 77
15 78
15 79
15 83
15 85
15 86
15 87
15 91
15 94
15 96
15 99
16 18
16 19
16 22
16 25
16 28
16 29
16 33
16 34
16 40
16 41
16 43
16 45
16 46
16 47
16 48
16 49
16 50
16 52
16 53
16 54
16 56
16 58
16 61
16 63
16 64
16 66
16 68
16 69
16 70
16 72
16 73
16 74
16 75
16 77
16 81
16 82
16 83
16 84
16 87
16 88
16 92
16 94
16 96
17 19
17 22
17 28
17 29
17 31
17 32
17 37
17 38
17 40
17 41
17 44
17 45
17 47
17 49
17 50
17 51
17 53
17 57
17 58
17 60
17 62
17 63
17 64
17 65
17 66
17 69
17 70
17 71
17 72
17 75
17 77
17 79
17 80
17 83
17 88
17 89
17 90
17 91
17 92
17 93
17 94
17 97
18 20
18 21
18 24
18 29
18 30
18 36
18 38
18 40
18 41
18 42
18 46
18 51
18 55
18 57
18 59
18 60
18 61
18 64
18 66
18 68
18 69
18 71
18 72
18 74
18 76
18 77
18 81
18 83
18 87
18 88
18 91
18 94
18 95
19 20
19 22
19 23
19 25
19 26
19 27
19 29
19 30
19 32
19 34
19 36
19 37
19 38
19 41
19 42
19 44
19 47
19 51
19 52
19 53
19 54
19 55
19 58
19 59
19 61
19 62
19 64
19 65
19 66
19 68
19 69
19 75
19 77
19 78
19 79
19 80
19 81
19 82
19 83
19 84
19 91
19 93
19 94
19 95
20 22
20 23
20 24
20 26
20 27
20 28
20 29
20 31
20 32
20 35
20 36
20 37
20 38
20 39
20 42
20 43
20 47
20 49
20 50
20 51
20 52
20 56
20 62
20 63
20 64
20 67
20 69
20 71
20 73
20 74
20 75
20 76
20 80
20 83
20 84
20 85
20 86
20 88
20 91
20 92
20 93
20 98
20 99
21 22
21 24
21 26
21 27
21 33
21 34
21 36
21 37
21 38
21 44
21 47
21 48
21 51
21 56
21 57
21 58
21 60
21 61
21 62
21 65
21 67
21 69
21 70
21 73
21 74
21 75
21 76
21 77
21 79
21 80
21 82
21 84
21 86
21 87
21 88
21 90
21 92
21 96
21 99
22 23
22 24
22 26
22 27
22 30
22 32
22 34
22 35
22 39
22 40
22 41
22 42
22 43
22 44
22 45
22 46
22 50
22 53
22 54
22 55
22 56
22 59
22 60
22 61
22 62
22 67
22 69
22 70
22 75
22 76
22 80
22 83
22 84
22 86
22 87
22 89
22 90
22 91
22 93
22 94
22 97
22 98
23 31
23 33
23 34
23 35
23 36
23 37
23 39
23 40
23 42
23 43
23 45
23 46
23 47
23 54
23 55
23 61
23 62
23 63
23 64
23 65
23 66
23 70
23 74
23 75
23 77
23 78
23 79
23 82
23 83
23 88
23 89
23 91
23 92
23 93
23 94
23 95
23 96
24 27
24 31
24 32
24 34
24 38
24 40
24 41
24 42
24 44
24 45
24 47
24 54
24 55
24 56
24 59
24 60
24 62
24 63
24 64
24 67
24 68
24 69
24 71
24 77
24 79
24 81
24 84
24 85
24 88
24 89
24 90
24 91
24 93
24 94
24 95
24 98
24 99
25 26
25 27
25 29
25 31
25 36
25 40
25 41
25 43
25 44
25 47
25 49
25 52
25 53
25 56
25 57
25 58
25 60
25 62
25 63
25 66
25 69
25 71
25 72
25 74
25 77
25 79
25 80
25 84
25 85
25 87
25 95
25 96
26 30
26 31
26 32
26 33
26 34
26 35
26 37
26 38
26 39
26 40
26 41
26 42
26 43
26 45
26 48
26 49
26 50
26 52
26 55
26 56
26 60
26 61
26 62
26 65
26 69
26 73
26 74
26 81
26 82
26 84
26 85
26 87
26 88
26 89
26 90
26 93
26 94
26 96
26 97
26 99
27 28
27 31
27 33
27 34
27 35
27 37
27 45
27 46
27 48
27 51
27 53
27 57
27 59
27 60
27 61
27 62
27 63
27 65
27 66
27 67
27 70
27 71
27 72
27 75
27 78
27 79
27 83
27 84
27 86
27 87
27 88
27 89
27 91
27 92
27 96
27 98
27 99
28 29
28 31
28 32
28 33
28 34
28 36
28 37
28 43
28 47
28 48
28 49
28 50
28 52
28 53
28 55
28 57
28 58
28 60
28 64
28 65
28 66
28 73
28 75
28 76
28 77
28 82
28 85
28 86
28 89
28 90
28 92
28 93
28 97
28 98
28 99
29 31
29 33
29 35
29 39
29 40
29 42
29 43
29 46
29 47
29 49
29 50
29 51
29 53
29 57
29 60
29 65
29 67
29 70
29 72
29 73
29 77
29 78
29 79
29 82
29 84
29 86
29 87
29 92
29 93
29 94
29 97
29 98
29 99
30 31
30 32
30 34
30 35
30 36
30 37
30 39
30 41
30 43
30 44
30 45
30 46
30 48
30 49
30 50
30 51
30 53
30 56
30 57
30 59
30 63
30 64
30 66
30 67
30 68
30 72
30 74
30 75
30 76
30 77
30 79
30 80
30 82
30 83
30 86
30 87
30 88
30 89
30 90
30 92
30 93
30 95
30 96
30 97
30 98
31 34
31 35
31 36
31 37
31 38
31 39
31 40
31 42
31 43
31 46
31 49
31 52
31 53
31 54
31 55
31 57
31 59
31 69
31 70
31 72
31 77
31 80
31 81
31 82
31 85
31 86
31 87
31 88
31 90
31 92
31 95
31 98
32 33
32 35
32 37
32 38
32 40
32 41
32 43
32 46
32 47
32 48
32 49
32 50
32 51
32 54
32 55
32 56
32 60
32 64
32 67
32 71
32 72
32 73
32 74
32 76
32 77
32 80
32 81
32 82
32 83
32 85
32 89
32 90
32 92
32 93
32 94
32 97
33 34
33 38
33 39
33 42
33 44
33 45
33 49
33 51
33 52
33 53
33 54
33 56
33 59
33 61
33 63
33 65
33 66
33 67
33 74
33 76
33 79
33 80
33 82
33 86
33 87
33 89
34 35
34 37
34 38
34 39
34 40
34 42
34 43
34 44
34 45
34 47
34 48
34 49
34 50
34 53
34 55
34 57
34 59
34 65
34 66
34 67
34 69
34 70
34 74
34 76
34 78
34 80
34 81
34 83
34 84
34 87
34 89
34 90
34 92
34 99
35 36
35 37
35 40
35 41
35 42
35 43
35 44
35 47
35 49
35 53
35 55
35 56
35 58
35 59
35 60
35 61
35 62
35 63
35 64
35 68
35 71
35 72
35 73
35 76
35 77
35 80
35 81
35 82
35 85
35 89
35 91
35 93
35 95
35 98
36 37
36 38
36 40
36 42
36 44
36 45
36 46
36 48
36 53
36 54
36 55
36 56
36 64
36 66
36 69
36 71
36 74
36 77
36 80
36 83
36 87
36 88
36 90
36 95
36 96
37 39
37 40
37 41
37 42
37 44
37 45
37 46
37 47
37 48
37 49
37 52
37 58
37 60
37 61
37 62
37 63
37 69
37 70
37 72
37 75
37 76
37 77
37 81
37 86
37 88
37 89
37 90
37 92
37 93
37 94
37 95
37 96
37 97
37 98
37 99
38 40
38 41
38 42
38 43
38 44
38 45
38 46
38 48
38 49
38 50
38 53
38 54
38 56
38 59
38 61
38 62
38 64
38 67
38 69
38 70
38 78
38 81
38 84
38 90
38 91
38 92
38 93
38 94
38 95
38 96
39 42
39 43
39 50
39 51
39 52
39 53
39 55
39 57
39 58
39 59
39 60
39 61
39 63
39 64
39 65
39 69
39 70
39 72
39 76
39 77
39 80
39 81
39 82
39 83
39 84
39 86
39 88
39 93
39 94
39 95
39 97
39 98
40 41
40 47
40 48
40 49
40 50
40 52
40 53
40 54
40 56
40 60
40 61
40 62
40 64
40 67
40 68
40 71
40 76
40 79
40 80
40 81
40 83
40 86
40 89
40 90
40 94
40 95
40 96
40 99
41 44
41 46
41 48
41 51
41 53
41 54
41 58
41 59
41 64
41 65
41 66
41 67
41 69
41 72
41 73
41 74
41 76
41 77
41 78
41 79
41 81
41 85
41 86
41 87
41 88
41 89
41 90
41 92
41 93
41 95
41 96
41 98
42 43
42 46
42 47
42 48
42 49
42 53
42 54
42 58
42 59
42 61
42 64
42 65
42 66
42 68
42 69
42 74
42 75
42 76
42 78
42 82
42 89
42 90
42 91
42 93
42 94
42 96
42 97
43 45
43 46
43 47
43 48
43 52
43 58
43 59
43 61
43 62
43 65
43 67
43 68
43 69
43 70
43 71
43 72
43 73
43 74
43 76
43 80
43 83
43 85
43 89
43 91
43 93
43 95
43 97
44 46
44 50
44 51
44 55
44 56
44 57
44 60
44 61
44 64
44 66
44 68
44 69
44 71
44 74
44 75
44 76
44 77
44 79
44 81
44 84
44 88
44 89
44 95
44 97
45 46
45 47
45 49
45 51
45 54
45 55
45 57
45 58
45 60
45 61
45 63
45 64
45 66
45 68
45 69
45 71
45 76
45 77
45 78
45 79
45 81
45 82
45 83
45 84
45 87
45 92
45 98
46 50
46 52
46 53
46 58
46 59
46 60
46 61
46 62
46 63
46 64
46 65
46 66
46 67
46 69
46 70
46 71
46 74
46 78
46 81
46 82
46 84
46 88
46 89
46 90
46 91
46 93
46 94
46 95
46 97
46 98
46 99
47 48
47 49
47 50
47 51
47 52
47 54
47 56
47 57
47 58
47 60
47 61
47 63
47 66
47 68
47 71
47 72
47 74
47 75
47 79
47 81
47 86
47 88
47 90
47 91
47 93
47 95
47 96
47 98
48 50
48 53
48 57
48 60
48 64
48 68
48 70
48 72
48 74
48 75
48 76
48 77
48 79
48 82
48 84
48 86
48 87
48 91
48 92
48 93
48 95
48 97
49 50
49 52
49 54
49 55
49 56
49 57
49 60
49 62
49 63
49 64
49 65
49 66
49 67
49 69
49 72
49 74
49 76
49 77
49 80
49 85
49 90
49 91
49 95
49 96
49 98
50 51
50 58
50 59
50 60
50 61
50 63
50 64
50 68
50 70
50 71
50 73
50 74
50 75
50 80
50 82
50 84
50 87
50 89
50 91
50 92
50 96
50 99
51 53
51 55
51 56
51 57
51 58
51 59
51 60
51 61
51 67
51 68
51 69
51 71
51 73
51 75
51 77
51 81
51 83
51 84
51 86
51 87
51 88
51 90
51 91
51 93
51 95
51 97
51 99
52 54
52 55
52 56
52 63
52 67
52 69
52 70
52 72
52 80
52 85
52 86
52 89
52 91
52 92
52 93
52 94
52 96
52 98
52 99
53 54
53 56
53 59
53 60
53 61
53 62
53 64
53 69
53 71
53 73
53 74
53 75
53 77
53 78
53 79
53 81
53 84
53 86
53 90
53 92
53 93
53 94
53 95
54 56
54 57
54 62
54 63
54 65
54 67
54 68
54 71
54 72
54 73
54 76
54 78
54 80
54 81
54 82
54 83
54 85
54 86
54 87
54 93
54 94
54 95
54 97
54 99
55 56
55 57
55 59
55 60
55 61
55 64
55 66
55 68
55 69
55 70
55 73
55 76
55 77
55 79
55 80
55 81
55 82
55 83
55 85
55 86
55 88
55 89
55 91
56 57
56 58
56 62
56 63
56 65
56 67
56 69
56 73
56 74
56 75
56 77
56 78
56 81
56 83
56 85
56 87
56 88
56 89
56 90
56 92
56 96
56 97
56 98
57 64
57 66
57 67
57 68
57 69
57 76
57 78
57 79
57 81
57 82
57 83
57 87
57 88
57 89
57 90
57 92
57 93
57 94
57 97
57 98
57 99
58 60
58 62
58 63
58 64
58 67
58 68
58 69
58 74
58 76
58 81
58 87
58 91
58 92
58 95
58 97
58 98
59 60
59 62
59 64
59 66
59 68
59 69
59 70
59 72
59 73
59 74
59 75
59 77
59 79
59 81
59 86
59 90
59 96
59 98
60 61
60 62
60 64
60 66
60 68
60 72
60 74
60 75
60 76
60 77
60 78
60 80
60 84
60 85
60 87
60 88
60 90
60 93
60 94
60 97
60 99
61 63
61 64
61 65
61 71
61 72
61 75
61 76
61 79
61 82
61 88
61 93
61 94
61 96
61 98
62 63
62 64
62 65
62 66
62 68
62 71
62 72
62 75
62 76
62 77
62 80
62 87
62 88
62 91
62 92
62 95
62 96
62 97
62 98
62 99
63 66
63 69
63 73
63 74
63 75
63 76
63 79
63 81
63 82
63 83
63 86
63 90
63 91
63 92
63 93
63 94
63 96
63 97
64 65
64 66
64 69
64 70
64 71
64 72
64 77
64 79
64 80
64 81
64 82
64 84
64 86
64 89
64 93
64 94
64 98
64 99
65 68
65 71
65 72
65 75
65 77
65 79
65 80
65 81
65 82
65 84
65 85
65 86
65 88
65 89
65 94
65 98
66 68
66 70
66 74
66 76
66 77
66 78
66 79
66 85
66 86
66 94
66 97
66 98
67 70
67 71
67 74
67 76
67 79
67 80
67 82
67 84
67 85
67 86
67 87
67 88
67 89
67 94
67 95
67 97
67 98
67 99
68 70
68 77
68 78
68 79
68 81
68 83
68 85
68 86
68 88
68 91
68 93
68 94
68 96
68 98
68 99
69 71
69 72
69 74
69 75
69 83
69 87
69 90
69 91
69 93
69 94
69 96
69 97
70 77
70 79
70 82
70 85
70 89
70 90
70 91
70 92
70 94
70 96
71 72
71 78
71 79
71 80
71 83
71 87
71 90
71 93
71 95
71 96
71 97
72 73
72 77
72 80
72 81
72 83
72 86
72 87
72 88
72 91
72 94
72 95
72 99
73 78
73 79
73 83
73 88
73 90
73 92
73 93
73 96
73 98
73 99
74 76
74 81
74 82
74 84
74 85
74 86
74 89
74 91
74 92
74 93
74 94
74 95
74 96
74 98
74 99
75 76
75 77
75 78
75 81
75 82
75 89
75 91
75 94
75 95
75 97
75 98
75 99
76 77
76 79
76 82
76 83
76 85
76 89
76 90
76 91
76 92
76 93
76 96
76 98
77 78
77 79
77 80
77 81
77 84
77 87
77 91
77 92
77 95
77 96
77 98
78 85
78 88
78 89
78 92
78 94
78 97
78 98
78 99
79 81
79 82
79 84
79 86
79 87
79 89
79 90
79 92
79 93
79 95
79 96
79 99
80 81
80 82
80 84
80 85
80 86
80 88
80 90
80 91
80 92
80 93
80 97
80 98
80 99
81 82
81 84
81 85
81 92
81 94
81 96
81 97
81 98
82 83
82 84
82 85
82 86
82 87
82 88
82 89
82 90
82 91
82 92
82 93
82 95
82 96
82 97
83 84
83 89
83 91
83 92
83 93
83 95
83 96
83 97
84 90
84 91
84 93
84 94
84 95
84 97
84 98
85 86
85 88
85 90
85 91
85 94
85 96
85 97
85 99
86 89
86 92
86 94
86 97
86 98
87 88
87 89
87 95
87 97
87 99
88 92
88 95
89 90
89 91
89 92
89 93
89 95
89 96
89 97
90 93
90 94
90 95
90 99
91 92
91 93
91 94
91 95
91 97
91 98
92 94
92 95
92 96
92 99
93 94
93 95
93 99
94 97
94 98
94 99
95 99
96 98
96 99
97 98
98 99
