0 1
0 8
0 15
0 18
0 19
0 26
0 30
0 33
0 35
0 37
0 40
0 43
0 49
0 51
0 53
0 57
0 58
0 59
0 62
0 65
0 68
0 69
0 73
0 74
0 76
0 77
0 78
0 80
0 81
0 82
0 84
0 88
0 90
0 91
0 92
0 93
0 94
0 95
0 96
0 97
1 5
1 7
1 8
1 9
1 11
1 12
1 15
1 17
1 19
1 20
1 21
1 22
1 24
1 25
1 26
1 27
1 28
1 30
1 35
1 36
1 37
1 38
1 41
1 42
1 43
1 45
1 46
1 47
1 51
1 52
1 58
1 61
1 64
1 65
1 66
1 69
1 75
1 76
1 77
1 78
1 80
1 82
1 84
1 87
1 88
1 89
1 90
1 91
1 92
1 94
1 97
1 99
2 4
2 6
2 7
2 8
2 12
2 16
2 17
2 18
2 20
2 22
2 32
2 34
2 35
2 40
2 41
2 44
2 45
2 47
2 48
2 51
2 52
2 53
2 54
2 55
2 56
2 57
2 58
2 59
2 60
2 61
2 64
2 66
2 67
2 74
2 75
2 76
2 77
2 82
2 83
2 84
2 88
2 89
2 90
2 91
2 92
2 94
2 97
2 98
3 5
3 8
3 10
3 11
3 14
3 16
3 18
3 20
3 21
3 30
3 33
3 34
3 35
3 39
3 46
3 50
3 53
3 54
3 57
3 59
3 61
3 62
3 64
3 65
3 69
3 71
3 73
3 74
3 77
3 78
3 81
3 83
3 84
3 87
3 92
3 93
3 94
3 95
3 96
3 97
4 5
4 8
4 9
4 10
4 12
4 17
4 18
4 20
4 21
4 23
4 26
4 28
4 31
4 33
4 37
4 39
4 43
4 45
4 46
4 47
4 50
4 55
4 56
4 57
4 58
4 62
4 64
4 65
4 66
4 67
4 68
4 69
4 77
4 78
4 87
4 88
4 89
4 91
4 92
4 94
4 96
4 98
4 99
5 6
5 8
5 10
5 12
5 13
5 15
5 16
5 17
5 18
5 19
5 20
5 25
5 27
5 29
5 30
5 31
5 33
5 35
5 37
5 38
5 41
5 43
5 44
5 47
5 52
5 54
5 57
5 59
5 63
5 64
5 65
5 67
5 68
5 69
5 73
5 74
5 82
5 83
5 84
5 85
5 87
5 88
5 89
5 92
5 93
5 94
6 9
6 11
6 12
6 16
6 17
6 18
6 19
6 25
6 26
6 27
6 28
6 29
6 30
6 31
6 34
6 36
6 39
6 40
6 43
6 44
6 45
6 46
6 47
6 48
6 53
6 54
6 56
6 58
6 61
6 64
6 65
6 66
6 67
6 69
6 70
6 71
6 74
6 75
6 76
6 79
6 81
6 83
6 84
6 86
6 87
6 88
6 90
6 93
6 94
6 96
6 97
6 98
7 8
7 11
7 12
7 13
7 14
7 16
7 23
7 24
7 26
7 28
7 29
7 32
7 33
7 35
7 36
7 38
7 41
7 42
7 43
7 45
7 50
7 52
7 53
7 58
7 61
7 67
7 68
7 70
7 72
7 73
7 76
7 77
7 82
7 84
7 87
7 88
7 90
7 97
7 98
7 99
8 10
8 11
8 12
8 13
8 15
8 16
8 17
8 18
8 21
8 22
8 23
8 30
8 33
8 34
8 35
8 39
8 40
8 47
8 54
8 55
8 56
8 57
8 62
8 63
8 66
8 67
8 68
8 70
8 72
8 75
8 76
8 77
8 78
8 80
8 83
8 86
8 87
8 88
8 89
8 92
8 93
8 96
8 97
8 98
8 99
9 11
9 12
9 18
9 21
9 25
9 26
9 27
9 28
9 29
9 30
9 31
9 35
9 37
9 40
9 45
9 46
9 47
9 50
9 51
9 54
9 56
9 58
9 60
9 62
9 64
9 66
9 70
9 71
9 72
9 74
9 75
9 80
9 83
9 88
9 89
9 90
9 92
9 93
9 95
9 96
9 97
9 98
9 99
10 12
10 16
10 17
10 19
10 20
10 21
10 22
10 26
10 27
10 28
10 29
10 31
10 35
10 36
10 37
10 38
10 40
10 42
10 43
10 44
10 46
10 49
10 50
10 52
10 54
10 56
10 57
10 58
10 61
10 62
10 63
10 68
10 73
10 77
10 80
10 81
10 82
10 83
10 84
10 85
10 87
10 92
10 94
10 96
11 12
11 17
11 18
11 20
11 21
11 23
11 26
11 27
11 28
11 29
11 30
11 33
11 38
11 39
11 40
11 42
11 44
11 45
11 46
11 48
11 49
11 50
11 51
11 52
11 53
11 54
11 55
11 58
11 60
11 63
11 66
11 67
11 69
11 72
11 74
11 75
11 76
11 77
11 80
11 81
11 82
11 84
11 88
11 93
11 95
11 96
11 97
11 98
11 99
12 15
12 16
12 18
12 23
12 24
12 26
12 27
12 28
12 30
12 31
12 35
12 36
12 38
12 40
12 41
12 46
12 48
12 50
12 52
12 53
12 61
12 62
12 68
12 69
12 70
12 75
12 78
12 79
12 80
12 82
12 86
12 88
12 89
12 92
12 93
12 95
12 97
12 99
13 16
13 17
13 18
13 19
13 21
13 22
13 23
13 26
13 27
13 28
13 29
13 30
13 31
13 32
13 38
13 39
13 43
13 45
13 48
13 51
13 52
13 56
13 58
13 59
13 62
13 64
13 66
13 67
13 68
13 70
13 71
13 72
13 73
13 74
13 75
13 76
13 77
13 80
13 83
13 85
13 87
13 90
13 91
13 92
13 93
13 96
13 97
13 98
13 99
14 15
14 16
14 18
14 19
14 21
14 22
14 23
14 25
14 27
14 30
14 31
14 32
14 33
14 34
14 36
14 38
14 40
14 42
14 43
14 44
14 46
14 47
14 48
14 50
14 51
14 53
14 55
14 57
14 59
14 62
14 65
14 66
14 67
14 70
14 72
14 73
14 77
14 79
14 80
14 81
14 82
14 84
14 89
14 90
14 92
14 93
14 94
14 95
14 98
14 99
15 17
15 18
15 22
15 23
15 25
15 26
15 27
15 28
15 30
15 31
15 33
15 34
15 35
15 38
15 43
15 46
15 48
15 52
15 53
15 54
15 56
15 57
15 60
15 63
15 64
15 66
15 67
15 71
15 76
15 77
15 79
15 80
15 81
15 84
15 85
15 86
15 87
15 88
15 91
15 92
15 94
15 96
15 97
15 98
16 18
16 19
16 22
16 23
16 24
16 25
16 29
16 31
16 33
16 35
16 37
16 38
16 39
16 40
16 41
16 42
16 44
16 48
16 50
16 51
16 52
16 54
16 56
16 62
16 63
16 64
16 66
16 67
16 70
16 75
16 76
16 79
16 82
16 84
16 85
16 87
16 88
16 89
16 90
16 91
16 94
16 95
16 96
16 97
16 98
16 99
17 18
17 19
17 20
17 21
17 26
17 28
17 29
17 30
17 32
17 33
17 34
17 35
17 36
17 37
17 40
17 42
17 43
17 45
17 46
17 47
17 50
17 53
17 55
17 60
17 64
17 69
17 71
17 76
17 77
17 79
17 81
17 82
17 83
17 85
17 87
17 98
18 19
18 20
18 24
18 28
18 29
18 30
18 31
18 33
18 34
18 36
18 37
18 41
18 42
18 45
18 48
18 49
18 50
18 51
18 54
18 57
18 58
18 62
18 63
18 67
18 68
18 71
18 73
18 78
18 81
18 83
18 84
18 89
18 90
18 91
18 92
18 93
18 98
19 20
19 21
19 24
19 26
19 28
19 34
19 35
19 39
19 41
19 43
19 44
19 46
19 47
19 49
19 50
19 51
19 57
19 58
19 59
19 60
19 62
19 65
19 69
19 75
19 78
19 79
19 81
19 83
19 84
19 88
19 92
19 94
19 97
19 98
19 99
20 25
20 28
20 30
20 31
20 34
20 39
20 41
20 43
20 44
20 45
20 47
20 51
20 52
20 55
20 56
20 57
20 58
20 59
20 62
20 65
20 66
20 70
20 71
20 72
20 74
20 76
20 77
20 80
20 81
20 82
20 86
20 90
20 91
20 93
20 97
21 22
21 23
21 26
21 27
21 28
21 29
21 35
21 36
21 37
21 38
21 39
21 42
21 43
21 46
21 48
21 50
21 51
21 54
21 56
21 57
21 59
21 60
21 64
21 65
21 66
21 67
21 69
21 70
21 72
21 73
21 75
21 78
21 79
21 83
21 89
21 90
21 93
21 94
21 95
21 96
21 97
21 98
21 99
22 24
22 27
22 28
22 29
22 30
22 32
22 33
22 34
22 35
22 38
22 39
22 42
22 43
22 45
22 47
22 49
22 50
22 51
22 52
22 53
22 54
22 55
22 56
22 57
22 58
22 61
22 62
22 63
22 64
22 65
22 67
22 68
22 69
22 70
22 72
22 75
22 76
22 78
22 83
22 85
22 86
22 87
22 92
22 94
22 95
22 97
22 99
23 24
23 28
23 29
23 31
23 32
23 34
23 36
23 37
23 39
23 41
23 42
23 44
23 45
23 47
23 50
23 51
23 52
23 55
23 56
23 58
23 60
23 61
23 62
23 64
23 65
23 67
23 69
23 71
23 73
23 76
23 77
23 79
23 80
23 82
23 89
23 95
23 96
23 97
23 98
23 99
24 25
24 31
24 32
24 35
24 36
24 38
24 39
24 42
24 45
24 46
24 47
24 48
24 52
24 55
24 60
24 61
24 64
24 67
24 68
24 70
24 71
24 72
24 75
24 76
24 78
24 82
24 84
24 86
24 88
24 89
24 91
24 92
24 99
25 30
25 32
25 33
25 34
25 35
25 37
25 40
25 41
25 44
25 45
25 46
25 49
25 55
25 58
25 62
25 63
25 66
25 69
25 74
25 75
25 77
25 78
25 79
25 80
25 81
25 87
25 88
25 92
25 94
25 96
25 99
26 27
26 30
26 31
26 32
26 33
26 35
26 36
26 37
26 38
26 40
26 41
26 44
26 45
26 46
26 47
26 48
26 50
26 51
26 52
26 53
26 55
26 56
26 57
26 60
26 63
26 64
26 65
26 66
26 71
26 72
26 74
26 75
26 78
26 79
26 81
26 82
26 86
26 87
26 88
26 89
26 91
26 93
26 96
26 97
26 98
26 99
27 28
27 31
27 33
27 35
27 36
27 37
27 38
27 41
27 42
27 44
27 45
27 47
27 50
27 52
27 53
27 57
27 59
27 61
27 63
27 65
27 67
27 68
27 69
27 71
27 74
27 75
27 76
27 80
27 82
27 83
27 84
27 87
27 92
27 93
27 96
27 97
28 31
28 32
28 34
28 35
28 36
28 38
28 42
28 43
28 44
28 46
28 47
28 48
28 50
28 51
28 55
28 56
28 58
28 59
28 64
28 65
28 67
28 68
28 69
28 70
28 73
28 76
28 78
28 80
28 81
28 82
28 83
28 86
28 89
28 91
28 95
28 96
28 99
29 30
29 32
29 33
29 34
29 36
29 38
29 39
29 43
29 46
29 48
29 49
29 52
29 54
29 59
29 61
29 64
29 65
29 66
29 68
29 71
29 73
29 76
29 78
29 79
29 80
29 81
29 82
29 87
29 88
29 89
29 92
29 94
29 96
29 98
30 31
30 32
30 34
30 36
30 37
30 38
30 39
30 40
30 42
30 44
30 47
30 51
30 53
30 54
30 55
30 56
30 57
30 58
30 59
30 60
30 62
30 65
30 66
30 73
30 75
30 77
30 78
30 79
30 80
30 81
30 84
30 85
30 86
30 87
30 88
30 90
30 92
30 94
30 96
30 97
30 98
31 33
31 40
31 41
31 43
31 44
31 46
31 47
31 48
31 49
31 50
31 53
31 54
31 55
31 57
31 58
31 59
31 61
31 62
31 65
31 67
31 68
31 69
31 71
31 73
31 75
31 76
31 77
31 78
31 85
31 86
31 89
31 90
31 91
31 94
31 95
31 96
31 97
32 33
32 35
32 38
32 42
32 47
32 49
32 52
32 53
32 58
32 60
32 62
32 63
32 64
32 65
32 66
32 68
32 69
32 70
32 71
32 73
32 76
32 77
32 78
32 80
32 82
32 85
32 87
32 90
32 91
32 93
32 95
32 96
32 97
32 98
32 99
33 36
33 40
33 41
33 45
33 46
33 47
33 48
33 54
33 57
33 60
33 61
33 64
33 69
33 70
33 71
33 76
33 80
33 81
33 85
33 86
33 88
33 89
33 90
33 91
33 92
33 93
33 97
33 98
33 99
34 35
34 36
34 37
34 38
34 41
34 43
34 44
34 47
34 48
34 51
34 56
34 58
34 59
34 60
34 65
34 66
34 68
34 71
34 72
34 73
34 74
34 76
34 77
34 78
34 79
34 80
34 81
34 82
34 83
34 85
34 87
34 88
34 89
34 92
34 93
34 94
34 95
34 98
34 99
35 36
35 37
35 40
35 42
35 43
35 44
35 46
35 47
35 48
35 49
35 52
35 55
35 58
35 59
35 61
35 62
35 64
35 65
35 67
35 72
35 73
35 75
35 76
35 77
35 79
35 82
35 83
35 84
35 89
35 92
35 93
35 95
35 97
36 40
36 41
36 43
36 44
36 45
36 48
36 49
36 51
36 54
36 55
36 56
36 59
36 61
36 63
36 67
36 68
36 73
36 75
36 77
36 80
36 87
36 90
36 92
36 93
36 97
36 99
37 41
37 46
37 47
37 51
37 54
37 60
37 62
37 64
37 65
37 66
37 67
37 72
37 73
37 75
37 76
37 80
37 82
37 83
37 86
37 87
37 88
37 91
37 93
38 39
38 40
38 42
38 43
38 44
38 46
38 49
38 51
38 52
38 53
38 54
38 56
38 57
38 60
38 62
38 63
38 65
38 66
38 67
38 68
38 71
38 72
38 74
38 78
38 87
38 88
38 90
38 91
38 93
38 94
38 96
38 97
39 40
39 41
39 42
39 43
39 45
39 46
39 48
39 50
39 53
39 54
39 55
39 56
39 58
39 59
39 60
39 61
39 64
39 65
39 66
39 67
39 71
39 73
39 75
39 76
39 80
39 81
39 82
39 84
39 85
39 86
39 87
39 88
39 89
39 90
39 91
39 92
39 93
39 94
39 96
39 99
40 41
40 44
40 51
40 52
40 54
40 58
40 62
40 64
40 65
40 66
40 67
40 68
40 69
40 74
40 76
40 77
40 79
40 80
40 81
40 82
40 84
40 85
40 87
40 88
40 91
40 92
40 93
40 94
40 96
40 97
40 99
41 42
41 43
41 46
41 47
41 48
41 49
41 51
41 52
41 53
41 54
41 56
41 57
41 60
41 61
41 63
41 68
41 69
41 70
41 71
41 72
41 74
41 75
41 76
41 77
41 78
41 81
41 82
41 84
41 86
41 87
41 89
41 90
41 96
41 97
41 98
41 99
42 47
42 49
42 50
42 52
42 53
42 54
42 56
42 57
42 59
42 60
42 61
42 65
42 66
42 67
42 68
42 70
42 71
42 72
42 73
42 74
42 78
42 80
42 84
42 87
42 88
42 89
42 90
42 91
42 92
42 93
42 95
42 97
42 98
42 99
43 46
43 49
43 50
43 52
43 56
43 57
43 58
43 60
43 62
43 65
43 67
43 68
43 69
43 71
43 72
43 75
43 77
43 79
43 80
43 82
43 83
43 85
43 87
43 88
43 91
43 92
43 94
44 45
44 46
44 47
44 48
44 49
44 56
44 57
44 58
44 59
44 60
44 63
44 66
44 69
44 70
44 72
44 73
44 78
44 79
44 82
44 83
44 85
44 90
44 93
44 94
44 95
44 97
44 98
44 99
45 46
45 50
45 51
45 53
45 54
45 56
45 58
45 59
45 62
45 63
45 66
45 67
45 70
45 75
45 77
45 81
45 83
45 84
45 85
45 86
45 89
45 93
46 48
46 50
46 52
46 54
46 56
46 58
46 60
46 61
46 62
46 63
46 67
46 72
46 73
46 75
46 76
46 77
46 80
46 83
46 84
46 87
46 92
46 94
46 99
47 49
47 50
47 52
47 53
47 54
47 55
47 58
47 59
47 62
47 63
47 68
47 69
47 74
47 76
47 77
47 79
47 80
47 84
47 85
47 86
47 88
47 92
47 93
47 94
47 97
47 98
48 52
48 53
48 54
48 55
48 56
48 57
48 58
48 62
48 65
48 68
48 75
48 78
48 80
48 81
48 83
48 84
48 86
48 87
48 88
48 92
48 94
48 95
48 96
48 97
48 99
49 50
49 51
49 52
49 53
49 54
49 57
49 59
49 61
49 66
49 67
49 68
49 70
49 71
49 74
49 75
49 77
49 78
49 83
49 85
49 86
49 89
49 90
49 95
49 96
49 97
49 99
50 52
50 54
50 55
50 58
50 60
50 61
50 63
50 65
50 66
50 67
50 70
50 71
50 72
50 73
50 74
50 75
50 78
50 80
50 81
50 82
50 83
50 85
50 87
50 88
50 96
50 97
50 98
50 99
51 52
51 54
51 55
51 57
51 59
51 60
51 62
51 64
51 66
51 67
51 69
51 70
51 75
51 76
51 79
51 81
51 82
51 84
51 85
51 86
51 88
51 90
51 91
51 92
51 94
51 97
51 99
52 53
52 56
52 57
52 59
52 63
52 64
52 65
52 66
52 67
52 71
52 74
52 78
52 80
52 81
52 82
52 86
52 89
52 92
52 93
52 94
52 96
52 98
52 99
53 54
53 55
53 56
53 58
53 60
53 61
53 62
53 63
53 66
53 67
53 69
53 71
53 74
53 75
53 76
53 77
53 78
53 79
53 80
53 85
53 87
53 89
53 91
53 94
53 95
53 96
53 97
53 98
53 99
54 56
54 57
54 59
54 61
54 62
54 64
54 65
54 66
54 68
54 69
54 70
54 71
54 72
54 73
54 74
54 75
54 79
54 80
54 82
54 84
54 88
54 89
54 91
54 92
54 94
54 97
55 57
55 63
55 65
55 66
55 67
55 73
55 74
55 75
55 77
55 80
55 82
55 83
55 84
55 87
55 88
55 90
55 91
55 92
55 94
55 95
55 97
56 59
56 60
56 61
56 62
56 64
56 65
56 69
56 70
56 74
56 75
56 76
56 78
56 79
56 80
56 82
56 83
56 88
56 96
56 97
56 98
56 99
57 58
57 59
57 60
57 61
57 63
57 70
57 71
57 75
57 76
57 78
57 80
57 82
57 83
57 85
57 87
57 90
57 93
57 94
57 95
57 99
58 59
58 63
58 67
58 69
58 72
58 73
58 74
58 75
58 76
58 77
58 78
58 79
58 84
58 86
58 87
58 88
58 90
58 91
58 93
58 95
58 96
58 98
59 60
59 62
59 63
59 64
59 70
59 73
59 74
59 77
59 79
59 80
59 83
59 86
59 87
59 88
59 89
60 63
60 67
60 71
60 72
60 73
60 74
60 77
60 80
60 82
60 83
60 84
60 85
60 86
60 87
60 88
60 89
60 90
60 94
60 96
60 97
60 98
60 99
61 62
61 63
61 64
61 66
61 73
61 74
61 75
61 76
61 78
61 81
61 82
61 84
61 86
61 87
61 88
61 89
61 91
61 94
61 95
61 96
61 97
61 98
61 99
62 66
62 71
62 73
62 78
62 79
62 81
62 85
62 86
62 89
62 91
62 93
62 97
62 99
63 64
63 66
63 69
63 72
63 75
63 80
63 81
63 82
63 84
63 85
63 86
63 89
63 90
63 97
63 98
63 99
64 69
64 70
64 72
64 75
64 76
64 77
64 78
64 79
64 80
64 81
64 83
64 85
64 86
64 88
64 91
64 94
64 95
64 97
64 98
64 99
65 66
65 67
65 72
65 73
65 75
65 76
65 78
65 79
65 80
65 82
65 83
65 88
65 89
65 93
65 97
65 99
66 68
66 69
66 70
66 72
66 73
66 75
66 76
66 78
66 79
66 82
66 83
66 87
66 88
66 89
66 93
66 94
66 95
66 96
67 68
67 69
67 70
67 71
67 72
67 75
67 77
67 79
67 81
67 82
67 83
67 84
67 87
67 89
67 90
67 96
67 97
68 69
68 70
68 71
68 72
68 75
68 77
68 78
68 80
68 82
68 83
68 85
68 86
68 87
68 90
68 92
68 93
68 95
68 96
68 98
69 70
69 71
69 73
69 75
69 76
69 77
69 78
69 82
69 83
69 86
69 90
69 91
69 96
69 97
69 98
70 71
70 75
70 79
70 84
70 85
70 87
70 88
70 89
70 95
70 98
71 72
71 75
71 82
71 84
71 85
71 86
71 89
71 90
71 91
71 92
71 93
71 94
71 96
71 97
71 98
71 99
72 74
72 75
72 77
72 79
72 81
72 84
72 85
72 93
72 94
72 96
72 97
73 74
73 75
73 78
73 80
73 83
73 85
73 88
73 89
73 90
73 91
73 92
73 94
73 95
73 96
73 97
73 98
73 99
74 75
74 77
74 78
74 79
74 83
74 84
74 85
74 86
74 87
74 88
74 91
74 92
74 93
74 94
74 96
75 76
75 78
75 82
75 83
75 84
75 85
75 86
75 87
75 89
75 90
75 91
75 92
75 93
75 94
75 96
75 97
76 77
76 79
76 89
76 90
76 95
76 96
76 97
77 78
77 80
77 82
77 83
77 84
77 85
77 90
77 91
77 95
77 96
77 97
78 83
78 84
78 86
78 89
78 90
78 91
78 93
78 97
78 99
79 80
79 83
79 85
79 89
79 91
79 93
79 94
79 95
79 96
79 97
80 81
80 82
80 83
80 85
80 89
80 91
80 93
80 97
80 98
80 99
81 85
81 88
81 89
81 90
81 93
81 94
81 96
81 97
81 98
81 99
82 86
82 88
82 89
82 90
82 92
82 93
82 97
83 84
83 88
83 89
83 92
83 95
84 86
84 89
84 91
84 94
84 96
84 97
84 98
84 99
85 86
85 87
85 88
85 89
85 92
85 93
85 94
85 96
85 98
86 87
86 88
86 89
86 93
86 94
86 96
86 99
87 88
87 89
87 90
87 91
87 92
87 93
87 99
88 89
88 90
88 91
88 93
88 96
88 98
88 99
89 92
89 98
90 95
91 95
91 96
91 97
91 98
91 99
92 93
92 98
92 99
93 96
93 97
93 98
93 99
94 98
94 99
95 96
95 99
96 98
97 98
