0 1
0 2
0 3
0 5
0 6
0 7
0 8
0 9
0 10
0 11
0 13
0 14
0 16
0 17
0 20
0 21
0 22
0 23
0 28
0 32
0 33
0 34
0 35
0 38
0 39
0 48
0 49
0 50
0 51
0 55
0 56
0 57
0 58
0 59
0 60
0 69
0 71
0 74
0 76
0 77
0 79
0 80
0 85
0 89
0 92
0 94
0 97
0 99
1 4
1 5
1 6
1 7
1 9
1 11
1 12
1 15
1 17
1 20
1 21
1 22
1 23
1 24
1 25
1 26
1 30
1 32
1 33
1 35
1 37
1 38
1 39
1 41
1 46
1 47
1 48
1 49
1 50
1 52
1 53
1 54
1 55
1 63
1 66
1 67
1 68
1 69
1 70
1 72
1 73
1 74
1 75
1 77
1 78
1 80
1 81
1 85
1 86
1 90
1 91
1 92
1 93
1 99
2 4
2 6
2 8
2 10
2 13
2 14
2 16
2 19
2 21
2 23
2 25
2 28
2 29
2 30
2 31
2 33
2 35
2 37
2 42
2 44
2 46
2 49
2 50
2 52
2 56
2 57
2 58
2 61
2 62
2 63
2 65
2 71
2 74
2 76
2 79
2 80
2 81
2 83
2 85
2 86
2 87
2 89
2 91
2 95
2 96
2 99
3 6
3 7
3 8
3 12
3 13
3 15
3 20
3 21
3 26
3 27
3 30
3 32
3 35
3 38
3 39
3 43
3 44
3 45
3 46
3 48
3 52
3 54
3 57
3 59
3 61
3 62
3 64
3 65
3 69
3 70
3 71
3 75
3 79
3 82
3 83
3 84
3 86
3 87
3 88
3 89
3 90
3 94
3 95
3 96
3 97
3 98
4 6
4 8
4 10
4 15
4 18
4 20
4 23
4 26
4 27
4 28
4 30
4 31
4 34
4 36
4 37
4 41
4 42
4 43
4 44
4 47
4 48
4 51
4 52
4 55
4 57
4 59
4 60
4 61
4 63
4 66
4 68
4 69
4 70
4 71
4 72
4 73
4 76
4 78
4 81
4 82
4 85
4 87
4 89
4 91
4 92
4 94
4 95
4 96
5 7
5 9
5 11
5 12
5 15
5 17
5 20
5 21
5 22
5 23
5 24
5 26
5 27
5 30
5 31
5 37
5 39
5 44
5 47
5 50
5 51
5 55
5 66
5 67
5 69
5 72
5 75
5 78
5 82
5 85
5 86
5 87
5 90
5 91
5 92
5 95
5 96
5 98
6 8
6 11
6 12
6 13
6 15
6 17
6 19
6 20
6 21
6 23
6 25
6 26
6 28
6 31
6 35
6 36
6 40
6 41
6 43
6 44
6 45
6 46
6 47
6 48
6 50
6 51
6 55
6 56
6 57
6 58
6 60
6 61
6 63
6 65
6 67
6 68
6 70
6 72
6 74
6 81
6 82
6 83
6 87
6 88
6 91
6 92
6 96
6 98
6 99
7 8
7 11
7 14
7 16
7 17
7 18
7 19
7 23
7 24
7 25
7 26
7 28
7 31
7 33
7 35
7 37
7 41
7 43
7 44
7 48
7 50
7 51
7 53
7 54
7 56
7 57
7 58
7 59
7 61
7 65
7 66
7 71
7 76
7 77
7 80
7 81
7 84
7 85
7 86
7 88
7 91
7 92
7 94
7 99
8 10
8 11
8 12
8 13
8 16
8 19
8 22
8 23
8 27
8 28
8 31
8 32
8 42
8 43
8 44
8 45
8 46
8 51
8 56
8 57
8 59
8 62
8 65
8 66
8 67
8 70
8 72
8 77
8 79
8 80
8 84
8 89
8 91
8 92
8 95
8 96
8 97
8 98
9 10
9 11
9 17
9 18
9 20
9 21
9 24
9 25
9 29
9 34
9 36
9 37
9 38
9 41
9 45
9 49
9 50
9 51
9 54
9 55
9 57
9 58
9 60
9 64
9 67
9 68
9 69
9 71
9 72
9 74
9 77
9 80
9 85
9 87
9 90
9 91
9 92
9 93
9 95
9 96
9 97
10 11
10 13
10 16
10 17
10 21
10 22
10 23
10 24
10 25
10 26
10 27
10 30
10 31
10 32
10 33
10 34
10 35
10 37
10 39
10 42
10 44
10 47
10 50
10 51
10 52
10 55
10 56
10 58
10 60
10 61
10 65
10 69
10 70
10 71
10 72
10 76
10 77
10 78
10 81
10 82
10 86
10 88
10 91
10 92
10 96
10 97
10 98
11 16
11 18
11 20
11 21
11 22
11 23
11 30
11 32
11 35
11 36
11 37
11 40
11 41
11 46
11 47
11 49
11 51
11 52
11 54
11 59
11 60
11 66
11 67
11 72
11 75
11 76
11 77
11 81
11 82
11 84
11 90
11 91
11 92
11 93
11 97
12 15
12 20
12 22
12 23
12 25
12 26
12 28
12 30
12 32
12 34
12 35
12 37
12 39
12 41
12 42
12 43
12 44
12 45
12 49
12 50
12 52
12 56
12 57
12 58
12 59
12 60
12 61
12 63
12 64
12 65
12 69
12 72
12 73
12 74
12 75
12 76
12 78
12 79
12 80
12 81
12 82
12 85
12 87
12 89
12 91
12 92
12 95
12 96
12 97
12 99
13 14
13 16
13 19
13 20
13 27
13 29
13 30
13 32
13 33
13 34
13 35
13 36
13 39
13 40
13 42
13 43
13 44
13 45
13 46
13 48
13 49
13 50
13 54
13 55
13 56
13 58
13 61
13 66
13 68
13 69
13 71
13 72
13 75
13 76
13 78
13 81
13 83
13 88
13 90
13 91
13 92
13 96
13 97
14 16
14 18
14 19
14 20
14 21
14 22
14 25
14 28
14 30
14 31
14 33
14 34
14 37
14 38
14 40
14 41
14 42
14 44
14 51
14 52
14 55
14 56
14 59
14 60
14 61
14 62
14 64
14 65
14 67
14 68
14 69
14 70
14 74
14 75
14 81
14 82
14 83
14 84
14 85
14 86
14 88
14 90
14 92
14 94
14 95
14 96
14 99
15 17
15 19
15 20
15 23
15 25
15 27
15 28
15 30
15 31
15 32
15 33
15 35
15 39
15 41
15 42
15 45
15 48
15 52
15 53
15 54
15 55
15 56
15 59
15 60
15 65
15 67
15 69
15 75
15 76
15 77
15 80
15 84
15 85
15 87
15 89
15 90
15 93
15 97
15 98
16 18
16 19
16 20
16 21
16 22
16 23
16 24
16 26
16 27
16 28
16 31
16 32
16 33
16 35
16 42
16 43
16 45
16 46
16 47
16 48
16 53
16 54
16 57
16 58
16 59
16 61
16 63
16 67
16 68
16 69
16 70
16 73
16 74
16 75
16 77
16 78
16 83
16 87
16 88
16 90
16 92
16 94
16 95
16 98
16 99
17 19
17 21
17 22
17 34
17 36
17 39
17 43
17 47
17 48
17 49
17 50
17 51
17 53
17 54
17 56
17 59
17 61
17 63
17 64
17 65
17 66
17 67
17 71
17 76
17 79
17 80
17 81
17 82
17 85
17 89
17 91
17 92
17 93
17 95
17 97
17 98
17 99
18 19
18 20
18 21
18 23
18 25
18 27
18 29
18 34
18 35
18 39
18 40
18 42
18 43
18 44
18 45
18 46
18 47
18 49
18 52
18 55
18 56
18 58
18 59
18 60
18 61
18 62
18 63
18 67
18 69
18 70
18 74
18 76
18 78
18 82
18 83
18 85
18 90
18 91
18 92
18 94
18 95
18 99
19 20
19 23
19 28
19 30
19 31
19 33
19 34
19 35
19 37
19 39
19 43
19 44
19 45
19 46
19 48
19 50
19 53
19 57
19 60
19 63
19 64
19 66
19 68
19 69
19 71
19 74
19 75
19 77
19 79
19 81
19 82
19 88
19 89
19 90
19 92
19 93
19 94
19 95
19 99
20 21
20 22
20 23
20 25
20 28
20 29
20 30
20 31
20 32
20 36
20 37
20 39
20 41
20 42
20 45
20 48
20 49
20 50
20 54
20 55
20 57
20 58
20 60
20 61
20 62
20 66
20 67
20 72
20 74
20 75
20 76
20 78
20 80
20 81
20 82
20 84
20 85
20 88
20 92
20 93
20 94
20 96
20 98
21 22
21 23
21 24
21 25
21 27
21 28
21 32
21 33
21 37
21 40
21 41
21 42
21 45
21 46
21 49
21 50
21 53
21 54
21 55
21 56
21 59
21 61
21 62
21 66
21 68
21 69
21 72
21 74
21 79
21 80
21 82
21 86
21 87
21 94
21 96
22 23
22 25
22 28
22 29
22 30
22 31
22 32
22 33
22 34
22 35
22 37
22 38
22 39
22 43
22 46
22 47
22 50
22 51
22 53
22 54
22 56
22 57
22 59
22 62
22 64
22 65
22 66
22 67
22 68
22 69
22 74
22 75
22 76
22 77
22 78
22 79
22 82
22 83
22 85
22 86
22 87
22 88
22 90
22 91
22 92
22 96
22 97
22 98
23 26
23 27
23 28
23 29
23 31
23 33
23 35
23 39
23 41
23 44
23 45
23 47
23 48
23 51
23 54
23 55
23 57
23 58
23 60
23 63
23 65
23 67
23 68
23 70
23 72
23 76
23 77
23 80
23 81
23 82
23 83
23 85
23 87
23 90
23 97
23 98
23 99
24 25
24 27
24 31
24 32
24 36
24 38
24 40
24 44
24 46
24 47
24 48
24 51
24 54
24 55
24 56
24 59
24 61
24 66
24 68
24 71
24 73
24 75
24 79
24 83
24 87
24 88
25 26
25 28
25 29
25 30
25 32
25 35
25 36
25 38
25 39
25 41
25 42
25 43
25 45
25 48
25 52
25 54
25 57
25 58
25 59
25 64
25 65
25 66
25 69
25 70
25 73
25 74
25 75
25 79
25 82
25 84
25 85
25 91
25 94
25 95
25 97
25 99
26 27
26 28
26 29
26 31
26 32
26 36
26 37
26 38
26 41
26 42
26 44
26 47
26 52
26 54
26 55
26 56
26 59
26 62
26 68
26 69
26 70
26 73
26 78
26 82
26 83
26 85
26 88
26 89
26 91
26 95
26 97
26 98
27 28
27 29
27 31
27 35
27 37
27 39
27 40
27 41
27 43
27 45
27 49
27 53
27 54
27 55
27 56
27 60
27 65
27 72
27 73
27 74
27 80
27 81
27 85
27 89
27 90
27 91
27 92
27 94
27 98
28 30
28 31
28 32
28 36
28 37
28 38
28 39
28 42
28 43
28 44
28 47
28 50
28 53
28 55
28 57
28 58
28 60
28 62
28 63
28 68
28 70
28 74
28 75
28 79
28 80
28 81
28 86
28 91
28 92
28 96
28 98
29 31
29 33
29 35
29 38
29 42
29 45
29 47
29 50
29 52
29 54
29 55
29 57
29 62
29 69
29 73
29 74
29 75
29 76
29 80
29 83
29 84
29 85
29 86
29 88
29 89
29 90
29 94
29 95
29 97
29 99
30 34
30 35
30 37
30 38
30 40
30 42
30 43
30 44
30 45
30 46
30 49
30 60
30 61
30 63
30 66
30 67
30 68
30 70
30 72
30 73
30 75
30 76
30 77
30 81
30 83
30 85
30 89
30 90
30 92
30 96
30 97
30 98
31 32
31 33
31 35
31 38
31 39
31 40
31 43
31 44
31 46
31 47
31 49
31 51
31 54
31 56
31 57
31 60
31 62
31 63
31 64
31 68
31 70
31 71
31 72
31 73
31 77
31 79
31 80
31 81
31 83
31 84
31 87
31 88
31 89
31 90
31 91
31 92
31 94
31 96
31 99
32 33
32 36
32 37
32 38
32 39
32 42
32 44
32 47
32 49
32 50
32 53
32 54
32 56
32 57
32 62
32 63
32 66
32 67
32 68
32 70
32 71
32 74
32 76
32 77
32 78
32 80
32 82
32 86
32 89
32 90
32 95
32 97
32 98
33 36
33 39
33 40
33 43
33 44
33 46
33 47
33 48
33 49
33 51
33 54
33 56
33 57
33 59
33 60
33 63
33 65
33 72
33 77
33 79
33 80
33 83
33 86
33 87
33 89
33 90
33 91
33 94
33 95
33 96
33 99
34 38
34 43
34 45
34 46
34 49
34 54
34 55
34 57
34 58
34 61
34 64
34 65
34 66
34 67
34 69
34 74
34 75
34 79
34 82
34 85
34 86
34 87
34 91
34 92
34 93
34 95
34 99
35 36
35 39
35 40
35 41
35 45
35 48
35 49
35 50
35 51
35 55
35 56
35 57
35 58
35 59
35 60
35 61
35 64
35 66
35 68
35 70
35 72
35 73
35 74
35 76
35 78
35 83
35 84
35 85
35 86
35 89
35 92
35 93
35 97
35 98
36 38
36 39
36 40
36 43
36 44
36 47
36 50
36 51
36 53
36 62
36 63
36 65
36 67
36 74
36 76
36 78
36 80
36 81
36 83
36 85
36 87
36 89
36 90
36 91
36 96
36 99
37 38
37 43
37 44
37 45
37 46
37 47
37 48
37 49
37 54
37 55
37 56
37 57
37 58
37 59
37 62
37 63
37 65
37 68
37 71
37 75
37 78
37 83
37 85
37 87
37 88
37 91
37 95
37 99
38 39
38 41
38 45
38 48
38 49
38 50
38 53
38 54
38 55
38 56
38 57
38 58
38 59
38 60
38 61
38 63
38 64
38 65
38 66
38 68
38 70
38 75
38 76
38 78
38 79
38 84
38 87
38 90
38 91
38 92
38 95
38 96
38 97
39 41
39 42
39 43
39 44
39 46
39 48
39 50
39 60
39 62
39 66
39 67
39 71
39 75
39 76
39 79
39 80
39 81
39 84
39 85
39 86
39 89
39 91
39 92
39 94
39 95
39 96
39 97
40 43
40 46
40 47
40 48
40 52
40 53
40 55
40 56
40 57
40 58
40 63
40 68
40 69
40 71
40 74
40 76
40 77
40 78
40 81
40 82
40 90
40 91
40 92
40 93
40 94
40 99
41 44
41 47
41 48
41 49
41 51
41 52
41 55
41 56
41 57
41 59
41 66
41 68
41 70
41 72
41 76
41 77
41 79
41 80
41 86
41 87
41 89
41 91
41 93
41 95
41 96
41 98
41 99
42 46
42 48
42 49
42 51
42 52
42 54
42 56
42 64
42 68
42 69
42 70
42 71
42 72
42 74
42 76
42 77
42 78
42 82
42 85
42 86
42 88
42 90
42 92
42 93
42 94
42 99
43 44
43 45
43 46
43 47
43 51
43 53
43 55
43 56
43 57
43 59
43 60
43 63
43 65
43 67
43 69
43 70
43 71
43 72
43 76
43 78
43 79
43 81
43 82
43 86
43 88
43 91
43 96
43 97
43 98
44 45
44 47
44 49
44 51
44 52
44 60
44 63
44 64
44 66
44 67
44 68
44 71
44 72
44 73
44 76
44 77
44 78
44 79
44 80
44 81
44 82
44 86
44 88
44 89
44 90
45 46
45 47
45 48
45 53
45 55
45 56
45 60
45 64
45 66
45 67
45 68
45 69
45 70
45 71
45 74
45 78
45 79
45 81
45 88
45 89
45 91
45 94
45 97
45 98
45 99
46 47
46 49
46 54
46 55
46 59
46 63
46 64
46 65
46 68
46 70
46 73
46 74
46 75
46 77
46 78
46 79
46 84
46 86
46 94
46 95
46 96
46 99
47 48
47 50
47 53
47 54
47 55
47 56
47 58
47 60
47 61
47 62
47 63
47 64
47 70
47 72
47 73
47 74
47 76
47 78
47 80
47 81
47 83
47 84
47 86
47 87
47 88
47 92
47 93
47 94
47 96
47 97
48 49
48 50
48 53
48 54
48 56
48 58
48 59
48 60
48 62
48 63
48 64
48 66
48 67
48 69
48 71
48 73
48 76
48 78
48 80
48 82
48 86
48 92
48 94
48 96
48 99
49 52
49 54
49 56
49 58
49 60
49 63
49 64
49 65
49 66
49 68
49 69
49 73
49 74
49 75
49 78
49 79
49 80
49 81
49 83
49 85
49 86
49 88
49 89
49 90
49 96
49 97
49 98
49 99
50 51
50 52
50 54
50 56
50 59
50 60
50 61
50 62
50 67
50 68
50 70
50 74
50 75
50 76
50 79
50 80
50 81
50 84
50 85
50 87
50 89
50 91
50 92
50 93
50 96
50 97
50 98
50 99
51 52
51 56
51 57
51 58
51 62
51 70
51 75
51 76
51 77
51 78
51 79
51 83
51 85
51 86
51 88
51 89
51 90
51 93
51 96
52 56
52 57
52 61
52 64
52 67
52 68
52 69
52 70
52 71
52 72
52 75
52 76
52 77
52 78
52 81
52 86
52 89
52 90
52 91
52 92
52 95
52 97
52 99
53 55
53 56
53 58
53 59
53 60
53 61
53 63
53 64
53 65
53 69
53 71
53 75
53 76
53 79
53 82
53 83
53 86
53 88
53 89
53 91
53 95
53 96
53 98
54 55
54 58
54 59
54 63
54 65
54 66
54 67
54 69
54 72
54 74
54 79
54 81
54 82
54 83
54 84
54 85
54 86
54 87
54 89
54 92
54 93
54 96
54 98
55 56
55 57
55 58
55 60
55 61
55 62
55 63
55 66
55 68
55 69
55 73
55 76
55 80
55 82
55 84
55 86
55 88
55 89
55 91
55 94
55 95
56 59
56 62
56 64
56 65
56 67
56 68
56 69
56 72
56 73
56 75
56 76
56 77
56 80
56 81
56 83
56 85
56 87
56 89
56 90
56 93
56 95
56 99
57 58
57 61
57 62
57 63
57 64
57 69
57 70
57 72
57 74
57 76
57 78
57 80
57 82
57 83
57 84
57 86
57 87
57 90
57 92
57 93
57 95
57 96
57 97
57 98
58 61
58 62
58 64
58 65
58 66
58 67
58 68
58 71
58 72
58 74
58 75
58 80
58 82
58 83
58 84
58 85
58 88
58 90
58 92
58 94
58 97
59 60
59 65
59 66
59 67
59 68
59 69
59 70
59 76
59 77
59 78
59 81
59 82
59 83
59 84
59 87
59 88
59 90
59 91
59 94
59 95
59 96
59 97
59 98
60 61
60 62
60 63
60 64
60 66
60 68
60 69
60 70
60 71
60 76
60 77
60 78
60 82
60 89
60 90
60 91
61 62
61 67
61 68
61 69
61 71
61 72
61 74
61 75
61 76
61 79
61 81
61 83
61 85
61 86
61 87
61 89
61 91
61 92
61 94
61 95
61 97
61 98
62 63
62 64
62 65
62 67
62 69
62 72
62 74
62 75
62 78
62 79
62 82
62 83
62 84
62 85
62 87
62 89
62 90
62 92
62 93
62 98
63 65
63 70
63 75
63 78
63 82
63 85
63 87
63 89
63 90
63 92
63 93
63 94
63 97
63 99
64 66
64 68
64 70
64 80
64 81
64 82
64 84
64 85
64 87
64 88
64 90
64 91
64 92
64 94
64 95
64 98
64 99
65 66
65 70
65 71
65 77
65 81
65 82
65 83
65 85
65 87
65 88
65 91
65 95
65 96
66 71
66 75
66 76
66 83
66 88
66 89
66 91
66 92
66 94
66 97
66 98
66 99
67 69
67 71
67 73
67 75
67 76
67 77
67 79
67 83
67 85
67 86
67 88
67 89
67 91
67 93
67 95
67 96
67 97
67 99
68 71
68 72
68 77
68 79
68 81
68 82
68 83
68 84
68 85
68 87
68 90
68 92
68 94
68 95
68 96
68 97
68 98
69 70
69 72
69 74
69 76
69 78
69 80
69 81
69 82
69 83
69 85
69 86
69 87
69 88
69 94
69 95
69 98
70 74
70 75
70 77
70 78
70 79
70 83
70 84
70 87
70 88
70 91
70 92
70 93
70 94
70 95
70 96
70 97
70 98
70 99
71 74
71 77
71 79
71 80
71 83
71 84
71 85
71 87
71 89
71 92
71 93
71 94
71 99
72 75
72 76
72 77
72 78
72 79
72 80
72 82
72 83
72 84
72 85
72 86
72 87
72 90
72 92
72 93
72 98
73 76
73 77
73 78
73 79
73 81
73 83
73 84
73 85
73 86
73 92
73 93
73 94
73 97
73 98
74 75
74 79
74 80
74 83
74 85
74 86
74 87
74 88
74 89
74 90
74 91
74 93
74 94
74 95
74 99
75 80
75 82
75 84
75 87
75 88
75 90
75 91
75 92
75 93
75 94
75 95
75 98
75 99
76 77
76 78
76 79
76 82
76 89
76 90
76 91
76 92
76 94
76 95
76 96
76 98
77 79
77 80
77 82
77 83
77 85
77 88
77 92
77 96
78 82
78 83
78 84
78 85
78 86
78 87
78 91
78 92
78 93
78 97
78 98
79 81
79 82
79 83
79 84
79 85
79 86
79 88
79 90
79 94
79 95
79 97
79 98
79 99
80 81
80 85
80 86
80 89
80 92
80 95
80 97
80 99
81 83
81 84
81 85
81 86
81 88
81 89
81 91
81 94
81 96
81 97
81 98
82 83
82 84
82 87
82 89
82 91
82 92
82 93
82 94
82 95
82 98
82 99
83 85
83 86
83 88
83 90
83 92
83 95
83 99
84 85
84 87
84 89
84 90
84 91
84 92
84 96
84 97
85 86
85 87
85 88
85 89
85 93
85 94
85 97
85 98
85 99
86 89
86 93
86 94
86 98
86 99
87 88
87 89
87 93
87 95
87 96
87 97
87 98
88 90
88 91
88 92
88 96
88 99
89 90
89 93
89 95
89 96
90 93
90 94
90 96
90 97
90 98
90 99
91 93
91 94
91 95
91 96
91 97
91 98
91 99
92 95
92 98
92 99
93 94
93 96
93 99
94 97
94 98
95 97
95 98
95 99
96 99
97 99
