0 8
0 10
0 12
0 13
0 15
0 18
0 23
0 26
0 27
0 28
0 34
0 36
0 40
0 41
0 46
0 47
0 48
0 51
0 52
0 53
0 55
0 58
0 60
0 62
0 63
0 65
0 66
0 67
0 69
0 72
0 73
0 76
0 80
0 82
0 85
0 86
0 88
0 91
0 96
0 97
0 98
1 2
1 6
1 7
1 8
1 10
1 12
1 13
1 14
1 15
1 18
1 19
1 20
1 26
1 27
1 29
1 30
1 33
1 35
1 36
1 38
1 41
1 44
1 47
1 48
1 49
1 50
1 51
1 52
1 54
1 57
1 58
1 60
1 61
1 62
1 68
1 70
1 71
1 74
1 77
1 78
1 79
1 80
1 81
1 82
1 86
1 87
1 89
1 93
1 94
1 95
1 97
1 99
2 3
2 5
2 6
2 7
2 8
2 10
2 11
2 12
2 14
2 15
2 16
2 17
2 20
2 21
2 22
2 23
2 25
2 27
2 28
2 31
2 33
2 34
2 36
2 37
2 38
2 39
2 41
2 42
2 44
2 48
2 50
2 52
2 53
2 54
2 56
2 57
2 59
2 61
2 64
2 65
2 66
2 69
2 71
2 72
2 73
2 74
2 75
2 77
2 79
2 81
2 83
2 86
2 88
2 91
2 92
2 95
2 97
3 5
3 7
3 9
3 11
3 13
3 14
3 21
3 22
3 23
3 25
3 26
3 27
3 28
3 29
3 33
3 34
3 35
3 36
3 38
3 43
3 44
3 53
3 54
3 55
3 61
3 62
3 63
3 64
3 71
3 76
3 77
3 79
3 81
3 86
3 87
3 88
3 91
3 93
3 94
3 99
4 5
4 6
4 8
4 9
4 11
4 12
4 16
4 17
4 20
4 23
4 25
4 26
4 27
4 32
4 38
4 40
4 43
4 44
4 47
4 50
4 51
4 55
4 57
4 59
4 60
4 61
4 62
4 64
4 68
4 69
4 72
4 74
4 78
4 79
4 81
4 82
4 84
4 85
4 87
4 89
5 7
5 8
5 9
5 10
5 11
5 16
5 19
5 20
5 22
5 23
5 24
5 25
5 28
5 29
5 32
5 34
5 36
5 39
5 40
5 44
5 45
5 53
5 60
5 65
5 66
5 67
5 68
5 69
5 70
5 71
5 74
5 76
5 79
5 80
5 81
5 88
5 90
5 99
6 7
6 10
6 11
6 13
6 14
6 16
6 20
6 21
6 22
6 23
6 24
6 27
6 29
6 30
6 34
6 36
6 37
6 39
6 47
6 48
6 49
6 50
6 51
6 53
6 54
6 57
6 58
6 60
6 61
6 62
6 63
6 64
6 65
6 67
6 68
6 69
6 71
6 72
6 73
6 77
6 80
6 87
6 88
6 91
6 92
6 93
6 95
6 97
6 99
7 8
7 10
7 12
7 13
7 16
7 19
7 21
7 23
7 24
7 26
7 28
7 30
7 31
7 32
7 33
7 34
7 35
7 36
7 42
7 45
7 47
7 50
7 52
7 54
7 55
7 58
7 63
7 64
7 66
7 69
7 72
7 76
7 77
7 78
7 80
7 84
7 85
7 87
7 89
7 91
7 92
7 94
7 96
7 97
8 10
8 11
8 12
8 13
8 17
8 21
8 24
8 25
8 26
8 29
8 32
8 35
8 37
8 41
8 42
8 44
8 46
8 47
8 50
8 51
8 52
8 53
8 54
8 59
8 60
8 61
8 62
8 64
8 66
8 69
8 70
8 74
8 76
8 77
8 78
8 79
8 80
8 85
8 88
8 89
8 90
8 91
8 92
8 95
8 96
8 97
8 98
8 99
9 10
9 11
9 12
9 13
9 14
9 16
9 24
9 25
9 29
9 30
9 33
9 37
9 38
9 39
9 43
9 46
9 48
9 50
9 52
9 53
9 54
9 55
9 57
9 58
9 59
9 60
9 63
9 66
9 67
9 69
9 70
9 71
9 73
9 75
9 76
9 77
9 78
9 79
9 86
9 87
9 89
9 93
9 94
9 95
9 98
9 99
10 11
10 12
10 13
10 18
10 19
10 20
10 21
10 22
10 27
10 28
10 29
10 30
10 35
10 41
10 43
10 44
10 48
10 50
10 51
10 52
10 53
10 56
10 57
10 58
10 59
10 60
10 62
10 64
10 65
10 66
10 70
10 71
10 73
10 76
10 77
10 81
10 82
10 83
10 84
10 87
10 88
10 90
10 92
10 95
10 96
10 97
10 99
11 14
11 19
11 20
11 21
11 23
11 25
11 27
11 28
11 32
11 33
11 34
11 36
11 38
11 41
11 42
11 46
11 47
11 49
11 52
11 53
11 54
11 56
11 57
11 58
11 61
11 62
11 65
11 68
11 69
11 70
11 72
11 74
11 78
11 82
11 83
11 86
11 87
11 92
11 93
11 99
12 16
12 17
12 19
12 23
12 25
12 28
12 29
12 30
12 31
12 33
12 34
12 35
12 39
12 43
12 44
12 45
12 46
12 48
12 50
12 51
12 54
12 55
12 57
12 60
12 63
12 65
12 66
12 67
12 68
12 77
12 78
12 79
12 84
12 85
12 86
12 91
12 93
12 94
12 97
13 14
13 16
13 17
13 18
13 19
13 20
13 22
13 26
13 31
13 32
13 33
13 36
13 37
13 38
13 40
13 41
13 43
13 44
13 45
13 46
13 48
13 49
13 52
13 53
13 54
13 55
13 56
13 57
13 59
13 66
13 67
13 68
13 69
13 70
13 71
13 73
13 75
13 78
13 79
13 81
13 87
13 89
13 90
13 92
13 95
13 96
14 15
14 16
14 17
14 19
14 21
14 26
14 28
14 29
14 31
14 35
14 37
14 38
14 42
14 43
14 47
14 48
14 49
14 50
14 51
14 52
14 53
14 54
14 55
14 56
14 57
14 63
14 64
14 65
14 66
14 67
14 70
14 74
14 76
14 79
14 80
14 82
14 86
14 88
14 89
14 91
14 93
14 94
14 98
14 99
15 16
15 17
15 19
15 20
15 21
15 24
15 25
15 27
15 31
15 34
15 35
15 36
15 38
15 39
15 41
15 43
15 46
15 47
15 48
15 49
15 50
15 52
15 53
15 55
15 56
15 57
15 59
15 62
15 63
15 65
15 67
15 68
15 71
15 73
15 74
15 80
15 82
15 83
15 84
15 85
15 86
15 88
15 91
15 95
15 96
15 97
15 98
15 99
16 17
16 22
16 29
16 31
16 32
16 33
16 34
16 36
16 38
16 39
16 44
16 45
16 46
16 48
16 52
16 54
16 55
16 61
16 64
16 65
16 66
16 67
16 68
16 69
16 70
16 77
16 79
16 80
16 83
16 84
16 85
16 87
16 88
16 92
16 93
16 97
16 98
16 99
17 19
17 20
17 21
17 22
17 23
17 26
17 27
17 30
17 32
17 35
17 36
17 38
17 41
17 43
17 47
17 51
17 54
17 55
17 57
17 61
17 63
17 64
17 66
17 67
17 68
17 74
17 75
17 76
17 80
17 81
17 82
17 84
17 87
17 89
17 90
17 92
17 96
17 98
18 19
18 22
18 28
18 32
18 33
18 34
18 36
18 37
18 38
18 41
18 44
18 46
18 48
18 50
18 51
18 54
18 56
18 57
18 59
18 60
18 62
18 64
18 67
18 69
18 73
18 76
18 77
18 83
18 85
18 86
18 88
18 93
18 97
18 98
19 22
19 26
19 27
19 28
19 31
19 32
19 33
19 34
19 35
19 36
19 37
19 38
19 40
19 41
19 44
19 46
19 47
19 48
19 51
19 54
19 55
19 56
19 57
19 61
19 62
19 63
19 64
19 65
19 68
19 70
19 73
19 74
19 76
19 77
19 82
19 84
19 85
19 88
19 90
19 92
19 93
19 94
19 95
19 96
19 98
19 99
20 22
20 23
20 24
20 25
20 26
20 30
20 32
20 33
20 34
20 39
20 40
20 41
20 43
20 46
20 49
20 54
20 57
20 61
20 62
20 63
20 65
20 66
20 68
20 69
20 71
20 72
20 75
20 77
20 82
20 83
20 84
20 88
20 90
20 92
20 96
20 97
21 22
21 24
21 25
21 26
21 27
21 31
21 38
21 39
21 40
21 43
21 45
21 46
21 49
21 50
21 51
21 52
21 53
21 54
21 56
21 63
21 65
21 68
21 69
21 72
21 75
21 76
21 77
21 79
21 80
21 82
21 83
21 84
21 85
21 91
21 92
21 95
21 96
21 97
21 98
22 24
22 25
22 27
22 28
22 31
22 32
22 33
22 36
22 38
22 40
22 43
22 44
22 47
22 48
22 49
22 52
22 54
22 55
22 59
22 63
22 64
22 68
22 70
22 72
22 75
22 76
22 83
22 85
22 86
22 89
22 91
22 92
22 94
22 95
22 99
23 29
23 30
23 33
23 37
23 41
23 42
23 43
23 44
23 47
23 49
23 50
23 52
23 53
23 54
23 56
23 60
23 63
23 64
23 65
23 68
23 69
23 74
23 75
23 76
23 77
23 80
23 85
23 86
23 89
23 90
23 91
23 93
23 96
23 98
23 99
24 26
24 27
24 29
24 31
24 32
24 34
24 35
24 36
24 38
24 41
24 43
24 45
24 46
24 47
24 48
24 49
24 50
24 51
24 52
24 53
24 56
24 61
24 62
24 63
24 64
24 65
24 66
24 68
24 72
24 73
24 74
24 78
24 83
24 85
24 86
24 89
24 91
24 94
24 96
24 98
25 28
25 30
25 35
25 37
25 38
25 39
25 42
25 43
25 44
25 46
25 48
25 50
25 52
25 53
25 54
25 56
25 57
25 58
25 59
25 60
25 62
25 64
25 65
25 69
25 71
25 73
25 74
25 78
25 79
25 80
25 81
25 83
25 84
25 85
25 87
25 92
25 97
25 99
26 27
26 29
26 30
26 31
26 32
26 33
26 38
26 39
26 40
26 41
26 42
26 44
26 45
26 47
26 56
26 57
26 58
26 59
26 60
26 63
26 64
26 65
26 67
26 69
26 71
26 73
26 78
26 79
26 82
26 83
26 86
26 87
26 91
26 92
26 95
26 97
26 98
27 28
27 33
27 35
27 45
27 46
27 47
27 48
27 50
27 53
27 54
27 55
27 56
27 57
27 62
27 65
27 71
27 75
27 76
27 80
27 81
27 84
27 85
27 86
27 91
27 92
27 95
27 98
27 99
28 29
28 32
28 35
28 38
28 40
28 41
28 42
28 43
28 47
28 49
28 52
28 53
28 55
28 56
28 57
28 60
28 61
28 62
28 63
28 65
28 67
28 70
28 71
28 72
28 73
28 76
28 77
28 79
28 85
28 86
28 90
28 91
28 93
28 94
28 95
28 96
28 99
29 31
29 34
29 36
29 38
29 39
29 40
29 41
29 43
29 44
29 46
29 48
29 52
29 56
29 59
29 62
29 64
29 70
29 72
29 73
29 74
29 75
29 78
29 80
29 81
29 82
29 84
29 85
29 89
29 95
29 98
30 31
30 32
30 33
30 34
30 36
30 37
30 39
30 43
30 44
30 45
30 46
30 47
30 49
30 50
30 52
30 53
30 55
30 58
30 59
30 60
30 61
30 64
30 66
30 67
30 69
30 74
30 77
30 78
30 79
30 82
30 89
30 90
30 93
30 97
30 98
30 99
31 33
31 35
31 36
31 37
31 40
31 41
31 42
31 43
31 44
31 45
31 46
31 50
31 51
31 53
31 59
31 62
31 63
31 64
31 67
31 70
31 74
31 75
31 76
31 77
31 81
31 82
31 83
31 87
31 88
31 93
31 94
31 95
31 97
32 33
32 38
32 39
32 40
32 42
32 49
32 53
32 54
32 55
32 56
32 57
32 59
32 65
32 68
32 69
32 70
32 72
32 73
32 77
32 78
32 79
32 80
32 81
32 83
32 84
32 85
32 89
32 90
32 92
32 93
32 94
32 95
32 96
32 98
32 99
33 35
33 36
33 39
33 43
33 46
33 48
33 53
33 54
33 56
33 58
33 59
33 63
33 65
33 67
33 68
33 70
33 73
33 77
33 78
33 81
33 83
33 84
33 86
33 89
33 92
33 93
33 96
33 98
33 99
34 37
34 41
34 45
34 50
34 53
34 55
34 56
34 57
34 62
34 65
34 66
34 68
34 70
34 74
34 75
34 76
34 77
34 81
34 83
34 84
34 85
34 86
34 87
34 88
34 90
34 92
34 93
34 94
34 95
34 96
34 98
35 36
35 39
35 42
35 44
35 47
35 48
35 52
35 53
35 56
35 57
35 59
35 60
35 62
35 63
35 65
35 69
35 70
35 72
35 73
35 74
35 75
35 79
35 81
35 84
35 86
35 89
35 92
35 94
35 95
35 96
35 97
36 39
36 40
36 48
36 49
36 54
36 55
36 57
36 59
36 60
36 63
36 64
36 69
36 70
36 72
36 73
36 75
36 78
36 80
36 82
36 83
36 85
36 90
36 91
36 92
36 95
36 97
36 99
37 39
37 40
37 41
37 42
37 44
37 53
37 56
37 58
37 61
37 62
37 63
37 64
37 66
37 68
37 71
37 72
37 74
37 75
37 77
37 79
37 80
37 81
37 82
37 83
37 84
37 85
37 90
37 91
37 94
38 39
38 40
38 41
38 42
38 43
38 46
38 48
38 49
38 51
38 52
38 54
38 56
38 60
38 68
38 69
38 71
38 72
38 73
38 74
38 78
38 82
38 83
38 85
38 91
38 94
38 96
38 98
39 40
39 42
39 43
39 46
39 47
39 51
39 56
39 58
39 63
39 65
39 67
39 69
39 70
39 72
39 73
39 74
39 75
39 77
39 78
39 80
39 81
39 83
39 84
39 87
39 88
39 92
39 94
39 95
40 41
40 44
40 46
40 48
40 49
40 50
40 51
40 53
40 54
40 55
40 57
40 58
40 61
40 64
40 70
40 73
40 76
40 77
40 78
40 79
40 80
40 83
40 86
40 87
40 88
40 89
40 91
40 94
40 96
40 97
41 48
41 49
41 52
41 54
41 55
41 58
41 59
41 60
41 62
41 63
41 67
41 68
41 70
41 71
41 73
41 74
41 78
41 80
41 83
41 85
41 86
41 88
41 89
41 90
41 92
41 94
41 96
42 43
42 45
42 46
42 49
42 51
42 52
42 53
42 54
42 55
42 56
42 57
42 58
42 59
42 60
42 61
42 63
42 64
42 66
42 73
42 75
42 76
42 79
42 80
42 81
42 83
42 84
42 85
42 86
42 87
42 90
42 94
42 95
42 96
43 45
43 51
43 52
43 53
43 54
43 57
43 59
43 62
43 66
43 67
43 68
43 70
43 73
43 80
43 86
43 87
43 90
43 91
43 92
43 93
43 94
43 95
43 96
43 98
43 99
44 45
44 46
44 47
44 48
44 49
44 50
44 53
44 54
44 57
44 59
44 61
44 62
44 63
44 64
44 65
44 66
44 67
44 70
44 73
44 75
44 76
44 79
44 81
44 82
44 86
44 87
44 88
44 91
44 92
44 93
44 94
44 95
44 96
44 97
44 98
44 99
45 47
45 48
45 49
45 50
45 51
45 52
45 57
45 60
45 62
45 63
45 64
45 74
45 76
45 79
45 80
45 83
45 84
45 86
45 89
45 91
45 92
45 93
45 94
45 96
45 97
46 48
46 50
46 54
46 60
46 63
46 64
46 66
46 67
46 68
46 71
46 74
46 75
46 76
46 78
46 79
46 81
46 84
46 85
46 87
46 88
46 89
46 91
46 93
46 95
46 99
47 48
47 49
47 50
47 51
47 53
47 54
47 55
47 57
47 58
47 64
47 66
47 68
47 71
47 74
47 75
47 76
47 85
47 88
47 89
47 92
47 95
47 96
47 98
48 50
48 51
48 53
48 54
48 55
48 56
48 57
48 61
48 62
48 64
48 65
48 69
48 71
48 73
48 74
48 75
48 76
48 77
48 78
48 80
48 83
48 86
48 91
48 93
48 94
48 97
49 51
49 53
49 54
49 56
49 61
49 63
49 64
49 65
49 66
49 70
49 73
49 74
49 75
49 76
49 77
49 79
49 83
49 89
49 93
49 95
49 98
49 99
50 51
50 52
50 53
50 56
50 59
50 60
50 61
50 63
50 68
50 69
50 71
50 72
50 73
50 75
50 76
50 77
50 78
50 82
50 83
50 85
50 86
50 87
50 88
50 89
50 90
50 91
50 93
50 96
50 98
50 99
51 52
51 53
51 54
51 55
51 56
51 57
51 60
51 62
51 63
51 64
51 66
51 69
51 71
51 72
51 73
51 76
51 78
51 80
51 81
51 82
51 83
51 87
51 89
51 90
51 92
51 94
51 96
51 97
51 98
52 53
52 55
52 56
52 59
52 60
52 62
52 67
52 68
52 70
52 72
52 75
52 76
52 78
52 79
52 80
52 82
52 83
52 84
52 85
52 86
52 88
52 89
52 93
52 94
52 95
52 96
52 97
52 98
53 55
53 56
53 57
53 59
53 62
53 68
53 69
53 72
53 73
53 78
53 81
53 82
53 83
53 85
53 88
53 90
53 91
53 94
53 95
53 97
53 98
54 55
54 56
54 57
54 59
54 61
54 63
54 66
54 68
54 69
54 70
54 72
54 73
54 76
54 79
54 83
54 91
54 92
54 94
54 97
54 99
55 56
55 57
55 60
55 61
55 62
55 64
55 68
55 69
55 70
55 72
55 77
55 78
55 81
55 82
55 84
55 86
55 90
55 91
55 92
55 93
55 96
55 98
55 99
56 57
56 58
56 59
56 61
56 62
56 64
56 68
56 69
56 71
56 73
56 74
56 76
56 86
56 87
56 89
56 91
56 93
56 96
56 97
57 58
57 60
57 63
57 66
57 67
57 68
57 70
57 71
57 72
57 74
57 75
57 78
57 82
57 83
57 88
57 89
57 91
57 94
57 99
58 59
58 61
58 62
58 69
58 71
58 74
58 75
58 77
58 80
58 81
58 83
58 84
58 85
58 86
58 88
58 90
58 95
58 97
59 61
59 62
59 64
59 65
59 66
59 68
59 72
59 78
59 80
59 81
59 82
59 87
59 89
59 90
59 91
59 92
59 93
59 98
59 99
60 66
60 69
60 70
60 71
60 75
60 80
60 81
60 83
60 87
60 89
60 90
60 92
60 93
60 94
60 95
60 98
61 62
61 63
61 68
61 69
61 70
61 74
61 75
61 80
61 84
61 92
61 95
61 96
61 98
62 63
62 66
62 67
62 69
62 72
62 73
62 74
62 75
62 77
62 78
62 79
62 80
62 83
62 84
62 85
62 86
62 87
62 93
62 96
62 97
63 64
63 69
63 71
63 72
63 73
63 79
63 80
63 81
63 82
63 84
63 85
63 86
63 87
63 88
63 89
63 90
63 91
63 92
63 93
63 95
63 97
63 98
63 99
64 65
64 66
64 68
64 71
64 72
64 73
64 74
64 75
64 76
64 79
64 80
64 81
64 82
64 83
64 84
64 86
64 88
64 89
64 91
64 95
64 97
64 98
65 67
65 71
65 73
65 74
65 76
65 78
65 79
65 80
65 82
65 83
65 84
65 86
65 92
65 93
65 94
65 98
65 99
66 67
66 68
66 70
66 71
66 72
66 74
66 75
66 77
66 78
66 80
66 84
66 85
66 87
66 88
66 89
66 91
66 92
66 93
66 98
66 99
67 70
67 71
67 74
67 76
67 77
67 82
67 83
67 85
67 86
67 89
67 93
67 96
67 99
68 70
68 71
68 72
68 73
68 75
68 77
68 78
68 80
68 81
68 82
68 84
68 88
68 89
68 91
68 92
68 94
68 95
68 97
68 99
69 71
69 73
69 75
69 78
69 79
69 84
69 85
69 90
69 93
69 98
70 72
70 78
70 81
70 83
70 84
70 85
70 86
70 90
70 91
70 93
70 94
70 97
70 98
70 99
71 72
71 74
71 76
71 82
71 86
71 87
71 88
71 89
71 91
71 92
71 93
71 94
71 95
71 96
71 99
72 73
72 76
72 78
72 79
72 80
72 81
72 82
72 84
72 87
72 88
72 92
72 93
72 94
72 97
72 98
72 99
73 74
73 75
73 79
73 80
73 81
73 82
73 86
73 91
73 92
73 94
73 96
74 75
74 77
74 78
74 80
74 81
74 83
74 84
74 87
74 91
74 95
74 96
75 77
75 80
75 82
75 84
75 88
75 89
75 90
75 91
75 93
75 94
75 96
75 98
75 99
76 77
76 79
76 83
76 84
76 87
76 88
76 91
76 92
76 93
76 97
77 83
77 84
77 87
77 88
77 89
77 95
77 96
77 97
77 98
78 79
78 80
78 85
78 86
78 91
78 92
78 94
78 97
78 98
79 81
79 83
79 84
79 85
79 86
79 87
79 88
79 89
79 91
79 94
79 95
79 98
79 99
80 82
80 84
80 88
80 89
80 93
80 94
80 95
80 96
80 98
81 83
81 84
81 85
81 87
81 88
81 91
81 92
81 96
81 97
81 98
82 83
82 84
82 85
82 86
82 87
82 89
82 90
82 91
82 92
82 93
82 94
82 95
82 96
82 98
82 99
83 84
83 87
83 88
83 89
83 90
83 91
83 93
83 94
83 95
83 96
83 98
84 87
84 89
84 93
84 94
85 87
85 88
85 89
85 90
85 92
85 94
85 95
85 96
85 97
85 98
86 87
86 90
86 91
86 93
86 94
86 95
86 96
86 99
87 92
87 95
87 96
87 97
88 90
88 92
88 93
88 94
88 95
88 96
89 90
89 91
89 92
89 93
89 94
89 95
89 97
90 92
90 93
90 95
90 96
90 97
90 98
90 99
91 93
91 95
92 94
92 97
92 98
94 96
94 97
94 98
94 99
95 97
95 98
96 98
