0 5
0 6
0 8
0 10
0 11
0 12
0 13
0 19
0 21
0 22
0 23
0 24
0 27
0 33
0 34
0 38
0 39
0 44
0 45
0 48
0 52
0 54
0 55
0 58
0 62
0 65
0 66
0 68
0 71
0 73
0 74
0 75
0 77
0 82
0 84
0 85
0 87
0 89
0 91
0 92
1 2
1 3
1 7
1 10
1 11
1 12
1 15
1 16
1 17
1 19
1 20
1 21
1 22
1 23
1 24
1 27
1 28
1 29
1 35
1 36
1 38
1 39
1 40
1 41
1 44
1 46
1 47
1 51
1 52
1 54
1 55
1 56
1 57
1 59
1 61
1 62
1 64
1 65
1 67
1 68
1 70
1 71
1 74
1 76
1 77
1 78
1 79
1 80
1 83
1 85
1 86
1 88
1 89
1 91
1 92
1 96
1 99
2 6
2 7
2 13
2 14
2 15
2 16
2 18
2 20
2 21
2 22
2 23
2 24
2 25
2 27
2 28
2 29
2 30
2 31
2 34
2 35
2 41
2 44
2 47
2 48
2 49
2 51
2 54
2 55
2 56
2 57
2 59
2 60
2 62
2 65
2 66
2 70
2 73
2 74
2 75
2 76
2 77
2 79
2 80
2 83
2 85
2 86
2 89
2 91
2 94
2 98
3 7
3 8
3 9
3 10
3 13
3 14
3 18
3 19
3 20
3 23
3 29
3 30
3 32
3 37
3 38
3 41
3 43
3 44
3 45
3 46
3 48
3 59
3 60
3 61
3 63
3 69
3 71
3 73
3 74
3 75
3 76
3 79
3 83
3 84
3 85
3 88
3 91
3 92
3 93
3 94
3 95
3 98
3 99
4 8
4 13
4 14
4 15
4 16
4 18
4 19
4 20
4 21
4 22
4 26
4 27
4 28
4 29
4 30
4 31
4 33
4 35
4 38
4 39
4 40
4 42
4 44
4 45
4 46
4 48
4 49
4 52
4 55
4 56
4 61
4 63
4 64
4 65
4 66
4 69
4 70
4 71
4 72
4 74
4 78
4 83
4 84
4 88
4 89
4 91
4 92
4 93
4 94
4 97
4 98
4 99
5 6
5 8
5 10
5 13
5 14
5 15
5 16
5 20
5 21
5 22
5 23
5 24
5 25
5 26
5 27
5 28
5 30
5 31
5 32
5 34
5 35
5 39
5 46
5 48
5 51
5 52
5 53
5 54
5 57
5 58
5 59
5 62
5 66
5 70
5 72
5 74
5 78
5 82
5 83
5 84
5 86
5 88
5 90
5 92
5 93
5 94
5 95
5 97
5 98
5 99
6 7
6 8
6 9
6 10
6 11
6 17
6 19
6 20
6 21
6 23
6 24
6 25
6 27
6 28
6 30
6 32
6 33
6 35
6 36
6 40
6 44
6 48
6 49
6 55
6 58
6 62
6 63
6 64
6 68
6 69
6 72
6 74
6 75
6 76
6 77
6 78
6 79
6 80
6 82
6 83
6 86
6 87
6 90
6 93
6 94
6 96
6 97
6 98
6 99
7 9
7 10
7 11
7 12
7 14
7 16
7 22
7 23
7 24
7 25
7 29
7 30
7 31
7 33
7 34
7 38
7 39
7 43
7 44
7 46
7 50
7 51
7 53
7 55
7 56
7 60
7 66
7 70
7 71
7 73
7 75
7 76
7 78
7 84
7 86
7 88
7 89
7 98
8 10
8 11
8 12
8 15
8 16
8 18
8 19
8 20
8 21
8 25
8 26
8 29
8 30
8 33
8 35
8 38
8 39
8 44
8 47
8 48
8 50
8 55
8 60
8 61
8 64
8 68
8 73
8 75
8 76
8 78
8 80
8 86
8 87
8 89
8 92
8 93
8 94
8 95
8 97
9 10
9 11
9 12
9 13
9 15
9 21
9 24
9 25
9 26
9 27
9 29
9 30
9 31
9 32
9 33
9 41
9 45
9 47
9 49
9 50
9 51
9 53
9 54
9 55
9 56
9 58
9 59
9 60
9 63
9 64
9 65
9 66
9 69
9 74
9 75
9 79
9 85
9 91
9 93
9 94
9 95
9 96
9 97
9 98
9 99
10 11
10 12
10 13
10 16
10 18
10 19
10 20
10 22
10 24
10 27
10 28
10 33
10 34
10 36
10 37
10 38
10 40
10 42
10 44
10 45
10 46
10 47
10 48
10 56
10 57
10 58
10 59
10 60
10 63
10 64
10 65
10 68
10 69
10 71
10 73
10 75
10 76
10 77
10 78
10 80
10 81
10 84
10 86
10 87
10 88
10 90
10 93
10 95
10 97
11 12
11 13
11 14
11 15
11 16
11 19
11 20
11 23
11 24
11 26
11 27
11 29
11 30
11 32
11 33
11 34
11 35
11 36
11 38
11 41
11 46
11 51
11 52
11 55
11 57
11 59
11 62
11 65
11 67
11 68
11 73
11 75
11 76
11 78
11 80
11 81
11 82
11 83
11 85
11 86
11 89
11 93
11 94
11 99
12 14
12 25
12 26
12 27
12 28
12 29
12 31
12 34
12 35
12 39
12 40
12 42
12 43
12 44
12 45
12 47
12 51
12 52
12 53
12 54
12 56
12 58
12 63
12 65
12 66
12 67
12 72
12 74
12 75
12 77
12 79
12 83
12 84
12 89
12 91
12 92
12 93
12 95
12 96
12 98
12 99
13 15
13 16
13 17
13 18
13 19
13 20
13 22
13 23
13 27
13 29
13 30
13 31
13 34
13 35
13 36
13 39
13 41
13 43
13 45
13 46
13 47
13 48
13 53
13 54
13 55
13 56
13 57
13 58
13 59
13 60
13 63
13 65
13 67
13 69
13 72
13 74
13 75
13 76
13 77
13 80
13 81
13 85
13 86
13 87
13 88
13 89
13 90
13 91
13 92
13 93
13 94
13 95
13 97
13 99
14 15
14 16
14 17
14 18
14 24
14 25
14 29
14 30
14 33
14 38
14 41
14 44
14 45
14 48
14 52
14 53
14 54
14 55
14 58
14 59
14 62
14 65
14 68
14 69
14 70
14 71
14 72
14 73
14 74
14 76
14 78
14 79
14 84
14 94
14 95
14 96
14 98
14 99
15 16
15 17
15 19
15 20
15 21
15 23
15 24
15 25
15 28
15 29
15 30
15 31
15 33
15 35
15 36
15 38
15 39
15 43
15 47
15 49
15 51
15 54
15 55
15 57
15 59
15 61
15 62
15 63
15 65
15 66
15 67
15 68
15 76
15 79
15 80
15 81
15 82
15 86
15 87
15 88
15 91
15 92
15 93
15 94
15 97
15 99
16 18
16 19
16 20
16 22
16 23
16 29
16 30
16 31
16 33
16 40
16 42
16 44
16 47
16 49
16 51
16 52
16 54
16 56
16 59
16 60
16 61
16 64
16 65
16 70
16 72
16 74
16 75
16 76
16 77
16 78
16 80
16 82
16 86
16 87
16 89
16 91
16 92
16 96
16 98
16 99
17 19
17 20
17 23
17 28
17 29
17 30
17 31
17 32
17 33
17 35
17 37
17 41
17 43
17 46
17 47
17 54
17 57
17 58
17 59
17 60
17 62
17 63
17 64
17 65
17 67
17 68
17 70
17 72
17 74
17 75
17 76
17 78
17 79
17 82
17 84
17 87
17 90
17 91
17 93
17 94
17 95
17 98
17 99
18 21
18 22
18 26
18 27
18 28
18 30
18 31
18 33
18 36
18 38
18 41
18 42
18 43
18 45
18 46
18 47
18 48
18 53
18 54
18 58
18 61
18 62
18 63
18 64
18 65
18 66
18 73
18 74
18 75
18 76
18 79
18 81
18 83
18 86
18 92
18 94
18 97
19 22
19 23
19 24
19 26
19 27
19 29
19 31
19 32
19 33
19 35
19 36
19 37
19 39
19 40
19 41
19 42
19 45
19 46
19 47
19 48
19 49
19 52
19 54
19 55
19 58
19 60
19 63
19 64
19 66
19 67
19 68
19 72
19 73
19 80
19 81
19 83
19 85
19 87
19 88
19 89
19 90
19 92
19 95
19 97
19 98
20 22
20 23
20 25
20 27
20 31
20 32
20 33
20 34
20 36
20 38
20 40
20 42
20 43
20 45
20 47
20 49
20 50
20 52
20 53
20 54
20 55
20 57
20 60
20 61
20 62
20 65
20 69
20 70
20 72
20 75
20 79
20 80
20 81
20 84
20 86
20 87
20 88
20 91
20 93
20 94
20 95
20 97
20 99
21 23
21 24
21 26
21 27
21 30
21 31
21 32
21 34
21 35
21 38
21 41
21 43
21 44
21 46
21 48
21 49
21 50
21 51
21 53
21 56
21 58
21 62
21 63
21 64
21 65
21 68
21 69
21 70
21 71
21 73
21 74
21 77
21 78
21 79
21 81
21 82
21 84
21 86
21 89
21 90
21 91
21 92
21 93
21 94
21 97
21 98
22 23
22 24
22 25
22 27
22 28
22 29
22 31
22 33
22 34
22 39
22 42
22 43
22 44
22 48
22 49
22 57
22 58
22 63
22 64
22 66
22 68
22 69
22 72
22 73
22 74
22 75
22 76
22 78
22 80
22 81
22 82
22 83
22 85
22 86
22 89
22 91
22 96
23 25
23 27
23 28
23 29
23 32
23 33
23 35
23 36
23 39
23 40
23 43
23 48
23 50
23 51
23 55
23 56
23 58
23 60
23 62
23 63
23 64
23 66
23 67
23 68
23 74
23 76
23 77
23 84
23 85
23 86
23 87
23 89
23 90
23 91
23 92
23 97
23 99
24 25
24 26
24 29
24 32
24 33
24 34
24 35
24 37
24 38
24 39
24 40
24 44
24 45
24 47
24 50
24 52
24 53
24 54
24 56
24 58
24 59
24 61
24 62
24 63
24 64
24 66
24 68
24 71
24 72
24 73
24 74
24 75
24 80
24 82
24 84
24 86
24 87
24 88
24 89
24 91
24 92
25 29
25 34
25 35
25 38
25 40
25 45
25 47
25 48
25 49
25 50
25 51
25 57
25 59
25 61
25 62
25 64
25 65
25 67
25 68
25 72
25 73
25 75
25 78
25 79
25 80
25 82
25 83
25 84
25 87
25 92
25 94
25 95
25 97
26 27
26 30
26 34
26 36
26 38
26 39
26 43
26 44
26 47
26 51
26 52
26 53
26 54
26 59
26 60
26 61
26 62
26 64
26 65
26 67
26 69
26 70
26 72
26 73
26 74
26 77
26 78
26 79
26 80
26 81
26 84
26 85
26 86
26 87
26 88
26 91
26 93
26 94
26 96
27 29
27 30
27 33
27 34
27 35
27 36
27 38
27 39
27 40
27 41
27 43
27 46
27 48
27 49
27 50
27 53
27 57
27 59
27 60
27 61
27 62
27 64
27 76
27 83
27 86
27 88
27 89
27 94
27 96
28 33
28 34
28 36
28 37
28 40
28 42
28 46
28 47
28 48
28 49
28 50
28 51
28 52
28 54
28 55
28 56
28 57
28 60
28 62
28 63
28 64
28 65
28 66
28 72
28 73
28 75
28 76
28 77
28 80
28 82
28 85
28 89
28 90
28 91
28 92
28 94
29 31
29 33
29 34
29 36
29 37
29 38
29 39
29 40
29 41
29 45
29 49
29 51
29 52
29 55
29 56
29 57
29 58
29 59
29 61
29 64
29 66
29 69
29 71
29 72
29 76
29 77
29 78
29 81
29 82
29 84
29 85
29 86
29 88
29 89
29 90
29 91
29 92
29 93
29 94
29 96
29 97
29 98
30 32
30 33
30 34
30 35
30 36
30 37
30 38
30 39
30 41
30 42
30 43
30 46
30 49
30 50
30 51
30 53
30 54
30 55
30 57
30 58
30 60
30 62
30 63
30 66
30 67
30 68
30 69
30 73
30 74
30 75
30 76
30 78
30 83
30 87
30 88
30 90
30 92
30 93
30 95
30 96
30 99
31 33
31 34
31 36
31 38
31 41
31 43
31 44
31 46
31 49
31 50
31 53
31 54
31 55
31 56
31 58
31 59
31 60
31 61
31 63
31 64
31 65
31 67
31 70
31 77
31 78
31 81
31 82
31 84
31 85
31 86
31 87
31 88
31 93
31 94
31 95
31 99
32 33
32 35
32 37
32 38
32 39
32 41
32 49
32 53
32 54
32 57
32 59
32 61
32 62
32 65
32 68
32 71
32 72
32 73
32 76
32 78
32 79
32 80
32 84
32 86
32 87
32 89
32 90
32 92
32 93
32 97
32 98
32 99
33 34
33 38
33 39
33 41
33 42
33 43
33 44
33 45
33 50
33 52
33 54
33 55
33 58
33 60
33 61
33 64
33 67
33 69
33 70
33 71
33 72
33 73
33 75
33 76
33 79
33 80
33 81
33 83
33 87
33 89
33 93
33 95
33 97
33 99
34 36
34 38
34 40
34 41
34 44
34 46
34 49
34 50
34 52
34 53
34 56
34 58
34 59
34 60
34 61
34 63
34 68
34 71
34 72
34 73
34 76
34 81
34 82
34 83
34 86
34 87
34 88
34 89
34 90
34 91
34 92
34 96
34 97
34 98
35 38
35 45
35 46
35 47
35 49
35 51
35 53
35 57
35 61
35 64
35 69
35 70
35 71
35 72
35 73
35 76
35 80
35 81
35 82
35 83
35 84
35 87
35 88
35 89
35 92
35 97
36 39
36 40
36 42
36 43
36 48
36 51
36 55
36 57
36 59
36 60
36 62
36 63
36 64
36 66
36 67
36 72
36 73
36 75
36 76
36 79
36 80
36 81
36 83
36 84
36 85
36 88
36 91
36 93
36 94
36 95
36 96
36 97
36 98
36 99
37 39
37 45
37 46
37 47
37 48
37 49
37 50
37 52
37 54
37 56
37 61
37 63
37 64
37 65
37 66
37 67
37 68
37 71
37 76
37 77
37 81
37 84
37 86
37 87
37 90
37 91
37 92
37 97
37 98
38 39
38 44
38 46
38 47
38 48
38 50
38 51
38 55
38 56
38 59
38 60
38 62
38 63
38 64
38 65
38 67
38 71
38 73
38 74
38 76
38 77
38 78
38 83
38 84
38 88
38 89
38 90
38 92
38 93
38 97
38 98
39 41
39 42
39 44
39 46
39 47
39 49
39 50
39 51
39 54
39 55
39 57
39 59
39 64
39 65
39 68
39 69
39 70
39 71
39 75
39 76
39 78
39 79
39 80
39 83
39 85
39 90
39 91
39 92
39 93
39 95
39 96
39 98
40 44
40 45
40 46
40 47
40 50
40 52
40 53
40 55
40 58
40 60
40 61
40 64
40 65
40 66
40 68
40 69
40 70
40 71
40 72
40 74
40 75
40 80
40 83
40 84
40 86
40 88
40 89
40 94
40 95
40 96
40 97
40 98
40 99
41 42
41 45
41 46
41 47
41 49
41 53
41 54
41 55
41 57
41 58
41 61
41 62
41 63
41 64
41 68
41 70
41 75
41 76
41 78
41 79
41 80
41 82
41 84
41 85
41 87
41 88
41 89
41 90
41 91
41 92
41 94
41 98
42 44
42 46
42 48
42 51
42 52
42 54
42 55
42 57
42 58
42 60
42 62
42 63
42 64
42 66
42 67
42 69
42 70
42 71
42 74
42 75
42 76
42 78
42 81
42 82
42 85
42 86
42 87
42 90
42 92
42 95
42 96
42 97
42 98
42 99
43 45
43 46
43 50
43 51
43 52
43 53
43 57
43 59
43 61
43 63
43 65
43 67
43 70
43 71
43 73
43 77
43 78
43 82
43 83
43 85
43 86
43 89
43 91
43 93
43 94
43 95
43 99
44 45
44 47
44 53
44 54
44 58
44 60
44 64
44 66
44 68
44 70
44 71
44 74
44 76
44 77
44 78
44 80
44 81
44 84
44 86
44 91
44 93
44 94
44 96
45 46
45 47
45 48
45 49
45 50
45 51
45 52
45 53
45 56
45 57
45 60
45 63
45 69
45 70
45 71
45 72
45 73
45 75
45 76
45 77
45 79
45 82
45 83
45 84
45 85
45 86
45 90
45 91
45 92
45 93
45 95
45 97
46 48
46 50
46 53
46 56
46 59
46 60
46 63
46 67
46 68
46 70
46 71
46 72
46 74
46 75
46 79
46 82
46 85
46 86
46 89
46 91
46 92
46 96
46 97
46 98
46 99
47 48
47 49
47 50
47 51
47 52
47 53
47 55
47 56
47 57
47 58
47 59
47 61
47 69
47 71
47 78
47 80
47 81
47 82
47 83
47 85
47 88
47 89
47 95
47 97
47 99
48 49
48 52
48 56
48 58
48 60
48 64
48 68
48 69
48 70
48 72
48 73
48 74
48 75
48 76
48 80
48 81
48 83
48 84
48 85
48 87
48 89
48 90
48 91
48 95
48 96
48 98
49 51
49 52
49 54
49 56
49 57
49 59
49 61
49 62
49 64
49 67
49 69
49 71
49 73
49 75
49 76
49 77
49 79
49 81
49 82
49 86
49 87
49 91
49 92
49 94
50 52
50 53
50 54
50 55
50 56
50 58
50 59
50 62
50 65
50 66
50 67
50 68
50 70
50 71
50 76
50 77
50 81
50 83
50 85
50 89
50 90
50 91
50 92
50 94
50 95
50 96
50 97
50 98
51 55
51 56
51 57
51 58
51 59
51 60
51 62
51 63
51 65
51 66
51 68
51 70
51 71
51 72
51 75
51 77
51 80
51 83
51 84
51 85
51 86
51 90
51 91
51 94
51 99
52 54
52 55
52 56
52 59
52 61
52 63
52 64
52 65
52 69
52 72
52 75
52 77
52 78
52 80
52 81
52 82
52 84
52 85
52 86
52 87
52 89
52 91
52 92
52 96
52 97
52 98
53 55
53 56
53 58
53 61
53 63
53 65
53 66
53 69
53 70
53 71
53 73
53 74
53 75
53 76
53 78
53 79
53 80
53 82
53 90
53 92
53 94
53 95
53 96
53 97
53 99
54 57
54 58
54 60
54 61
54 62
54 63
54 65
54 67
54 68
54 69
54 73
54 78
54 79
54 88
54 89
54 90
54 94
54 95
54 97
54 99
55 57
55 58
55 60
55 62
55 63
55 65
55 71
55 72
55 73
55 74
55 77
55 78
55 79
55 81
55 84
55 85
55 88
55 90
55 96
55 97
55 98
55 99
56 59
56 60
56 63
56 65
56 66
56 68
56 69
56 70
56 76
56 77
56 81
56 83
56 84
56 90
56 92
56 97
56 98
57 58
57 59
57 61
57 63
57 64
57 65
57 67
57 68
57 71
57 72
57 77
57 79
57 80
57 83
57 84
57 92
57 93
57 95
57 98
58 59
58 61
58 64
58 65
58 68
58 70
58 71
58 73
58 75
58 76
58 78
58 79
58 81
58 82
58 83
58 88
58 89
58 90
58 91
58 96
58 99
59 60
59 61
59 65
59 66
59 67
59 79
59 80
59 82
59 83
59 84
59 91
59 93
59 94
59 95
59 96
59 98
59 99
60 61
60 66
60 68
60 70
60 71
60 72
60 80
60 81
60 82
60 84
60 85
60 86
60 87
60 91
60 94
60 95
60 97
61 66
61 69
61 70
61 72
61 73
61 77
61 78
61 79
61 80
61 83
61 84
61 86
61 87
61 91
61 94
61 95
61 96
61 97
61 98
61 99
62 63
62 65
62 66
62 67
62 71
62 72
62 76
62 77
62 80
62 81
62 83
62 84
62 88
62 91
62 92
62 93
62 99
63 64
63 66
63 67
63 69
63 71
63 76
63 79
63 81
63 82
63 85
63 88
63 90
63 92
63 93
63 96
63 99
64 67
64 70
64 71
64 72
64 74
64 75
64 76
64 78
64 79
64 81
64 82
64 84
64 87
64 89
64 90
64 92
64 93
64 95
64 99
65 66
65 67
65 68
65 69
65 70
65 75
65 76
65 78
65 81
65 83
65 85
65 87
65 90
65 91
65 92
65 93
65 94
65 96
65 97
65 98
66 69
66 71
66 72
66 73
66 74
66 78
66 79
66 80
66 81
66 83
66 91
66 92
66 94
66 95
66 98
66 99
67 68
67 69
67 71
67 72
67 73
67 77
67 81
67 83
67 84
67 86
67 89
67 90
67 91
67 92
67 93
67 94
67 95
67 96
67 98
68 71
68 72
68 73
68 79
68 80
68 81
68 82
68 84
68 87
68 90
68 91
68 93
68 95
68 96
68 97
68 99
69 71
69 72
69 77
69 78
69 80
69 81
69 82
69 83
69 84
69 89
69 90
69 91
69 92
69 96
69 97
70 72
70 76
70 77
70 80
70 81
70 84
70 86
70 92
70 93
70 98
70 99
71 74
71 75
71 84
71 85
71 87
71 89
71 90
71 91
71 93
71 94
71 95
71 96
71 97
71 98
71 99
72 73
72 75
72 76
72 79
72 81
72 86
72 88
72 89
72 90
72 91
72 97
72 98
72 99
73 76
73 77
73 79
73 84
73 85
73 86
73 87
73 89
73 92
73 94
73 96
73 97
73 98
74 78
74 80
74 82
74 83
74 84
74 85
74 87
74 88
74 90
74 94
74 95
74 97
75 76
75 78
75 80
75 81
75 82
75 86
75 90
75 93
75 94
75 95
75 97
75 98
76 77
76 80
76 81
76 82
76 84
76 85
76 95
76 96
76 98
76 99
77 78
77 80
77 84
77 86
77 89
77 91
77 93
77 95
77 96
77 98
78 80
78 82
78 84
78 86
78 89
78 95
78 97
78 99
79 80
79 82
79 83
79 85
79 87
79 90
79 91
79 95
79 98
79 99
80 81
80 82
80 85
80 86
80 87
80 89
80 90
80 91
80 93
80 94
80 97
80 98
80 99
81 84
81 85
81 88
81 90
81 91
81 92
81 94
81 97
81 98
82 84
82 86
82 87
82 92
82 93
82 94
82 98
83 84
83 85
83 86
83 87
83 88
83 89
83 90
83 91
83 92
83 98
83 99
84 87
84 88
84 89
84 91
84 95
84 96
84 97
84 98
85 86
85 95
85 97
86 91
86 92
86 95
86 97
86 98
87 88
87 90
87 91
87 94
87 95
87 98
88 89
88 91
88 92
88 97
89 91
89 92
89 93
89 97
89 98
89 99
90 93
90 95
90 96
90 97
90 99
91 93
91 94
91 95
92 97
92 99
93 94
93 95
93 99
94 97
94 99
95 96
95 97
95 98
96 97
96 98
96 99
97 99
98 99
