0 1
0 2
0 3
0 4
0 6
0 8
0 9
0 11
0 13
0 17
0 19
0 20
0 21
0 24
0 27
0 30
0 36
0 37
0 39
0 42
0 53
0 56
0 59
0 60
0 64
0 66
0 67
0 69
0 72
0 73
0 75
0 76
0 78
0 81
0 84
0 85
0 86
0 88
0 90
0 92
0 93
0 94
0 96
0 97
1 2
1 4
1 5
1 8
1 9
1 11
1 12
1 13
1 14
1 18
1 20
1 21
1 23
1 24
1 25
1 27
1 32
1 34
1 35
1 40
1 41
1 42
1 43
1 44
1 45
1 48
1 49
1 51
1 55
1 59
1 60
1 63
1 69
1 70
1 71
1 73
1 78
1 79
1 85
1 86
1 90
1 92
1 93
1 94
1 98
1 99
2 3
2 5
2 8
2 9
2 10
2 13
2 15
2 16
2 17
2 21
2 22
2 23
2 26
2 27
2 29
2 31
2 33
2 35
2 36
2 37
2 38
2 41
2 43
2 46
2 49
2 51
2 53
2 54
2 55
2 56
2 58
2 59
2 63
2 65
2 66
2 68
2 70
2 72
2 75
2 78
2 80
2 81
2 82
2 83
2 84
2 85
2 86
2 91
2 93
2 95
2 97
2 98
2 99
3 5
3 6
3 9
3 10
3 11
3 16
3 20
3 21
3 22
3 23
3 25
3 26
3 31
3 33
3 34
3 35
3 37
3 40
3 42
3 43
3 44
3 45
3 47
3 48
3 56
3 58
3 60
3 62
3 63
3 66
3 68
3 69
3 70
3 73
3 78
3 79
3 80
3 81
3 82
3 84
3 86
3 90
3 95
3 96
3 99
4 5
4 6
4 7
4 9
4 13
4 15
4 17
4 19
4 21
4 30
4 31
4 32
4 34
4 35
4 36
4 38
4 39
4 42
4 46
4 47
4 50
4 51
4 56
4 57
4 59
4 64
4 65
4 66
4 67
4 71
4 73
4 74
4 75
4 77
4 78
4 80
4 83
4 84
4 89
4 92
4 93
4 95
4 96
4 97
4 99
5 6
5 7
5 10
5 12
5 13
5 14
5 15
5 17
5 19
5 20
5 21
5 22
5 24
5 27
5 28
5 29
5 30
5 31
5 33
5 34
5 36
5 37
5 39
5 46
5 48
5 51
5 52
5 53
5 54
5 57
5 58
5 60
5 61
5 63
5 67
5 69
5 70
5 78
5 79
5 81
5 82
5 84
5 85
5 88
5 92
5 94
5 96
5 97
5 98
5 99
6 7
6 11
6 14
6 15
6 16
6 20
6 22
6 23
6 24
6 27
6 28
6 33
6 34
6 38
6 39
6 46
6 47
6 50
6 51
6 53
6 55
6 56
6 60
6 61
6 65
6 66
6 67
6 70
6 71
6 74
6 76
6 78
6 79
6 80
6 81
6 82
6 83
6 86
6 89
6 94
6 95
6 97
7 8
7 10
7 16
7 19
7 20
7 22
7 24
7 25
7 28
7 29
7 30
7 31
7 32
7 33
7 36
7 37
7 40
7 42
7 43
7 44
7 45
7 47
7 48
7 49
7 50
7 55
7 60
7 61
7 62
7 65
7 66
7 67
7 69
7 75
7 76
7 78
7 79
7 80
7 82
7 86
7 87
7 90
7 91
7 93
7 96
8 9
8 12
8 13
8 14
8 17
8 18
8 20
8 23
8 24
8 27
8 31
8 32
8 33
8 35
8 36
8 37
8 38
8 39
8 41
8 42
8 43
8 44
8 48
8 49
8 51
8 52
8 53
8 54
8 55
8 57
8 59
8 60
8 61
8 62
8 66
8 67
8 71
8 74
8 75
8 77
8 79
8 81
8 82
8 84
8 87
8 98
8 99
9 11
9 13
9 16
9 18
9 20
9 23
9 24
9 25
9 26
9 30
9 31
9 33
9 35
9 37
9 45
9 48
9 50
9 56
9 59
9 60
9 66
9 67
9 68
9 69
9 72
9 73
9 74
9 75
9 76
9 77
9 80
9 81
9 82
9 83
9 85
9 89
9 94
9 95
9 96
9 97
9 99
10 12
10 13
10 14
10 15
10 19
10 20
10 25
10 26
10 28
10 31
10 33
10 35
10 36
10 37
10 40
10 42
10 45
10 46
10 47
10 48
10 49
10 51
10 54
10 55
10 56
10 59
10 60
10 62
10 64
10 66
10 68
10 69
10 70
10 71
10 72
10 73
10 74
10 75
10 80
10 82
10 84
10 88
10 89
10 91
10 92
10 93
10 94
10 98
10 99
11 12
11 13
11 14
11 15
11 16
11 17
11 18
11 21
11 22
11 24
11 29
11 30
11 31
11 33
11 37
11 38
11 40
11 41
11 45
11 47
11 50
11 51
11 56
11 58
11 61
11 62
11 63
11 64
11 70
11 71
11 72
11 73
11 74
11 75
11 76
11 77
11 78
11 79
11 80
11 82
11 86
11 87
11 88
11 89
11 90
11 91
11 95
11 97
11 98
11 99
12 15
12 16
12 17
12 21
12 28
12 29
12 30
12 31
12 32
12 35
12 38
12 40
12 44
12 47
12 49
12 52
12 53
12 54
12 55
12 57
12 58
12 63
12 67
12 73
12 75
12 80
12 83
12 85
12 87
12 88
12 91
12 94
12 97
12 98
12 99
13 15
13 17
13 19
13 20
13 21
13 22
13 27
13 28
13 29
13 30
13 32
13 33
13 36
13 38
13 39
13 41
13 46
13 47
13 50
13 55
13 56
13 57
13 58
13 59
13 60
13 61
13 62
13 64
13 66
13 72
13 74
13 77
13 78
13 79
13 80
13 81
13 82
13 83
13 85
13 86
13 88
13 90
13 91
13 92
13 96
13 99
14 15
14 16
14 19
14 21
14 22
14 27
14 30
14 31
14 32
14 33
14 35
14 36
14 37
14 38
14 39
14 40
14 41
14 44
14 49
14 54
14 58
14 61
14 65
14 66
14 67
14 69
14 70
14 71
14 73
14 76
14 78
14 79
14 80
14 81
14 82
14 88
14 89
14 90
14 92
14 93
14 95
14 97
14 98
15 17
15 18
15 19
15 21
15 23
15 25
15 26
15 27
15 30
15 31
15 33
15 39
15 40
15 42
15 44
15 47
15 48
15 51
15 54
15 56
15 57
15 58
15 59
15 60
15 61
15 62
15 64
15 66
15 67
15 76
15 80
15 83
15 84
15 86
15 89
15 91
15 92
15 94
15 95
15 96
15 97
15 98
15 99
16 17
16 18
16 19
16 23
16 24
16 32
16 33
16 36
16 38
16 39
16 41
16 42
16 45
16 46
16 47
16 49
16 52
16 56
16 58
16 59
16 60
16 63
16 64
16 65
16 66
16 67
16 69
16 70
16 71
16 75
16 76
16 80
16 86
16 87
16 89
16 90
16 92
16 93
16 94
16 96
16 98
17 19
17 20
17 22
17 24
17 25
17 29
17 30
17 31
17 32
17 34
17 35
17 36
17 38
17 39
17 41
17 42
17 44
17 47
17 50
17 51
17 52
17 53
17 58
17 59
17 60
17 63
17 64
17 66
17 69
17 70
17 73
17 79
17 81
17 82
17 86
17 89
17 90
17 91
17 95
17 96
17 98
18 19
18 20
18 22
18 24
18 25
18 26
18 27
18 29
18 31
18 32
18 33
18 34
18 35
18 36
18 38
18 44
18 50
18 52
18 53
18 56
18 57
18 60
18 61
18 62
18 63
18 64
18 65
18 66
18 68
18 71
18 76
18 77
18 78
18 86
18 87
18 89
18 92
18 94
18 95
18 96
19 20
19 21
19 23
19 28
19 29
19 30
19 32
19 34
19 39
19 41
19 42
19 44
19 46
19 47
19 48
19 49
19 50
19 52
19 54
19 55
19 57
19 59
19 60
19 61
19 63
19 64
19 65
19 71
19 73
19 74
19 75
19 79
19 81
19 83
19 84
19 85
19 86
19 91
19 92
19 93
19 94
19 96
19 98
19 99
20 22
20 23
20 24
20 26
20 28
20 33
20 34
20 35
20 37
20 39
20 41
20 42
20 46
20 47
20 50
20 51
20 53
20 55
20 56
20 60
20 61
20 63
20 66
20 69
20 71
20 72
20 74
20 75
20 76
20 77
20 80
20 82
20 83
20 84
20 85
20 89
20 91
20 94
20 96
20 97
20 99
21 24
21 25
21 27
21 29
21 30
21 35
21 36
21 37
21 39
21 40
21 42
21 43
21 44
21 45
21 47
21 49
21 50
21 51
21 52
21 53
21 54
21 55
21 56
21 57
21 61
21 66
21 68
21 69
21 70
21 71
21 73
21 77
21 78
21 79
21 80
21 81
21 82
21 83
21 84
21 86
21 87
21 88
21 90
21 92
21 94
21 95
21 96
21 97
22 24
22 27
22 30
22 31
22 33
22 35
22 37
22 38
22 39
22 41
22 42
22 43
22 45
22 46
22 47
22 49
22 51
22 53
22 55
22 57
22 60
22 63
22 64
22 65
22 68
22 71
22 75
22 76
22 80
22 86
22 90
22 92
22 95
22 97
22 98
22 99
23 26
23 28
23 33
23 34
23 35
23 36
23 38
23 39
23 46
23 47
23 49
23 51
23 52
23 54
23 55
23 56
23 57
23 59
23 63
23 64
23 67
23 72
23 73
23 74
23 75
23 76
23 78
23 80
23 82
23 84
23 86
23 87
23 89
23 90
23 91
23 92
23 93
23 95
23 97
23 99
24 25
24 26
24 32
24 34
24 37
24 39
24 41
24 42
24 44
24 46
24 47
24 49
24 52
24 53
24 54
24 55
24 57
24 59
24 62
24 63
24 64
24 65
24 68
24 71
24 75
24 76
24 77
24 78
24 79
24 81
24 82
24 84
24 85
24 89
24 91
24 93
24 95
24 98
24 99
25 28
25 30
25 31
25 32
25 34
25 35
25 39
25 41
25 43
25 45
25 48
25 49
25 50
25 54
25 56
25 64
25 65
25 66
25 71
25 73
25 74
25 76
25 80
25 83
25 84
25 85
25 86
25 88
25 91
25 92
25 96
25 99
26 28
26 29
26 30
26 31
26 32
26 35
26 36
26 37
26 38
26 39
26 45
26 52
26 55
26 56
26 58
26 59
26 61
26 62
26 63
26 64
26 68
26 70
26 71
26 73
26 74
26 75
26 77
26 78
26 79
26 80
26 81
26 82
26 84
26 85
26 87
26 89
26 91
26 93
26 95
26 96
26 97
26 99
27 31
27 35
27 43
27 44
27 47
27 51
27 52
27 53
27 58
27 59
27 60
27 61
27 62
27 64
27 68
27 69
27 71
27 72
27 73
27 74
27 75
27 76
27 77
27 80
27 82
27 83
27 86
27 90
27 92
27 93
27 95
27 96
27 99
28 29
28 35
28 37
28 41
28 42
28 44
28 47
28 48
28 49
28 53
28 54
28 57
28 58
28 61
28 63
28 64
28 65
28 70
28 71
28 76
28 82
28 83
28 87
28 88
28 94
28 97
28 98
29 31
29 32
29 33
29 34
29 35
29 37
29 41
29 42
29 43
29 44
29 47
29 51
29 52
29 55
29 56
29 57
29 60
29 61
29 69
29 72
29 73
29 74
29 75
29 76
29 77
29 78
29 79
29 83
29 90
29 94
29 96
29 97
30 33
30 34
30 37
30 39
30 41
30 43
30 45
30 46
30 48
30 52
30 54
30 56
30 59
30 61
30 62
30 63
30 64
30 66
30 68
30 71
30 74
30 75
30 77
30 78
30 79
30 83
30 84
30 85
30 87
30 88
30 91
30 92
30 96
31 32
31 34
31 35
31 36
31 37
31 38
31 39
31 41
31 44
31 45
31 47
31 52
31 56
31 57
31 61
31 62
31 63
31 66
31 67
31 70
31 72
31 73
31 74
31 78
31 79
31 80
31 82
31 87
31 91
31 94
31 96
31 99
32 33
32 35
32 36
32 38
32 44
32 46
32 47
32 48
32 53
32 55
32 57
32 60
32 62
32 63
32 64
32 67
32 68
32 74
32 75
32 81
32 84
32 86
32 89
32 91
32 93
32 97
32 98
32 99
33 34
33 36
33 39
33 40
33 43
33 45
33 46
33 47
33 48
33 49
33 50
33 51
33 52
33 53
33 56
33 57
33 58
33 59
33 63
33 65
33 72
33 77
33 78
33 81
33 83
33 84
33 85
33 88
33 89
33 93
33 97
33 98
34 36
34 38
34 39
34 40
34 41
34 42
34 43
34 44
34 45
34 46
34 48
34 50
34 53
34 54
34 56
34 59
34 61
34 62
34 64
34 65
34 66
34 67
34 69
34 70
34 78
34 79
34 80
34 81
34 83
34 85
34 88
34 89
34 90
34 91
34 96
34 98
35 36
35 38
35 40
35 41
35 42
35 45
35 46
35 47
35 50
35 53
35 59
35 60
35 62
35 65
35 72
35 73
35 77
35 82
35 83
35 84
35 85
35 86
35 87
35 92
35 93
35 99
36 38
36 39
36 40
36 41
36 43
36 46
36 47
36 48
36 55
36 56
36 57
36 61
36 63
36 66
36 67
36 69
36 70
36 74
36 75
36 76
36 77
36 78
36 79
36 80
36 82
36 83
36 84
36 85
36 86
36 89
36 91
36 96
36 97
36 99
37 40
37 43
37 44
37 45
37 48
37 49
37 50
37 51
37 53
37 55
37 56
37 58
37 59
37 60
37 61
37 62
37 64
37 65
37 66
37 67
37 70
37 71
37 73
37 74
37 75
37 76
37 80
37 82
37 88
37 89
37 91
37 95
37 97
38 40
38 41
38 43
38 47
38 49
38 50
38 53
38 54
38 59
38 60
38 61
38 62
38 63
38 64
38 66
38 68
38 69
38 70
38 72
38 73
38 74
38 77
38 79
38 80
38 81
38 86
38 87
38 89
38 91
38 92
38 94
38 96
38 98
38 99
39 43
39 44
39 45
39 49
39 50
39 52
39 53
39 54
39 56
39 59
39 63
39 65
39 66
39 67
39 70
39 72
39 74
39 78
39 81
39 82
39 83
39 84
39 86
39 88
39 90
39 91
39 93
39 94
39 96
39 97
39 99
40 46
40 47
40 49
40 50
40 52
40 56
40 57
40 58
40 61
40 63
40 66
40 69
40 70
40 71
40 72
40 73
40 74
40 78
40 84
40 86
40 87
40 88
40 89
40 90
40 99
41 42
41 47
41 48
41 50
41 56
41 58
41 60
41 62
41 64
41 65
41 67
41 70
41 71
41 73
41 75
41 76
41 77
41 78
41 79
41 80
41 81
41 84
41 88
41 89
41 90
41 91
41 93
41 96
42 45
42 47
42 50
42 52
42 53
42 56
42 61
42 63
42 65
42 66
42 68
42 69
42 70
42 71
42 72
42 74
42 81
42 82
42 83
42 84
42 85
42 91
42 95
42 97
42 98
42 99
43 45
43 54
43 59
43 60
43 62
43 65
43 71
43 80
43 81
43 92
43 94
43 96
43 99
44 46
44 48
44 49
44 51
44 53
44 54
44 55
44 57
44 59
44 60
44 61
44 62
44 64
44 68
44 69
44 72
44 75
44 76
44 77
44 78
44 79
44 81
44 82
44 84
44 85
44 87
44 89
44 90
44 91
44 92
44 93
44 94
44 95
44 96
44 97
44 99
45 48
45 49
45 50
45 52
45 62
45 67
45 72
45 73
45 75
45 78
45 79
45 80
45 81
45 83
45 85
45 86
45 89
45 91
45 94
45 98
46 47
46 48
46 50
46 53
46 54
46 55
46 58
46 60
46 63
46 64
46 66
46 67
46 68
46 72
46 79
46 80
46 82
46 83
46 84
46 85
46 87
46 88
46 90
46 94
46 97
47 50
47 51
47 55
47 56
47 57
47 59
47 60
47 61
47 62
47 64
47 65
47 66
47 67
47 68
47 71
47 72
47 74
47 75
47 76
47 79
47 80
47 81
47 84
47 85
47 86
47 87
47 89
47 93
47 95
47 96
48 49
48 50
48 51
48 52
48 56
48 57
48 60
48 62
48 63
48 64
48 68
48 70
48 71
48 72
48 73
48 74
48 75
48 76
48 77
48 79
48 81
48 82
48 85
48 87
48 90
48 92
48 94
48 96
48 99
49 52
49 53
49 56
49 57
49 59
49 60
49 61
49 64
49 65
49 71
49 73
49 79
49 81
49 82
49 84
49 85
49 86
49 87
49 88
49 89
49 90
49 92
49 96
49 98
49 99
50 51
50 52
50 55
50 56
50 58
50 61
50 62
50 66
50 67
50 71
50 75
50 77
50 81
50 82
50 83
50 84
50 85
50 86
50 87
50 88
50 90
50 91
50 92
50 93
50 94
50 96
50 99
51 54
51 55
51 58
51 61
51 63
51 65
51 68
51 70
51 72
51 73
51 74
51 76
51 78
51 79
51 80
51 81
51 82
51 83
51 91
51 93
51 94
51 96
51 99
52 53
52 54
52 55
52 58
52 59
52 60
52 61
52 62
52 63
52 66
52 67
52 69
52 72
52 73
52 75
52 76
52 77
52 78
52 82
52 83
52 85
52 90
52 92
52 93
52 94
52 95
52 97
52 98
53 57
53 58
53 59
53 60
53 61
53 62
53 65
53 66
53 69
53 73
53 76
53 79
53 80
53 82
53 83
53 84
53 85
53 86
53 87
53 88
53 89
53 90
53 91
53 92
53 95
53 96
54 55
54 59
54 60
54 63
54 64
54 66
54 67
54 68
54 75
54 76
54 80
54 82
54 83
54 84
54 89
54 90
54 91
54 93
54 94
54 95
54 96
54 97
54 98
55 58
55 59
55 61
55 63
55 66
55 68
55 70
55 71
55 75
55 77
55 81
55 82
55 85
55 91
55 93
55 94
56 57
56 60
56 61
56 62
56 63
56 64
56 66
56 67
56 68
56 69
56 70
56 71
56 72
56 76
56 78
56 81
56 82
56 83
56 88
56 92
56 97
56 98
56 99
57 63
57 64
57 65
57 67
57 70
57 73
57 74
57 75
57 80
57 83
57 85
57 88
57 89
57 90
57 94
57 95
57 96
57 97
58 59
58 61
58 63
58 67
58 68
58 69
58 74
58 77
58 80
58 81
58 87
58 89
58 90
58 92
58 94
58 95
58 98
58 99
59 63
59 64
59 66
59 69
59 72
59 74
59 75
59 76
59 77
59 81
59 84
59 85
59 86
59 88
59 93
59 98
60 61
60 62
60 64
60 65
60 69
60 73
60 76
60 77
60 78
60 79
60 81
60 82
60 85
60 88
60 91
60 92
61 63
61 64
61 65
61 70
61 72
61 73
61 77
61 78
61 82
61 87
61 90
61 93
61 97
61 98
61 99
62 64
62 65
62 66
62 67
62 71
62 73
62 74
62 77
62 80
62 81
62 82
62 84
62 86
62 87
62 88
62 89
62 90
62 91
62 92
62 93
62 94
62 95
62 97
63 64
63 66
63 67
63 70
63 71
63 73
63 74
63 75
63 76
63 79
63 80
63 84
63 86
63 90
63 91
63 92
63 96
64 67
64 68
64 73
64 74
64 75
64 76
64 77
64 78
64 79
64 80
64 84
64 86
64 88
64 91
64 92
64 95
64 99
65 69
65 71
65 72
65 73
65 74
65 75
65 77
65 78
65 79
65 83
65 85
65 87
65 88
65 92
65 93
65 95
65 96
65 98
65 99
66 67
66 69
66 72
66 73
66 76
66 77
66 78
66 79
66 80
66 81
66 82
66 83
66 84
66 85
66 89
66 90
66 92
66 93
66 94
66 96
66 98
66 99
67 69
67 72
67 75
67 78
67 79
67 81
67 87
67 88
67 89
67 90
67 91
67 92
68 73
68 74
68 79
68 82
68 85
68 90
68 91
68 94
68 95
68 97
68 98
68 99
69 71
69 72
69 73
69 77
69 78
69 79
69 81
69 82
69 83
69 84
69 85
69 86
69 87
69 88
69 89
69 92
69 93
69 94
69 97
69 98
69 99
70 73
70 74
70 76
70 77
70 78
70 80
70 81
70 82
70 83
70 84
70 86
70 91
70 93
70 94
70 95
70 98
70 99
71 73
71 74
71 77
71 78
71 79
71 84
71 86
71 88
71 90
71 92
71 93
71 94
71 95
71 97
71 98
71 99
72 73
72 75
72 78
72 79
72 91
72 92
72 94
72 95
72 96
72 97
72 98
73 75
73 76
73 78
73 80
73 81
73 84
73 86
73 88
73 89
73 95
73 97
73 99
74 75
74 77
74 78
74 79
74 80
74 81
74 82
74 83
74 84
74 87
74 88
74 89
74 90
74 95
74 97
74 99
75 78
75 80
75 87
75 95
75 96
75 98
75 99
76 77
76 80
76 81
76 82
76 85
76 89
76 90
76 91
76 92
76 93
76 99
77 78
77 81
77 82
77 84
77 86
77 93
77 95
77 96
77 97
77 99
78 79
78 82
78 83
78 84
78 85
78 87
78 90
78 91
78 94
78 95
78 96
78 98
79 82
79 83
79 85
79 87
79 89
79 94
79 95
79 96
79 97
79 98
79 99
80 81
80 82
80 84
80 85
80 86
80 87
80 88
80 90
80 93
80 94
80 96
80 98
80 99
81 83
81 84
81 85
81 88
81 89
81 90
81 93
81 94
81 96
81 97
81 98
81 99
82 83
82 85
82 86
82 87
82 88
82 89
82 91
82 93
83 86
83 87
83 88
83 91
83 95
83 96
83 98
83 99
84 85
84 87
84 90
84 93
84 94
84 96
84 97
84 98
85 87
85 90
85 92
85 93
85 96
85 99
86 87
86 89
86 91
86 92
86 93
87 88
87 89
87 90
87 92
87 95
87 99
88 92
88 94
88 95
89 91
89 92
89 94
89 95
89 96
89 97
89 98
90 91
90 92
90 96
90 97
90 98
91 92
91 96
91 97
91 99
92 93
92 94
92 95
92 98
93 95
93 97
93 98
94 95
94 96
94 98
94 99
95 96
95 98
95 99
96 97
96 98
97 99
98 99
