0 2
0 3
0 4
0 14
0 15
0 16
0 17
0 21
0 22
0 23
0 26
0 27
0 31
0 33
0 36
0 38
0 40
0 43
0 46
0 50
0 55
0 58
0 59
0 60
0 61
0 62
0 63
0 65
0 66
0 68
0 71
0 72
0 76
0 78
0 80
0 83
0 86
0 90
0 91
0 92
0 93
0 94
0 95
0 96
0 97
0 98
0 99
1 4
1 5
1 6
1 8
1 9
1 11
1 12
1 13
1 14
1 16
1 17
1 18
1 23
1 24
1 26
1 27
1 28
1 29
1 30
1 37
1 39
1 40
1 42
1 43
1 44
1 46
1 48
1 49
1 50
1 52
1 54
1 55
1 56
1 57
1 59
1 61
1 64
1 65
1 67
1 69
1 70
1 71
1 72
1 73
1 74
1 75
1 77
1 80
1 82
1 84
1 87
1 89
1 92
1 93
1 95
2 4
2 6
2 8
2 11
2 13
2 19
2 22
2 23
2 25
2 26
2 27
2 28
2 29
2 33
2 36
2 37
2 38
2 39
2 40
2 41
2 42
2 44
2 46
2 47
2 48
2 49
2 50
2 53
2 55
2 56
2 57
2 62
2 64
2 65
2 67
2 68
2 71
2 73
2 74
2 75
2 77
2 78
2 80
2 82
2 83
2 84
2 85
2 86
2 87
2 88
2 90
2 91
2 92
2 93
2 94
2 95
2 99
3 4
3 7
3 12
3 13
3 14
3 17
3 23
3 25
3 26
3 28
3 30
3 32
3 33
3 34
3 36
3 37
3 39
3 41
3 42
3 43
3 44
3 45
3 46
3 47
3 48
3 50
3 52
3 53
3 54
3 55
3 58
3 59
3 61
3 64
3 65
3 66
3 67
3 68
3 69
3 74
3 76
3 77
3 81
3 82
3 85
3 89
3 92
3 96
3 99
4 8
4 13
4 15
4 18
4 20
4 23
4 26
4 28
4 29
4 30
4 32
4 34
4 35
4 39
4 41
4 43
4 44
4 45
4 49
4 51
4 52
4 55
4 58
4 60
4 61
4 62
4 63
4 64
4 67
4 68
4 69
4 72
4 73
4 75
4 76
4 78
4 82
4 86
4 87
4 89
4 90
4 91
4 92
4 93
4 95
4 96
4 97
5 6
5 7
5 8
5 10
5 11
5 12
5 13
5 14
5 18
5 20
5 21
5 23
5 26
5 27
5 32
5 33
5 35
5 38
5 39
5 40
5 44
5 45
5 46
5 47
5 51
5 52
5 53
5 56
5 57
5 59
5 63
5 68
5 72
5 74
5 75
5 76
5 77
5 78
5 79
5 80
5 81
5 82
5 83
5 85
5 86
5 87
5 88
5 89
5 90
5 93
5 94
5 95
5 96
5 98
5 99
6 8
6 9
6 10
6 12
6 13
6 14
6 17
6 22
6 26
6 27
6 29
6 33
6 36
6 38
6 39
6 41
6 43
6 47
6 50
6 53
6 54
6 55
6 57
6 58
6 61
6 62
6 65
6 67
6 70
6 72
6 74
6 76
6 77
6 79
6 82
6 83
6 84
6 85
6 86
6 87
6 88
6 89
6 93
6 94
6 95
6 96
7 8
7 13
7 16
7 17
7 18
7 19
7 20
7 21
7 22
7 24
7 28
7 29
7 30
7 31
7 32
7 33
7 35
7 36
7 40
7 43
7 46
7 47
7 51
7 53
7 56
7 58
7 60
7 63
7 64
7 65
7 66
7 69
7 71
7 72
7 76
7 80
7 81
7 84
7 88
7 89
7 90
7 91
7 93
7 96
7 99
8 11
8 12
8 16
8 18
8 20
8 26
8 28
8 29
8 31
8 32
8 34
8 35
8 38
8 41
8 52
8 53
8 56
8 58
8 59
8 60
8 61
8 62
8 63
8 64
8 68
8 70
8 73
8 74
8 75
8 77
8 78
8 80
8 81
8 82
8 83
8 86
8 87
8 92
8 93
8 94
8 98
8 99
9 10
9 11
9 14
9 15
9 16
9 18
9 19
9 20
9 22
9 23
9 24
9 27
9 31
9 32
9 33
9 36
9 39
9 40
9 41
9 43
9 46
9 48
9 49
9 52
9 53
9 54
9 56
9 57
9 58
9 59
9 63
9 64
9 67
9 69
9 71
9 73
9 74
9 76
9 77
9 78
9 79
9 80
9 81
9 82
9 83
9 86
9 88
9 89
9 90
9 91
9 94
9 95
9 97
9 98
10 11
10 17
10 18
10 19
10 20
10 22
10 23
10 24
10 25
10 28
10 33
10 35
10 36
10 37
10 38
10 41
10 42
10 43
10 47
10 55
10 56
10 60
10 62
10 63
10 66
10 68
10 70
10 71
10 73
10 74
10 83
10 87
10 89
10 90
10 92
10 94
10 95
10 96
10 98
10 99
11 13
11 14
11 18
11 21
11 27
11 28
11 29
11 33
11 35
11 37
11 43
11 44
11 45
11 46
11 47
11 48
11 49
11 51
11 53
11 54
11 55
11 56
11 58
11 59
11 61
11 62
11 63
11 64
11 66
11 67
11 69
11 71
11 72
11 73
11 74
11 75
11 76
11 77
11 78
11 79
11 80
11 81
11 82
11 83
11 85
11 86
11 87
11 88
11 89
11 90
11 93
11 95
11 97
12 14
12 15
12 16
12 18
12 23
12 24
12 29
12 34
12 36
12 37
12 38
12 40
12 41
12 42
12 46
12 55
12 56
12 59
12 60
12 65
12 66
12 67
12 68
12 70
12 72
12 74
12 75
12 76
12 77
12 79
12 88
12 90
12 92
12 93
12 95
12 96
12 99
13 16
13 18
13 19
13 20
13 23
13 24
13 25
13 27
13 28
13 31
13 33
13 36
13 41
13 42
13 43
13 45
13 46
13 49
13 50
13 51
13 54
13 56
13 58
13 59
13 61
13 62
13 67
13 69
13 70
13 74
13 75
13 77
13 78
13 81
13 84
13 85
13 86
13 88
13 89
13 90
13 91
13 92
13 93
13 96
13 99
14 16
14 17
14 18
14 20
14 21
14 23
14 24
14 25
14 26
14 28
14 29
14 31
14 32
14 33
14 34
14 35
14 38
14 39
14 40
14 42
14 45
14 49
14 52
14 55
14 56
14 59
14 61
14 62
14 63
14 64
14 66
14 67
14 68
14 70
14 75
14 78
14 79
14 82
14 86
14 90
14 91
14 92
14 93
14 95
14 96
14 97
15 18
15 19
15 21
15 24
15 26
15 27
15 28
15 29
15 30
15 32
15 33
15 37
15 38
15 40
15 41
15 42
15 48
15 53
15 55
15 56
15 58
15 60
15 61
15 64
15 66
15 67
15 68
15 69
15 70
15 73
15 74
15 75
15 76
15 77
15 79
15 80
15 84
15 86
15 88
15 89
15 90
15 91
15 92
15 93
15 94
15 95
15 97
15 98
16 17
16 18
16 19
16 23
16 26
16 27
16 28
16 29
16 32
16 35
16 36
16 37
16 39
16 42
16 44
16 45
16 46
16 48
16 51
16 52
16 57
16 59
16 60
16 62
16 65
16 66
16 69
16 71
16 74
16 75
16 77
16 78
16 79
16 80
16 83
16 84
16 86
16 88
16 89
16 90
16 92
16 93
16 95
16 96
16 99
17 18
17 19
17 21
17 22
17 23
17 24
17 26
17 27
17 29
17 32
17 33
17 35
17 39
17 46
17 47
17 48
17 54
17 55
17 56
17 57
17 60
17 62
17 63
17 67
17 68
17 70
17 72
17 74
17 75
17 76
17 79
17 82
17 83
17 85
17 87
17 88
17 89
17 91
17 93
17 94
17 95
18 22
18 23
18 24
18 26
18 28
18 29
18 32
18 34
18 37
18 42
18 45
18 47
18 48
18 49
18 54
18 56
18 59
18 60
18 61
18 62
18 65
18 66
18 71
18 73
18 75
18 76
18 77
18 79
18 81
18 84
18 85
18 86
18 87
18 89
18 90
18 91
18 93
18 97
18 98
19 20
19 23
19 24
19 27
19 30
19 32
19 34
19 36
19 40
19 41
19 43
19 47
19 48
19 49
19 54
19 55
19 57
19 59
19 65
19 68
19 71
19 73
19 74
19 76
19 81
19 82
19 83
19 84
19 85
19 88
19 90
19 92
19 95
19 97
19 98
20 21
20 28
20 29
20 30
20 31
20 33
20 35
20 36
20 37
20 40
20 42
20 44
20 46
20 49
20 51
20 53
20 54
20 55
20 56
20 59
20 60
20 61
20 63
20 64
20 65
20 66
20 67
20 68
20 69
20 71
20 73
20 74
20 76
20 79
20 80
20 82
20 84
20 85
20 86
20 87
20 89
20 90
20 92
20 94
20 97
20 98
21 22
21 23
21 24
21 26
21 27
21 29
21 34
21 36
21 37
21 38
21 39
21 40
21 42
21 43
21 45
21 46
21 47
21 48
21 55
21 56
21 58
21 60
21 61
21 62
21 63
21 64
21 66
21 68
21 69
21 71
21 72
21 73
21 74
21 77
21 78
21 81
21 83
21 90
21 91
21 96
21 97
22 23
22 24
22 25
22 26
22 28
22 31
22 33
22 37
22 39
22 40
22 44
22 45
22 47
22 50
22 52
22 54
22 59
22 62
22 64
22 68
22 72
22 74
22 78
22 83
22 84
22 85
22 87
22 88
22 91
22 94
22 98
23 26
23 29
23 30
23 32
23 35
23 37
23 38
23 41
23 42
23 43
23 48
23 51
23 55
23 57
23 58
23 59
23 61
23 62
23 63
23 65
23 66
23 68
23 69
23 71
23 74
23 75
23 76
23 77
23 78
23 79
23 81
23 82
23 85
23 87
23 91
23 92
23 93
23 95
23 97
24 25
24 26
24 27
24 29
24 37
24 38
24 41
24 42
24 44
24 46
24 47
24 50
24 51
24 53
24 57
24 59
24 62
24 63
24 65
24 67
24 68
24 70
24 71
24 72
24 75
24 77
24 79
24 80
24 82
24 85
24 86
24 87
24 88
24 89
24 90
24 91
24 93
24 94
24 95
24 97
24 98
25 27
25 28
25 29
25 30
25 31
25 33
25 34
25 39
25 43
25 44
25 46
25 47
25 48
25 50
25 51
25 53
25 54
25 55
25 56
25 58
25 59
25 62
25 64
25 67
25 70
25 71
25 72
25 74
25 83
25 84
25 87
25 88
25 90
25 93
25 95
25 97
25 98
26 27
26 28
26 29
26 30
26 31
26 32
26 35
26 36
26 37
26 38
26 40
26 41
26 42
26 48
26 49
26 53
26 55
26 56
26 58
26 59
26 60
26 62
26 71
26 74
26 79
26 83
26 85
26 88
26 89
26 93
26 94
26 99
27 31
27 32
27 34
27 37
27 42
27 43
27 44
27 45
27 46
27 47
27 48
27 54
27 55
27 58
27 62
27 64
27 67
27 68
27 71
27 73
27 74
27 79
27 81
27 83
27 84
27 86
27 87
27 88
27 91
27 92
27 94
27 95
27 97
27 98
28 29
28 33
28 35
28 42
28 43
28 44
28 50
28 51
28 52
28 53
28 55
28 56
28 57
28 58
28 60
28 62
28 65
28 67
28 70
28 72
28 73
28 78
28 79
28 80
28 81
28 84
28 86
28 87
28 88
28 89
28 90
28 93
28 94
28 95
28 96
28 97
28 98
29 31
29 33
29 34
29 37
29 43
29 44
29 45
29 46
29 49
29 52
29 56
29 58
29 61
29 64
29 66
29 67
29 69
29 71
29 72
29 73
29 75
29 78
29 83
29 87
29 90
29 91
29 92
29 93
29 94
29 99
30 31
30 36
30 38
30 43
30 45
30 48
30 49
30 51
30 54
30 56
30 58
30 61
30 63
30 70
30 71
30 72
30 74
30 76
30 79
30 80
30 81
30 82
30 83
30 84
30 85
30 86
30 87
30 88
30 92
30 94
30 97
30 99
31 32
31 35
31 38
31 40
31 41
31 42
31 43
31 44
31 45
31 46
31 47
31 49
31 52
31 54
31 55
31 57
31 58
31 59
31 60
31 63
31 68
31 69
31 70
31 71
31 73
31 76
31 77
31 78
31 84
31 85
31 88
31 90
31 92
31 96
31 97
32 33
32 35
32 37
32 39
32 40
32 41
32 47
32 49
32 50
32 51
32 52
32 53
32 54
32 61
32 62
32 64
32 65
32 66
32 67
32 68
32 73
32 74
32 75
32 76
32 78
32 80
32 85
32 87
32 89
32 92
32 99
33 35
33 37
33 41
33 44
33 46
33 48
33 50
33 52
33 53
33 54
33 61
33 62
33 64
33 66
33 70
33 71
33 72
33 73
33 74
33 75
33 76
33 81
33 82
33 83
33 86
33 87
33 88
33 89
33 90
33 97
33 98
34 35
34 40
34 42
34 46
34 47
34 49
34 51
34 52
34 53
34 54
34 57
34 60
34 61
34 63
34 70
34 71
34 72
34 80
34 84
34 85
34 88
34 90
34 92
34 93
34 96
34 97
34 98
35 36
35 38
35 39
35 41
35 48
35 50
35 52
35 60
35 61
35 62
35 63
35 65
35 67
35 68
35 71
35 72
35 73
35 74
35 75
35 79
35 80
35 82
35 86
35 90
35 91
35 92
35 93
35 94
35 95
35 97
35 98
36 37
36 38
36 42
36 43
36 45
36 48
36 49
36 50
36 51
36 52
36 53
36 54
36 55
36 56
36 59
36 60
36 61
36 63
36 64
36 66
36 68
36 70
36 72
36 76
36 77
36 78
36 79
36 80
36 83
36 87
36 88
36 89
36 92
36 93
36 94
36 95
37 41
37 43
37 45
37 46
37 47
37 48
37 49
37 51
37 54
37 59
37 62
37 63
37 64
37 67
37 70
37 71
37 74
37 75
37 76
37 79
37 80
37 81
37 85
37 86
37 88
37 90
37 94
37 95
37 96
38 39
38 40
38 41
38 42
38 43
38 45
38 49
38 52
38 53
38 56
38 57
38 59
38 63
38 65
38 68
38 70
38 73
38 75
38 77
38 78
38 79
38 80
38 81
38 82
38 83
38 88
38 89
38 92
38 94
38 98
38 99
39 40
39 42
39 43
39 50
39 54
39 56
39 57
39 59
39 60
39 61
39 62
39 63
39 66
39 68
39 69
39 70
39 72
39 73
39 75
39 78
39 80
39 81
39 84
39 88
39 90
39 91
39 95
39 97
39 98
40 42
40 47
40 48
40 51
40 53
40 54
40 55
40 56
40 61
40 63
40 65
40 66
40 69
40 70
40 71
40 77
40 78
40 79
40 80
40 81
40 82
40 83
40 84
40 85
40 88
40 92
40 95
40 96
40 97
40 98
40 99
41 42
41 44
41 46
41 47
41 49
41 50
41 51
41 52
41 54
41 55
41 56
41 59
41 60
41 62
41 64
41 67
41 68
41 69
41 71
41 72
41 76
41 78
41 80
41 84
41 85
41 86
41 89
41 90
41 93
41 94
41 96
41 97
41 99
42 44
42 48
42 49
42 50
42 52
42 53
42 56
42 57
42 59
42 60
42 63
42 67
42 68
42 69
42 70
42 71
42 73
42 74
42 79
42 80
42 82
42 83
42 84
42 87
42 88
42 91
42 97
43 44
43 50
43 52
43 53
43 55
43 60
43 63
43 64
43 66
43 69
43 70
43 71
43 73
43 74
43 79
43 82
43 83
43 84
43 86
43 89
43 92
43 98
44 46
44 48
44 49
44 55
44 56
44 60
44 62
44 65
44 67
44 74
44 76
44 81
44 82
44 85
44 86
44 88
44 90
44 91
44 92
44 93
44 96
44 97
44 98
45 49
45 50
45 56
45 58
45 61
45 62
45 63
45 65
45 67
45 69
45 72
45 73
45 75
45 78
45 80
45 82
45 83
45 84
45 86
45 87
45 88
45 89
45 90
45 93
45 94
45 96
45 98
46 47
46 48
46 49
46 51
46 54
46 55
46 58
46 60
46 64
46 66
46 70
46 71
46 72
46 76
46 80
46 82
46 85
46 94
46 95
46 97
46 99
47 49
47 53
47 55
47 58
47 60
47 61
47 63
47 67
47 68
47 69
47 71
47 72
47 74
47 75
47 76
47 78
47 79
47 80
47 82
47 83
47 86
47 89
47 90
47 91
47 95
47 96
47 97
47 98
48 50
48 51
48 54
48 56
48 58
48 60
48 62
48 63
48 66
48 68
48 69
48 70
48 71
48 72
48 78
48 79
48 80
48 82
48 86
48 88
48 91
48 93
48 94
48 95
48 96
48 98
48 99
49 51
49 54
49 56
49 59
49 60
49 62
49 67
49 68
49 69
49 73
49 74
49 76
49 78
49 79
49 82
49 84
49 88
49 91
49 96
49 97
49 99
50 51
50 52
50 55
50 56
50 57
50 58
50 60
50 63
50 64
50 65
50 67
50 69
50 72
50 73
50 78
50 80
50 81
50 83
50 84
50 85
50 87
50 88
50 89
50 91
50 93
50 95
50 97
50 98
51 54
51 56
51 59
51 60
51 63
51 67
51 70
51 72
51 73
51 74
51 75
51 79
51 82
51 83
51 84
51 85
51 86
51 87
51 90
51 91
51 93
51 99
52 53
52 57
52 58
52 60
52 61
52 63
52 64
52 65
52 66
52 67
52 68
52 70
52 72
52 73
52 76
52 78
52 79
52 80
52 82
52 84
52 86
52 93
52 94
52 96
52 99
53 55
53 58
53 60
53 61
53 62
53 64
53 68
53 70
53 72
53 73
53 74
53 76
53 81
53 84
53 85
53 88
53 92
53 93
53 96
53 97
53 98
54 56
54 62
54 65
54 66
54 67
54 69
54 71
54 73
54 74
54 76
54 78
54 79
54 80
54 81
54 82
54 85
54 86
54 90
54 92
54 93
54 95
54 96
54 97
55 60
55 61
55 62
55 65
55 66
55 67
55 68
55 69
55 71
55 73
55 74
55 76
55 80
55 81
55 82
55 85
55 90
55 92
55 94
55 96
55 99
56 59
56 60
56 61
56 66
56 67
56 68
56 69
56 71
56 72
56 73
56 74
56 77
56 79
56 81
56 82
56 86
56 91
56 94
56 96
56 99
57 58
57 59
57 60
57 61
57 62
57 63
57 66
57 67
57 69
57 71
57 72
57 75
57 76
57 78
57 82
57 83
57 84
57 86
57 87
57 88
57 90
57 92
57 94
57 95
57 96
57 98
58 59
58 62
58 63
58 66
58 68
58 69
58 72
58 73
58 74
58 75
58 76
58 78
58 79
58 84
58 86
58 88
58 89
58 91
58 92
58 93
58 95
58 96
58 97
58 99
59 61
59 62
59 64
59 65
59 67
59 68
59 71
59 73
59 74
59 78
59 81
59 82
59 86
59 87
59 89
59 90
59 92
59 93
59 95
59 97
60 62
60 63
60 64
60 67
60 68
60 72
60 74
60 76
60 78
60 79
60 81
60 83
60 84
60 88
60 89
60 91
60 92
60 94
60 97
60 98
60 99
61 63
61 64
61 69
61 75
61 79
61 80
61 81
61 84
61 85
61 87
61 88
61 91
61 93
61 97
61 98
62 64
62 65
62 66
62 68
62 70
62 71
62 72
62 73
62 74
62 75
62 76
62 77
62 78
62 82
62 83
62 85
62 88
62 89
62 91
62 92
62 93
62 94
62 97
62 99
63 64
63 65
63 68
63 69
63 70
63 72
63 76
63 78
63 79
63 82
63 83
63 84
63 86
63 88
63 90
63 91
63 92
63 98
63 99
64 67
64 70
64 72
64 73
64 74
64 76
64 78
64 79
64 81
64 88
64 89
64 90
64 95
64 99
65 67
65 70
65 71
65 72
65 73
65 76
65 77
65 78
65 79
65 81
65 82
65 85
65 86
65 87
65 88
65 89
65 90
65 91
65 93
65 96
65 98
66 67
66 68
66 70
66 72
66 76
66 78
66 80
66 82
66 83
66 85
66 87
66 89
66 91
66 95
66 97
66 98
66 99
67 70
67 73
67 74
67 75
67 76
67 79
67 80
67 81
67 82
67 83
67 84
67 86
67 96
67 97
68 69
68 70
68 71
68 72
68 73
68 74
68 77
68 80
68 81
68 82
68 85
68 86
68 92
68 95
68 97
68 98
68 99
69 70
69 71
69 75
69 77
69 78
69 85
69 86
69 88
69 89
69 90
69 91
69 92
69 93
69 94
69 96
69 97
69 99
70 72
70 76
70 77
70 78
70 79
70 80
70 82
70 83
70 85
70 86
70 88
70 91
70 92
70 94
70 95
70 97
70 99
71 72
71 73
71 75
71 77
71 79
71 81
71 82
71 84
71 86
71 90
71 92
71 93
71 96
71 98
71 99
72 73
72 77
72 79
72 80
72 82
72 84
72 87
72 88
72 92
72 93
72 97
73 74
73 76
73 78
73 79
73 81
73 83
73 87
73 88
73 92
73 93
73 94
73 97
74 76
74 77
74 80
74 81
74 82
74 83
74 84
74 85
74 86
74 92
74 94
74 95
74 96
74 97
74 98
74 99
75 77
75 82
75 83
75 84
75 85
75 86
75 90
75 91
75 95
75 96
75 97
76 77
76 78
76 79
76 80
76 81
76 82
76 83
76 84
76 85
76 86
76 87
76 88
76 89
76 90
76 93
76 94
76 95
76 96
76 97
77 78
77 85
77 86
77 89
77 94
77 97
77 99
78 81
78 82
78 86
78 87
78 88
78 90
78 91
78 93
78 94
78 95
78 96
78 98
79 80
79 82
79 83
79 85
79 88
79 89
79 94
79 96
79 97
79 99
80 81
80 83
80 85
80 87
80 92
80 93
80 94
80 96
80 97
80 99
81 83
81 84
81 85
81 87
81 89
81 91
81 92
81 94
81 95
81 97
82 83
82 84
82 85
82 86
82 87
82 88
82 91
82 93
82 94
82 95
83 84
83 89
83 93
83 94
83 96
83 97
83 98
84 88
84 89
84 90
84 92
84 97
84 99
85 87
85 89
85 90
85 94
85 96
85 97
85 98
85 99
86 87
86 93
86 94
86 98
86 99
87 88
87 91
87 94
87 95
87 96
87 97
88 94
88 95
88 96
88 98
89 90
89 93
89 94
89 97
89 98
89 99
90 91
90 92
90 93
90 95
90 96
91 93
91 95
92 94
92 97
93 95
93 96
93 99
94 97
94 99
95 97
97 98
