0 3
0 4
0 5
0 6
0 7
0 8
0 11
0 13
0 15
0 17
0 18
0 20
0 22
0 23
0 24
0 25
0 31
0 33
0 34
0 36
0 37
0 38
0 39
0 40
0 41
0 42
0 43
0 44
0 45
0 47
0 48
0 49
0 51
0 52
0 54
0 57
0 58
0 60
0 61
0 63
0 64
0 68
0 69
0 72
0 73
0 78
0 80
0 83
0 85
0 88
0 91
0 92
0 95
0 96
0 97
1 4
1 5
1 9
1 10
1 14
1 16
1 20
1 21
1 25
1 31
1 32
1 34
1 35
1 36
1 37
1 38
1 39
1 40
1 42
1 43
1 46
1 47
1 49
1 55
1 57
1 58
1 60
1 61
1 62
1 63
1 66
1 67
1 69
1 70
1 71
1 72
1 73
1 75
1 76
1 77
1 78
1 83
1 86
1 90
1 91
1 93
1 94
1 95
1 96
1 97
1 98
1 99
2 4
2 6
2 7
2 8
2 9
2 11
2 12
2 13
2 14
2 15
2 16
2 17
2 18
2 20
2 21
2 22
2 24
2 26
2 28
2 29
2 31
2 33
2 35
2 36
2 37
2 38
2 40
2 44
2 46
2 47
2 50
2 52
2 53
2 56
2 59
2 61
2 62
2 63
2 64
2 65
2 70
2 72
2 74
2 78
2 79
2 82
2 83
2 88
2 89
2 90
2 93
2 94
2 97
2 99
3 4
3 5
3 10
3 12
3 17
3 19
3 20
3 24
3 25
3 26
3 27
3 32
3 33
3 34
3 35
3 36
3 38
3 40
3 41
3 42
3 43
3 44
3 45
3 46
3 51
3 52
3 53
3 57
3 58
3 60
3 65
3 66
3 67
3 68
3 69
3 70
3 71
3 72
3 73
3 74
3 76
3 78
3 81
3 85
3 86
3 88
3 90
3 92
3 93
3 95
3 96
3 97
3 98
4 5
4 9
4 10
4 12
4 13
4 14
4 15
4 16
4 18
4 19
4 20
4 25
4 26
4 27
4 29
4 30
4 31
4 34
4 36
4 38
4 41
4 42
4 44
4 45
4 47
4 48
4 50
4 51
4 53
4 54
4 55
4 59
4 63
4 64
4 67
4 70
4 72
4 74
4 75
4 76
4 78
4 80
4 81
4 83
4 84
4 85
4 87
4 92
4 94
4 96
4 98
4 99
5 6
5 7
5 8
5 12
5 16
5 17
5 18
5 25
5 28
5 29
5 30
5 31
5 33
5 36
5 43
5 45
5 46
5 47
5 48
5 52
5 55
5 58
5 61
5 62
5 63
5 64
5 65
5 67
5 68
5 70
5 71
5 77
5 80
5 86
5 87
5 88
5 89
5 90
5 93
5 94
5 95
5 96
6 8
6 9
6 10
6 12
6 13
6 14
6 16
6 23
6 25
6 26
6 28
6 30
6 31
6 32
6 33
6 35
6 36
6 37
6 43
6 44
6 48
6 51
6 53
6 54
6 55
6 56
6 60
6 62
6 63
6 64
6 65
6 66
6 67
6 70
6 71
6 73
6 74
6 76
6 77
6 78
6 79
6 85
6 87
6 89
6 91
6 92
7 10
7 12
7 18
7 19
7 21
7 23
7 24
7 25
7 27
7 29
7 31
7 32
7 33
7 34
7 35
7 39
7 40
7 44
7 46
7 48
7 50
7 53
7 54
7 56
7 57
7 58
7 59
7 60
7 61
7 63
7 65
7 67
7 69
7 70
7 71
7 73
7 74
7 75
7 78
7 79
7 80
7 82
7 85
7 87
7 90
7 91
7 93
7 96
7 99
8 10
8 11
8 13
8 14
8 15
8 16
8 22
8 24
8 31
8 34
8 39
8 45
8 47
8 53
8 57
8 63
8 66
8 69
8 70
8 71
8 74
8 75
8 77
8 78
8 83
8 84
8 86
8 89
8 90
8 92
8 93
8 94
8 97
8 98
9 10
9 12
9 13
9 15
9 16
9 23
9 24
9 26
9 27
9 28
9 30
9 31
9 32
9 34
9 35
9 38
9 39
9 40
9 43
9 44
9 45
9 49
9 50
9 54
9 56
9 59
9 61
9 63
9 64
9 66
9 74
9 75
9 78
9 79
9 80
9 85
9 87
9 89
9 92
9 98
10 11
10 12
10 13
10 19
10 20
10 22
10 23
10 24
10 25
10 26
10 28
10 29
10 30
10 32
10 33
10 37
10 41
10 42
10 45
10 46
10 47
10 48
10 50
10 53
10 56
10 57
10 58
10 63
10 65
10 67
10 68
10 74
10 75
10 76
10 79
10 80
10 84
10 85
10 90
10 92
10 93
10 94
10 96
10 97
10 99
11 13
11 15
11 18
11 19
11 21
11 24
11 25
11 27
11 29
11 31
11 32
11 36
11 41
11 42
11 47
11 51
11 53
11 58
11 59
11 60
11 61
11 64
11 66
11 67
11 68
11 71
11 74
11 76
11 77
11 83
11 84
11 85
11 87
11 88
11 89
11 92
11 95
11 96
11 97
11 98
11 99
12 17
12 19
12 21
12 23
12 25
12 28
12 29
12 31
12 33
12 36
12 37
12 39
12 40
12 42
12 45
12 47
12 48
12 49
12 50
12 51
12 52
12 54
12 55
12 56
12 65
12 67
12 68
12 69
12 70
12 71
12 72
12 73
12 74
12 77
12 78
12 79
12 80
12 81
12 82
12 83
12 86
12 87
12 88
12 91
12 93
12 95
12 96
12 98
12 99
13 19
13 20
13 26
13 27
13 31
13 34
13 36
13 38
13 41
13 43
13 45
13 46
13 49
13 50
13 51
13 53
13 57
13 58
13 59
13 61
13 62
13 63
13 64
13 68
13 69
13 71
13 72
13 74
13 75
13 77
13 79
13 81
13 83
13 88
13 90
13 91
13 95
13 96
13 98
13 99
14 16
14 22
14 23
14 25
14 26
14 27
14 29
14 30
14 33
14 38
14 39
14 41
14 42
14 43
14 47
14 48
14 49
14 53
14 56
14 59
14 62
14 64
14 67
14 68
14 72
14 73
14 75
14 78
14 82
14 83
14 85
14 87
14 90
14 91
14 92
14 93
14 97
14 99
15 17
15 18
15 19
15 20
15 22
15 23
15 26
15 27
15 32
15 34
15 35
15 37
15 41
15 42
15 44
15 45
15 50
15 51
15 52
15 56
15 58
15 64
15 67
15 74
15 76
15 77
15 78
15 79
15 80
15 81
15 82
15 83
15 85
15 87
15 89
15 90
15 93
15 94
15 96
15 97
15 98
15 99
16 17
16 18
16 20
16 22
16 24
16 25
16 33
16 35
16 37
16 38
16 39
16 40
16 43
16 45
16 46
16 50
16 51
16 52
16 56
16 57
16 59
16 60
16 61
16 62
16 63
16 64
16 68
16 70
16 71
16 72
16 73
16 77
16 81
16 82
16 87
16 90
16 92
16 95
16 98
16 99
17 21
17 22
17 26
17 27
17 29
17 30
17 33
17 34
17 36
17 37
17 38
17 39
17 40
17 41
17 43
17 45
17 48
17 49
17 53
17 54
17 55
17 57
17 58
17 59
17 60
17 61
17 62
17 63
17 64
17 68
17 69
17 71
17 73
17 76
17 77
17 78
17 79
17 82
17 83
17 85
17 90
17 91
17 92
17 94
17 96
17 97
17 98
18 20
18 21
18 22
18 23
18 24
18 25
18 26
18 29
18 32
18 35
18 39
18 43
18 44
18 45
18 46
18 51
18 52
18 53
18 55
18 57
18 61
18 64
18 65
18 66
18 67
18 68
18 69
18 74
18 76
18 78
18 80
18 81
18 82
18 84
18 85
18 89
18 91
18 92
18 95
18 98
18 99
19 21
19 22
19 24
19 29
19 30
19 31
19 32
19 34
19 35
19 36
19 37
19 39
19 45
19 47
19 50
19 52
19 53
19 54
19 56
19 57
19 58
19 59
19 60
19 61
19 63
19 66
19 68
19 69
19 70
19 71
19 72
19 73
19 74
19 75
19 76
19 79
19 80
19 83
19 84
19 85
19 87
19 88
19 89
19 90
19 92
19 93
19 94
19 95
19 96
19 98
19 99
20 22
20 23
20 25
20 26
20 27
20 28
20 31
20 32
20 34
20 35
20 37
20 39
20 40
20 47
20 53
20 54
20 55
20 56
20 57
20 58
20 59
20 61
20 63
20 64
20 65
20 66
20 69
20 70
20 71
20 73
20 74
20 77
20 78
20 86
20 87
20 89
20 90
20 91
20 99
21 26
21 27
21 29
21 30
21 31
21 32
21 34
21 35
21 41
21 44
21 45
21 46
21 47
21 51
21 52
21 53
21 54
21 55
21 57
21 59
21 60
21 62
21 64
21 65
21 66
21 71
21 75
21 77
21 78
21 81
21 82
21 83
21 84
21 87
21 88
21 90
21 92
21 93
21 95
21 96
21 97
21 99
22 25
22 26
22 28
22 30
22 31
22 33
22 34
22 35
22 36
22 37
22 39
22 40
22 42
22 44
22 45
22 46
22 49
22 50
22 51
22 52
22 53
22 54
22 57
22 61
22 64
22 65
22 68
22 70
22 72
22 73
22 75
22 79
22 80
22 81
22 82
22 83
22 86
22 87
22 88
22 91
22 93
22 95
22 96
22 98
22 99
23 26
23 28
23 29
23 31
23 32
23 36
23 37
23 42
23 44
23 46
23 47
23 48
23 49
23 51
23 53
23 55
23 57
23 59
23 62
23 64
23 66
23 67
23 69
23 70
23 71
23 73
23 76
23 79
23 87
23 89
23 91
23 93
23 95
24 25
24 26
24 27
24 28
24 29
24 31
24 35
24 36
24 37
24 38
24 39
24 40
24 42
24 43
24 44
24 48
24 53
24 55
24 60
24 62
24 66
24 69
24 72
24 73
24 74
24 80
24 83
24 85
24 88
24 91
24 92
24 94
24 95
24 96
24 97
24 98
24 99
25 26
25 29
25 31
25 33
25 40
25 41
25 43
25 44
25 45
25 47
25 48
25 49
25 50
25 52
25 53
25 57
25 58
25 60
25 63
25 65
25 68
25 69
25 70
25 72
25 74
25 75
25 76
25 77
25 79
25 82
25 83
25 84
25 86
26 28
26 29
26 37
26 40
26 41
26 43
26 44
26 45
26 46
26 47
26 48
26 50
26 55
26 57
26 59
26 60
26 61
26 62
26 65
26 69
26 70
26 72
26 73
26 74
26 77
26 79
26 80
26 82
26 83
26 94
26 97
26 99
27 29
27 30
27 34
27 35
27 38
27 39
27 41
27 44
27 50
27 54
27 57
27 58
27 59
27 62
27 67
27 72
27 73
27 74
27 75
27 76
27 77
27 78
27 79
27 80
27 81
27 82
27 84
27 86
27 88
27 90
27 94
27 95
27 96
27 97
27 98
27 99
28 30
28 31
28 33
28 35
28 37
28 38
28 39
28 40
28 42
28 43
28 46
28 47
28 48
28 49
28 50
28 51
28 52
28 53
28 54
28 55
28 56
28 60
28 61
28 62
28 63
28 65
28 67
28 68
28 69
28 71
28 73
28 74
28 76
28 77
28 79
28 81
28 83
28 84
28 86
28 87
28 88
28 90
28 94
28 95
28 96
28 97
29 30
29 32
29 34
29 36
29 37
29 39
29 41
29 43
29 44
29 49
29 52
29 53
29 54
29 56
29 58
29 60
29 61
29 62
29 63
29 65
29 68
29 70
29 72
29 75
29 76
29 78
29 81
29 82
29 83
29 86
29 87
29 88
29 89
29 92
29 93
29 94
29 95
29 98
29 99
30 31
30 32
30 35
30 37
30 38
30 40
30 41
30 42
30 51
30 52
30 53
30 55
30 56
30 58
30 61
30 62
30 63
30 64
30 66
30 68
30 69
30 70
30 71
30 79
30 80
30 84
30 85
30 86
30 87
30 88
30 91
30 92
30 96
30 98
30 99
31 34
31 35
31 36
31 44
31 51
31 52
31 53
31 60
31 62
31 63
31 67
31 68
31 71
31 72
31 73
31 74
31 76
31 78
31 79
31 83
31 84
31 87
31 90
31 91
31 95
31 96
31 97
31 98
32 33
32 35
32 43
32 46
32 47
32 48
32 52
32 53
32 54
32 56
32 57
32 58
32 60
32 62
32 66
32 67
32 68
32 69
32 70
32 71
32 73
32 75
32 77
32 78
32 79
32 81
32 82
32 83
32 84
32 85
32 88
32 89
32 92
32 93
32 94
32 95
32 97
32 98
32 99
33 34
33 37
33 38
33 41
33 42
33 46
33 49
33 50
33 51
33 53
33 55
33 59
33 65
33 66
33 67
33 69
33 71
33 72
33 73
33 76
33 80
33 84
33 86
33 87
33 88
33 91
33 92
33 93
33 95
34 35
34 37
34 39
34 40
34 41
34 44
34 45
34 46
34 49
34 50
34 51
34 52
34 53
34 54
34 55
34 57
34 58
34 59
34 60
34 61
34 62
34 63
34 67
34 68
34 70
34 75
34 76
34 80
34 81
34 85
34 91
34 93
34 94
34 98
35 36
35 37
35 39
35 40
35 41
35 43
35 44
35 45
35 47
35 48
35 49
35 50
35 53
35 55
35 56
35 57
35 59
35 61
35 63
35 66
35 68
35 69
35 70
35 72
35 75
35 76
35 77
35 78
35 82
35 83
35 88
35 89
35 95
35 96
35 99
36 37
36 39
36 42
36 44
36 47
36 48
36 52
36 54
36 57
36 58
36 64
36 65
36 67
36 68
36 69
36 72
36 74
36 75
36 77
36 79
36 80
36 81
36 83
36 89
36 90
36 91
36 92
36 93
36 96
36 97
36 98
37 38
37 39
37 40
37 43
37 45
37 48
37 49
37 51
37 54
37 55
37 58
37 60
37 61
37 64
37 65
37 66
37 67
37 68
37 69
37 70
37 72
37 75
37 76
37 80
37 81
37 84
37 85
37 86
37 87
37 89
37 90
37 94
37 97
37 99
38 41
38 43
38 44
38 46
38 47
38 48
38 50
38 52
38 53
38 54
38 55
38 57
38 60
38 61
38 62
38 63
38 64
38 65
38 66
38 69
38 70
38 72
38 74
38 75
38 76
38 81
38 82
38 84
38 89
38 90
38 93
38 94
38 97
38 99
39 40
39 43
39 46
39 47
39 51
39 53
39 54
39 55
39 57
39 58
39 59
39 63
39 66
39 68
39 69
39 70
39 71
39 73
39 75
39 76
39 78
39 81
39 82
39 84
39 86
39 87
39 88
39 91
39 92
39 94
39 98
39 99
40 41
40 42
40 45
40 48
40 49
40 50
40 51
40 52
40 53
40 55
40 59
40 63
40 64
40 65
40 66
40 67
40 69
40 71
40 72
40 73
40 77
40 80
40 81
40 82
40 83
40 84
40 85
40 86
40 87
40 89
40 91
40 92
40 93
40 94
40 97
40 98
41 42
41 43
41 45
41 48
41 50
41 51
41 54
41 62
41 63
41 67
41 68
41 69
41 72
41 73
41 74
41 76
41 81
41 83
41 84
41 85
41 86
41 89
41 93
41 96
41 97
41 98
42 43
42 44
42 45
42 46
42 48
42 49
42 50
42 51
42 52
42 53
42 55
42 58
42 60
42 63
42 66
42 67
42 69
42 70
42 71
42 72
42 79
42 80
42 81
42 82
42 83
42 85
42 89
42 90
42 91
42 92
42 94
42 95
42 96
42 97
42 98
43 44
43 49
43 53
43 54
43 58
43 60
43 61
43 62
43 68
43 73
43 74
43 75
43 78
43 79
43 82
43 83
43 84
43 86
43 91
43 94
43 96
43 97
44 47
44 48
44 53
44 54
44 55
44 56
44 57
44 58
44 59
44 61
44 62
44 63
44 67
44 68
44 71
44 74
44 75
44 81
44 82
44 83
44 84
44 85
44 86
44 87
44 88
44 89
44 91
44 95
44 99
45 49
45 50
45 51
45 52
45 54
45 56
45 57
45 60
45 61
45 63
45 65
45 67
45 69
45 71
45 74
45 75
45 76
45 78
45 79
45 80
45 81
45 82
45 83
45 84
45 85
45 86
45 89
45 90
45 92
45 93
45 94
45 98
45 99
46 47
46 48
46 49
46 51
46 52
46 53
46 54
46 56
46 57
46 58
46 63
46 66
46 67
46 69
46 70
46 73
46 77
46 78
46 81
46 82
46 83
46 86
46 88
46 92
46 94
46 95
46 99
47 49
47 50
47 51
47 52
47 53
47 55
47 58
47 59
47 62
47 63
47 65
47 68
47 69
47 70
47 72
47 75
47 76
47 77
47 80
47 81
47 84
47 86
47 87
47 88
47 89
47 91
47 93
47 94
47 95
47 96
47 97
47 99
48 49
48 52
48 53
48 54
48 55
48 57
48 58
48 62
48 64
48 67
48 68
48 69
48 71
48 80
48 81
48 84
48 88
48 91
48 94
48 95
48 98
49 50
49 51
49 54
49 55
49 56
49 57
49 58
49 59
49 64
49 65
49 69
49 72
49 73
49 75
49 76
49 77
49 78
49 79
49 80
49 82
49 86
49 89
49 91
49 92
49 93
49 94
49 95
49 96
49 99
50 52
50 55
50 56
50 63
50 67
50 68
50 69
50 70
50 72
50 74
50 75
50 78
50 79
50 83
50 84
50 87
50 88
50 94
50 95
50 96
50 97
51 55
51 57
51 60
51 61
51 62
51 63
51 65
51 68
51 69
51 73
51 75
51 77
51 79
51 82
51 83
51 84
51 86
51 87
51 90
51 92
51 95
51 97
51 99
52 55
52 56
52 57
52 58
52 60
52 61
52 64
52 66
52 67
52 68
52 70
52 72
52 73
52 75
52 79
52 81
52 82
52 86
52 87
52 88
52 89
52 90
52 92
52 93
52 97
53 55
53 56
53 58
53 59
53 61
53 62
53 69
53 72
53 73
53 76
53 77
53 80
53 84
53 85
53 90
53 91
53 92
53 95
53 96
53 97
54 55
54 56
54 58
54 60
54 61
54 63
54 64
54 70
54 73
54 74
54 78
54 79
54 80
54 81
54 85
54 86
54 89
54 90
54 92
54 93
54 94
54 95
54 96
54 97
54 98
55 58
55 59
55 63
55 65
55 67
55 69
55 73
55 80
55 82
55 84
55 86
55 89
55 92
55 93
55 94
55 96
55 97
56 57
56 61
56 62
56 64
56 67
56 68
56 71
56 75
56 76
56 77
56 79
56 81
56 82
56 83
56 89
56 90
56 91
56 96
56 97
56 98
56 99
57 62
57 64
57 70
57 72
57 73
57 76
57 78
57 80
57 81
57 83
57 85
57 86
57 88
57 89
57 91
57 93
57 95
57 96
57 97
57 99
58 65
58 69
58 71
58 74
58 78
58 81
58 82
58 83
58 84
58 85
58 86
58 90
58 93
58 95
58 96
58 97
58 98
58 99
59 60
59 62
59 65
59 68
59 69
59 72
59 74
59 77
59 79
59 80
59 81
59 84
59 88
59 89
59 93
60 61
60 63
60 65
60 66
60 67
60 72
60 73
60 76
60 77
60 79
60 81
60 82
60 83
60 89
60 90
60 91
60 93
60 95
60 96
60 97
61 68
61 69
61 70
61 71
61 73
61 74
61 80
61 82
61 84
61 85
61 86
61 87
61 90
61 91
61 93
61 94
61 95
61 98
62 63
62 64
62 67
62 73
62 74
62 76
62 78
62 79
62 83
62 84
62 85
62 87
62 89
62 93
62 95
62 97
62 99
63 67
63 68
63 70
63 71
63 72
63 76
63 77
63 78
63 81
63 85
63 86
63 89
63 90
63 92
63 93
63 94
63 95
63 98
63 99
64 66
64 67
64 68
64 71
64 72
64 73
64 74
64 77
64 78
64 79
64 81
64 87
64 88
64 90
64 91
64 95
64 98
64 99
65 68
65 69
65 78
65 79
65 80
65 82
65 84
65 86
65 87
65 88
65 89
65 93
65 97
65 99
66 69
66 71
66 73
66 75
66 78
66 79
66 80
66 85
66 90
66 91
66 94
66 97
66 98
66 99
67 69
67 70
67 71
67 72
67 74
67 75
67 79
67 80
67 81
67 83
67 85
67 86
67 87
67 89
67 91
67 92
67 97
67 98
68 69
68 70
68 73
68 74
68 77
68 78
68 79
68 81
68 83
68 84
68 86
68 89
68 91
68 93
68 95
68 96
68 97
68 98
68 99
69 70
69 82
69 83
69 84
69 85
69 89
69 90
69 91
69 92
69 93
69 94
69 97
69 99
70 72
70 73
70 74
70 75
70 80
70 82
70 84
70 85
70 88
70 90
70 92
70 93
70 95
70 96
70 97
70 98
70 99
71 75
71 76
71 77
71 79
71 81
71 83
71 84
71 85
71 86
71 92
71 94
71 95
71 96
71 98
72 75
72 76
72 77
72 81
72 82
72 84
72 86
72 87
72 88
72 89
72 91
72 94
72 95
73 75
73 77
73 79
73 80
73 81
73 82
73 83
73 84
73 85
73 88
73 89
73 94
73 95
73 96
74 77
74 80
74 81
74 82
74 84
74 85
74 87
74 89
74 90
74 93
74 94
74 95
75 76
75 81
75 83
75 85
75 86
75 87
75 88
75 90
75 91
75 95
75 96
75 98
76 78
76 80
76 81
76 82
76 83
76 84
76 86
76 88
76 89
76 90
76 92
76 93
76 94
76 96
76 99
77 80
77 81
77 82
77 83
77 85
77 89
77 91
77 92
77 93
77 94
77 95
77 98
77 99
78 79
78 81
78 82
78 83
78 94
79 80
79 81
79 82
79 83
79 86
79 88
79 91
79 95
79 96
79 97
80 81
80 82
80 90
80 92
80 93
80 94
80 95
80 96
80 99
81 82
81 88
81 90
81 91
81 92
81 93
81 95
81 99
82 83
82 85
82 86
82 87
82 88
82 89
82 90
82 92
82 95
82 96
82 97
82 98
83 86
83 88
83 92
83 95
83 96
83 97
83 98
84 85
84 87
84 93
84 96
84 97
84 98
85 89
85 91
85 93
85 97
85 98
85 99
86 93
86 94
86 95
86 96
86 97
86 98
86 99
87 90
87 91
87 93
87 95
87 97
87 98
87 99
88 94
88 97
88 98
89 93
89 94
89 98
89 99
90 91
90 96
90 98
91 92
91 96
91 98
92 93
92 97
92 99
93 94
93 95
93 96
93 97
93 98
93 99
94 98
95 97
95 98
95 99
96 98
96 99
97 98
97 99
98 99
