0 4
0 5
0 6
0 7
0 8
0 9
0 13
0 14
0 18
0 22
0 24
0 25
0 26
0 28
0 29
0 30
0 34
0 35
0 37
0 42
0 45
0 47
0 49
0 50
0 53
0 55
0 56
0 58
0 59
0 63
0 66
0 69
0 72
0 73
0 74
0 75
0 78
0 79
0 80
0 81
0 83
0 85
0 88
0 89
0 90
0 91
0 93
0 94
1 3
1 4
1 7
1 8
1 9
1 11
1 14
1 16
1 17
1 18
1 20
1 28
1 29
1 30
1 31
1 33
1 37
1 38
1 42
1 45
1 46
1 54
1 55
1 57
1 58
1 59
1 62
1 65
1 67
1 68
1 69
1 72
1 73
1 75
1 77
1 79
1 80
1 81
1 82
1 83
1 85
1 90
1 94
1 97
1 99
2 4
2 5
2 7
2 8
2 13
2 15
2 17
2 19
2 20
2 21
2 26
2 29
2 32
2 33
2 36
2 37
2 38
2 39
2 40
2 42
2 44
2 45
2 47
2 51
2 53
2 54
2 56
2 58
2 59
2 60
2 62
2 63
2 65
2 69
2 71
2 72
2 74
2 75
2 78
2 81
2 84
2 85
2 86
2 88
2 89
2 90
2 93
2 96
2 98
3 4
3 5
3 7
3 8
3 9
3 10
3 11
3 13
3 15
3 16
3 17
3 19
3 22
3 24
3 25
3 26
3 27
3 29
3 31
3 33
3 36
3 37
3 40
3 43
3 45
3 48
3 49
3 50
3 52
3 54
3 56
3 59
3 60
3 61
3 62
3 63
3 64
3 67
3 68
3 69
3 70
3 71
3 74
3 75
3 76
3 77
3 78
3 80
3 81
3 82
3 86
3 88
3 92
3 93
3 94
3 95
3 96
4 5
4 7
4 8
4 9
4 11
4 12
4 14
4 15
4 16
4 17
4 18
4 20
4 21
4 25
4 27
4 28
4 29
4 32
4 35
4 36
4 39
4 40
4 41
4 43
4 45
4 49
4 51
4 52
4 57
4 58
4 60
4 63
4 65
4 67
4 68
4 72
4 73
4 74
4 76
4 79
4 80
4 82
4 86
4 89
4 90
4 92
4 94
4 96
4 98
4 99
5 6
5 8
5 10
5 12
5 13
5 16
5 17
5 18
5 21
5 23
5 24
5 25
5 26
5 30
5 33
5 34
5 38
5 40
5 41
5 46
5 48
5 49
5 52
5 55
5 56
5 57
5 60
5 61
5 62
5 63
5 66
5 67
5 70
5 72
5 73
5 75
5 76
5 78
5 81
5 83
5 86
5 87
5 89
5 90
5 91
5 95
5 96
5 97
5 99
6 10
6 11
6 12
6 13
6 15
6 18
6 21
6 22
6 27
6 28
6 29
6 30
6 33
6 35
6 36
6 39
6 40
6 41
6 42
6 46
6 47
6 49
6 52
6 57
6 59
6 65
6 66
6 67
6 69
6 70
6 73
6 74
6 76
6 78
6 81
6 83
6 85
6 89
6 92
6 93
6 95
6 98
7 9
7 10
7 13
7 15
7 16
7 17
7 18
7 21
7 24
7 31
7 33
7 34
7 35
7 36
7 39
7 40
7 41
7 43
7 45
7 47
7 48
7 50
7 52
7 53
7 58
7 62
7 66
7 68
7 69
7 70
7 71
7 74
7 75
7 83
7 84
7 85
7 86
7 88
7 89
7 90
7 92
7 93
8 10
8 11
8 12
8 15
8 18
8 19
8 23
8 25
8 27
8 28
8 30
8 32
8 33
8 35
8 36
8 41
8 45
8 46
8 47
8 48
8 52
8 53
8 57
8 59
8 60
8 61
8 62
8 64
8 65
8 68
8 69
8 73
8 75
8 79
8 82
8 84
8 86
8 87
8 88
8 90
8 91
8 92
8 93
8 96
9 12
9 13
9 14
9 15
9 16
9 17
9 19
9 20
9 21
9 23
9 24
9 25
9 26
9 29
9 30
9 32
9 33
9 34
9 37
9 38
9 39
9 41
9 42
9 45
9 48
9 50
9 52
9 53
9 54
9 55
9 56
9 58
9 60
9 61
9 62
9 63
9 66
9 68
9 69
9 71
9 72
9 73
9 74
9 75
9 77
9 80
9 81
9 82
9 84
9 89
9 91
9 94
9 97
10 11
10 12
10 15
10 17
10 20
10 23
10 24
10 26
10 27
10 28
10 31
10 32
10 36
10 38
10 39
10 40
10 43
10 46
10 49
10 51
10 53
10 54
10 55
10 58
10 60
10 62
10 63
10 69
10 72
10 73
10 74
10 75
10 76
10 77
10 79
10 80
10 86
10 88
10 89
10 90
10 92
10 93
10 95
10 98
11 15
11 16
11 17
11 19
11 24
11 32
11 33
11 38
11 41
11 44
11 46
11 50
11 52
11 53
11 54
11 55
11 56
11 58
11 59
11 63
11 68
11 69
11 71
11 72
11 73
11 75
11 78
11 80
11 81
11 84
11 85
11 86
11 87
11 88
11 90
11 92
11 93
11 94
11 95
12 13
12 15
12 17
12 18
12 19
12 21
12 24
12 25
12 26
12 27
12 36
12 40
12 42
12 43
12 45
12 46
12 48
12 50
12 51
12 52
12 53
12 54
12 56
12 59
12 64
12 65
12 68
12 70
12 71
12 73
12 75
12 76
12 77
12 78
12 79
12 81
12 82
12 84
12 85
12 86
12 88
12 90
12 92
12 94
12 95
12 96
12 98
12 99
13 15
13 17
13 20
13 24
13 25
13 26
13 28
13 31
13 34
13 36
13 37
13 38
13 39
13 40
13 43
13 44
13 49
13 50
13 54
13 56
13 59
13 60
13 62
13 63
13 66
13 67
13 68
13 69
13 75
13 78
13 79
13 80
13 81
13 82
13 87
13 89
13 91
13 92
13 94
13 97
14 15
14 22
14 24
14 25
14 27
14 28
14 30
14 32
14 34
14 35
14 37
14 40
14 41
14 42
14 46
14 48
14 49
14 51
14 54
14 55
14 56
14 59
14 61
14 63
14 64
14 66
14 68
14 69
14 70
14 71
14 77
14 78
14 80
14 83
14 84
14 86
14 89
14 90
14 94
14 96
14 97
15 17
15 18
15 20
15 22
15 25
15 26
15 27
15 30
15 31
15 33
15 35
15 37
15 40
15 42
15 43
15 44
15 45
15 46
15 48
15 50
15 51
15 52
15 55
15 56
15 57
15 59
15 60
15 63
15 64
15 65
15 66
15 68
15 70
15 72
15 74
15 75
15 77
15 78
15 82
15 83
15 85
15 88
15 90
15 94
15 96
15 97
15 99
16 17
16 19
16 21
16 24
16 25
16 26
16 30
16 31
16 32
16 34
16 36
16 39
16 44
16 45
16 47
16 49
16 51
16 53
16 55
16 57
16 60
16 63
16 67
16 68
16 72
16 73
16 75
16 76
16 78
16 79
16 80
16 82
16 84
16 86
16 90
16 97
16 99
17 23
17 27
17 28
17 31
17 32
17 33
17 35
17 38
17 40
17 43
17 47
17 48
17 49
17 51
17 52
17 53
17 55
17 56
17 58
17 59
17 60
17 61
17 64
17 65
17 68
17 69
17 70
17 73
17 74
17 80
17 81
17 83
17 84
17 85
17 90
17 92
17 94
17 95
17 97
18 19
18 24
18 25
18 26
18 27
18 29
18 31
18 33
18 34
18 40
18 41
18 42
18 43
18 44
18 50
18 52
18 53
18 55
18 57
18 59
18 60
18 62
18 64
18 66
18 67
18 68
18 69
18 70
18 71
18 72
18 74
18 76
18 77
18 79
18 80
18 82
18 83
18 84
18 86
18 87
18 88
18 89
18 91
18 92
18 97
18 98
18 99
19 22
19 23
19 25
19 26
19 28
19 32
19 33
19 35
19 36
19 37
19 38
19 39
19 41
19 42
19 43
19 45
19 47
19 48
19 51
19 53
19 57
19 58
19 59
19 64
19 68
19 69
19 72
19 73
19 74
19 76
19 77
19 78
19 83
19 85
19 88
19 89
19 90
19 91
19 93
19 97
19 99
20 21
20 31
20 32
20 33
20 35
20 37
20 38
20 41
20 42
20 43
20 45
20 46
20 47
20 48
20 50
20 51
20 52
20 54
20 56
20 57
20 59
20 60
20 62
20 63
20 66
20 67
20 68
20 70
20 71
20 73
20 74
20 76
20 77
20 78
20 82
20 86
20 87
20 90
20 92
20 93
20 96
20 97
20 99
21 23
21 29
21 30
21 32
21 33
21 34
21 36
21 37
21 38
21 39
21 40
21 41
21 43
21 44
21 48
21 49
21 50
21 51
21 54
21 62
21 63
21 64
21 65
21 66
21 68
21 69
21 71
21 74
21 75
21 77
21 78
21 79
21 81
21 84
21 86
21 87
21 88
21 90
21 92
21 93
21 94
21 97
21 98
21 99
22 23
22 27
22 28
22 30
22 31
22 34
22 37
22 39
22 41
22 43
22 45
22 48
22 55
22 56
22 59
22 60
22 64
22 65
22 66
22 70
22 71
22 78
22 81
22 82
22 83
22 84
22 85
22 87
22 88
22 89
22 93
22 94
22 96
23 27
23 28
23 29
23 30
23 32
23 35
23 36
23 37
23 38
23 39
23 41
23 43
23 45
23 47
23 48
23 49
23 50
23 51
23 55
23 56
23 59
23 60
23 61
23 62
23 63
23 65
23 68
23 71
23 73
23 74
23 75
23 76
23 77
23 79
23 80
23 85
23 86
23 87
23 91
23 92
23 93
23 94
23 96
23 97
23 99
24 25
24 26
24 32
24 37
24 38
24 40
24 41
24 44
24 47
24 49
24 50
24 52
24 56
24 58
24 59
24 60
24 61
24 62
24 65
24 66
24 67
24 73
24 74
24 75
24 76
24 80
24 83
24 84
24 85
24 88
24 89
24 90
24 92
24 93
24 95
24 98
24 99
25 27
25 28
25 29
25 32
25 33
25 35
25 37
25 41
25 45
25 46
25 47
25 48
25 52
25 53
25 54
25 55
25 57
25 59
25 61
25 62
25 64
25 65
25 66
25 67
25 68
25 70
25 73
25 74
25 75
25 76
25 77
25 78
25 80
25 83
25 84
25 85
25 86
25 87
25 88
25 89
25 90
25 91
25 93
25 94
25 97
25 98
26 29
26 31
26 36
26 42
26 43
26 44
26 46
26 47
26 49
26 51
26 52
26 54
26 55
26 56
26 57
26 61
26 64
26 67
26 68
26 71
26 72
26 73
26 77
26 80
26 81
26 83
26 86
26 87
26 89
26 91
26 94
27 28
27 31
27 32
27 34
27 35
27 37
27 38
27 39
27 43
27 44
27 45
27 46
27 48
27 49
27 50
27 51
27 54
27 59
27 60
27 61
27 62
27 63
27 66
27 67
27 68
27 69
27 70
27 72
27 73
27 74
27 75
27 76
27 77
27 78
27 80
27 83
27 84
27 85
27 86
27 87
27 88
27 90
27 94
27 97
28 32
28 33
28 35
28 37
28 38
28 39
28 40
28 41
28 44
28 46
28 53
28 54
28 55
28 56
28 60
28 61
28 62
28 63
28 68
28 70
28 72
28 73
28 75
28 77
28 79
28 80
28 83
28 85
28 87
28 88
28 93
28 94
28 95
28 96
28 97
28 99
29 30
29 33
29 34
29 35
29 37
29 38
29 41
29 42
29 43
29 45
29 52
29 53
29 54
29 60
29 61
29 63
29 70
29 72
29 74
29 77
29 79
29 80
29 84
29 85
29 86
29 87
29 92
29 97
29 98
29 99
30 33
30 34
30 35
30 39
30 41
30 43
30 45
30 46
30 47
30 48
30 49
30 51
30 52
30 53
30 56
30 58
30 59
30 60
30 62
30 65
30 69
30 70
30 72
30 76
30 79
30 80
30 81
30 82
30 83
30 87
30 89
30 90
30 92
30 94
30 96
30 98
31 35
31 36
31 37
31 39
31 41
31 42
31 43
31 49
31 50
31 52
31 53
31 54
31 57
31 58
31 61
31 67
31 73
31 80
31 82
31 83
31 85
31 86
31 87
31 88
31 91
31 93
31 94
31 95
31 96
31 99
32 34
32 36
32 37
32 40
32 41
32 46
32 47
32 49
32 50
32 52
32 54
32 55
32 56
32 59
32 61
32 62
32 64
32 65
32 66
32 68
32 70
32 71
32 74
32 77
32 78
32 80
32 83
32 85
32 86
32 87
32 92
32 96
32 97
32 98
33 36
33 38
33 39
33 41
33 42
33 45
33 50
33 51
33 53
33 54
33 55
33 56
33 57
33 58
33 59
33 61
33 64
33 65
33 66
33 68
33 70
33 72
33 75
33 78
33 79
33 81
33 82
33 84
33 86
33 87
33 88
33 89
33 90
33 91
33 93
33 94
33 95
33 96
33 97
33 99
34 36
34 38
34 46
34 48
34 51
34 53
34 55
34 56
34 60
34 62
34 63
34 69
34 78
34 79
34 82
34 85
34 86
34 87
34 88
34 90
34 93
34 94
34 95
34 97
34 98
34 99
35 37
35 39
35 40
35 42
35 43
35 45
35 53
35 55
35 57
35 58
35 60
35 61
35 62
35 63
35 68
35 69
35 70
35 71
35 73
35 78
35 84
35 87
35 90
35 95
35 97
36 37
36 38
36 39
36 40
36 41
36 43
36 44
36 45
36 48
36 52
36 53
36 54
36 57
36 59
36 60
36 61
36 70
36 72
36 73
36 77
36 79
36 82
36 84
36 85
36 88
36 89
36 90
36 91
36 92
36 94
37 39
37 41
37 42
37 46
37 50
37 52
37 57
37 58
37 61
37 63
37 64
37 65
37 66
37 71
37 72
37 74
37 75
37 76
37 78
37 80
37 81
37 82
37 84
37 85
37 88
37 90
37 92
37 94
37 95
37 96
37 97
38 40
38 41
38 42
38 45
38 47
38 51
38 53
38 54
38 55
38 56
38 57
38 58
38 59
38 61
38 62
38 63
38 64
38 73
38 74
38 75
38 76
38 78
38 81
38 84
38 85
38 86
38 89
38 90
38 95
38 99
39 42
39 45
39 47
39 48
39 49
39 54
39 56
39 57
39 58
39 61
39 64
39 65
39 71
39 72
39 73
39 76
39 80
39 82
39 83
39 84
39 87
39 92
39 94
39 98
40 41
40 42
40 43
40 44
40 47
40 49
40 52
40 53
40 55
40 57
40 58
40 62
40 64
40 65
40 66
40 67
40 69
40 74
40 75
40 78
40 79
40 80
40 83
40 87
40 91
40 94
40 98
41 44
41 45
41 46
41 48
41 56
41 57
41 58
41 59
41 60
41 61
41 63
41 64
41 65
41 68
41 72
41 73
41 76
41 77
41 78
41 80
41 82
41 85
41 86
41 90
41 94
41 95
41 99
42 43
42 45
42 48
42 49
42 51
42 54
42 55
42 60
42 61
42 65
42 66
42 67
42 68
42 72
42 73
42 76
42 79
42 81
42 82
42 83
42 84
42 86
42 87
42 89
42 90
42 91
42 92
42 94
42 95
42 96
42 97
42 98
42 99
43 44
43 49
43 50
43 54
43 59
43 60
43 63
43 65
43 66
43 74
43 76
43 77
43 78
43 79
43 80
43 82
43 83
43 87
43 88
43 89
43 92
43 95
44 46
44 48
44 49
44 56
44 57
44 58
44 59
44 63
44 64
44 65
44 66
44 67
44 68
44 69
44 71
44 72
44 75
44 78
44 79
44 80
44 82
44 89
44 91
44 92
44 94
44 96
45 49
45 50
45 51
45 52
45 53
45 54
45 56
45 57
45 58
45 60
45 61
45 62
45 63
45 67
45 71
45 74
45 77
45 81
45 82
45 83
45 85
45 89
45 91
45 94
45 96
45 97
46 49
46 52
46 54
46 57
46 58
46 59
46 61
46 62
46 63
46 64
46 66
46 70
46 71
46 73
46 76
46 83
46 84
46 86
46 87
46 89
46 92
46 93
46 98
46 99
47 51
47 55
47 58
47 59
47 61
47 62
47 63
47 67
47 72
47 78
47 81
47 82
47 83
47 84
47 85
47 86
47 87
47 89
47 91
47 99
48 49
48 50
48 51
48 54
48 55
48 56
48 59
48 62
48 63
48 64
48 67
48 68
48 70
48 72
48 73
48 74
48 77
48 78
48 79
48 83
48 87
48 88
48 89
48 92
48 93
48 95
48 96
48 98
49 53
49 54
49 55
49 56
49 60
49 61
49 63
49 64
49 67
49 70
49 71
49 75
49 77
49 79
49 80
49 83
49 87
49 89
49 98
50 51
50 52
50 53
50 55
50 57
50 60
50 61
50 62
50 63
50 66
50 67
50 71
50 78
50 80
50 82
50 83
50 84
50 86
50 89
50 90
50 91
50 92
50 94
50 97
50 98
50 99
51 52
51 54
51 55
51 56
51 58
51 59
51 61
51 70
51 75
51 79
51 80
51 81
51 83
51 86
51 88
51 90
51 92
51 95
51 96
51 98
51 99
52 53
52 55
52 57
52 58
52 59
52 65
52 66
52 69
52 71
52 73
52 75
52 76
52 77
52 78
52 80
52 83
52 84
52 85
52 86
52 87
52 88
52 89
52 90
52 93
52 94
52 95
52 96
52 97
52 99
53 54
53 56
53 58
53 59
53 62
53 63
53 65
53 67
53 68
53 69
53 70
53 72
53 73
53 74
53 75
53 76
53 77
53 78
53 79
53 81
53 82
53 85
53 86
53 87
53 89
53 91
53 92
53 93
53 94
53 95
53 98
53 99
54 62
54 63
54 64
54 65
54 69
54 70
54 71
54 72
54 75
54 78
54 79
54 80
54 82
54 83
54 84
54 85
54 87
54 89
54 92
54 94
55 56
55 58
55 59
55 61
55 66
55 67
55 68
55 70
55 71
55 74
55 75
55 78
55 80
55 81
55 82
55 84
55 85
55 86
55 87
55 88
55 89
55 91
55 94
55 97
55 99
56 57
56 58
56 59
56 62
56 64
56 65
56 69
56 73
56 74
56 75
56 76
56 81
56 84
56 86
56 87
56 89
56 92
56 93
56 96
56 98
57 59
57 60
57 62
57 64
57 66
57 70
57 74
57 75
57 77
57 78
57 79
57 82
57 84
57 85
57 89
57 91
57 94
57 96
57 99
58 63
58 66
58 68
58 69
58 70
58 73
58 75
58 76
58 77
58 78
58 82
58 85
58 87
58 89
58 95
58 98
58 99
59 60
59 61
59 62
59 63
59 64
59 65
59 66
59 67
59 69
59 71
59 72
59 74
59 75
59 80
59 81
59 82
59 83
59 87
59 88
59 90
59 91
59 97
59 99
60 61
60 62
60 63
60 67
60 68
60 69
60 72
60 74
60 76
60 77
60 79
60 80
60 81
60 83
60 84
60 85
60 86
60 87
60 92
60 95
60 98
60 99
61 65
61 69
61 73
61 76
61 77
61 79
61 84
61 85
61 86
61 88
61 89
61 90
61 91
61 93
61 94
61 95
62 63
62 64
62 65
62 67
62 72
62 75
62 76
62 78
62 79
62 80
62 81
62 82
62 85
62 87
62 88
62 90
62 91
62 94
62 96
62 99
63 64
63 65
63 67
63 68
63 70
63 74
63 76
63 77
63 78
63 79
63 81
63 82
63 84
63 85
63 86
63 87
63 88
63 89
63 91
63 95
63 96
63 97
64 65
64 66
64 69
64 71
64 72
64 76
64 83
64 86
64 89
64 92
64 93
64 94
64 95
65 66
65 68
65 69
65 70
65 73
65 76
65 78
65 80
65 82
65 85
65 86
65 87
65 88
65 89
65 91
65 92
65 93
65 97
65 98
66 67
66 68
66 72
66 73
66 74
66 75
66 78
66 81
66 83
66 84
66 89
66 97
66 99
67 68
67 73
67 74
67 76
67 80
67 81
67 82
67 83
67 84
67 86
67 92
67 93
67 94
67 95
67 99
68 69
68 70
68 72
68 73
68 74
68 75
68 76
68 78
68 82
68 86
68 89
68 90
68 92
68 95
68 96
68 97
69 73
69 74
69 79
69 82
69 83
69 85
69 87
69 88
69 89
69 92
69 93
69 95
69 97
69 98
69 99
70 72
70 73
70 75
70 77
70 78
70 82
70 83
70 88
70 92
70 93
70 94
70 97
71 74
71 77
71 79
71 80
71 82
71 83
71 85
71 88
71 92
71 94
71 97
71 99
72 73
72 74
72 78
72 81
72 84
72 87
72 89
72 91
72 93
72 94
73 76
73 77
73 78
73 79
73 80
73 82
73 83
73 84
73 85
73 91
73 92
73 93
73 95
73 96
73 97
73 99
74 75
74 77
74 79
74 81
74 83
74 84
74 85
74 91
74 93
74 96
74 98
75 78
75 80
75 81
75 83
75 87
75 89
75 90
75 91
75 93
75 94
75 96
76 79
76 82
76 86
76 87
76 92
76 96
76 98
76 99
77 80
77 81
77 82
77 83
77 84
77 87
77 89
77 90
77 91
77 92
77 93
77 96
77 97
77 99
78 80
78 83
78 84
78 88
78 90
78 91
78 93
78 94
78 95
79 86
79 87
79 91
79 92
79 94
79 95
79 97
80 81
80 85
80 87
80 88
80 94
80 95
80 98
81 83
81 84
81 85
81 86
81 90
81 93
81 95
81 96
81 97
81 98
82 83
82 87
82 89
82 92
82 95
82 97
82 98
83 89
83 92
83 94
83 96
83 97
83 98
83 99
84 88
84 89
84 91
84 97
84 99
85 87
85 88
85 89
85 90
85 91
85 96
85 97
85 99
86 89
86 92
86 93
86 94
86 98
86 99
87 88
87 89
87 91
87 93
87 94
87 96
87 97
88 89
88 96
88 97
88 98
88 99
89 90
89 92
89 94
89 96
90 98
91 92
91 93
91 94
91 96
91 97
92 93
92 94
92 97
92 99
93 95
93 96
93 98
94 95
94 96
95 96
95 97
95 98
95 99
96 97
96 98
96 99
