0 3
0 4
0 5
0 6
0 8
0 10
0 13
0 15
0 17
0 18
0 20
0 21
0 22
0 25
0 29
0 30
0 34
0 35
0 36
0 38
0 40
0 42
0 47
0 48
0 49
0 51
0 54
0 56
0 57
0 59
0 60
0 61
0 62
0 63
0 64
0 67
0 69
0 70
0 73
0 75
0 77
0 83
0 84
0 86
0 87
0 88
0 89
0 93
0 94
0 96
0 99
1 3
1 5
1 6
1 8
1 9
1 10
1 11
1 12
1 15
1 16
1 17
1 19
1 20
1 26
1 29
1 30
1 33
1 40
1 41
1 42
1 43
1 45
1 48
1 50
1 51
1 52
1 55
1 56
1 57
1 59
1 60
1 61
1 62
1 63
1 64
1 66
1 70
1 73
1 74
1 80
1 82
1 84
1 85
1 86
1 89
1 90
1 92
1 93
1 94
1 95
1 97
2 3
2 5
2 6
2 8
2 9
2 10
2 11
2 13
2 14
2 19
2 22
2 25
2 27
2 28
2 29
2 33
2 34
2 35
2 36
2 39
2 40
2 42
2 45
2 46
2 48
2 51
2 53
2 56
2 57
2 59
2 61
2 62
2 63
2 65
2 68
2 69
2 70
2 71
2 73
2 75
2 76
2 77
2 79
2 80
2 81
2 82
2 84
2 85
2 90
2 93
2 94
2 95
2 96
2 97
2 98
3 6
3 7
3 8
3 10
3 11
3 12
3 13
3 16
3 17
3 22
3 26
3 27
3 28
3 29
3 31
3 32
3 33
3 40
3 41
3 42
3 44
3 45
3 48
3 50
3 51
3 54
3 56
3 57
3 60
3 62
3 65
3 66
3 69
3 70
3 73
3 77
3 83
3 85
3 88
3 91
3 93
3 95
3 96
3 97
3 99
4 7
4 8
4 10
4 12
4 13
4 14
4 15
4 18
4 19
4 20
4 22
4 23
4 29
4 33
4 38
4 41
4 46
4 49
4 50
4 52
4 54
4 55
4 56
4 60
4 62
4 63
4 64
4 69
4 70
4 72
4 73
4 74
4 76
4 78
4 79
4 80
4 85
4 87
4 88
4 89
4 90
4 94
4 96
4 97
5 7
5 10
5 12
5 13
5 14
5 15
5 16
5 19
5 23
5 26
5 27
5 29
5 30
5 31
5 36
5 37
5 38
5 39
5 40
5 42
5 45
5 46
5 48
5 50
5 51
5 52
5 53
5 54
5 55
5 56
5 57
5 60
5 61
5 63
5 66
5 70
5 78
5 81
5 85
5 87
5 90
5 91
5 93
5 96
5 97
5 99
6 9
6 11
6 14
6 15
6 18
6 19
6 22
6 27
6 31
6 32
6 33
6 38
6 39
6 40
6 41
6 47
6 49
6 52
6 53
6 55
6 57
6 59
6 62
6 63
6 65
6 66
6 67
6 69
6 70
6 72
6 73
6 74
6 76
6 77
6 79
6 82
6 85
6 86
6 87
6 88
6 91
6 94
6 95
6 96
6 97
6 99
7 11
7 13
7 15
7 18
7 19
7 21
7 26
7 27
7 28
7 30
7 33
7 34
7 36
7 38
7 40
7 41
7 42
7 44
7 46
7 47
7 49
7 53
7 54
7 55
7 57
7 59
7 61
7 62
7 63
7 64
7 65
7 68
7 70
7 74
7 76
7 79
7 81
7 84
7 85
7 87
7 89
7 94
7 99
8 11
8 12
8 13
8 14
8 15
8 16
8 17
8 18
8 19
8 23
8 25
8 26
8 27
8 29
8 30
8 33
8 35
8 37
8 38
8 39
8 40
8 42
8 47
8 48
8 49
8 50
8 51
8 52
8 59
8 61
8 64
8 65
8 66
8 67
8 71
8 72
8 73
8 74
8 75
8 76
8 79
8 80
8 83
8 84
8 85
8 87
8 92
8 93
8 94
8 95
9 11
9 12
9 16
9 18
9 20
9 21
9 23
9 25
9 26
9 27
9 30
9 34
9 44
9 46
9 47
9 49
9 50
9 51
9 52
9 55
9 57
9 59
9 60
9 61
9 63
9 65
9 67
9 69
9 70
9 71
9 72
9 75
9 76
9 77
9 80
9 81
9 82
9 83
9 84
9 85
9 86
9 88
9 89
9 90
9 93
9 95
9 96
9 97
9 98
9 99
10 12
10 13
10 14
10 16
10 17
10 19
10 22
10 24
10 25
10 28
10 29
10 31
10 33
10 35
10 36
10 37
10 39
10 40
10 41
10 45
10 46
10 47
10 50
10 55
10 56
10 58
10 61
10 63
10 66
10 67
10 68
10 69
10 72
10 73
10 75
10 76
10 78
10 81
10 82
10 85
10 87
10 88
10 89
10 92
10 93
10 96
10 97
11 13
11 15
11 16
11 17
11 18
11 19
11 22
11 25
11 26
11 29
11 30
11 31
11 32
11 36
11 37
11 40
11 43
11 44
11 45
11 49
11 50
11 52
11 53
11 55
11 57
11 60
11 62
11 64
11 67
11 70
11 72
11 75
11 76
11 77
11 78
11 80
11 81
11 83
11 85
11 86
11 87
11 90
11 92
11 94
11 96
11 97
12 16
12 17
12 18
12 19
12 21
12 24
12 25
12 26
12 30
12 32
12 33
12 34
12 35
12 40
12 41
12 43
12 45
12 47
12 49
12 50
12 51
12 59
12 62
12 65
12 69
12 71
12 75
12 78
12 80
12 83
12 84
12 85
12 88
12 89
12 90
12 93
12 96
13 14
13 15
13 17
13 18
13 19
13 20
13 24
13 26
13 27
13 29
13 32
13 33
13 34
13 35
13 36
13 37
13 38
13 39
13 40
13 41
13 43
13 46
13 48
13 52
13 54
13 55
13 56
13 57
13 58
13 59
13 61
13 66
13 67
13 68
13 70
13 74
13 77
13 80
13 82
13 83
13 84
13 85
13 87
13 88
13 92
13 93
13 94
13 96
13 98
13 99
14 15
14 17
14 18
14 19
14 22
14 26
14 27
14 28
14 31
14 32
14 33
14 38
14 39
14 40
14 43
14 45
14 49
14 50
14 51
14 54
14 55
14 56
14 59
14 60
14 63
14 66
14 67
14 69
14 74
14 75
14 81
14 83
14 86
14 89
14 91
14 92
14 95
14 96
14 97
15 16
15 18
15 19
15 25
15 32
15 36
15 37
15 38
15 39
15 40
15 41
15 42
15 44
15 45
15 46
15 48
15 49
15 51
15 53
15 55
15 59
15 61
15 63
15 64
15 65
15 69
15 70
15 71
15 72
15 73
15 76
15 78
15 80
15 81
15 82
15 83
15 87
15 89
15 90
15 91
15 96
15 97
15 98
16 18
16 19
16 20
16 21
16 22
16 24
16 25
16 26
16 27
16 28
16 32
16 33
16 34
16 35
16 36
16 38
16 39
16 40
16 41
16 43
16 44
16 45
16 46
16 48
16 50
16 51
16 53
16 54
16 56
16 58
16 59
16 61
16 64
16 65
16 67
16 70
16 71
16 75
16 78
16 80
16 82
16 83
16 88
16 92
16 95
16 99
17 20
17 21
17 22
17 23
17 24
17 26
17 28
17 29
17 34
17 35
17 38
17 39
17 43
17 45
17 46
17 47
17 49
17 50
17 52
17 53
17 56
17 57
17 58
17 59
17 63
17 64
17 72
17 77
17 79
17 80
17 81
17 82
17 83
17 84
17 86
17 89
17 90
17 93
17 95
17 97
17 99
18 20
18 21
18 23
18 27
18 35
18 37
18 41
18 42
18 48
18 50
18 52
18 54
18 55
18 58
18 60
18 62
18 63
18 64
18 65
18 67
18 68
18 69
18 70
18 71
18 75
18 76
18 77
18 79
18 81
18 82
18 84
18 86
18 92
18 96
18 99
19 21
19 22
19 24
19 25
19 27
19 28
19 30
19 31
19 33
19 35
19 36
19 38
19 40
19 42
19 44
19 45
19 46
19 50
19 54
19 56
19 57
19 59
19 60
19 65
19 67
19 69
19 71
19 74
19 75
19 76
19 78
19 80
19 82
19 86
19 87
19 91
19 92
19 93
19 94
20 21
20 23
20 26
20 30
20 31
20 32
20 33
20 35
20 36
20 38
20 41
20 42
20 46
20 49
20 50
20 52
20 53
20 56
20 62
20 67
20 69
20 70
20 71
20 73
20 75
20 76
20 79
20 80
20 81
20 83
20 86
20 89
20 91
20 92
20 94
20 95
21 22
21 24
21 29
21 31
21 32
21 33
21 34
21 35
21 36
21 37
21 39
21 42
21 43
21 45
21 46
21 48
21 53
21 55
21 59
21 61
21 62
21 66
21 67
21 70
21 71
21 72
21 74
21 76
21 78
21 80
21 81
21 82
21 84
21 86
21 88
21 90
21 91
21 92
21 94
21 96
21 97
21 98
22 23
22 24
22 25
22 26
22 27
22 28
22 29
22 30
22 32
22 33
22 36
22 39
22 40
22 42
22 43
22 45
22 46
22 47
22 48
22 51
22 53
22 61
22 64
22 66
22 68
22 69
22 74
22 75
22 78
22 79
22 80
22 83
22 85
22 87
22 89
22 91
22 97
22 98
22 99
23 24
23 25
23 27
23 28
23 30
23 31
23 32
23 33
23 35
23 36
23 44
23 49
23 51
23 52
23 56
23 57
23 60
23 65
23 71
23 76
23 77
23 79
23 82
23 86
23 87
23 88
23 89
23 92
23 95
23 96
23 98
24 25
24 27
24 28
24 29
24 31
24 32
24 34
24 38
24 40
24 42
24 43
24 44
24 46
24 48
24 49
24 51
24 52
24 54
24 55
24 58
24 60
24 61
24 65
24 66
24 68
24 71
24 72
24 73
24 77
24 79
24 81
24 84
24 85
24 88
24 89
24 90
24 92
24 93
24 94
24 96
24 97
25 27
25 30
25 32
25 34
25 35
25 36
25 37
25 40
25 41
25 43
25 44
25 45
25 46
25 47
25 49
25 56
25 59
25 60
25 61
25 62
25 63
25 64
25 66
25 69
25 71
25 72
25 74
25 77
25 79
25 82
25 83
25 84
25 85
25 86
25 87
25 93
25 95
25 96
25 97
25 99
26 28
26 29
26 32
26 34
26 35
26 36
26 37
26 38
26 40
26 47
26 50
26 52
26 53
26 61
26 62
26 65
26 66
26 67
26 69
26 71
26 72
26 74
26 75
26 77
26 80
26 81
26 83
26 84
26 87
26 96
26 97
27 30
27 31
27 32
27 33
27 35
27 36
27 37
27 40
27 42
27 43
27 44
27 45
27 49
27 50
27 53
27 54
27 55
27 56
27 57
27 58
27 59
27 62
27 66
27 67
27 68
27 69
27 70
27 75
27 77
27 83
27 86
27 87
27 88
27 91
27 93
27 95
27 99
28 29
28 30
28 31
28 33
28 35
28 36
28 38
28 41
28 43
28 46
28 51
28 52
28 53
28 55
28 57
28 59
28 60
28 61
28 62
28 65
28 66
28 68
28 70
28 72
28 74
28 75
28 76
28 79
28 82
28 84
28 86
28 93
28 99
29 30
29 35
29 37
29 39
29 40
29 42
29 43
29 49
29 50
29 51
29 52
29 54
29 55
29 57
29 58
29 64
29 67
29 69
29 70
29 74
29 75
29 77
29 79
29 80
29 83
29 84
29 85
29 87
29 88
29 89
29 92
29 96
29 98
30 32
30 36
30 37
30 38
30 40
30 41
30 43
30 44
30 45
30 46
30 50
30 58
30 59
30 61
30 62
30 65
30 66
30 67
30 68
30 72
30 75
30 76
30 77
30 79
30 83
30 84
30 85
30 87
30 89
30 91
30 92
30 96
30 99
31 33
31 35
31 37
31 40
31 41
31 42
31 44
31 45
31 46
31 48
31 53
31 56
31 58
31 60
31 64
31 66
31 68
31 69
31 73
31 75
31 76
31 77
31 78
31 81
31 84
31 85
31 93
31 95
31 96
31 99
32 33
32 36
32 39
32 41
32 43
32 46
32 47
32 50
32 51
32 52
32 58
32 65
32 67
32 70
32 76
32 77
32 78
32 79
32 82
32 84
32 85
32 90
32 92
32 93
32 94
32 95
32 96
32 99
33 34
33 36
33 40
33 42
33 43
33 47
33 49
33 51
33 52
33 53
33 59
33 60
33 61
33 62
33 64
33 69
33 74
33 76
33 77
33 79
33 80
33 82
33 83
33 84
33 87
33 89
33 92
33 94
33 97
33 98
33 99
34 35
34 37
34 39
34 40
34 41
34 42
34 43
34 46
34 47
34 48
34 49
34 50
34 51
34 52
34 56
34 57
34 58
34 59
34 60
34 61
34 63
34 64
34 65
34 68
34 72
34 73
34 74
34 78
34 79
34 80
34 83
34 85
34 86
34 87
34 90
34 92
34 93
34 94
34 96
34 97
34 98
35 37
35 38
35 39
35 40
35 44
35 46
35 48
35 49
35 53
35 58
35 60
35 63
35 64
35 66
35 68
35 69
35 70
35 71
35 72
35 73
35 74
35 75
35 76
35 77
35 79
35 80
35 81
35 85
35 86
35 88
35 89
35 91
35 92
36 37
36 38
36 39
36 40
36 41
36 44
36 45
36 46
36 47
36 49
36 50
36 52
36 53
36 54
36 55
36 56
36 57
36 59
36 63
36 66
36 68
36 69
36 70
36 73
36 74
36 77
36 78
36 80
36 83
36 84
36 88
36 92
36 94
36 96
36 97
36 98
37 41
37 42
37 45
37 46
37 47
37 52
37 54
37 55
37 57
37 58
37 59
37 60
37 61
37 62
37 66
37 67
37 68
37 69
37 70
37 71
37 72
37 74
37 77
37 84
37 86
37 87
37 88
37 89
37 90
37 91
37 93
37 94
37 96
37 97
37 99
38 44
38 47
38 52
38 55
38 57
38 58
38 59
38 60
38 63
38 66
38 67
38 70
38 71
38 73
38 74
38 76
38 77
38 78
38 79
38 81
38 86
38 89
38 91
38 92
38 93
38 96
38 98
38 99
39 42
39 43
39 44
39 45
39 47
39 50
39 51
39 53
39 55
39 58
39 59
39 60
39 65
39 67
39 68
39 73
39 78
39 79
39 82
39 83
39 84
39 91
39 92
39 96
40 41
40 43
40 45
40 47
40 49
40 51
40 53
40 55
40 56
40 59
40 60
40 66
40 74
40 75
40 79
40 80
40 82
40 84
40 87
40 91
40 95
40 96
40 97
40 98
41 43
41 46
41 48
41 49
41 50
41 51
41 54
41 56
41 59
41 61
41 63
41 65
41 67
41 74
41 75
41 77
41 82
41 83
41 84
41 88
41 89
41 93
41 95
41 96
41 97
41 99
42 43
42 44
42 46
42 47
42 48
42 49
42 50
42 51
42 52
42 54
42 55
42 56
42 57
42 62
42 65
42 67
42 70
42 72
42 74
42 75
42 76
42 77
42 78
42 81
42 84
42 85
42 86
42 87
42 88
42 89
42 91
42 94
42 95
42 96
43 45
43 46
43 48
43 49
43 50
43 51
43 53
43 56
43 57
43 58
43 60
43 64
43 65
43 66
43 68
43 71
43 72
43 73
43 80
43 81
43 87
43 88
43 90
43 92
43 95
43 98
44 45
44 47
44 48
44 49
44 50
44 51
44 53
44 54
44 55
44 56
44 59
44 61
44 64
44 66
44 68
44 72
44 73
44 75
44 82
44 83
44 84
44 86
44 87
44 89
44 90
44 91
44 94
44 98
44 99
45 47
45 48
45 50
45 53
45 54
45 55
45 56
45 60
45 62
45 64
45 65
45 66
45 67
45 68
45 69
45 70
45 74
45 76
45 77
45 79
45 80
45 81
45 85
45 86
45 88
45 89
45 93
45 95
45 96
45 98
45 99
46 50
46 51
46 53
46 54
46 55
46 57
46 59
46 60
46 61
46 62
46 64
46 67
46 71
46 73
46 74
46 75
46 77
46 79
46 81
46 82
46 83
46 84
46 87
46 88
46 90
46 92
46 94
46 97
46 98
47 50
47 52
47 53
47 58
47 59
47 60
47 61
47 62
47 63
47 64
47 69
47 73
47 74
47 77
47 78
47 79
47 81
47 82
47 83
47 84
47 85
47 86
47 87
47 89
47 94
47 96
48 51
48 58
48 59
48 60
48 62
48 63
48 65
48 66
48 67
48 68
48 69
48 71
48 73
48 76
48 78
48 79
48 80
48 84
48 87
48 88
48 89
48 90
48 91
48 93
48 94
48 99
49 50
49 51
49 52
49 54
49 56
49 58
49 59
49 60
49 63
49 64
49 65
49 66
49 67
49 68
49 71
49 72
49 73
49 76
49 77
49 78
49 80
49 84
49 85
49 88
49 89
49 90
49 93
49 98
49 99
50 51
50 53
50 54
50 55
50 56
50 58
50 59
50 64
50 65
50 66
50 71
50 74
50 78
50 81
50 82
50 83
50 84
50 85
50 88
50 91
50 94
50 95
50 99
51 53
51 55
51 57
51 58
51 61
51 62
51 63
51 64
51 65
51 66
51 67
51 69
51 70
51 72
51 74
51 75
51 76
51 80
51 81
51 82
51 86
51 87
51 88
51 89
51 90
51 91
51 92
51 94
51 96
51 97
51 98
51 99
52 53
52 54
52 55
52 56
52 57
52 58
52 59
52 62
52 63
52 64
52 65
52 66
52 70
52 72
52 73
52 74
52 80
52 81
52 85
52 86
52 87
52 89
52 90
52 92
52 94
52 95
52 96
52 98
52 99
53 55
53 56
53 58
53 59
53 60
53 61
53 62
53 63
53 64
53 65
53 67
53 68
53 69
53 70
53 71
53 73
53 79
53 81
53 82
53 84
53 85
53 87
53 90
53 91
53 92
53 93
53 94
53 96
53 97
53 99
54 56
54 57
54 59
54 61
54 68
54 70
54 71
54 75
54 77
54 81
54 82
54 84
54 85
54 89
54 92
54 93
54 94
54 95
54 96
54 97
54 99
55 57
55 59
55 60
55 61
55 64
55 67
55 70
55 72
55 73
55 74
55 75
55 80
55 81
55 84
55 88
55 89
55 90
55 99
56 58
56 59
56 62
56 63
56 64
56 65
56 69
56 70
56 71
56 73
56 74
56 75
56 76
56 78
56 80
56 81
56 82
56 83
56 84
56 87
56 88
56 89
56 90
56 97
56 99
57 58
57 59
57 60
57 64
57 65
57 66
57 70
57 71
57 75
57 76
57 78
57 80
57 81
57 83
57 84
57 86
57 87
57 88
57 89
57 91
57 93
57 95
57 96
58 61
58 62
58 63
58 65
58 68
58 69
58 71
58 73
58 76
58 77
58 79
58 84
58 86
58 88
58 89
58 90
58 92
58 94
58 95
58 97
58 98
59 62
59 63
59 64
59 66
59 67
59 68
59 69
59 70
59 71
59 72
59 74
59 75
59 77
59 78
59 79
59 80
59 82
59 84
59 85
59 86
59 89
59 90
59 91
59 92
59 94
59 95
59 99
60 61
60 62
60 66
60 67
60 68
60 69
60 72
60 77
60 78
60 82
60 83
60 84
60 88
60 89
60 92
60 94
60 95
60 96
60 97
60 98
60 99
61 62
61 65
61 69
61 71
61 72
61 74
61 76
61 78
61 80
61 84
61 85
61 90
61 96
61 99
62 64
62 65
62 66
62 68
62 70
62 72
62 75
62 77
62 78
62 81
62 82
62 83
62 84
62 86
62 91
62 95
62 98
63 64
63 67
63 68
63 70
63 71
63 75
63 79
63 80
63 82
63 83
63 86
63 92
63 93
63 94
63 99
64 66
64 67
64 68
64 71
64 73
64 76
64 78
64 81
64 82
64 86
64 88
64 90
64 91
64 92
64 93
64 94
65 68
65 69
65 70
65 71
65 74
65 78
65 82
65 88
65 89
65 91
65 93
65 95
65 96
65 97
65 98
65 99
66 67
66 68
66 69
66 73
66 74
66 75
66 77
66 78
66 80
66 81
66 83
66 86
66 87
66 90
66 93
66 95
66 96
66 97
66 98
67 68
67 69
67 71
67 72
67 73
67 74
67 75
67 76
67 79
67 81
67 82
67 83
67 85
67 86
67 89
67 94
67 99
68 69
68 71
68 74
68 75
68 76
68 77
68 78
68 79
68 80
68 81
68 85
68 87
68 93
68 94
68 96
68 99
69 70
69 71
69 73
69 74
69 75
69 76
69 79
69 82
69 85
69 86
69 92
69 94
69 97
69 98
69 99
70 73
70 76
70 77
70 83
70 85
70 87
70 91
70 93
70 94
70 95
70 97
71 77
71 78
71 79
71 80
71 81
71 89
71 90
71 92
71 93
71 94
71 96
71 97
71 98
71 99
72 74
72 75
72 76
72 79
72 80
72 81
72 83
72 84
72 86
72 89
72 91
72 92
72 93
72 97
73 79
73 85
73 86
73 87
73 90
73 91
73 94
73 95
73 97
73 99
74 77
74 79
74 81
74 83
74 84
74 87
74 88
74 89
74 90
74 92
74 93
74 95
74 97
74 98
74 99
75 76
75 77
75 78
75 79
75 80
75 83
75 84
75 88
75 89
75 90
75 92
75 93
75 95
75 96
75 99
76 79
76 81
76 83
76 85
76 86
76 88
76 91
76 92
76 93
76 96
76 97
77 80
77 82
77 83
77 84
77 86
77 87
77 88
77 89
77 93
77 94
77 96
77 97
77 98
77 99
78 82
78 83
78 84
78 85
78 86
78 88
78 89
78 90
78 91
78 93
78 97
78 99
79 80
79 86
79 87
79 88
79 91
79 92
79 94
79 95
79 96
79 97
79 98
79 99
80 81
80 87
80 88
80 90
80 92
80 96
80 98
81 83
81 85
81 88
81 89
81 90
81 93
81 94
81 95
81 96
81 99
82 84
82 90
82 91
82 92
82 93
82 94
82 95
82 97
82 98
83 85
83 86
83 88
83 90
83 91
83 92
83 94
83 95
83 96
83 98
83 99
84 88
84 89
84 90
84 91
84 92
84 94
84 95
84 98
85 86
85 87
85 88
85 89
85 90
85 92
85 94
85 95
85 96
85 97
85 98
86 87
86 89
86 90
86 93
86 94
86 95
86 99
87 92
87 93
87 95
87 97
87 99
88 89
88 90
88 91
88 92
88 96
88 98
89 90
89 94
89 96
89 97
90 91
90 95
90 97
91 92
91 94
91 97
91 98
91 99
92 96
92 98
93 94
94 97
94 98
94 99
95 98
95 99
96 97
97 98
97 99
98 99
