0 1
0 2
0 3
0 4
0 6
0 7
0 8
0 9
0 10
0 11
0 13
0 14
0 19
0 22
0 23
0 25
0 27
0 29
0 30
0 31
0 33
0 35
0 36
0 37
0 39
0 41
0 42
0 44
0 51
0 52
0 54
0 55
0 56
0 59
0 62
0 63
0 64
0 65
0 67
0 68
0 69
0 73
0 74
0 75
0 78
0 80
0 82
0 85
0 86
0 90
0 91
0 92
0 94
0 98
0 99
1 2
1 5
1 14
1 19
1 22
1 23
1 24
1 29
1 31
1 33
1 35
1 40
1 43
1 44
1 46
1 47
1 48
1 53
1 54
1 56
1 59
1 60
1 62
1 63
1 68
1 70
1 71
1 73
1 74
1 80
1 84
1 89
1 91
1 92
1 96
1 97
1 98
1 99
2 8
2 9
2 11
2 12
2 13
2 19
2 20
2 25
2 26
2 27
2 30
2 31
2 34
2 39
2 41
2 43
2 46
2 47
2 48
2 50
2 53
2 54
2 61
2 63
2 64
2 66
2 70
2 71
2 72
2 73
2 78
2 79
2 80
2 82
2 83
2 87
2 88
2 92
2 93
2 94
2 98
3 4
3 5
3 6
3 10
3 12
3 13
3 14
3 15
3 17
3 18
3 20
3 22
3 23
3 24
3 25
3 29
3 31
3 33
3 34
3 35
3 37
3 41
3 42
3 45
3 47
3 49
3 54
3 57
3 58
3 59
3 61
3 62
3 66
3 67
3 69
3 70
3 71
3 73
3 76
3 77
3 78
3 80
3 81
3 84
3 86
3 89
3 92
3 93
3 95
3 96
3 99
4 5
4 10
4 14
4 15
4 21
4 22
4 27
4 30
4 31
4 32
4 34
4 36
4 38
4 39
4 41
4 50
4 52
4 57
4 58
4 60
4 61
4 63
4 64
4 69
4 70
4 71
4 72
4 73
4 75
4 79
4 80
4 81
4 83
4 84
4 90
4 91
4 92
4 94
4 95
4 97
5 8
5 10
5 11
5 14
5 16
5 18
5 19
5 20
5 21
5 22
5 24
5 28
5 32
5 34
5 35
5 36
5 37
5 40
5 44
5 49
5 50
5 52
5 53
5 54
5 55
5 56
5 57
5 58
5 59
5 60
5 64
5 68
5 71
5 73
5 75
5 77
5 79
5 80
5 82
5 83
5 85
5 86
5 88
5 90
5 92
5 94
5 96
5 97
5 98
6 9
6 12
6 13
6 15
6 19
6 21
6 22
6 23
6 26
6 29
6 31
6 32
6 34
6 35
6 36
6 38
6 39
6 40
6 41
6 42
6 43
6 46
6 47
6 48
6 49
6 50
6 54
6 55
6 56
6 58
6 65
6 66
6 67
6 68
6 70
6 71
6 74
6 75
6 79
6 83
6 85
6 87
6 91
6 92
6 95
6 98
7 8
7 10
7 11
7 12
7 14
7 16
7 18
7 19
7 20
7 23
7 28
7 33
7 34
7 35
7 38
7 40
7 41
7 42
7 46
7 47
7 48
7 50
7 52
7 53
7 54
7 55
7 56
7 60
7 64
7 67
7 69
7 75
7 78
7 79
7 81
7 85
7 86
7 87
7 88
7 91
7 92
7 93
7 94
7 98
8 9
8 10
8 12
8 17
8 18
8 20
8 22
8 24
8 28
8 29
8 30
8 36
8 37
8 44
8 46
8 47
8 50
8 51
8 52
8 56
8 57
8 58
8 61
8 63
8 65
8 67
8 69
8 70
8 71
8 72
8 75
8 78
8 81
8 82
8 85
8 86
8 88
8 89
8 93
8 94
8 97
8 98
8 99
9 13
9 14
9 18
9 22
9 25
9 27
9 30
9 32
9 33
9 34
9 35
9 44
9 45
9 48
9 50
9 53
9 54
9 55
9 58
9 60
9 61
9 63
9 65
9 69
9 70
9 72
9 73
9 75
9 77
9 79
9 80
9 81
9 83
9 84
9 85
9 86
9 90
9 91
9 92
9 96
9 99
10 12
10 14
10 15
10 19
10 20
10 22
10 25
10 27
10 30
10 32
10 33
10 36
10 41
10 43
10 44
10 46
10 47
10 49
10 50
10 53
10 54
10 55
10 56
10 60
10 61
10 65
10 67
10 69
10 72
10 74
10 75
10 77
10 78
10 84
10 88
10 89
10 90
10 96
10 97
10 98
11 13
11 15
11 17
11 18
11 22
11 24
11 25
11 27
11 32
11 34
11 37
11 38
11 39
11 42
11 43
11 44
11 46
11 47
11 49
11 51
11 52
11 57
11 58
11 59
11 60
11 61
11 62
11 63
11 64
11 65
11 66
11 68
11 69
11 71
11 72
11 73
11 74
11 75
11 83
11 85
11 87
11 89
11 90
11 91
11 92
11 93
11 95
11 96
11 97
11 98
11 99
12 13
12 14
12 15
12 16
12 17
12 19
12 21
12 22
12 23
12 28
12 30
12 31
12 35
12 41
12 43
12 44
12 47
12 49
12 50
12 51
12 52
12 53
12 54
12 55
12 56
12 59
12 60
12 61
12 62
12 68
12 69
12 70
12 73
12 75
12 78
12 80
12 84
12 87
12 93
12 94
12 97
12 98
12 99
13 15
13 16
13 17
13 18
13 19
13 27
13 30
13 34
13 35
13 37
13 39
13 40
13 41
13 42
13 43
13 46
13 48
13 49
13 50
13 51
13 54
13 59
13 60
13 61
13 63
13 66
13 68
13 71
13 72
13 73
13 74
13 75
13 77
13 81
13 82
13 85
13 86
13 88
13 91
13 93
13 94
13 95
13 96
13 97
13 99
14 15
14 16
14 18
14 20
14 21
14 25
14 26
14 27
14 28
14 29
14 32
14 36
14 37
14 38
14 40
14 41
14 42
14 43
14 49
14 50
14 51
14 55
14 56
14 57
14 58
14 60
14 62
14 64
14 65
14 67
14 68
14 70
14 73
14 74
14 76
14 78
14 81
14 84
14 85
14 86
14 87
14 90
14 91
14 93
14 95
14 96
14 98
15 16
15 17
15 19
15 20
15 21
15 22
15 23
15 25
15 27
15 28
15 32
15 33
15 34
15 35
15 36
15 37
15 38
15 39
15 40
15 42
15 43
15 44
15 48
15 52
15 56
15 59
15 65
15 71
15 73
15 74
15 76
15 80
15 82
15 84
15 85
15 87
15 90
15 94
15 96
15 98
15 99
16 17
16 19
16 20
16 24
16 25
16 26
16 27
16 28
16 29
16 32
16 35
16 36
16 38
16 40
16 42
16 44
16 45
16 48
16 49
16 51
16 52
16 53
16 54
16 55
16 57
16 58
16 60
16 65
16 66
16 67
16 73
16 75
16 78
16 80
16 83
16 84
16 85
16 86
16 88
16 89
16 91
16 92
16 93
16 94
16 95
16 98
16 99
17 19
17 21
17 22
17 26
17 27
17 28
17 32
17 35
17 39
17 43
17 44
17 48
17 49
17 50
17 52
17 53
17 55
17 58
17 59
17 60
17 61
17 62
17 65
17 66
17 68
17 70
17 75
17 76
17 79
17 83
17 86
17 88
17 89
17 90
17 91
17 95
17 96
17 97
17 99
18 19
18 20
18 21
18 23
18 25
18 27
18 30
18 32
18 33
18 34
18 35
18 36
18 37
18 39
18 41
18 42
18 43
18 44
18 45
18 47
18 48
18 49
18 51
18 52
18 53
18 54
18 57
18 58
18 61
18 65
18 66
18 67
18 69
18 71
18 72
18 74
18 76
18 80
18 81
18 82
18 84
18 89
18 90
18 91
18 94
18 98
18 99
19 20
19 24
19 25
19 27
19 28
19 30
19 35
19 38
19 45
19 46
19 47
19 48
19 49
19 50
19 52
19 53
19 54
19 56
19 57
19 59
19 61
19 64
19 65
19 66
19 68
19 72
19 73
19 75
19 76
19 77
19 80
19 85
19 89
19 91
19 94
19 95
20 21
20 22
20 25
20 27
20 28
20 30
20 33
20 34
20 35
20 36
20 37
20 41
20 42
20 43
20 46
20 47
20 48
20 50
20 54
20 55
20 56
20 57
20 58
20 61
20 64
20 68
20 69
20 71
20 74
20 76
20 77
20 78
20 81
20 82
20 85
20 86
20 88
20 89
20 93
20 94
20 98
20 99
21 24
21 25
21 26
21 27
21 34
21 35
21 37
21 39
21 40
21 41
21 42
21 45
21 48
21 49
21 50
21 54
21 55
21 57
21 59
21 60
21 62
21 63
21 65
21 68
21 74
21 76
21 78
21 79
21 80
21 81
21 83
21 86
21 90
21 92
21 93
21 94
21 96
21 97
21 98
22 25
22 26
22 27
22 33
22 34
22 37
22 38
22 39
22 40
22 45
22 49
22 50
22 51
22 52
22 56
22 57
22 58
22 59
22 62
22 63
22 64
22 65
22 67
22 69
22 72
22 74
22 76
22 77
22 78
22 79
22 80
22 81
22 82
22 86
22 88
22 90
22 91
22 94
22 95
22 99
23 24
23 28
23 29
23 31
23 33
23 34
23 35
23 38
23 39
23 40
23 43
23 44
23 49
23 51
23 52
23 54
23 57
23 58
23 59
23 60
23 61
23 63
23 64
23 65
23 67
23 69
23 71
23 73
23 77
23 79
23 80
23 81
23 83
23 84
23 86
23 90
23 91
23 92
23 94
23 99
24 25
24 26
24 28
24 29
24 30
24 32
24 33
24 35
24 36
24 38
24 39
24 41
24 46
24 50
24 55
24 57
24 61
24 63
24 64
24 67
24 69
24 71
24 78
24 79
24 80
24 83
24 85
24 87
24 89
24 91
24 92
24 96
25 28
25 31
25 34
25 35
25 36
25 42
25 44
25 46
25 47
25 48
25 49
25 50
25 51
25 52
25 54
25 58
25 59
25 61
25 62
25 63
25 65
25 66
25 70
25 72
25 73
25 75
25 76
25 78
25 80
25 81
25 82
25 83
25 84
25 92
25 93
25 95
25 97
25 98
26 29
26 32
26 36
26 39
26 40
26 41
26 42
26 44
26 45
26 47
26 50
26 52
26 55
26 59
26 62
26 64
26 65
26 66
26 70
26 72
26 73
26 74
26 75
26 76
26 77
26 80
26 81
26 83
26 87
26 88
26 89
26 91
26 92
26 93
26 95
26 96
26 99
27 31
27 33
27 34
27 35
27 37
27 38
27 40
27 41
27 51
27 56
27 58
27 60
27 61
27 62
27 64
27 65
27 68
27 69
27 72
27 74
27 80
27 82
27 83
27 86
27 88
27 89
27 90
27 94
27 97
27 99
28 29
28 30
28 33
28 36
28 38
28 39
28 40
28 42
28 45
28 47
28 48
28 49
28 50
28 58
28 63
28 64
28 68
28 69
28 70
28 76
28 78
28 80
28 81
28 87
28 90
28 91
28 92
28 93
28 94
28 95
28 97
28 98
28 99
29 30
29 31
29 33
29 38
29 39
29 44
29 45
29 47
29 48
29 49
29 51
29 58
29 60
29 61
29 64
29 65
29 67
29 76
29 80
29 82
29 85
29 88
29 89
29 90
29 91
29 94
29 96
29 98
29 99
30 31
30 32
30 33
30 34
30 35
30 36
30 37
30 38
30 39
30 43
30 45
30 46
30 47
30 49
30 50
30 51
30 53
30 54
30 55
30 57
30 59
30 60
30 62
30 66
30 71
30 72
30 75
30 78
30 80
30 85
30 87
30 90
30 91
30 92
30 97
30 98
30 99
31 33
31 34
31 37
31 40
31 43
31 47
31 49
31 50
31 51
31 54
31 55
31 56
31 58
31 59
31 60
31 61
31 66
31 67
31 69
31 71
31 72
31 73
31 75
31 76
31 77
31 82
31 84
31 85
31 86
31 87
31 88
31 89
31 90
31 91
31 92
31 93
31 94
31 95
31 96
32 33
32 35
32 36
32 37
32 40
32 41
32 42
32 45
32 46
32 47
32 49
32 50
32 51
32 52
32 55
32 56
32 57
32 59
32 60
32 61
32 65
32 67
32 68
32 70
32 71
32 73
32 75
32 76
32 77
32 78
32 79
32 80
32 82
32 83
32 84
32 86
32 87
32 88
32 89
32 90
32 94
32 96
32 98
32 99
33 36
33 37
33 40
33 41
33 43
33 44
33 48
33 49
33 52
33 53
33 59
33 60
33 63
33 66
33 68
33 69
33 71
33 72
33 75
33 76
33 78
33 79
33 80
33 83
33 84
33 88
33 93
33 96
34 36
34 37
34 38
34 39
34 40
34 49
34 50
34 51
34 54
34 55
34 56
34 57
34 58
34 59
34 63
34 65
34 66
34 68
34 70
34 73
34 77
34 80
34 81
34 82
34 84
34 85
34 87
34 89
34 91
34 94
34 96
34 99
35 38
35 40
35 41
35 42
35 44
35 47
35 48
35 51
35 52
35 53
35 54
35 56
35 61
35 62
35 63
35 65
35 66
35 69
35 71
35 72
35 78
35 80
35 82
35 83
35 84
35 85
35 86
35 87
35 88
35 90
35 92
35 95
35 96
35 97
35 98
36 37
36 38
36 40
36 44
36 47
36 48
36 49
36 50
36 54
36 55
36 56
36 57
36 58
36 59
36 62
36 64
36 65
36 67
36 68
36 70
36 74
36 76
36 78
36 79
36 80
36 81
36 82
36 83
36 84
36 86
36 91
36 92
36 99
37 38
37 44
37 45
37 46
37 48
37 50
37 55
37 57
37 58
37 59
37 60
37 61
37 65
37 67
37 69
37 71
37 72
37 74
37 81
37 82
37 84
37 85
37 87
37 88
37 93
37 94
37 96
38 39
38 40
38 43
38 45
38 46
38 50
38 52
38 53
38 55
38 57
38 58
38 59
38 60
38 62
38 64
38 65
38 68
38 74
38 75
38 77
38 79
38 83
38 84
38 85
38 87
38 88
38 92
38 98
39 44
39 46
39 48
39 49
39 50
39 52
39 56
39 59
39 60
39 61
39 62
39 66
39 67
39 70
39 71
39 74
39 75
39 76
39 77
39 80
39 81
39 83
39 86
39 88
39 89
39 90
39 91
39 93
39 94
39 95
39 98
39 99
40 44
40 45
40 46
40 47
40 49
40 50
40 53
40 57
40 65
40 66
40 69
40 70
40 71
40 76
40 77
40 79
40 80
40 81
40 82
40 84
40 86
40 89
40 91
40 92
40 95
40 96
40 97
40 98
40 99
41 42
41 43
41 47
41 49
41 50
41 51
41 53
41 56
41 57
41 58
41 64
41 65
41 66
41 67
41 69
41 72
41 76
41 77
41 78
41 80
41 83
41 86
41 87
41 95
41 98
42 44
42 47
42 49
42 50
42 52
42 55
42 58
42 60
42 61
42 62
42 71
42 72
42 76
42 78
42 79
42 80
42 81
42 83
42 86
42 88
42 92
42 93
42 95
42 98
42 99
43 46
43 48
43 50
43 54
43 55
43 58
43 59
43 61
43 62
43 64
43 66
43 67
43 68
43 72
43 75
43 76
43 79
43 80
43 84
43 88
43 89
43 90
43 91
43 92
43 94
43 96
43 97
43 98
43 99
44 45
44 46
44 48
44 49
44 50
44 53
44 54
44 55
44 56
44 58
44 59
44 60
44 62
44 63
44 65
44 66
44 71
44 72
44 73
44 75
44 77
44 79
44 86
44 89
44 91
44 92
44 95
44 98
45 46
45 48
45 49
45 50
45 51
45 53
45 55
45 56
45 57
45 58
45 59
45 61
45 62
45 63
45 64
45 69
45 71
45 74
45 75
45 76
45 84
45 85
45 88
45 89
45 90
45 91
45 95
45 97
46 47
46 48
46 49
46 52
46 56
46 57
46 59
46 63
46 64
46 65
46 69
46 74
46 75
46 76
46 78
46 80
46 81
46 85
46 87
46 88
46 92
46 93
46 95
46 97
47 52
47 53
47 55
47 56
47 57
47 58
47 59
47 60
47 61
47 64
47 65
47 67
47 70
47 71
47 77
47 79
47 81
47 82
47 83
47 85
47 86
47 88
47 89
47 90
47 92
47 95
47 98
47 99
48 49
48 50
48 53
48 60
48 61
48 69
48 70
48 73
48 76
48 77
48 78
48 82
48 83
48 85
48 87
48 88
48 89
48 90
48 92
48 94
48 97
48 98
48 99
49 50
49 51
49 56
49 57
49 59
49 62
49 63
49 66
49 67
49 68
49 70
49 73
49 74
49 77
49 83
49 84
49 89
49 90
49 93
49 94
49 95
49 96
49 97
50 52
50 55
50 58
50 60
50 62
50 63
50 67
50 69
50 70
50 71
50 74
50 75
50 77
50 79
50 80
50 83
50 86
50 87
50 90
50 93
50 94
50 97
50 99
51 52
51 56
51 66
51 68
51 69
51 70
51 71
51 72
51 77
51 78
51 79
51 80
51 85
51 90
51 92
51 94
51 97
51 99
52 53
52 55
52 56
52 57
52 61
52 64
52 69
52 70
52 71
52 72
52 74
52 75
52 78
52 79
52 80
52 82
52 83
52 84
52 85
52 86
52 88
52 89
52 90
52 92
52 93
52 95
52 99
53 54
53 57
53 58
53 61
53 62
53 66
53 69
53 70
53 72
53 73
53 74
53 77
53 78
53 80
53 82
53 83
53 87
53 88
53 89
53 91
53 92
53 93
53 94
53 95
53 99
54 56
54 57
54 58
54 59
54 60
54 62
54 65
54 66
54 67
54 74
54 78
54 80
54 83
54 84
54 86
54 89
54 90
54 91
54 93
54 94
54 95
54 96
54 97
54 98
54 99
55 59
55 61
55 62
55 65
55 67
55 69
55 71
55 72
55 74
55 75
55 76
55 80
55 82
55 83
55 85
55 86
55 88
55 90
55 92
55 94
55 95
55 97
55 98
56 59
56 60
56 64
56 65
56 66
56 68
56 69
56 71
56 76
56 77
56 79
56 80
56 81
56 82
56 85
56 86
56 89
56 90
56 97
56 99
57 59
57 61
57 62
57 63
57 64
57 65
57 66
57 67
57 68
57 69
57 70
57 72
57 73
57 75
57 76
57 78
57 79
57 80
57 82
57 83
57 84
57 87
57 88
57 89
57 92
57 99
58 60
58 63
58 67
58 68
58 69
58 71
58 73
58 74
58 75
58 77
58 78
58 80
58 82
58 83
58 84
58 85
58 86
58 87
58 88
58 90
58 91
58 92
58 93
58 94
58 95
58 98
58 99
59 61
59 63
59 64
59 65
59 70
59 74
59 75
59 78
59 80
59 81
59 82
59 84
59 86
59 87
59 92
59 95
59 96
59 99
60 62
60 64
60 65
60 66
60 71
60 75
60 77
60 79
60 80
60 81
60 84
60 86
60 87
60 88
60 89
60 90
60 91
60 94
60 96
60 97
60 98
60 99
61 62
61 63
61 64
61 71
61 72
61 73
61 74
61 78
61 80
61 82
61 84
61 85
61 87
61 88
61 90
61 92
61 93
61 94
61 95
61 96
61 99
62 63
62 65
62 67
62 68
62 72
62 77
62 78
62 84
62 94
62 96
62 98
62 99
63 64
63 66
63 67
63 68
63 69
63 70
63 73
63 76
63 79
63 80
63 84
63 85
63 86
63 87
63 88
63 89
63 91
63 92
63 94
63 96
63 97
63 98
63 99
64 65
64 68
64 70
64 72
64 77
64 79
64 80
64 82
64 83
64 87
64 88
64 89
64 90
64 91
64 93
64 94
64 95
65 71
65 73
65 76
65 77
65 78
65 80
65 81
65 86
65 87
65 89
65 90
65 92
65 93
65 97
66 67
66 68
66 69
66 70
66 71
66 73
66 74
66 76
66 77
66 80
66 81
66 84
66 86
66 88
66 89
66 90
66 91
66 94
66 95
67 72
67 73
67 74
67 76
67 79
67 81
67 82
67 85
67 87
67 88
67 89
67 90
67 94
67 95
67 97
67 98
67 99
68 69
68 74
68 75
68 78
68 79
68 81
68 82
68 83
68 84
68 88
68 90
68 91
68 94
68 98
69 72
69 73
69 74
69 75
69 77
69 78
69 79
69 81
69 82
69 83
69 85
69 87
69 88
69 93
69 94
69 97
70 77
70 79
70 82
70 83
70 84
70 85
70 86
70 87
70 90
70 91
70 93
70 96
71 72
71 73
71 77
71 80
71 82
71 84
71 86
71 87
71 88
71 90
71 91
71 95
71 96
71 99
72 73
72 75
72 80
72 81
72 85
72 87
72 89
72 90
72 91
72 92
72 94
72 96
72 98
72 99
73 76
73 77
73 78
73 81
73 86
73 87
73 88
73 90
73 92
73 93
73 94
73 95
73 96
73 97
73 99
74 75
74 76
74 77
74 78
74 79
74 81
74 82
74 83
74 84
74 86
74 91
74 93
74 94
74 95
74 97
74 99
75 77
75 81
75 84
75 86
75 88
75 90
75 91
75 92
75 95
75 97
75 98
76 77
76 78
76 82
76 83
76 85
76 86
76 87
76 90
76 91
76 92
76 95
76 96
76 99
77 78
77 79
77 80
77 81
77 82
77 84
77 87
77 89
77 90
77 92
77 93
77 96
77 97
77 98
77 99
78 79
78 82
78 83
78 84
78 85
78 86
78 89
78 90
78 92
78 94
78 96
78 97
78 98
78 99
79 82
79 84
79 85
79 86
79 87
79 88
79 89
79 94
79 96
79 99
80 83
80 86
80 87
80 88
80 89
80 90
80 91
80 92
80 93
80 94
80 95
80 97
81 82
81 87
81 88
81 89
81 94
81 95
81 96
81 98
82 84
82 87
82 89
82 90
82 91
82 94
82 95
82 97
82 99
83 84
83 86
83 88
83 89
83 90
83 91
83 94
83 96
84 85
84 86
84 91
84 95
85 86
85 87
85 88
85 90
85 91
85 92
85 95
85 97
86 88
86 89
86 93
86 94
86 96
86 97
86 99
87 88
87 89
87 96
87 97
88 89
88 90
88 93
88 94
88 96
88 97
88 99
89 90
89 92
89 93
89 94
89 97
89 99
90 92
90 94
90 96
91 93
91 94
91 96
91 98
92 94
92 95
92 99
93 94
93 97
93 98
94 95
94 96
94 98
94 99
95 96
95 99
96 99
97 99
