0 1
0 4
0 10
0 12
0 13
0 14
0 16
0 18
0 22
0 24
0 25
0 27
0 29
0 31
0 32
0 34
0 36
0 38
0 39
0 40
0 41
0 42
0 43
0 45
0 46
0 48
0 49
0 50
0 52
0 55
0 57
0 58
0 61
0 62
0 63
0 64
0 66
0 70
0 73
0 74
0 76
0 78
0 79
0 83
0 84
0 86
0 88
0 89
0 91
1 3
1 4
1 6
1 8
1 10
1 12
1 14
1 17
1 27
1 28
1 29
1 33
1 34
1 35
1 36
1 39
1 40
1 41
1 44
1 50
1 51
1 55
1 56
1 57
1 61
1 63
1 65
1 66
1 68
1 71
1 72
1 74
1 78
1 81
1 82
1 83
1 85
1 87
1 88
1 91
1 92
1 93
1 94
1 95
1 97
1 99
2 3
2 6
2 8
2 10
2 13
2 15
2 16
2 18
2 19
2 20
2 21
2 23
2 26
2 28
2 31
2 34
2 35
2 38
2 41
2 42
2 45
2 47
2 49
2 50
2 51
2 53
2 54
2 56
2 57
2 58
2 62
2 63
2 65
2 67
2 72
2 73
2 74
2 76
2 77
2 78
2 79
2 81
2 82
2 83
2 86
2 87
2 89
2 90
2 92
2 94
2 95
2 97
2 98
2 99
3 4
3 5
3 6
3 8
3 9
3 13
3 14
3 16
3 18
3 20
3 22
3 23
3 24
3 26
3 27
3 29
3 30
3 33
3 34
3 37
3 38
3 39
3 41
3 43
3 46
3 48
3 49
3 51
3 53
3 59
3 61
3 65
3 66
3 73
3 79
3 80
3 83
3 87
3 91
3 92
3 93
3 95
3 96
3 97
4 5
4 6
4 7
4 8
4 9
4 10
4 12
4 15
4 17
4 18
4 19
4 20
4 21
4 22
4 23
4 25
4 26
4 28
4 30
4 31
4 37
4 38
4 39
4 41
4 42
4 43
4 45
4 50
4 51
4 52
4 53
4 54
4 55
4 56
4 60
4 61
4 62
4 63
4 64
4 67
4 68
4 71
4 72
4 75
4 78
4 81
4 82
4 83
4 84
4 86
4 87
4 88
4 90
4 92
4 96
4 98
5 7
5 9
5 10
5 11
5 12
5 16
5 17
5 20
5 21
5 22
5 29
5 31
5 32
5 36
5 38
5 41
5 43
5 46
5 50
5 52
5 53
5 54
5 55
5 56
5 58
5 59
5 64
5 67
5 68
5 70
5 71
5 74
5 76
5 80
5 82
5 83
5 85
5 87
5 88
5 89
5 90
5 92
5 93
5 94
5 95
5 98
5 99
6 7
6 9
6 10
6 11
6 13
6 17
6 18
6 21
6 23
6 27
6 29
6 30
6 32
6 33
6 34
6 35
6 44
6 45
6 47
6 50
6 52
6 53
6 56
6 58
6 59
6 62
6 65
6 67
6 68
6 70
6 71
6 72
6 74
6 75
6 79
6 80
6 81
6 82
6 85
6 86
6 87
6 92
6 93
6 98
6 99
7 9
7 10
7 11
7 12
7 13
7 15
7 16
7 18
7 19
7 22
7 24
7 25
7 26
7 27
7 29
7 31
7 34
7 35
7 36
7 40
7 42
7 44
7 45
7 47
7 55
7 57
7 59
7 61
7 62
7 65
7 74
7 76
7 77
7 78
7 79
7 81
7 82
7 83
7 84
7 87
7 88
7 92
7 96
7 99
8 9
8 10
8 11
8 12
8 13
8 16
8 18
8 19
8 20
8 21
8 23
8 28
8 30
8 34
8 36
8 37
8 38
8 39
8 42
8 43
8 47
8 51
8 56
8 57
8 58
8 59
8 60
8 64
8 66
8 69
8 71
8 73
8 74
8 77
8 81
8 82
8 85
8 88
8 89
8 90
8 93
8 95
8 96
8 99
9 11
9 12
9 15
9 18
9 20
9 21
9 22
9 24
9 25
9 26
9 27
9 29
9 30
9 32
9 33
9 37
9 38
9 42
9 44
9 45
9 46
9 47
9 48
9 50
9 52
9 59
9 61
9 64
9 67
9 75
9 76
9 83
9 86
9 87
9 88
9 90
9 91
9 93
9 94
9 96
9 97
9 98
10 13
10 15
10 16
10 17
10 18
10 19
10 20
10 24
10 25
10 28
10 31
10 33
10 39
10 40
10 41
10 44
10 45
10 48
10 50
10 51
10 52
10 53
10 58
10 59
10 61
10 62
10 63
10 64
10 67
10 68
10 75
10 79
10 80
10 81
10 82
10 83
10 86
10 89
10 90
10 91
10 92
10 94
10 98
11 13
11 14
11 15
11 17
11 19
11 22
11 23
11 26
11 27
11 28
11 31
11 32
11 33
11 35
11 36
11 37
11 41
11 43
11 46
11 49
11 50
11 51
11 52
11 57
11 58
11 61
11 62
11 64
11 65
11 67
11 68
11 75
11 77
11 78
11 80
11 82
11 83
11 89
11 91
11 94
11 98
12 14
12 15
12 16
12 17
12 19
12 24
12 25
12 27
12 29
12 32
12 33
12 36
12 40
12 42
12 43
12 48
12 49
12 56
12 58
12 59
12 63
12 64
12 67
12 68
12 72
12 73
12 74
12 75
12 76
12 77
12 80
12 83
12 84
12 85
12 87
12 88
12 89
12 90
12 91
12 92
12 93
12 94
12 96
12 98
12 99
13 14
13 16
13 21
13 22
13 24
13 25
13 30
13 31
13 32
13 33
13 36
13 38
13 40
13 44
13 45
13 46
13 50
13 52
13 53
13 54
13 57
13 58
13 64
13 69
13 71
13 72
13 74
13 75
13 80
13 81
13 83
13 85
13 87
13 89
13 91
13 93
13 96
13 97
13 99
14 17
14 19
14 21
14 23
14 24
14 26
14 29
14 30
14 31
14 33
14 34
14 35
14 36
14 37
14 39
14 40
14 41
14 44
14 45
14 47
14 50
14 59
14 61
14 63
14 66
14 68
14 70
14 71
14 74
14 77
14 78
14 79
14 81
14 82
14 83
14 84
14 87
14 88
14 90
14 92
14 93
14 97
14 98
14 99
15 21
15 22
15 23
15 24
15 25
15 26
15 27
15 30
15 32
15 33
15 35
15 36
15 37
15 38
15 39
15 41
15 46
15 52
15 53
15 54
15 55
15 57
15 59
15 60
15 61
15 65
15 66
15 70
15 71
15 72
15 73
15 74
15 76
15 77
15 82
15 84
15 85
15 87
15 90
15 91
15 93
15 95
15 96
15 97
15 99
16 19
16 21
16 24
16 26
16 28
16 29
16 31
16 35
16 39
16 41
16 42
16 44
16 45
16 49
16 50
16 51
16 56
16 57
16 61
16 63
16 65
16 70
16 71
16 75
16 78
16 79
16 81
16 82
16 85
16 87
16 89
16 90
16 94
16 95
16 96
16 97
17 19
17 20
17 22
17 24
17 25
17 26
17 28
17 30
17 32
17 33
17 34
17 38
17 39
17 40
17 41
17 43
17 45
17 46
17 48
17 50
17 51
17 53
17 54
17 55
17 57
17 58
17 60
17 63
17 66
17 67
17 70
17 71
17 72
17 73
17 76
17 81
17 84
17 87
17 89
17 90
17 93
17 94
17 95
18 23
18 24
18 25
18 26
18 27
18 29
18 30
18 32
18 33
18 37
18 38
18 39
18 40
18 41
18 43
18 45
18 47
18 48
18 49
18 50
18 52
18 53
18 54
18 56
18 59
18 61
18 64
18 65
18 66
18 67
18 68
18 69
18 70
18 71
18 72
18 74
18 75
18 76
18 82
18 83
18 85
18 86
18 87
18 89
18 90
18 93
18 94
18 95
18 96
18 97
18 98
19 23
19 26
19 27
19 30
19 31
19 32
19 36
19 40
19 46
19 47
19 49
19 50
19 51
19 52
19 54
19 55
19 56
19 58
19 60
19 62
19 65
19 66
19 67
19 69
19 70
19 71
19 73
19 80
19 82
19 86
19 87
19 88
19 91
19 92
19 94
19 96
19 97
19 99
20 22
20 26
20 29
20 33
20 36
20 37
20 45
20 46
20 47
20 48
20 52
20 53
20 55
20 58
20 60
20 61
20 62
20 64
20 65
20 66
20 68
20 69
20 71
20 74
20 75
20 76
20 77
20 79
20 82
20 83
20 84
20 85
20 89
20 90
20 92
20 94
20 96
20 97
20 98
21 26
21 28
21 29
21 30
21 31
21 38
21 43
21 45
21 50
21 53
21 59
21 64
21 65
21 66
21 67
21 69
21 71
21 74
21 75
21 77
21 78
21 80
21 81
21 82
21 84
21 87
21 89
21 90
21 91
21 95
21 97
22 23
22 24
22 29
22 30
22 31
22 33
22 36
22 37
22 38
22 40
22 41
22 52
22 53
22 55
22 56
22 60
22 62
22 67
22 68
22 76
22 82
22 83
22 87
22 89
22 90
22 91
22 92
22 93
22 94
22 95
22 96
22 97
22 99
23 26
23 27
23 30
23 31
23 34
23 35
23 36
23 37
23 40
23 42
23 43
23 45
23 46
23 47
23 48
23 49
23 50
23 53
23 54
23 58
23 61
23 62
23 63
23 64
23 67
23 68
23 69
23 71
23 76
23 77
23 78
23 79
23 80
23 81
23 83
23 89
23 90
23 91
23 97
24 25
24 26
24 27
24 29
24 31
24 32
24 35
24 36
24 37
24 41
24 44
24 48
24 49
24 50
24 51
24 58
24 59
24 60
24 61
24 62
24 65
24 66
24 68
24 69
24 71
24 72
24 73
24 74
24 75
24 77
24 78
24 79
24 81
24 82
24 83
24 85
24 90
24 92
24 93
24 97
24 99
25 26
25 27
25 32
25 35
25 36
25 37
25 38
25 39
25 42
25 47
25 48
25 49
25 53
25 54
25 58
25 59
25 64
25 65
25 66
25 69
25 74
25 83
25 85
25 86
25 87
25 89
25 91
25 96
25 97
25 99
26 28
26 30
26 31
26 32
26 33
26 34
26 36
26 39
26 40
26 43
26 45
26 47
26 51
26 56
26 61
26 62
26 63
26 64
26 65
26 68
26 70
26 71
26 72
26 73
26 74
26 75
26 79
26 80
26 82
26 83
26 87
26 89
26 91
26 92
26 96
26 97
26 99
27 28
27 29
27 30
27 31
27 33
27 34
27 35
27 36
27 37
27 38
27 39
27 41
27 43
27 44
27 48
27 49
27 51
27 54
27 58
27 59
27 63
27 65
27 67
27 68
27 69
27 72
27 75
27 76
27 79
27 80
27 83
27 84
27 85
27 86
27 88
27 89
27 90
27 91
27 92
27 97
27 98
28 29
28 30
28 31
28 32
28 35
28 37
28 38
28 39
28 42
28 44
28 45
28 47
28 49
28 50
28 53
28 55
28 56
28 57
28 59
28 60
28 61
28 62
28 64
28 65
28 67
28 68
28 69
28 70
28 71
28 75
28 76
28 78
28 79
28 80
28 81
28 86
28 88
28 89
28 91
28 93
28 94
28 98
29 34
29 37
29 38
29 39
29 44
29 47
29 48
29 49
29 50
29 51
29 52
29 54
29 58
29 59
29 62
29 63
29 64
29 65
29 68
29 69
29 71
29 75
29 76
29 77
29 78
29 79
29 84
29 88
29 89
29 90
29 91
29 93
29 94
29 96
29 97
29 98
30 32
30 33
30 34
30 35
30 39
30 40
30 42
30 43
30 44
30 45
30 46
30 49
30 50
30 51
30 56
30 57
30 60
30 61
30 63
30 64
30 68
30 74
30 75
30 76
30 80
30 81
30 83
30 89
30 90
30 93
30 94
30 95
30 96
31 32
31 33
31 34
31 37
31 39
31 42
31 45
31 46
31 47
31 48
31 50
31 51
31 52
31 53
31 54
31 60
31 61
31 62
31 64
31 65
31 67
31 68
31 70
31 71
31 73
31 74
31 75
31 76
31 77
31 79
31 80
31 86
31 88
31 89
31 91
31 92
31 97
31 98
31 99
32 35
32 37
32 40
32 42
32 44
32 45
32 47
32 48
32 59
32 62
32 63
32 64
32 66
32 67
32 68
32 72
32 76
32 79
32 80
32 81
32 83
32 86
32 90
32 93
32 96
32 97
32 98
32 99
33 34
33 35
33 36
33 38
33 39
33 45
33 47
33 48
33 50
33 52
33 54
33 55
33 56
33 57
33 59
33 62
33 67
33 68
33 69
33 70
33 73
33 80
33 81
33 83
33 85
33 86
33 89
33 91
33 95
33 97
33 99
34 35
34 38
34 39
34 40
34 41
34 43
34 44
34 45
34 47
34 48
34 49
34 50
34 52
34 54
34 55
34 58
34 59
34 63
34 64
34 65
34 67
34 72
34 77
34 79
34 80
34 81
34 83
34 86
34 87
34 88
34 90
34 91
34 92
34 95
34 97
34 98
35 37
35 39
35 40
35 42
35 44
35 45
35 51
35 53
35 55
35 59
35 61
35 62
35 66
35 68
35 69
35 70
35 73
35 81
35 82
35 83
35 86
35 87
35 91
35 92
35 93
35 95
36 38
36 40
36 45
36 46
36 48
36 50
36 55
36 56
36 57
36 59
36 60
36 62
36 63
36 64
36 72
36 77
36 80
36 83
36 91
36 92
36 93
36 94
36 99
37 38
37 39
37 40
37 41
37 42
37 45
37 47
37 50
37 51
37 53
37 55
37 58
37 60
37 61
37 66
37 67
37 68
37 70
37 71
37 74
37 76
37 80
37 81
37 82
37 84
37 86
37 89
37 91
37 92
37 94
37 95
37 96
37 97
37 99
38 40
38 43
38 44
38 45
38 46
38 47
38 48
38 51
38 52
38 53
38 54
38 58
38 60
38 63
38 64
38 65
38 66
38 67
38 68
38 69
38 71
38 73
38 74
38 75
38 77
38 78
38 81
38 82
38 85
38 86
38 88
38 89
38 91
38 92
38 94
39 40
39 43
39 44
39 45
39 46
39 48
39 49
39 53
39 54
39 57
39 58
39 60
39 62
39 63
39 66
39 67
39 68
39 70
39 71
39 73
39 74
39 75
39 78
39 83
39 86
39 88
39 90
39 92
39 93
39 94
39 96
39 97
39 99
40 41
40 44
40 52
40 53
40 54
40 55
40 57
40 61
40 64
40 65
40 67
40 73
40 75
40 76
40 78
40 79
40 84
40 85
40 89
40 90
40 93
40 94
40 95
41 47
41 48
41 50
41 51
41 54
41 55
41 58
41 60
41 61
41 62
41 63
41 64
41 69
41 70
41 72
41 74
41 77
41 78
41 80
41 83
41 84
41 86
41 87
41 88
41 89
41 90
41 93
41 94
41 95
41 97
41 98
42 44
42 49
42 52
42 58
42 59
42 60
42 62
42 64
42 68
42 73
42 74
42 75
42 76
42 77
42 78
42 79
42 80
42 81
42 82
42 83
42 85
42 86
42 87
42 90
42 92
42 94
42 95
42 96
42 97
42 99
43 44
43 45
43 46
43 51
43 52
43 57
43 58
43 59
43 60
43 61
43 63
43 67
43 68
43 69
43 71
43 72
43 73
43 83
43 86
43 87
43 90
43 91
43 92
43 93
43 96
43 97
43 98
43 99
44 45
44 48
44 49
44 60
44 61
44 64
44 65
44 67
44 70
44 71
44 72
44 75
44 76
44 77
44 79
44 82
44 83
44 85
44 86
44 87
44 88
44 90
44 93
44 94
44 96
44 99
45 47
45 48
45 49
45 50
45 52
45 54
45 55
45 57
45 60
45 61
45 62
45 64
45 67
45 71
45 72
45 77
45 79
45 80
45 81
45 82
45 88
45 89
45 92
45 93
45 94
45 97
45 98
46 50
46 52
46 54
46 55
46 60
46 61
46 64
46 66
46 67
46 72
46 73
46 74
46 75
46 77
46 78
46 82
46 85
46 86
46 87
46 88
46 90
46 91
46 92
46 93
46 95
46 97
47 48
47 50
47 51
47 52
47 54
47 58
47 61
47 63
47 65
47 67
47 69
47 70
47 74
47 75
47 77
47 79
47 80
47 81
47 83
47 86
47 91
47 92
47 94
47 96
48 52
48 53
48 54
48 55
48 56
48 57
48 59
48 61
48 62
48 63
48 69
48 72
48 73
48 79
48 80
48 81
48 83
48 84
48 89
48 91
48 93
48 94
48 96
48 98
49 50
49 51
49 52
49 54
49 55
49 56
49 58
49 61
49 62
49 63
49 67
49 68
49 69
49 72
49 73
49 75
49 77
49 78
49 79
49 81
49 83
49 86
49 88
49 89
49 95
49 99
50 55
50 57
50 58
50 59
50 62
50 63
50 64
50 65
50 66
50 68
50 69
50 73
50 74
50 78
50 82
50 83
50 88
50 89
50 91
50 92
50 95
50 96
51 52
51 57
51 58
51 61
51 62
51 63
51 64
51 70
51 75
51 84
51 87
51 89
51 91
51 92
51 96
51 98
51 99
52 53
52 54
52 55
52 57
52 59
52 65
52 68
52 69
52 71
52 72
52 74
52 79
52 81
52 82
52 83
52 85
52 87
52 88
52 89
52 90
52 92
52 94
52 95
52 96
52 98
53 54
53 56
53 57
53 58
53 59
53 60
53 62
53 63
53 64
53 65
53 70
53 71
53 72
53 73
53 76
53 79
53 83
53 84
53 87
53 90
53 91
53 92
53 93
53 94
53 96
53 97
54 55
54 56
54 57
54 60
54 61
54 66
54 67
54 69
54 72
54 73
54 75
54 77
54 80
54 82
54 84
54 85
54 86
54 87
54 88
54 89
54 93
54 94
54 96
55 56
55 57
55 58
55 62
55 63
55 64
55 66
55 67
55 69
55 72
55 73
55 77
55 78
55 79
55 82
55 83
55 84
55 85
55 86
55 87
55 89
55 91
55 93
55 96
55 98
55 99
56 57
56 60
56 61
56 63
56 64
56 65
56 67
56 70
56 74
56 77
56 79
56 82
56 84
56 85
56 86
56 87
56 90
56 91
56 92
56 94
56 96
56 97
57 61
57 64
57 65
57 66
57 67
57 69
57 72
57 74
57 75
57 76
57 79
57 80
57 82
57 86
57 88
57 90
57 92
57 94
57 95
57 96
57 97
57 98
58 59
58 60
58 62
58 66
58 69
58 70
58 71
58 72
58 74
58 75
58 79
58 84
58 85
58 86
58 87
58 88
58 91
58 92
58 93
58 97
58 98
59 60
59 63
59 64
59 66
59 67
59 71
59 73
59 74
59 75
59 77
59 78
59 80
59 83
59 85
59 87
59 88
59 90
59 91
59 93
59 94
59 96
59 98
59 99
60 64
60 65
60 66
60 67
60 70
60 71
60 72
60 74
60 75
60 76
60 79
60 81
60 82
60 83
60 86
60 87
60 91
60 92
60 94
60 95
60 96
60 98
61 62
61 63
61 64
61 65
61 67
61 73
61 77
61 78
61 79
61 80
61 81
61 82
61 84
61 86
61 90
61 91
61 94
62 64
62 66
62 67
62 70
62 71
62 73
62 74
62 76
62 77
62 79
62 81
62 82
62 84
62 91
62 93
62 94
62 96
62 99
63 64
63 65
63 66
63 71
63 73
63 74
63 78
63 80
63 81
63 84
63 85
63 86
63 87
63 88
63 89
63 90
63 92
63 93
63 95
63 96
63 97
63 99
64 65
64 67
64 68
64 72
64 74
64 78
64 79
64 80
64 82
64 83
64 84
64 85
64 86
64 87
64 88
64 91
64 92
64 93
64 94
64 95
64 97
64 99
65 67
65 68
65 69
65 71
65 72
65 73
65 75
65 76
65 77
65 78
65 80
65 81
65 83
65 84
65 85
65 90
65 91
65 93
65 94
65 99
66 67
66 68
66 70
66 73
66 78
66 79
66 80
66 81
66 84
66 85
66 86
66 87
66 89
66 90
66 91
66 92
66 93
66 95
66 96
66 98
67 71
67 72
67 73
67 74
67 75
67 77
67 85
67 86
67 87
67 91
67 92
67 94
67 95
67 96
67 98
67 99
68 69
68 70
68 73
68 74
68 75
68 77
68 78
68 82
68 86
68 87
68 89
68 90
68 92
68 97
68 98
69 72
69 77
69 80
69 83
69 84
69 85
69 87
69 88
69 91
69 92
69 96
70 72
70 76
70 77
70 78
70 79
70 82
70 83
70 86
70 90
70 92
70 93
70 94
70 96
70 97
70 99
71 72
71 74
71 76
71 78
71 79
71 83
71 84
71 85
71 88
71 89
71 90
71 92
71 93
71 96
71 98
72 73
72 75
72 76
72 77
72 81
72 82
72 84
72 89
72 91
72 94
72 95
72 96
72 97
72 98
72 99
73 74
73 75
73 82
73 83
73 85
73 86
73 87
73 88
73 89
73 92
73 94
73 95
73 98
74 77
74 78
74 83
74 84
74 85
74 86
74 88
74 92
74 94
74 97
74 98
75 77
75 81
75 83
75 92
75 94
75 97
75 98
75 99
76 77
76 78
76 79
76 82
76 83
76 84
76 85
76 86
76 87
76 88
76 89
76 93
76 95
76 98
76 99
77 80
77 82
77 85
77 89
77 96
77 98
77 99
78 79
78 80
78 81
78 82
78 84
78 86
78 89
78 90
78 92
78 93
78 94
78 95
78 98
78 99
79 80
79 81
79 85
79 89
79 90
79 92
79 93
79 97
80 83
80 85
80 88
80 90
80 93
80 95
80 96
81 83
81 84
81 90
81 91
81 93
81 95
82 84
82 85
82 86
82 88
82 89
82 90
82 91
82 95
82 96
82 97
82 98
83 90
83 93
83 95
83 97
83 99
84 85
84 86
84 88
84 92
84 93
84 94
84 96
84 99
85 86
85 88
85 89
85 91
85 92
85 93
85 94
85 97
86 88
86 91
86 93
87 88
87 89
87 90
87 94
87 95
87 99
88 90
88 92
88 93
88 95
88 96
88 98
88 99
89 90
89 91
89 92
89 93
89 95
89 96
89 97
89 99
90 91
90 92
90 93
90 94
90 95
90 96
90 98
91 92
91 93
91 95
91 97
91 99
92 94
92 95
92 96
92 97
92 98
94 97
94 98
94 99
95 96
95 97
95 98
95 99
96 98
97 98
98 99
