0 1
0 7
0 9
0 10
0 11
0 12
0 14
0 16
0 17
0 19
0 20
0 26
0 30
0 34
0 36
0 37
0 38
0 40
0 41
0 42
0 43
0 44
0 47
0 48
0 49
0 53
0 54
0 55
0 57
0 66
0 68
0 71
0 73
0 74
0 75
0 77
0 78
0 79
0 82
0 83
0 86
0 87
0 89
0 91
0 94
0 95
0 96
0 97
0 98
0 99
1 2
1 4
1 11
1 13
1 15
1 17
1 19
1 25
1 30
1 32
1 33
1 34
1 35
1 37
1 42
1 46
1 47
1 48
1 49
1 51
1 53
1 57
1 58
1 60
1 61
1 62
1 65
1 68
1 69
1 71
1 72
1 74
1 77
1 78
1 80
1 82
1 83
1 84
1 85
1 88
1 91
1 93
1 94
1 96
1 97
1 98
2 6
2 7
2 9
2 11
2 13
2 14
2 15
2 20
2 21
2 22
2 23
2 24
2 25
2 26
2 27
2 31
2 35
2 36
2 37
2 38
2 43
2 44
2 47
2 48
2 50
2 51
2 52
2 53
2 54
2 55
2 58
2 59
2 61
2 63
2 64
2 65
2 68
2 71
2 73
2 75
2 76
2 77
2 81
2 88
2 89
2 90
2 92
2 93
2 94
2 95
2 96
2 99
3 5
3 7
3 9
3 10
3 12
3 14
3 15
3 16
3 17
3 18
3 21
3 23
3 31
3 32
3 37
3 43
3 44
3 45
3 49
3 52
3 53
3 58
3 59
3 61
3 65
3 74
3 77
3 78
3 80
3 82
3 83
3 85
3 87
3 90
3 92
3 96
3 97
4 5
4 8
4 9
4 11
4 12
4 13
4 14
4 17
4 19
4 20
4 21
4 23
4 24
4 25
4 28
4 30
4 31
4 34
4 36
4 38
4 39
4 40
4 42
4 43
4 45
4 47
4 48
4 49
4 50
4 55
4 58
4 61
4 62
4 63
4 65
4 73
4 74
4 76
4 77
4 82
4 84
4 88
4 91
4 95
4 98
5 10
5 12
5 14
5 17
5 22
5 26
5 29
5 31
5 34
5 40
5 41
5 43
5 45
5 46
5 47
5 48
5 52
5 53
5 55
5 56
5 57
5 58
5 60
5 62
5 63
5 64
5 67
5 69
5 70
5 71
5 72
5 73
5 74
5 76
5 78
5 79
5 81
5 82
5 83
5 85
5 87
5 88
5 92
5 96
5 98
5 99
6 7
6 10
6 11
6 12
6 15
6 16
6 20
6 21
6 23
6 24
6 25
6 26
6 28
6 31
6 33
6 34
6 36
6 37
6 38
6 39
6 41
6 42
6 44
6 45
6 46
6 49
6 51
6 52
6 55
6 56
6 58
6 59
6 61
6 63
6 64
6 67
6 69
6 70
6 72
6 76
6 81
6 87
6 90
6 91
6 92
6 93
6 95
6 97
7 10
7 13
7 16
7 18
7 21
7 22
7 23
7 24
7 30
7 32
7 33
7 34
7 35
7 36
7 39
7 44
7 46
7 47
7 49
7 52
7 55
7 56
7 59
7 61
7 63
7 64
7 65
7 66
7 67
7 68
7 70
7 72
7 74
7 77
7 78
7 79
7 82
7 87
7 88
7 89
7 90
7 91
7 92
7 94
7 96
7 98
8 9
8 11
8 12
8 13
8 14
8 15
8 17
8 18
8 19
8 22
8 23
8 26
8 28
8 29
8 30
8 32
8 35
8 36
8 37
8 39
8 40
8 43
8 44
8 45
8 48
8 49
8 51
8 55
8 56
8 57
8 58
8 59
8 64
8 65
8 66
8 69
8 70
8 71
8 73
8 75
8 77
8 79
8 80
8 83
8 85
8 87
8 89
8 91
8 93
8 94
8 97
9 10
9 13
9 14
9 15
9 16
9 20
9 22
9 24
9 25
9 28
9 29
9 31
9 32
9 33
9 35
9 39
9 41
9 42
9 44
9 47
9 48
9 50
9 52
9 53
9 54
9 55
9 62
9 64
9 65
9 68
9 69
9 70
9 71
9 73
9 75
9 76
9 79
9 80
9 81
9 82
9 83
9 86
9 87
9 93
9 94
9 95
9 97
9 98
10 11
10 12
10 15
10 19
10 22
10 23
10 25
10 26
10 27
10 28
10 29
10 31
10 32
10 34
10 38
10 39
10 40
10 42
10 44
10 45
10 46
10 47
10 49
10 51
10 53
10 54
10 55
10 57
10 60
10 61
10 62
10 63
10 66
10 69
10 71
10 72
10 74
10 75
10 76
10 79
10 81
10 82
10 83
10 84
10 87
10 88
10 93
10 94
10 96
10 97
10 98
10 99
11 14
11 15
11 16
11 17
11 26
11 28
11 30
11 34
11 35
11 37
11 38
11 40
11 42
11 45
11 48
11 49
11 50
11 51
11 53
11 54
11 55
11 57
11 59
11 60
11 62
11 66
11 67
11 70
11 71
11 73
11 75
11 76
11 80
11 85
11 92
11 93
11 95
11 97
11 98
12 14
12 15
12 18
12 19
12 20
12 21
12 23
12 24
12 25
12 27
12 29
12 30
12 31
12 34
12 36
12 37
12 38
12 41
12 44
12 47
12 49
12 53
12 54
12 55
12 56
12 57
12 58
12 59
12 61
12 62
12 67
12 71
12 72
12 74
12 75
12 77
12 79
12 82
12 83
12 84
12 86
12 87
12 91
12 93
12 98
12 99
13 15
13 19
13 24
13 26
13 28
13 29
13 30
13 31
13 32
13 33
13 34
13 35
13 38
13 39
13 42
13 43
13 44
13 47
13 48
13 49
13 50
13 52
13 56
13 60
13 61
13 63
13 65
13 66
13 73
13 74
13 75
13 76
13 78
13 79
13 80
13 86
13 90
13 98
14 15
14 16
14 17
14 19
14 20
14 21
14 27
14 28
14 29
14 30
14 33
14 34
14 35
14 38
14 39
14 40
14 43
14 44
14 45
14 46
14 47
14 48
14 51
14 53
14 55
14 56
14 59
14 62
14 64
14 65
14 67
14 68
14 70
14 72
14 73
14 75
14 78
14 80
14 81
14 82
14 84
14 87
14 89
14 90
14 92
14 93
14 95
14 98
15 17
15 18
15 19
15 21
15 22
15 23
15 24
15 25
15 26
15 27
15 29
15 30
15 32
15 33
15 35
15 37
15 40
15 42
15 43
15 47
15 48
15 50
15 51
15 52
15 55
15 60
15 61
15 62
15 64
15 66
15 67
15 69
15 70
15 72
15 74
15 75
15 76
15 78
15 82
15 87
15 89
15 90
15 91
15 92
15 94
15 97
15 98
15 99
16 18
16 20
16 24
16 26
16 28
16 31
16 32
16 33
16 38
16 40
16 41
16 42
16 44
16 47
16 48
16 53
16 56
16 60
16 61
16 62
16 63
16 64
16 65
16 67
16 69
16 71
16 73
16 74
16 79
16 80
16 82
16 85
16 88
16 90
16 91
16 93
16 98
17 18
17 19
17 21
17 24
17 25
17 26
17 27
17 28
17 33
17 34
17 39
17 41
17 42
17 44
17 45
17 47
17 49
17 50
17 51
17 52
17 56
17 58
17 59
17 63
17 64
17 66
17 70
17 71
17 72
17 75
17 78
17 79
17 81
17 84
17 85
17 86
17 89
17 91
17 93
17 94
17 96
17 97
17 98
18 24
18 26
18 27
18 28
18 29
18 30
18 31
18 32
18 34
18 36
18 38
18 39
18 40
18 42
18 43
18 45
18 47
18 48
18 49
18 56
18 59
18 66
18 69
18 72
18 75
18 76
18 79
18 80
18 83
18 84
18 85
18 87
18 89
18 91
18 92
18 93
18 94
18 95
18 96
18 99
19 23
19 24
19 28
19 30
19 31
19 32
19 33
19 34
19 37
19 40
19 43
19 44
19 47
19 48
19 50
19 54
19 55
19 56
19 57
19 59
19 61
19 62
19 63
19 64
19 66
19 68
19 71
19 73
19 74
19 75
19 77
19 78
19 79
19 80
19 82
19 83
19 85
19 88
19 89
19 90
19 92
19 93
19 95
19 98
20 23
20 25
20 26
20 29
20 30
20 32
20 33
20 34
20 35
20 38
20 41
20 42
20 44
20 46
20 49
20 50
20 53
20 56
20 58
20 59
20 61
20 63
20 65
20 67
20 72
20 73
20 74
20 77
20 79
20 83
20 84
20 87
20 91
20 92
20 93
20 94
20 95
20 97
20 99
21 22
21 24
21 25
21 27
21 30
21 31
21 32
21 36
21 39
21 42
21 43
21 46
21 47
21 49
21 50
21 54
21 56
21 64
21 65
21 67
21 69
21 71
21 72
21 73
21 75
21 77
21 78
21 80
21 81
21 83
21 86
21 89
21 91
21 92
21 93
21 94
21 95
21 97
21 99
22 23
22 24
22 31
22 32
22 33
22 35
22 37
22 38
22 39
22 41
22 42
22 43
22 45
22 46
22 47
22 49
22 50
22 53
22 54
22 56
22 61
22 62
22 65
22 66
22 67
22 72
22 74
22 75
22 76
22 79
22 80
22 81
22 82
22 84
22 85
22 92
22 94
22 98
22 99
23 26
23 27
23 28
23 32
23 35
23 38
23 39
23 40
23 42
23 45
23 47
23 50
23 53
23 54
23 62
23 64
23 68
23 69
23 70
23 71
23 72
23 81
23 83
23 86
23 89
23 90
23 93
23 97
23 98
24 26
24 27
24 28
24 32
24 33
24 34
24 36
24 37
24 39
24 41
24 43
24 45
24 46
24 47
24 49
24 50
24 54
24 58
24 60
24 62
24 63
24 67
24 68
24 69
24 70
24 71
24 72
24 77
24 78
24 79
24 83
24 84
24 86
24 87
24 88
24 92
24 95
24 97
24 98
24 99
25 27
25 29
25 34
25 35
25 36
25 40
25 41
25 47
25 49
25 50
25 51
25 55
25 56
25 57
25 59
25 64
25 65
25 66
25 69
25 73
25 81
25 83
25 84
25 85
25 89
25 93
25 95
25 96
25 98
26 28
26 31
26 32
26 33
26 35
26 36
26 38
26 40
26 46
26 49
26 50
26 51
26 54
26 59
26 65
26 68
26 69
26 70
26 71
26 72
26 76
26 79
26 80
26 83
26 84
26 89
26 92
27 28
27 30
27 32
27 33
27 36
27 39
27 40
27 41
27 42
27 44
27 45
27 46
27 50
27 51
27 52
27 54
27 56
27 58
27 59
27 61
27 65
27 66
27 67
27 69
27 70
27 74
27 77
27 81
27 83
27 87
27 89
27 90
27 91
27 92
27 94
27 96
28 29
28 34
28 41
28 42
28 45
28 46
28 47
28 49
28 52
28 53
28 55
28 56
28 58
28 59
28 61
28 63
28 66
28 67
28 72
28 73
28 74
28 77
28 79
28 84
28 85
28 91
28 92
28 93
29 30
29 32
29 34
29 35
29 39
29 40
29 41
29 49
29 52
29 54
29 56
29 60
29 64
29 66
29 68
29 70
29 72
29 76
29 78
29 80
29 82
29 84
29 88
29 89
29 90
29 91
29 92
29 97
29 98
30 32
30 33
30 34
30 38
30 40
30 41
30 42
30 43
30 45
30 50
30 52
30 54
30 56
30 63
30 65
30 68
30 69
30 70
30 74
30 75
30 77
30 79
30 81
30 83
30 84
30 88
30 93
30 95
30 96
30 97
30 99
31 32
31 34
31 35
31 37
31 38
31 40
31 42
31 46
31 49
31 50
31 51
31 52
31 54
31 55
31 61
31 63
31 64
31 66
31 67
31 68
31 70
31 75
31 76
31 77
31 80
31 81
31 82
31 83
31 84
31 86
31 87
31 90
31 91
31 95
32 34
32 36
32 37
32 38
32 44
32 48
32 49
32 51
32 53
32 54
32 57
32 58
32 62
32 63
32 66
32 69
32 71
32 72
32 75
32 76
32 79
32 83
32 91
32 92
32 93
32 95
32 97
32 99
33 34
33 36
33 37
33 39
33 40
33 42
33 43
33 45
33 46
33 47
33 50
33 51
33 55
33 57
33 61
33 63
33 65
33 69
33 72
33 73
33 76
33 80
33 81
33 83
33 84
33 88
33 89
33 93
33 95
33 96
33 97
33 99
34 35
34 37
34 41
34 42
34 43
34 44
34 46
34 49
34 51
34 52
34 54
34 55
34 56
34 57
34 58
34 59
34 62
34 69
34 74
34 75
34 76
34 82
34 83
34 85
34 88
34 89
34 90
34 92
34 93
34 96
34 97
34 98
34 99
35 36
35 37
35 38
35 40
35 41
35 43
35 44
35 45
35 46
35 47
35 48
35 50
35 53
35 55
35 57
35 58
35 59
35 60
35 62
35 64
35 74
35 75
35 76
35 78
35 79
35 81
35 83
35 84
35 89
35 94
35 96
35 97
35 99
36 38
36 40
36 44
36 51
36 52
36 54
36 57
36 58
36 60
36 61
36 62
36 63
36 64
36 66
36 67
36 71
36 73
36 74
36 75
36 78
36 82
36 84
36 86
36 87
36 89
36 93
36 94
36 95
36 96
37 43
37 44
37 46
37 48
37 52
37 54
37 56
37 59
37 60
37 62
37 64
37 65
37 67
37 69
37 71
37 72
37 79
37 84
37 85
37 87
37 89
37 91
37 92
37 93
37 95
37 97
37 98
38 39
38 41
38 45
38 46
38 47
38 51
38 53
38 56
38 57
38 58
38 60
38 62
38 64
38 67
38 68
38 69
38 70
38 71
38 72
38 73
38 76
38 77
38 78
38 80
38 81
38 82
38 84
38 85
38 87
38 91
38 93
38 94
38 95
38 99
39 42
39 45
39 47
39 49
39 50
39 52
39 53
39 55
39 57
39 59
39 63
39 64
39 65
39 67
39 68
39 74
39 79
39 81
39 84
39 90
39 91
39 94
40 41
40 43
40 47
40 48
40 51
40 52
40 53
40 56
40 58
40 59
40 62
40 63
40 65
40 66
40 67
40 72
40 76
40 77
40 78
40 80
40 81
40 82
40 88
40 89
40 92
40 94
40 95
40 97
40 98
41 43
41 44
41 46
41 48
41 49
41 51
41 52
41 57
41 60
41 61
41 62
41 63
41 64
41 69
41 70
41 71
41 73
41 75
41 77
41 78
41 81
41 83
41 87
41 88
41 89
41 91
41 93
41 95
41 96
42 48
42 50
42 53
42 56
42 57
42 58
42 64
42 65
42 67
42 68
42 69
42 70
42 71
42 73
42 75
42 80
42 83
42 85
42 90
42 91
42 94
42 95
42 96
42 97
42 99
43 44
43 47
43 50
43 51
43 52
43 53
43 54
43 56
43 57
43 59
43 61
43 62
43 63
43 64
43 66
43 72
43 74
43 75
43 76
43 78
43 80
43 81
43 82
43 85
43 87
43 88
43 93
43 94
43 95
43 96
44 45
44 50
44 53
44 55
44 61
44 63
44 64
44 68
44 71
44 72
44 73
44 75
44 76
44 77
44 79
44 81
44 83
44 86
44 88
44 91
44 93
44 96
44 97
45 46
45 47
45 48
45 49
45 51
45 53
45 55
45 56
45 57
45 58
45 61
45 66
45 68
45 69
45 71
45 72
45 75
45 76
45 77
45 78
45 79
45 83
45 85
45 88
45 90
45 93
45 95
45 96
46 47
46 48
46 50
46 53
46 55
46 56
46 57
46 58
46 59
46 61
46 62
46 63
46 64
46 66
46 67
46 69
46 70
46 71
46 73
46 75
46 76
46 77
46 78
46 84
46 87
46 89
46 90
46 91
46 92
46 96
47 49
47 51
47 52
47 53
47 54
47 56
47 57
47 58
47 60
47 62
47 63
47 68
47 70
47 71
47 74
47 75
47 79
47 82
47 85
47 86
47 87
47 88
47 91
47 93
47 94
47 99
48 50
48 52
48 55
48 57
48 58
48 65
48 68
48 70
48 73
48 76
48 78
48 80
48 81
48 82
48 84
48 88
48 91
48 93
48 94
48 96
48 97
48 98
48 99
49 51
49 54
49 58
49 62
49 64
49 65
49 66
49 70
49 71
49 74
49 75
49 76
49 78
49 79
49 80
49 85
49 86
49 87
49 91
49 94
49 95
49 97
49 98
50 53
50 54
50 56
50 58
50 59
50 65
50 70
50 71
50 76
50 79
50 82
50 83
50 87
50 89
50 95
50 98
51 53
51 59
51 61
51 65
51 66
51 73
51 75
51 76
51 78
51 81
51 84
51 85
51 86
51 88
51 89
51 90
51 92
51 93
51 95
51 98
51 99
52 54
52 56
52 59
52 63
52 64
52 66
52 68
52 73
52 75
52 76
52 78
52 80
52 82
52 83
52 85
52 86
52 87
52 90
52 91
52 92
52 95
52 97
52 99
53 54
53 55
53 56
53 59
53 63
53 65
53 66
53 67
53 68
53 69
53 73
53 74
53 75
53 79
53 80
53 81
53 82
53 83
53 84
53 85
53 86
53 87
53 88
53 91
53 92
53 93
53 94
53 95
53 98
54 57
54 59
54 60
54 61
54 68
54 69
54 71
54 72
54 74
54 75
54 77
54 78
54 80
54 81
54 82
54 85
54 86
54 87
54 88
54 89
54 92
54 95
54 96
54 97
54 98
55 56
55 57
55 59
55 60
55 61
55 64
55 66
55 69
55 70
55 71
55 72
55 74
55 75
55 76
55 77
55 79
55 81
55 82
55 85
55 86
55 87
55 88
55 90
55 94
55 95
55 96
56 57
56 59
56 62
56 64
56 66
56 67
56 77
56 80
56 84
56 85
56 90
56 93
56 94
56 98
57 58
57 59
57 61
57 65
57 66
57 67
57 69
57 70
57 72
57 73
57 74
57 78
57 82
57 84
57 85
57 87
57 88
57 90
57 91
57 93
57 96
57 97
57 98
57 99
58 59
58 61
58 63
58 65
58 66
58 67
58 68
58 71
58 81
58 82
58 84
58 86
58 87
58 90
58 92
58 93
58 94
58 95
58 96
58 99
59 60
59 61
59 62
59 64
59 65
59 67
59 69
59 72
59 73
59 76
59 78
59 81
59 82
59 85
59 87
59 88
59 89
59 96
59 98
60 61
60 62
60 63
60 64
60 67
60 71
60 75
60 81
60 82
60 83
60 88
60 90
60 91
60 93
60 94
60 95
60 99
61 62
61 63
61 67
61 68
61 69
61 70
61 71
61 72
61 73
61 74
61 75
61 76
61 77
61 80
61 82
61 83
61 84
61 88
61 92
61 94
61 95
61 96
62 64
62 66
62 67
62 68
62 70
62 72
62 74
62 75
62 76
62 77
62 79
62 81
62 84
62 85
62 86
62 87
62 90
62 94
62 96
62 98
62 99
63 64
63 65
63 66
63 67
63 69
63 70
63 71
63 72
63 76
63 79
63 80
63 81
63 82
63 85
63 90
63 93
63 95
63 99
64 65
64 66
64 75
64 77
64 80
64 82
64 84
64 87
64 88
64 89
64 91
64 92
64 93
64 96
65 66
65 69
65 70
65 71
65 72
65 73
65 78
65 81
65 82
65 85
65 87
65 90
65 91
65 94
65 95
65 96
65 98
66 67
66 68
66 69
66 70
66 71
66 77
66 80
66 82
66 84
66 87
66 91
66 94
66 95
67 68
67 69
67 71
67 72
67 74
67 80
67 83
67 85
67 86
67 87
67 88
67 89
67 91
67 95
67 96
67 97
67 99
68 70
68 71
68 72
68 74
68 76
68 78
68 81
68 83
68 85
68 87
68 89
68 91
68 92
68 94
68 95
68 96
68 97
68 99
69 70
69 71
69 75
69 76
69 77
69 79
69 81
69 84
69 85
69 87
69 90
69 91
69 94
69 97
69 98
69 99
70 72
70 73
70 76
70 77
70 79
70 81
70 82
70 83
70 85
70 86
70 88
70 91
70 92
70 94
70 96
70 97
70 99
71 72
71 74
71 75
71 77
71 81
71 82
71 84
71 85
71 87
71 88
71 90
71 91
71 92
71 93
71 94
71 97
71 98
71 99
72 73
72 74
72 75
72 76
72 77
72 79
72 82
72 84
72 85
72 86
72 87
72 89
72 91
72 92
72 94
72 95
72 96
72 97
72 98
73 76
73 78
73 82
73 85
73 88
73 89
73 95
73 97
73 98
74 75
74 78
74 81
74 82
74 86
74 87
74 88
74 89
74 90
74 94
74 98
74 99
75 77
75 79
75 80
75 81
75 82
75 83
75 86
75 87
75 89
75 91
75 95
75 97
75 99
76 77
76 78
76 80
76 84
76 86
76 87
76 89
76 91
76 92
76 97
76 98
77 78
77 79
77 80
77 85
77 86
77 87
77 88
77 89
77 91
77 92
77 93
77 95
77 98
77 99
78 81
78 82
78 86
78 87
78 89
78 90
78 93
78 94
78 96
78 97
79 80
79 81
79 82
79 83
79 84
79 87
79 89
79 91
79 93
79 94
79 96
79 97
79 99
80 83
80 84
80 86
80 88
80 91
80 95
80 97
80 98
81 82
81 85
81 86
81 88
81 96
81 97
81 98
82 90
82 92
82 93
82 95
82 96
82 97
83 87
83 90
83 91
83 95
83 97
83 99
84 87
84 96
84 97
84 98
84 99
85 86
85 91
85 96
85 98
86 88
86 89
86 91
86 92
86 93
86 95
86 96
86 97
86 99
87 89
87 91
87 92
87 95
88 89
88 97
89 90
89 94
90 91
90 92
90 93
91 94
91 95
91 97
92 94
92 95
93 95
93 96
93 99
94 95
94 96
94 97
94 98
95 97
95 98
95 99
96 97
97 99
98 99
