0 2
0 3
0 4
0 5
0 7
0 9
0 12
0 15
0 18
0 21
0 23
0 24
0 26
0 28
0 29
0 31
0 32
0 35
0 37
0 38
0 41
0 42
0 43
0 45
0 49
0 50
0 57
0 61
0 62
0 64
0 65
0 68
0 69
0 73
0 74
0 75
0 78
0 79
0 83
0 87
0 88
0 89
0 93
0 95
0 96
1 2
1 7
1 9
1 10
1 11
1 14
1 15
1 18
1 19
1 20
1 21
1 22
1 23
1 24
1 27
1 28
1 29
1 30
1 31
1 32
1 33
1 34
1 35
1 38
1 40
1 41
1 45
1 47
1 49
1 51
1 52
1 58
1 59
1 60
1 61
1 65
1 67
1 68
1 69
1 71
1 73
1 74
1 76
1 78
1 79
1 83
1 85
1 86
1 87
1 88
1 90
1 93
1 96
1 99
2 3
2 5
2 6
2 9
2 12
2 15
2 16
2 17
2 19
2 22
2 25
2 26
2 29
2 30
2 34
2 41
2 42
2 44
2 46
2 47
2 48
2 51
2 52
2 56
2 57
2 58
2 59
2 60
2 65
2 67
2 71
2 76
2 77
2 78
2 81
2 83
2 84
2 88
2 89
2 90
2 92
2 94
2 96
2 99
3 4
3 7
3 11
3 13
3 14
3 15
3 16
3 17
3 18
3 24
3 25
3 26
3 28
3 30
3 31
3 33
3 34
3 35
3 37
3 39
3 40
3 42
3 43
3 44
3 45
3 46
3 49
3 50
3 51
3 53
3 55
3 57
3 58
3 59
3 63
3 64
3 65
3 66
3 67
3 68
3 71
3 72
3 77
3 81
3 83
3 88
3 91
3 92
3 96
3 98
4 6
4 7
4 10
4 12
4 15
4 16
4 20
4 21
4 22
4 23
4 24
4 25
4 26
4 35
4 36
4 42
4 46
4 47
4 48
4 49
4 51
4 52
4 53
4 58
4 59
4 62
4 65
4 70
4 72
4 75
4 76
4 77
4 78
4 82
4 84
4 85
4 89
4 90
4 92
4 93
4 96
4 97
4 98
5 8
5 9
5 10
5 11
5 13
5 16
5 18
5 22
5 23
5 25
5 26
5 27
5 28
5 29
5 30
5 35
5 38
5 39
5 41
5 44
5 45
5 46
5 47
5 48
5 49
5 51
5 52
5 55
5 56
5 60
5 61
5 62
5 63
5 65
5 69
5 70
5 73
5 75
5 76
5 77
5 79
5 82
5 83
5 84
5 89
5 93
5 95
5 96
5 97
5 99
6 7
6 12
6 17
6 18
6 22
6 29
6 30
6 31
6 32
6 34
6 35
6 37
6 38
6 40
6 41
6 42
6 47
6 48
6 49
6 50
6 52
6 53
6 54
6 55
6 58
6 62
6 63
6 64
6 71
6 72
6 74
6 77
6 79
6 80
6 83
6 84
6 89
6 93
6 96
6 97
6 99
7 8
7 14
7 20
7 23
7 28
7 29
7 31
7 32
7 34
7 38
7 40
7 41
7 42
7 43
7 44
7 48
7 52
7 55
7 57
7 59
7 60
7 61
7 63
7 64
7 65
7 66
7 67
7 71
7 72
7 74
7 75
7 77
7 79
7 80
7 81
7 87
7 89
7 94
7 97
7 99
8 10
8 11
8 19
8 20
8 21
8 22
8 23
8 24
8 26
8 27
8 28
8 29
8 34
8 35
8 40
8 41
8 42
8 43
8 47
8 50
8 54
8 57
8 58
8 59
8 60
8 65
8 66
8 67
8 69
8 71
8 73
8 74
8 75
8 76
8 78
8 80
8 81
8 82
8 83
8 87
8 91
8 92
8 94
8 95
8 96
8 98
8 99
9 10
9 11
9 14
9 17
9 18
9 19
9 20
9 21
9 26
9 27
9 32
9 36
9 38
9 39
9 42
9 43
9 45
9 47
9 48
9 53
9 54
9 55
9 56
9 58
9 61
9 63
9 64
9 65
9 67
9 68
9 71
9 77
9 82
9 83
9 84
9 85
9 86
9 87
9 88
9 91
9 95
9 98
9 99
10 16
10 18
10 19
10 20
10 25
10 26
10 27
10 28
10 29
10 30
10 31
10 34
10 35
10 39
10 45
10 46
10 48
10 50
10 51
10 52
10 57
10 59
10 62
10 63
10 65
10 67
10 69
10 70
10 73
10 74
10 75
10 76
10 77
10 78
10 79
10 81
10 86
10 88
10 90
10 91
10 98
10 99
11 15
11 16
11 17
11 18
11 21
11 24
11 25
11 26
11 27
11 29
11 31
11 32
11 35
11 36
11 39
11 44
11 45
11 46
11 47
11 54
11 55
11 56
11 57
11 58
11 59
11 62
11 63
11 65
11 66
11 68
11 70
11 72
11 75
11 77
11 79
11 80
11 82
11 88
11 90
11 92
11 94
11 97
11 98
11 99
12 14
12 20
12 21
12 26
12 29
12 31
12 32
12 34
12 36
12 38
12 40
12 42
12 43
12 44
12 45
12 48
12 50
12 53
12 54
12 55
12 56
12 57
12 58
12 59
12 61
12 62
12 63
12 64
12 67
12 68
12 70
12 72
12 73
12 74
12 76
12 78
12 81
12 83
12 84
12 86
12 87
12 88
12 89
12 91
12 94
12 96
12 98
13 15
13 16
13 17
13 20
13 22
13 23
13 35
13 37
13 39
13 42
13 47
13 48
13 50
13 51
13 53
13 57
13 63
13 65
13 66
13 70
13 71
13 73
13 76
13 77
13 79
13 81
13 82
13 83
13 84
13 86
13 95
13 96
13 98
14 15
14 17
14 20
14 21
14 23
14 24
14 26
14 27
14 28
14 30
14 33
14 34
14 35
14 39
14 41
14 44
14 46
14 47
14 49
14 50
14 52
14 53
14 54
14 55
14 56
14 57
14 58
14 59
14 61
14 65
14 66
14 68
14 69
14 71
14 72
14 73
14 77
14 78
14 80
14 81
14 82
14 83
14 87
14 91
14 93
14 94
14 95
14 96
14 98
15 19
15 22
15 26
15 28
15 36
15 37
15 38
15 39
15 40
15 42
15 43
15 46
15 47
15 48
15 50
15 52
15 56
15 57
15 58
15 59
15 63
15 66
15 68
15 70
15 73
15 77
15 80
15 81
15 82
15 85
15 91
15 92
15 93
15 94
15 96
15 98
16 18
16 20
16 21
16 24
16 26
16 28
16 31
16 32
16 35
16 36
16 40
16 41
16 43
16 46
16 47
16 49
16 50
16 51
16 52
16 54
16 55
16 56
16 64
16 65
16 66
16 68
16 69
16 71
16 72
16 76
16 77
16 80
16 81
16 83
16 84
16 87
16 90
16 91
16 94
16 97
16 98
17 19
17 21
17 22
17 23
17 28
17 29
17 30
17 31
17 32
17 33
17 36
17 38
17 39
17 43
17 45
17 46
17 47
17 52
17 55
17 57
17 59
17 60
17 61
17 65
17 66
17 67
17 68
17 69
17 72
17 74
17 76
17 77
17 78
17 79
17 81
17 85
17 87
17 92
17 93
17 94
17 95
17 97
17 98
18 20
18 21
18 22
18 23
18 26
18 27
18 28
18 29
18 32
18 34
18 36
18 37
18 42
18 44
18 48
18 51
18 52
18 53
18 54
18 55
18 56
18 58
18 61
18 66
18 68
18 72
18 73
18 74
18 82
18 83
18 87
18 88
18 90
18 91
18 92
18 93
18 96
18 99
19 20
19 21
19 22
19 24
19 26
19 27
19 29
19 30
19 31
19 32
19 35
19 39
19 40
19 41
19 42
19 43
19 45
19 46
19 47
19 48
19 49
19 51
19 52
19 54
19 55
19 61
19 63
19 64
19 66
19 70
19 71
19 78
19 79
19 82
19 83
19 84
19 85
19 86
19 87
19 88
19 90
19 91
19 95
19 96
19 97
19 98
19 99
20 21
20 23
20 24
20 28
20 30
20 31
20 32
20 33
20 34
20 36
20 37
20 40
20 41
20 44
20 45
20 49
20 51
20 52
20 54
20 55
20 56
20 57
20 58
20 61
20 62
20 63
20 64
20 65
20 67
20 69
20 72
20 74
20 77
20 78
20 82
20 83
20 86
20 87
20 88
20 90
20 91
20 93
20 96
20 98
20 99
21 22
21 25
21 27
21 31
21 33
21 37
21 38
21 39
21 41
21 42
21 45
21 46
21 48
21 49
21 50
21 51
21 57
21 58
21 59
21 62
21 64
21 65
21 66
21 68
21 69
21 70
21 72
21 74
21 75
21 77
21 79
21 82
21 84
21 89
21 90
21 91
21 92
21 97
21 99
22 24
22 25
22 26
22 27
22 28
22 29
22 30
22 32
22 33
22 35
22 36
22 38
22 39
22 40
22 41
22 43
22 44
22 46
22 48
22 49
22 50
22 51
22 52
22 57
22 58
22 63
22 65
22 67
22 68
22 70
22 73
22 74
22 75
22 77
22 82
22 87
22 88
22 89
22 90
22 91
22 94
22 95
22 96
22 98
23 25
23 29
23 30
23 33
23 36
23 38
23 41
23 44
23 45
23 49
23 52
23 58
23 60
23 61
23 64
23 71
23 72
23 77
23 79
23 80
23 81
23 82
23 84
23 85
23 87
23 89
23 91
23 92
23 94
23 95
23 96
24 25
24 26
24 27
24 28
24 32
24 33
24 35
24 36
24 37
24 38
24 39
24 40
24 41
24 44
24 45
24 49
24 51
24 53
24 54
24 55
24 56
24 58
24 59
24 60
24 61
24 62
24 67
24 68
24 70
24 73
24 75
24 79
24 80
24 81
24 83
24 84
24 86
24 88
24 89
24 90
24 91
24 94
24 96
24 98
25 26
25 27
25 28
25 30
25 32
25 34
25 35
25 37
25 38
25 40
25 41
25 43
25 44
25 45
25 49
25 50
25 52
25 53
25 54
25 60
25 64
25 67
25 68
25 71
25 72
25 73
25 75
25 76
25 79
25 80
25 83
25 85
25 87
25 89
25 90
25 91
25 93
25 96
26 27
26 29
26 31
26 32
26 33
26 35
26 36
26 38
26 40
26 43
26 46
26 47
26 49
26 50
26 51
26 53
26 54
26 56
26 57
26 60
26 62
26 65
26 66
26 67
26 71
26 72
26 73
26 75
26 76
26 80
26 85
26 92
26 94
26 96
26 97
26 98
26 99
27 28
27 29
27 30
27 31
27 35
27 38
27 41
27 42
27 45
27 47
27 48
27 49
27 52
27 54
27 56
27 57
27 58
27 60
27 61
27 62
27 63
27 64
27 66
27 68
27 69
27 70
27 73
27 74
27 76
27 77
27 78
27 80
27 82
27 84
27 85
27 86
27 90
27 93
27 96
27 97
27 98
27 99
28 29
28 31
28 35
28 36
28 38
28 40
28 42
28 45
28 49
28 51
28 53
28 56
28 58
28 60
28 61
28 62
28 64
28 65
28 66
28 68
28 69
28 70
28 71
28 72
28 74
28 78
28 79
28 80
28 83
28 85
28 86
28 88
28 89
28 90
28 91
28 92
28 93
28 94
28 96
28 98
28 99
29 30
29 32
29 33
29 38
29 40
29 48
29 49
29 52
29 56
29 62
29 63
29 64
29 66
29 70
29 71
29 76
29 77
29 82
29 84
29 85
29 86
29 87
29 88
29 89
29 90
29 91
29 93
29 95
29 96
29 97
29 98
29 99
30 31
30 33
30 34
30 38
30 39
30 42
30 44
30 48
30 52
30 53
30 55
30 60
30 61
30 63
30 65
30 66
30 68
30 69
30 70
30 72
30 76
30 77
30 78
30 81
30 82
30 83
30 85
30 90
30 91
30 92
30 95
30 99
31 35
31 36
31 37
31 38
31 40
31 42
31 44
31 50
31 52
31 57
31 58
31 59
31 60
31 61
31 62
31 64
31 66
31 67
31 68
31 69
31 71
31 72
31 73
31 77
31 78
31 79
31 81
31 82
31 83
31 84
31 86
31 87
31 89
31 90
31 91
31 94
31 99
32 35
32 39
32 41
32 44
32 46
32 48
32 52
32 54
32 55
32 59
32 60
32 61
32 63
32 64
32 69
32 70
32 73
32 77
32 80
32 84
32 86
32 88
32 89
32 99
33 34
33 35
33 36
33 38
33 41
33 43
33 45
33 46
33 50
33 57
33 59
33 65
33 67
33 68
33 69
33 70
33 73
33 74
33 75
33 76
33 78
33 80
33 82
33 84
33 87
33 89
33 91
33 92
33 95
33 97
33 98
34 37
34 38
34 42
34 43
34 46
34 48
34 49
34 50
34 52
34 55
34 56
34 59
34 60
34 65
34 67
34 68
34 70
34 72
34 73
34 75
34 79
34 81
34 82
34 83
34 84
34 85
34 86
34 89
34 90
34 95
34 98
35 36
35 37
35 38
35 40
35 48
35 49
35 51
35 52
35 54
35 56
35 57
35 58
35 60
35 61
35 62
35 63
35 64
35 65
35 66
35 68
35 72
35 73
35 78
35 79
35 84
35 86
35 89
35 91
35 92
35 93
35 94
35 96
35 97
35 98
35 99
36 38
36 39
36 40
36 42
36 45
36 46
36 47
36 49
36 50
36 58
36 60
36 61
36 62
36 66
36 67
36 69
36 70
36 72
36 76
36 78
36 79
36 83
36 84
36 86
36 88
36 93
36 95
36 96
36 97
37 38
37 39
37 43
37 50
37 52
37 54
37 64
37 65
37 67
37 68
37 69
37 70
37 72
37 73
37 74
37 75
37 76
37 80
37 82
37 83
37 85
37 87
37 91
37 92
37 94
37 96
37 97
37 99
38 42
38 43
38 44
38 47
38 48
38 49
38 51
38 52
38 55
38 56
38 57
38 58
38 59
38 60
38 62
38 63
38 64
38 65
38 66
38 67
38 68
38 69
38 76
38 77
38 79
38 86
38 87
38 89
38 93
38 95
38 98
39 40
39 42
39 43
39 45
39 53
39 55
39 60
39 61
39 63
39 64
39 65
39 70
39 72
39 76
39 77
39 80
39 84
39 85
39 88
39 89
39 90
39 91
39 92
39 95
39 98
39 99
40 41
40 42
40 43
40 44
40 49
40 52
40 54
40 56
40 57
40 59
40 67
40 68
40 72
40 74
40 75
40 77
40 79
40 80
40 83
40 84
40 86
40 87
40 88
40 91
40 94
40 98
40 99
41 42
41 43
41 45
41 47
41 51
41 55
41 57
41 60
41 66
41 70
41 71
41 73
41 75
41 77
41 81
41 83
41 84
41 85
41 88
41 89
41 93
41 94
41 98
42 43
42 48
42 49
42 53
42 54
42 55
42 56
42 58
42 62
42 63
42 64
42 67
42 69
42 70
42 71
42 72
42 74
42 75
42 76
42 81
42 82
42 84
42 87
42 89
42 92
42 93
42 94
42 97
42 99
43 49
43 51
43 52
43 54
43 55
43 56
43 57
43 58
43 60
43 61
43 63
43 65
43 68
43 69
43 70
43 74
43 75
43 76
43 77
43 80
43 81
43 83
43 84
43 86
43 87
43 88
43 91
43 92
43 93
43 94
43 97
44 45
44 46
44 47
44 48
44 50
44 53
44 55
44 59
44 60
44 61
44 62
44 66
44 68
44 73
44 74
44 75
44 76
44 78
44 81
44 82
44 84
44 87
44 89
44 90
44 93
44 96
45 48
45 51
45 59
45 63
45 67
45 70
45 71
45 73
45 75
45 76
45 77
45 78
45 79
45 80
45 81
45 83
45 84
45 85
45 86
45 88
45 95
45 97
45 98
45 99
46 47
46 48
46 49
46 50
46 54
46 55
46 56
46 57
46 60
46 62
46 66
46 75
46 78
46 79
46 82
46 84
46 86
46 87
46 91
46 92
46 94
46 95
46 97
46 98
47 48
47 52
47 53
47 56
47 57
47 61
47 63
47 64
47 65
47 66
47 68
47 69
47 70
47 73
47 74
47 75
47 76
47 81
47 86
47 88
47 89
47 92
47 93
47 95
47 96
47 99
48 49
48 50
48 52
48 53
48 54
48 58
48 59
48 60
48 61
48 62
48 63
48 68
48 69
48 70
48 71
48 73
48 75
48 77
48 78
48 81
48 82
48 83
48 85
48 87
48 88
48 90
48 92
48 94
48 96
48 97
48 99
49 50
49 51
49 52
49 54
49 56
49 57
49 58
49 59
49 60
49 61
49 62
49 64
49 66
49 67
49 69
49 74
49 76
49 77
49 79
49 81
49 82
49 83
49 85
49 90
49 91
49 92
49 93
49 94
49 95
49 96
49 97
49 98
50 52
50 54
50 55
50 58
50 61
50 62
50 64
50 66
50 71
50 72
50 73
50 74
50 76
50 77
50 78
50 81
50 82
50 84
50 85
50 87
50 89
50 90
50 93
50 98
51 53
51 55
51 56
51 60
51 62
51 63
51 65
51 68
51 70
51 71
51 72
51 76
51 78
51 80
51 81
51 82
51 83
51 86
51 89
51 90
51 91
51 92
51 94
51 96
51 99
52 55
52 56
52 58
52 60
52 65
52 67
52 70
52 73
52 75
52 79
52 80
52 81
52 82
52 86
52 87
52 91
52 94
52 96
52 97
53 55
53 56
53 57
53 58
53 60
53 64
53 65
53 66
53 68
53 69
53 70
53 71
53 72
53 74
53 75
53 78
53 79
53 82
53 85
53 86
53 88
53 89
53 91
53 92
53 93
53 96
53 97
53 98
54 55
54 56
54 58
54 59
54 61
54 66
54 67
54 69
54 73
54 74
54 78
54 79
54 86
54 90
54 92
54 93
54 94
54 97
55 56
55 57
55 62
55 63
55 67
55 68
55 71
55 74
55 75
55 77
55 78
55 79
55 81
55 83
55 84
55 86
55 88
55 89
55 90
55 93
55 94
55 95
55 98
55 99
56 57
56 58
56 60
56 66
56 67
56 68
56 71
56 72
56 75
56 80
56 81
56 83
56 85
56 86
56 87
56 89
56 93
56 98
57 61
57 63
57 64
57 65
57 67
57 68
57 69
57 70
57 76
57 79
57 80
57 89
57 91
57 92
58 59
58 64
58 65
58 66
58 70
58 71
58 73
58 74
58 75
58 77
58 82
58 83
58 85
58 86
58 88
58 90
58 91
58 92
58 93
58 94
58 95
58 96
58 98
59 60
59 62
59 64
59 68
59 69
59 71
59 75
59 77
59 78
59 79
59 80
59 82
59 84
59 85
59 88
59 89
59 90
59 94
59 95
59 96
60 63
60 64
60 67
60 68
60 69
60 70
60 71
60 72
60 76
60 77
60 79
60 83
60 84
60 89
60 90
60 92
60 93
60 94
60 95
60 96
60 99
61 62
61 65
61 68
61 70
61 76
61 79
61 83
61 84
61 85
61 87
61 88
61 89
61 90
61 92
61 93
61 96
61 97
61 98
61 99
62 65
62 66
62 69
62 71
62 72
62 74
62 76
62 78
62 80
62 82
62 83
62 85
62 86
62 88
62 89
62 90
62 92
62 94
62 95
62 96
62 97
62 98
63 64
63 66
63 67
63 68
63 69
63 73
63 74
63 75
63 76
63 79
63 80
63 81
63 82
63 83
63 84
63 87
63 90
63 92
63 93
63 94
63 95
63 97
64 65
64 66
64 68
64 69
64 72
64 74
64 75
64 76
64 77
64 78
64 81
64 85
64 88
64 90
64 92
64 96
64 97
65 66
65 67
65 68
65 72
65 75
65 76
65 77
65 78
65 79
65 81
65 82
65 83
65 86
65 87
65 89
65 91
65 92
65 93
65 95
65 96
66 68
66 69
66 70
66 73
66 74
66 76
66 80
66 83
66 85
66 87
66 89
66 94
66 97
66 99
67 69
67 70
67 72
67 73
67 74
67 75
67 78
67 79
67 80
67 82
67 86
67 92
67 93
67 94
67 98
67 99
68 71
68 75
68 78
68 79
68 80
68 84
68 85
68 89
68 90
68 91
68 92
68 96
68 97
68 98
68 99
69 70
69 71
69 74
69 76
69 78
69 79
69 83
69 88
69 89
69 90
69 91
69 93
69 96
69 97
69 98
70 71
70 72
70 73
70 75
70 76
70 77
70 78
70 79
70 80
70 81
70 82
70 84
70 85
70 88
70 89
70 91
70 92
70 93
70 96
71 72
71 73
71 74
71 75
71 76
71 77
71 80
71 81
71 82
71 85
71 86
71 90
71 91
71 93
71 95
71 96
71 98
72 73
72 75
72 80
72 81
72 82
72 85
72 87
72 96
72 97
72 99
73 75
73 76
73 77
73 80
73 81
73 82
73 84
73 86
73 87
73 88
73 89
73 91
73 93
73 95
73 97
73 98
73 99
74 76
74 81
74 83
74 85
74 87
74 90
74 91
74 93
74 97
74 98
75 77
75 78
75 79
75 80
75 81
75 85
75 86
75 87
75 88
75 89
75 90
75 92
75 93
75 95
75 98
75 99
76 81
76 84
76 85
76 87
76 88
76 95
76 96
76 97
76 98
77 79
77 81
77 86
77 87
77 89
77 90
77 91
77 92
77 93
77 94
77 95
78 80
78 81
78 83
78 88
78 90
78 93
78 94
78 95
78 96
78 97
79 80
79 89
79 90
79 93
79 95
79 96
79 99
80 84
80 85
80 86
80 87
80 88
80 92
80 93
80 94
80 96
80 97
81 83
81 84
81 86
81 87
81 90
81 91
81 92
81 94
82 88
82 89
82 90
82 91
82 93
82 95
82 96
82 97
82 99
83 87
83 88
83 91
83 93
83 94
83 95
83 96
83 97
84 85
84 87
84 89
84 90
84 91
84 92
84 93
84 95
84 97
84 98
85 86
85 90
85 91
85 93
85 94
85 96
85 98
85 99
86 89
86 90
86 92
86 93
86 94
86 96
87 88
87 89
87 90
87 91
87 95
87 96
87 97
87 99
88 91
88 92
88 93
88 95
88 96
88 97
88 98
88 99
89 91
89 93
89 94
89 96
89 97
90 94
90 95
90 96
90 99
91 92
91 95
91 97
92 93
92 94
92 95
92 96
92 98
93 94
93 95
93 96
93 98
93 99
94 98
94 99
96 98
97 99
