0 5
0 6
0 7
0 8
0 10
0 13
0 14
0 15
0 19
0 20
0 22
0 23
0 25
0 26
0 27
0 30
0 32
0 36
0 38
0 39
0 40
0 44
0 47
0 48
0 50
0 54
0 57
0 58
0 59
0 60
0 61
0 62
0 66
0 68
0 71
0 74
0 75
0 79
0 80
0 81
0 82
0 83
0 84
0 85
0 86
0 92
0 93
0 94
0 95
0 96
1 2
1 9
1 12
1 13
1 16
1 17
1 18
1 19
1 21
1 30
1 34
1 35
1 39
1 40
1 41
1 42
1 43
1 48
1 50
1 53
1 56
1 59
1 62
1 63
1 65
1 66
1 67
1 70
1 75
1 76
1 77
1 78
1 80
1 81
1 86
1 89
1 91
1 92
1 94
1 99
2 5
2 8
2 10
2 11
2 12
2 13
2 20
2 26
2 30
2 32
2 33
2 39
2 40
2 41
2 42
2 43
2 44
2 50
2 54
2 59
2 63
2 64
2 65
2 66
2 67
2 68
2 71
2 72
2 73
2 74
2 77
2 78
2 79
2 81
2 87
2 89
2 90
2 92
2 96
2 97
2 98
3 5
3 6
3 7
3 10
3 14
3 18
3 19
3 21
3 23
3 25
3 26
3 27
3 29
3 30
3 32
3 33
3 34
3 36
3 37
3 43
3 44
3 50
3 52
3 53
3 55
3 56
3 59
3 62
3 63
3 67
3 75
3 80
3 91
3 92
3 94
3 96
3 98
4 5
4 6
4 7
4 8
4 9
4 10
4 11
4 13
4 15
4 18
4 22
4 25
4 31
4 32
4 33
4 36
4 37
4 39
4 40
4 41
4 45
4 46
4 47
4 48
4 52
4 54
4 55
4 57
4 59
4 60
4 61
4 66
4 67
4 71
4 76
4 77
4 79
4 84
4 85
4 86
4 87
4 88
4 89
4 91
4 93
4 94
4 95
4 97
4 98
4 99
5 7
5 9
5 10
5 12
5 21
5 22
5 23
5 25
5 26
5 29
5 30
5 34
5 38
5 40
5 41
5 42
5 43
5 44
5 45
5 47
5 48
5 51
5 52
5 55
5 57
5 58
5 59
5 60
5 62
5 65
5 71
5 75
5 77
5 79
5 82
5 85
5 86
5 87
5 89
5 91
5 92
5 94
5 95
5 96
5 98
5 99
6 7
6 9
6 10
6 11
6 13
6 15
6 16
6 17
6 21
6 25
6 26
6 29
6 30
6 31
6 32
6 33
6 36
6 38
6 39
6 40
6 42
6 43
6 47
6 51
6 52
6 54
6 56
6 58
6 59
6 61
6 64
6 65
6 66
6 68
6 71
6 72
6 77
6 78
6 80
6 81
6 83
6 85
6 86
6 87
6 92
6 94
6 96
7 9
7 10
7 12
7 13
7 14
7 15
7 16
7 18
7 20
7 21
7 23
7 25
7 27
7 28
7 29
7 30
7 31
7 32
7 34
7 36
7 38
7 39
7 40
7 43
7 44
7 45
7 48
7 50
7 52
7 58
7 59
7 61
7 62
7 63
7 65
7 66
7 68
7 70
7 73
7 75
7 77
7 78
7 79
7 80
7 81
7 82
7 84
7 87
7 88
7 90
7 93
7 94
7 96
7 97
7 99
8 9
8 11
8 12
8 13
8 14
8 16
8 17
8 19
8 20
8 21
8 23
8 24
8 25
8 26
8 27
8 30
8 31
8 35
8 36
8 37
8 38
8 40
8 44
8 46
8 48
8 49
8 50
8 53
8 59
8 60
8 64
8 65
8 66
8 67
8 69
8 70
8 72
8 74
8 75
8 77
8 80
8 83
8 86
8 88
8 90
8 91
8 93
8 94
8 95
8 96
8 97
8 98
9 10
9 11
9 12
9 13
9 14
9 15
9 17
9 18
9 21
9 22
9 23
9 30
9 31
9 33
9 34
9 35
9 36
9 42
9 43
9 44
9 45
9 46
9 51
9 52
9 53
9 57
9 59
9 60
9 61
9 63
9 64
9 65
9 68
9 70
9 72
9 73
9 76
9 79
9 82
9 84
9 88
9 90
9 91
9 92
9 93
9 94
9 95
9 98
10 13
10 15
10 16
10 20
10 21
10 22
10 24
10 27
10 28
10 33
10 38
10 39
10 44
10 45
10 46
10 48
10 49
10 55
10 56
10 57
10 59
10 60
10 64
10 65
10 66
10 68
10 69
10 71
10 72
10 74
10 75
10 79
10 87
10 88
10 89
10 95
10 96
10 97
10 98
10 99
11 12
11 17
11 18
11 19
11 20
11 21
11 22
11 23
11 24
11 25
11 26
11 28
11 29
11 34
11 35
11 36
11 37
11 40
11 41
11 42
11 46
11 49
11 50
11 52
11 53
11 57
11 60
11 61
11 63
11 67
11 69
11 70
11 71
11 73
11 75
11 77
11 78
11 81
11 83
11 86
11 87
11 88
11 90
11 95
11 96
12 16
12 17
12 18
12 21
12 23
12 24
12 28
12 29
12 34
12 35
12 36
12 45
12 46
12 47
12 49
12 51
12 53
12 59
12 62
12 63
12 64
12 65
12 72
12 73
12 80
12 83
12 84
12 86
12 87
12 89
12 90
12 92
12 93
12 94
12 95
12 97
13 15
13 17
13 18
13 21
13 24
13 26
13 29
13 30
13 31
13 34
13 35
13 37
13 40
13 41
13 42
13 43
13 44
13 51
13 53
13 55
13 57
13 58
13 61
13 62
13 64
13 65
13 67
13 69
13 71
13 74
13 78
13 80
13 83
13 85
13 86
13 88
13 89
13 91
13 93
13 96
13 97
13 98
14 15
14 16
14 17
14 18
14 19
14 22
14 24
14 25
14 27
14 31
14 32
14 33
14 36
14 37
14 39
14 40
14 43
14 48
14 50
14 53
14 55
14 56
14 57
14 59
14 60
14 66
14 68
14 69
14 71
14 72
14 73
14 76
14 78
14 80
14 83
14 85
14 86
14 87
14 89
14 91
14 95
14 98
15 18
15 19
15 20
15 21
15 23
15 25
15 28
15 29
15 31
15 32
15 34
15 37
15 38
15 40
15 42
15 43
15 44
15 46
15 48
15 49
15 50
15 52
15 54
15 57
15 58
15 59
15 61
15 62
15 64
15 66
15 69
15 71
15 73
15 74
15 75
15 77
15 79
15 81
15 82
15 83
15 85
15 86
15 89
15 90
15 92
15 94
15 95
15 98
16 19
16 22
16 24
16 25
16 26
16 36
16 38
16 41
16 42
16 45
16 46
16 48
16 49
16 51
16 53
16 54
16 55
16 56
16 58
16 59
16 61
16 63
16 65
16 67
16 69
16 70
16 71
16 75
16 76
16 79
16 80
16 81
16 87
16 91
16 92
16 96
16 97
17 18
17 21
17 22
17 23
17 25
17 27
17 28
17 29
17 30
17 31
17 34
17 35
17 36
17 37
17 38
17 39
17 43
17 45
17 46
17 48
17 49
17 50
17 51
17 52
17 56
17 59
17 62
17 64
17 65
17 66
17 67
17 70
17 72
17 74
17 76
17 77
17 78
17 79
17 84
17 85
17 87
17 88
17 89
17 90
17 91
17 92
17 93
18 20
18 21
18 22
18 23
18 25
18 29
18 31
18 40
18 41
18 43
18 47
18 48
18 49
18 50
18 51
18 52
18 55
18 56
18 57
18 59
18 61
18 63
18 64
18 67
18 68
18 69
18 70
18 71
18 75
18 78
18 79
18 81
18 82
18 90
18 91
18 93
18 95
18 99
19 22
19 29
19 30
19 32
19 36
19 38
19 40
19 41
19 42
19 43
19 44
19 45
19 47
19 52
19 54
19 56
19 57
19 60
19 61
19 65
19 67
19 68
19 69
19 70
19 72
19 77
19 81
19 82
19 85
19 87
19 89
19 90
19 96
19 98
20 21
20 22
20 23
20 27
20 31
20 32
20 33
20 35
20 39
20 40
20 41
20 43
20 47
20 49
20 53
20 54
20 55
20 57
20 58
20 60
20 61
20 62
20 63
20 64
20 65
20 66
20 68
20 70
20 72
20 73
20 74
20 75
20 78
20 79
20 80
20 82
20 85
20 86
20 87
20 88
20 90
20 91
20 92
20 93
20 94
20 96
21 23
21 24
21 25
21 27
21 30
21 32
21 33
21 34
21 35
21 36
21 38
21 41
21 42
21 43
21 44
21 49
21 54
21 55
21 57
21 58
21 59
21 61
21 63
21 65
21 68
21 70
21 73
21 74
21 75
21 76
21 79
21 83
21 84
21 93
21 94
21 95
21 98
21 99
22 23
22 24
22 28
22 29
22 31
22 32
22 36
22 38
22 39
22 41
22 42
22 44
22 45
22 49
22 52
22 53
22 54
22 55
22 58
22 59
22 60
22 61
22 64
22 65
22 67
22 68
22 70
22 71
22 76
22 77
22 79
22 81
22 82
22 83
22 85
22 86
22 87
22 90
22 92
22 93
22 95
22 96
22 97
22 98
23 24
23 25
23 28
23 29
23 30
23 31
23 35
23 36
23 41
23 46
23 49
23 50
23 52
23 56
23 58
23 59
23 62
23 64
23 66
23 70
23 73
23 78
23 81
23 83
23 84
23 87
23 91
23 93
23 95
23 98
23 99
24 25
24 26
24 27
24 28
24 29
24 32
24 33
24 35
24 37
24 40
24 42
24 43
24 44
24 47
24 48
24 51
24 52
24 54
24 57
24 58
24 60
24 61
24 62
24 63
24 64
24 65
24 66
24 68
24 70
24 72
24 75
24 76
24 81
24 82
24 84
24 85
24 88
24 90
24 91
24 93
24 94
24 95
24 97
24 98
24 99
25 28
25 30
25 31
25 32
25 34
25 35
25 36
25 38
25 39
25 40
25 42
25 46
25 49
25 50
25 51
25 52
25 53
25 56
25 61
25 64
25 68
25 69
25 71
25 72
25 76
25 80
25 82
25 85
25 86
25 87
25 88
25 90
25 93
25 94
25 95
25 96
25 98
25 99
26 28
26 29
26 31
26 33
26 39
26 40
26 44
26 48
26 49
26 51
26 52
26 53
26 55
26 58
26 62
26 64
26 66
26 69
26 70
26 71
26 72
26 74
26 75
26 78
26 81
26 87
26 88
26 89
26 90
26 93
26 95
26 97
27 28
27 30
27 31
27 32
27 34
27 35
27 36
27 39
27 42
27 45
27 46
27 47
27 51
27 54
27 57
27 58
27 61
27 69
27 74
27 75
27 78
27 80
27 82
27 86
27 87
27 88
27 89
27 91
27 92
27 96
27 97
28 29
28 31
28 33
28 34
28 35
28 36
28 37
28 38
28 41
28 42
28 44
28 45
28 46
28 47
28 49
28 52
28 58
28 60
28 61
28 62
28 63
28 65
28 66
28 67
28 68
28 69
28 71
28 74
28 75
28 77
28 79
28 81
28 84
28 86
28 87
28 88
28 90
28 92
28 93
28 95
28 96
29 32
29 35
29 37
29 38
29 41
29 42
29 43
29 44
29 49
29 50
29 51
29 52
29 54
29 57
29 59
29 65
29 66
29 69
29 72
29 73
29 74
29 75
29 77
29 78
29 81
29 82
29 84
29 86
29 90
29 91
29 93
29 94
29 95
29 96
30 31
30 33
30 34
30 35
30 37
30 39
30 41
30 42
30 43
30 45
30 46
30 47
30 48
30 49
30 50
30 51
30 53
30 56
30 58
30 59
30 61
30 64
30 65
30 66
30 67
30 68
30 70
30 71
30 72
30 75
30 76
30 77
30 79
30 80
30 84
30 89
30 91
30 95
30 97
30 98
31 32
31 34
31 35
31 37
31 40
31 43
31 45
31 47
31 48
31 54
31 55
31 56
31 59
31 61
31 63
31 65
31 66
31 69
31 72
31 73
31 75
31 76
31 77
31 78
31 79
31 80
31 81
31 82
31 83
31 87
31 88
31 90
31 91
31 92
31 95
31 96
31 97
31 98
31 99
32 35
32 36
32 37
32 41
32 42
32 47
32 48
32 51
32 56
32 57
32 61
32 62
32 63
32 64
32 67
32 69
32 70
32 72
32 73
32 77
32 80
32 81
32 82
32 85
32 86
32 91
32 92
32 93
32 94
32 97
32 98
33 34
33 38
33 39
33 40
33 43
33 44
33 48
33 52
33 53
33 56
33 62
33 64
33 67
33 68
33 70
33 71
33 74
33 77
33 80
33 82
33 83
33 85
33 86
33 87
33 90
33 96
33 98
34 35
34 37
34 41
34 42
34 43
34 46
34 47
34 48
34 50
34 51
34 52
34 53
34 54
34 55
34 60
34 65
34 66
34 67
34 68
34 69
34 70
34 72
34 73
34 74
34 76
34 80
34 81
34 82
34 86
34 87
34 88
34 91
34 92
34 93
34 94
34 97
34 99
35 37
35 39
35 40
35 41
35 44
35 45
35 46
35 47
35 55
35 56
35 59
35 61
35 62
35 63
35 65
35 67
35 68
35 70
35 74
35 76
35 77
35 80
35 82
35 84
35 85
35 86
35 88
35 89
35 90
35 92
35 94
35 97
35 99
36 37
36 38
36 41
36 43
36 46
36 47
36 48
36 49
36 53
36 54
36 55
36 56
36 60
36 62
36 65
36 68
36 69
36 74
36 76
36 80
36 86
36 87
36 88
36 89
36 90
36 92
36 96
36 99
37 38
37 41
37 42
37 43
37 44
37 45
37 46
37 48
37 49
37 51
37 52
37 55
37 56
37 57
37 58
37 61
37 63
37 64
37 65
37 67
37 70
37 72
37 73
37 74
37 75
37 78
37 80
37 81
37 82
37 87
37 88
37 89
37 90
37 91
37 92
37 96
37 97
37 98
37 99
38 39
38 40
38 43
38 44
38 45
38 49
38 51
38 53
38 54
38 58
38 59
38 60
38 62
38 63
38 64
38 65
38 66
38 69
38 70
38 71
38 72
38 73
38 74
38 75
38 78
38 81
38 82
38 86
38 88
38 89
38 95
38 96
38 97
38 99
39 41
39 44
39 46
39 47
39 48
39 49
39 50
39 56
39 60
39 64
39 72
39 74
39 78
39 82
39 85
39 86
39 87
39 94
39 95
39 96
39 97
39 98
40 41
40 43
40 44
40 47
40 49
40 50
40 52
40 53
40 59
40 61
40 62
40 64
40 65
40 67
40 69
40 70
40 72
40 73
40 74
40 76
40 86
40 87
40 88
40 90
40 91
40 93
40 94
40 95
40 96
40 98
40 99
41 42
41 43
41 45
41 46
41 47
41 49
41 53
41 55
41 59
41 62
41 63
41 64
41 65
41 66
41 67
41 68
41 72
41 73
41 74
41 77
41 80
41 83
41 84
41 89
41 91
41 94
41 98
42 45
42 46
42 47
42 48
42 51
42 52
42 54
42 55
42 57
42 60
42 61
42 73
42 74
42 80
42 81
42 82
42 83
42 86
42 88
42 89
42 93
42 94
42 97
43 46
43 47
43 49
43 51
43 53
43 55
43 56
43 58
43 62
43 63
43 65
43 67
43 68
43 69
43 70
43 72
43 74
43 75
43 77
43 79
43 81
43 82
43 83
43 85
43 87
43 90
43 91
43 93
43 94
43 95
43 96
43 97
43 98
44 45
44 50
44 52
44 54
44 57
44 58
44 59
44 61
44 66
44 68
44 70
44 71
44 74
44 75
44 81
44 82
44 85
44 87
44 89
44 90
44 91
44 92
44 94
44 95
44 96
44 98
44 99
45 47
45 48
45 51
45 52
45 55
45 60
45 62
45 63
45 66
45 67
45 68
45 69
45 71
45 72
45 74
45 75
45 77
45 82
45 83
45 88
45 90
45 93
45 97
45 98
46 48
46 51
46 52
46 53
46 56
46 58
46 60
46 63
46 65
46 66
46 68
46 70
46 76
46 84
46 85
46 87
46 88
46 90
46 93
46 95
46 97
47 48
47 49
47 50
47 52
47 53
47 55
47 57
47 60
47 61
47 62
47 66
47 70
47 73
47 74
47 76
47 78
47 79
47 81
47 85
47 89
47 91
47 93
47 96
47 97
47 98
48 50
48 51
48 54
48 57
48 59
48 62
48 63
48 64
48 65
48 67
48 68
48 69
48 76
48 79
48 80
48 83
48 85
48 89
48 90
48 92
48 94
48 95
48 96
48 98
49 52
49 57
49 59
49 60
49 61
49 65
49 67
49 68
49 69
49 71
49 72
49 73
49 76
49 84
49 85
49 86
49 91
49 92
49 93
49 95
49 97
50 54
50 59
50 62
50 65
50 66
50 67
50 70
50 71
50 72
50 74
50 77
50 78
50 79
50 80
50 81
50 82
50 83
50 89
50 91
50 92
50 93
50 94
50 97
50 99
51 52
51 54
51 58
51 59
51 60
51 62
51 63
51 67
51 68
51 70
51 71
51 72
51 74
51 76
51 80
51 81
51 82
51 85
51 88
51 90
51 92
51 94
51 96
51 98
52 55
52 56
52 60
52 65
52 67
52 69
52 71
52 73
52 75
52 76
52 77
52 79
52 85
52 89
52 90
52 94
52 97
52 99
53 54
53 55
53 56
53 61
53 63
53 64
53 65
53 66
53 67
53 68
53 69
53 70
53 72
53 74
53 75
53 78
53 79
53 81
53 84
53 85
53 87
53 88
53 90
53 93
53 94
53 96
53 97
53 99
54 55
54 61
54 64
54 65
54 68
54 70
54 72
54 75
54 76
54 78
54 80
54 83
54 85
54 89
54 93
54 94
54 97
54 99
55 56
55 57
55 58
55 60
55 61
55 64
55 69
55 72
55 74
55 75
55 76
55 79
55 80
55 81
55 83
55 85
55 87
55 90
55 94
55 95
55 97
56 57
56 59
56 60
56 62
56 63
56 64
56 67
56 68
56 72
56 80
56 83
56 84
56 88
56 89
56 91
56 92
56 93
56 96
56 97
57 59
57 60
57 66
57 69
57 70
57 73
57 74
57 76
57 79
57 81
57 82
57 83
57 85
57 89
57 90
57 91
57 92
57 95
57 98
58 59
58 61
58 64
58 66
58 68
58 69
58 72
58 74
58 75
58 79
58 84
58 85
58 86
58 88
58 91
58 92
58 94
58 96
58 98
58 99
59 61
59 62
59 66
59 69
59 70
59 71
59 73
59 74
59 76
59 81
59 82
59 85
59 86
59 91
59 93
59 95
59 96
59 97
60 62
60 63
60 64
60 65
60 66
60 68
60 70
60 78
60 80
60 82
60 83
60 84
60 85
60 88
60 89
60 90
60 91
60 92
60 95
60 98
61 63
61 66
61 67
61 68
61 71
61 75
61 77
61 78
61 80
61 82
61 84
61 86
61 92
61 93
61 98
62 65
62 66
62 67
62 68
62 69
62 71
62 72
62 74
62 76
62 77
62 78
62 79
62 80
62 81
62 85
62 86
62 91
62 97
63 65
63 66
63 69
63 71
63 74
63 76
63 80
63 81
63 85
63 87
63 89
63 91
63 93
63 94
63 95
63 96
63 99
64 65
64 66
64 67
64 71
64 72
64 73
64 75
64 76
64 77
64 81
64 82
64 85
64 90
64 93
64 96
64 97
65 67
65 68
65 69
65 70
65 75
65 76
65 78
65 79
65 80
65 81
65 82
65 87
65 92
65 97
65 98
66 68
66 69
66 72
66 74
66 75
66 78
66 81
66 82
66 86
66 88
66 91
66 93
66 94
66 96
66 97
66 98
67 68
67 72
67 74
67 75
67 76
67 80
67 85
67 86
67 87
67 89
67 92
67 93
67 97
67 99
68 69
68 70
68 72
68 74
68 76
68 77
68 80
68 81
68 82
68 83
68 84
68 85
68 86
68 88
68 90
68 91
68 94
68 95
68 97
68 98
69 70
69 71
69 73
69 74
69 75
69 79
69 81
69 87
69 89
69 91
69 92
69 98
70 72
70 74
70 76
70 77
70 81
70 82
70 84
70 85
70 86
70 87
70 88
70 91
70 96
70 98
71 72
71 73
71 74
71 75
71 77
71 79
71 83
71 89
71 91
71 92
71 94
71 95
71 96
71 97
72 75
72 77
72 78
72 79
72 80
72 83
72 84
72 91
72 92
72 95
72 97
72 98
72 99
73 75
73 76
73 80
73 81
73 82
73 83
73 86
73 89
73 90
73 91
73 92
73 97
73 98
73 99
74 77
74 78
74 81
74 84
74 85
74 86
74 88
74 91
74 92
74 93
74 95
74 99
75 77
75 79
75 80
75 83
75 85
75 88
75 93
75 94
75 95
75 98
76 78
76 79
76 80
76 88
76 90
76 91
76 92
76 94
76 95
76 96
76 97
77 78
77 79
77 80
77 81
77 84
77 85
77 86
77 87
77 88
77 90
77 93
77 96
77 98
78 79
78 86
78 87
78 88
78 91
78 94
78 95
78 96
78 99
79 83
79 87
79 88
79 89
79 92
79 93
79 94
79 95
79 98
80 81
80 83
80 87
80 89
80 93
80 94
80 95
80 96
80 97
80 98
80 99
81 82
81 84
81 87
81 89
81 91
81 92
81 94
81 97
81 99
82 83
82 84
82 86
82 87
82 88
82 90
82 93
82 94
82 95
82 98
83 84
83 85
83 86
83 89
83 90
83 92
83 94
83 96
84 87
84 89
84 92
84 94
84 95
84 96
84 97
85 86
85 87
85 88
85 91
85 92
85 94
85 95
85 97
85 99
86 87
86 91
86 93
86 94
86 96
87 88
87 89
87 90
87 91
87 92
87 93
87 94
87 95
87 97
87 99
88 89
88 90
88 92
88 94
88 95
89 90
89 92
89 93
89 96
89 97
90 91
90 94
90 97
91 99
92 97
92 98
92 99
93 95
93 97
93 98
94 95
94 97
95 96
95 98
95 99
96 98
96 99
97 98
98 99
