0 1
0 6
0 8
0 10
0 12
0 13
0 15
0 19
0 20
0 22
0 30
0 34
0 36
0 40
0 43
0 44
0 45
0 48
0 49
0 50
0 52
0 54
0 55
0 57
0 61
0 62
0 68
0 69
0 71
0 72
0 73
0 77
0 79
0 83
0 85
0 90
0 98
0 99
1 2
1 5
1 6
1 7
1 8
1 9
1 12
1 17
1 18
1 19
1 23
1 24
1 26
1 29
1 30
1 31
1 33
1 37
1 38
1 41
1 42
1 43
1 45
1 46
1 47
1 53
1 54
1 57
1 60
1 63
1 66
1 67
1 71
1 73
1 74
1 78
1 79
1 82
1 83
1 84
1 85
1 88
1 92
1 94
1 95
1 97
2 5
2 7
2 8
2 10
2 11
2 12
2 13
2 14
2 16
2 17
2 18
2 19
2 20
2 21
2 23
2 24
2 25
2 26
2 30
2 32
2 34
2 36
2 37
2 40
2 43
2 44
2 45
2 47
2 50
2 52
2 53
2 54
2 55
2 56
2 57
2 61
2 65
2 67
2 68
2 70
2 71
2 72
2 73
2 76
2 77
2 80
2 81
2 85
2 87
2 88
2 90
2 92
2 93
2 94
2 95
2 96
2 97
3 4
3 7
3 8
3 10
3 11
3 13
3 14
3 15
3 16
3 20
3 23
3 25
3 26
3 27
3 30
3 31
3 32
3 35
3 39
3 42
3 43
3 44
3 46
3 48
3 49
3 52
3 54
3 56
3 57
3 58
3 59
3 60
3 64
3 74
3 75
3 78
3 79
3 80
3 81
3 83
3 84
3 86
3 91
3 92
3 93
3 95
3 96
3 97
3 98
3 99
4 6
4 8
4 9
4 10
4 11
4 13
4 14
4 16
4 17
4 18
4 25
4 27
4 28
4 30
4 31
4 32
4 33
4 39
4 41
4 42
4 43
4 44
4 45
4 47
4 48
4 52
4 53
4 55
4 56
4 57
4 58
4 59
4 60
4 62
4 64
4 66
4 70
4 71
4 74
4 75
4 76
4 78
4 79
4 83
4 85
4 86
4 88
4 90
4 91
4 93
4 95
4 97
4 98
4 99
5 7
5 8
5 9
5 10
5 14
5 22
5 24
5 27
5 28
5 33
5 36
5 37
5 38
5 39
5 40
5 41
5 42
5 43
5 44
5 47
5 48
5 49
5 50
5 51
5 57
5 58
5 59
5 60
5 64
5 65
5 67
5 68
5 69
5 70
5 73
5 74
5 77
5 78
5 83
5 84
5 88
5 91
5 95
5 96
5 97
5 98
6 10
6 11
6 13
6 14
6 15
6 25
6 28
6 29
6 32
6 33
6 36
6 39
6 44
6 45
6 46
6 47
6 48
6 49
6 50
6 53
6 55
6 56
6 57
6 58
6 60
6 64
6 65
6 70
6 71
6 73
6 74
6 76
6 80
6 81
6 83
6 88
6 89
6 91
6 93
6 94
6 96
6 97
7 12
7 13
7 17
7 19
7 20
7 22
7 24
7 26
7 27
7 28
7 30
7 32
7 33
7 34
7 36
7 37
7 38
7 40
7 41
7 43
7 44
7 45
7 51
7 52
7 57
7 60
7 62
7 63
7 68
7 69
7 70
7 71
7 72
7 75
7 76
7 77
7 78
7 79
7 80
7 82
7 84
7 85
7 86
7 87
7 92
7 93
7 94
7 95
7 96
7 97
7 99
8 19
8 20
8 21
8 23
8 26
8 29
8 33
8 36
8 37
8 38
8 40
8 41
8 47
8 50
8 51
8 52
8 53
8 54
8 56
8 59
8 60
8 61
8 62
8 65
8 67
8 70
8 71
8 74
8 75
8 77
8 78
8 79
8 80
8 84
8 87
8 88
8 90
8 91
8 94
9 10
9 11
9 12
9 17
9 19
9 20
9 22
9 23
9 26
9 28
9 31
9 36
9 39
9 41
9 43
9 49
9 51
9 53
9 55
9 57
9 61
9 62
9 64
9 67
9 68
9 72
9 73
9 76
9 77
9 79
9 84
9 87
9 88
9 89
9 95
9 98
9 99
10 12
10 13
10 14
10 15
10 17
10 19
10 21
10 28
10 29
10 32
10 33
10 36
10 37
10 40
10 41
10 42
10 43
10 49
10 52
10 53
10 55
10 56
10 59
10 60
10 62
10 65
10 69
10 71
10 75
10 77
10 78
10 80
10 81
10 82
10 85
10 86
10 88
10 90
10 96
10 98
11 12
11 15
11 17
11 18
11 20
11 24
11 27
11 29
11 30
11 32
11 36
11 38
11 41
11 44
11 46
11 47
11 48
11 50
11 53
11 56
11 59
11 60
11 63
11 69
11 71
11 73
11 76
11 79
11 80
11 82
11 88
11 91
11 94
11 95
11 98
11 99
12 13
12 15
12 16
12 18
12 19
12 22
12 23
12 29
12 30
12 31
12 33
12 34
12 38
12 41
12 42
12 43
12 45
12 47
12 48
12 51
12 53
12 56
12 58
12 61
12 65
12 68
12 69
12 70
12 73
12 75
12 78
12 79
12 81
12 83
12 86
12 88
12 91
12 94
12 95
12 98
13 17
13 18
13 21
13 22
13 23
13 24
13 26
13 29
13 31
13 32
13 33
13 36
13 37
13 44
13 46
13 51
13 53
13 55
13 59
13 60
13 61
13 62
13 63
13 64
13 66
13 67
13 72
13 75
13 76
13 83
13 85
13 86
13 87
13 88
13 91
13 92
13 93
13 94
14 15
14 18
14 19
14 20
14 21
14 23
14 28
14 29
14 30
14 31
14 34
14 35
14 36
14 37
14 39
14 40
14 42
14 45
14 47
14 49
14 51
14 57
14 59
14 66
14 67
14 69
14 70
14 71
14 72
14 73
14 74
14 76
14 78
14 80
14 81
14 83
14 85
14 87
14 88
14 89
14 91
14 92
14 95
14 96
15 16
15 18
15 19
15 21
15 23
15 25
15 26
15 28
15 29
15 30
15 31
15 32
15 35
15 36
15 38
15 41
15 42
15 43
15 46
15 47
15 49
15 50
15 51
15 52
15 54
15 55
15 57
15 58
15 59
15 65
15 68
15 69
15 70
15 71
15 72
15 73
15 75
15 76
15 78
15 81
15 83
15 84
15 86
15 87
15 88
15 90
15 92
15 98
16 17
16 18
16 20
16 22
16 23
16 25
16 27
16 29
16 37
16 38
16 40
16 43
16 45
16 46
16 47
16 49
16 53
16 54
16 55
16 60
16 62
16 63
16 66
16 67
16 68
16 72
16 75
16 77
16 79
16 81
16 83
16 84
16 91
16 92
16 93
16 96
16 98
16 99
17 19
17 22
17 25
17 26
17 27
17 29
17 31
17 32
17 33
17 35
17 36
17 37
17 38
17 39
17 40
17 42
17 50
17 52
17 53
17 55
17 63
17 65
17 66
17 67
17 69
17 70
17 74
17 80
17 81
17 83
17 86
17 88
17 93
17 94
17 96
17 97
17 98
17 99
18 19
18 23
18 24
18 28
18 29
18 32
18 33
18 35
18 36
18 38
18 41
18 48
18 50
18 52
18 56
18 59
18 60
18 61
18 62
18 63
18 72
18 75
18 76
18 77
18 81
18 85
18 86
18 90
18 91
18 92
18 94
19 21
19 22
19 23
19 24
19 25
19 28
19 30
19 32
19 33
19 34
19 36
19 37
19 40
19 41
19 42
19 43
19 47
19 53
19 54
19 56
19 57
19 58
19 59
19 61
19 62
19 63
19 64
19 65
19 67
19 70
19 72
19 76
19 79
19 81
19 82
19 83
19 85
19 86
19 89
19 92
19 95
19 96
19 99
20 23
20 26
20 29
20 31
20 32
20 33
20 36
20 37
20 40
20 46
20 47
20 48
20 52
20 55
20 58
20 61
20 65
20 67
20 68
20 70
20 71
20 73
20 75
20 76
20 77
20 79
20 81
20 82
20 83
20 84
20 86
20 87
20 89
20 90
20 93
20 95
20 97
20 98
21 26
21 28
21 31
21 35
21 36
21 37
21 38
21 40
21 41
21 44
21 46
21 51
21 53
21 58
21 60
21 61
21 62
21 65
21 66
21 67
21 69
21 70
21 72
21 73
21 75
21 76
21 78
21 79
21 80
21 81
21 82
21 85
21 86
21 88
21 89
21 91
21 99
22 23
22 24
22 26
22 27
22 28
22 30
22 31
22 32
22 35
22 36
22 37
22 38
22 39
22 41
22 43
22 47
22 48
22 52
22 53
22 55
22 56
22 57
22 58
22 65
22 68
22 70
22 71
22 72
22 74
22 76
22 77
22 79
22 80
22 84
22 85
22 86
22 87
22 90
22 93
22 97
22 98
22 99
23 25
23 26
23 27
23 28
23 29
23 30
23 33
23 34
23 35
23 36
23 37
23 38
23 41
23 42
23 43
23 45
23 47
23 49
23 50
23 51
23 52
23 54
23 58
23 59
23 60
23 61
23 62
23 67
23 68
23 72
23 73
23 74
23 75
23 79
23 81
23 87
23 88
23 89
23 90
23 91
23 92
23 97
23 98
24 27
24 28
24 35
24 37
24 38
24 43
24 44
24 45
24 49
24 52
24 54
24 56
24 58
24 61
24 62
24 67
24 69
24 72
24 73
24 74
24 77
24 80
24 81
24 82
24 86
24 87
24 88
24 90
24 91
24 92
24 94
24 96
24 97
25 28
25 29
25 30
25 33
25 34
25 36
25 40
25 41
25 45
25 46
25 47
25 51
25 54
25 55
25 56
25 63
25 65
25 67
25 71
25 73
25 74
25 77
25 79
25 80
25 84
25 86
25 89
25 92
25 93
25 94
25 95
25 96
25 97
25 98
25 99
26 27
26 31
26 32
26 34
26 37
26 39
26 45
26 46
26 47
26 49
26 50
26 51
26 55
26 57
26 59
26 61
26 63
26 64
26 66
26 67
26 69
26 71
26 73
26 74
26 75
26 80
26 82
26 84
26 85
26 86
26 88
26 89
26 90
26 91
26 95
26 99
27 28
27 29
27 31
27 33
27 35
27 36
27 37
27 38
27 39
27 40
27 41
27 42
27 48
27 52
27 56
27 61
27 63
27 64
27 66
27 69
27 70
27 73
27 74
27 80
27 81
27 83
27 87
27 88
27 89
27 92
27 95
27 96
28 29
28 31
28 32
28 33
28 34
28 35
28 36
28 39
28 40
28 43
28 45
28 46
28 47
28 51
28 52
28 56
28 58
28 60
28 62
28 63
28 65
28 66
28 67
28 68
28 69
28 73
28 74
28 77
28 78
28 80
28 81
28 82
28 83
28 84
28 85
28 86
28 90
28 91
28 93
28 95
28 96
28 97
28 98
28 99
29 30
29 32
29 35
29 37
29 38
29 39
29 40
29 41
29 43
29 45
29 47
29 48
29 53
29 54
29 55
29 60
29 61
29 62
29 65
29 67
29 73
29 82
29 84
29 88
29 89
29 92
29 94
29 96
29 98
30 32
30 34
30 35
30 36
30 37
30 38
30 40
30 43
30 44
30 45
30 46
30 47
30 48
30 49
30 50
30 51
30 52
30 54
30 57
30 58
30 59
30 60
30 63
30 64
30 66
30 69
30 71
30 73
30 74
30 76
30 77
30 81
30 82
30 84
30 86
30 89
30 90
30 91
30 92
30 95
30 96
30 97
30 98
30 99
31 34
31 37
31 38
31 40
31 41
31 42
31 43
31 44
31 46
31 48
31 50
31 54
31 55
31 61
31 63
31 64
31 65
31 66
31 67
31 69
31 71
31 72
31 73
31 74
31 76
31 79
31 80
31 81
31 82
31 86
31 89
31 93
31 94
31 96
31 99
32 34
32 37
32 42
32 43
32 44
32 45
32 46
32 47
32 48
32 53
32 54
32 56
32 58
32 59
32 60
32 62
32 64
32 66
32 67
32 68
32 69
32 71
32 72
32 80
32 81
32 82
32 83
32 84
32 87
32 88
32 91
32 99
33 34
33 36
33 37
33 38
33 39
33 41
33 42
33 45
33 47
33 48
33 49
33 52
33 54
33 56
33 57
33 62
33 63
33 64
33 65
33 66
33 69
33 70
33 71
33 73
33 74
33 76
33 79
33 81
33 82
33 83
33 87
33 90
33 91
33 92
33 93
33 94
33 97
33 99
34 37
34 40
34 41
34 42
34 43
34 44
34 46
34 49
34 50
34 52
34 61
34 65
34 67
34 69
34 73
34 75
34 76
34 77
34 80
34 81
34 89
34 90
34 93
34 95
34 97
35 36
35 37
35 38
35 40
35 46
35 47
35 48
35 50
35 52
35 57
35 59
35 62
35 63
35 65
35 67
35 70
35 72
35 74
35 77
35 80
35 83
35 84
35 85
35 86
35 87
35 89
35 93
35 94
35 95
36 39
36 44
36 45
36 48
36 49
36 58
36 59
36 60
36 63
36 64
36 65
36 66
36 67
36 69
36 72
36 76
36 78
36 79
36 80
36 83
36 87
36 89
36 91
36 92
36 95
36 97
36 98
36 99
37 39
37 41
37 42
37 43
37 45
37 46
37 48
37 51
37 52
37 53
37 55
37 56
37 57
37 62
37 63
37 64
37 65
37 69
37 71
37 72
37 73
37 74
37 75
37 78
37 79
37 80
37 81
37 83
37 85
37 86
37 87
37 91
37 93
37 94
37 96
37 98
37 99
38 40
38 49
38 50
38 54
38 56
38 57
38 59
38 62
38 64
38 67
38 71
38 74
38 76
38 78
38 80
38 81
38 83
38 85
38 86
38 87
38 88
38 90
38 91
38 93
38 95
39 40
39 43
39 46
39 47
39 50
39 52
39 58
39 59
39 60
39 62
39 63
39 66
39 68
39 69
39 70
39 71
39 73
39 74
39 75
39 77
39 78
39 80
39 82
39 83
39 84
39 85
39 87
39 89
39 90
39 93
39 94
39 97
40 43
40 44
40 46
40 51
40 52
40 54
40 56
40 60
40 63
40 66
40 69
40 70
40 71
40 74
40 77
40 79
40 81
40 85
40 86
40 88
40 89
40 92
40 94
40 95
40 99
41 42
41 43
41 44
41 48
41 49
41 51
41 52
41 54
41 55
41 57
41 58
41 59
41 64
41 66
41 67
41 68
41 69
41 70
41 71
41 74
41 75
41 77
41 78
41 79
41 80
41 84
41 85
41 86
41 87
41 88
41 92
41 94
41 99
42 45
42 46
42 48
42 49
42 50
42 51
42 52
42 53
42 60
42 61
42 62
42 64
42 65
42 66
42 68
42 69
42 71
42 73
42 75
42 77
42 78
42 79
42 80
42 81
42 82
42 84
42 86
42 89
42 91
42 92
42 97
42 98
43 44
43 48
43 51
43 53
43 54
43 55
43 59
43 60
43 64
43 65
43 66
43 67
43 68
43 70
43 71
43 72
43 73
43 77
43 78
43 79
43 80
43 84
43 85
43 86
43 87
43 89
43 90
43 91
43 92
43 94
43 97
43 98
44 47
44 48
44 50
44 51
44 52
44 53
44 57
44 60
44 61
44 63
44 64
44 66
44 67
44 73
44 77
44 79
44 83
44 84
44 85
44 86
44 87
44 88
44 89
44 90
44 93
44 95
44 98
44 99
45 47
45 49
45 50
45 55
45 57
45 58
45 59
45 60
45 62
45 64
45 65
45 66
45 67
45 68
45 70
45 71
45 72
45 73
45 79
45 83
45 84
45 87
45 88
45 89
45 90
45 91
45 92
45 93
45 94
45 95
45 96
45 97
45 98
46 48
46 50
46 52
46 56
46 57
46 58
46 59
46 60
46 65
46 67
46 69
46 71
46 72
46 74
46 79
46 83
46 89
46 90
46 91
46 92
46 93
46 94
46 97
46 98
46 99
47 48
47 51
47 55
47 56
47 57
47 58
47 60
47 61
47 62
47 63
47 67
47 69
47 70
47 71
47 73
47 74
47 75
47 76
47 77
47 79
47 80
47 86
47 87
47 90
47 92
47 96
47 99
48 50
48 51
48 53
48 55
48 57
48 58
48 61
48 62
48 64
48 65
48 67
48 68
48 77
48 79
48 80
48 83
48 87
48 88
48 89
48 90
48 93
48 94
48 95
48 96
48 98
49 51
49 52
49 54
49 55
49 58
49 59
49 60
49 63
49 64
49 67
49 70
49 76
49 78
49 82
49 88
49 92
49 94
49 96
49 98
50 54
50 55
50 56
50 58
50 60
50 63
50 64
50 66
50 68
50 72
50 73
50 76
50 80
50 83
50 84
50 89
50 92
50 93
50 94
50 96
50 99
51 52
51 54
51 57
51 59
51 60
51 61
51 62
51 68
51 70
51 72
51 73
51 74
51 76
51 79
51 82
51 85
51 86
51 87
51 88
51 89
51 90
51 91
51 93
51 94
51 95
51 96
51 97
51 98
51 99
52 54
52 59
52 61
52 64
52 66
52 70
52 72
52 74
52 79
52 80
52 82
52 84
52 85
52 86
52 87
52 89
52 90
52 92
52 94
52 95
52 97
52 98
53 54
53 57
53 58
53 59
53 60
53 62
53 68
53 69
53 70
53 73
53 76
53 77
53 78
53 82
53 83
53 85
53 86
53 88
53 89
53 94
53 97
53 99
54 55
54 56
54 63
54 65
54 66
54 68
54 72
54 73
54 74
54 75
54 77
54 78
54 79
54 80
54 83
54 84
54 85
54 89
54 91
54 94
54 95
54 98
54 99
55 56
55 58
55 59
55 63
55 64
55 66
55 67
55 69
55 70
55 72
55 73
55 74
55 76
55 79
55 80
55 81
55 82
55 85
55 88
55 89
55 90
55 91
55 94
55 96
55 97
55 98
56 60
56 64
56 65
56 66
56 68
56 70
56 72
56 73
56 77
56 78
56 79
56 83
56 85
56 88
56 89
56 91
56 94
56 96
56 98
56 99
57 58
57 59
57 60
57 62
57 68
57 73
57 74
57 76
57 78
57 79
57 80
57 81
57 82
57 85
57 86
57 88
57 93
57 94
57 98
58 60
58 62
58 65
58 67
58 69
58 70
58 72
58 74
58 80
58 81
58 82
58 83
58 86
58 87
58 94
58 98
58 99
59 62
59 63
59 65
59 68
59 70
59 71
59 74
59 75
59 77
59 78
59 79
59 81
59 83
59 85
59 89
59 91
59 92
59 94
59 95
59 96
59 98
60 63
60 66
60 67
60 72
60 74
60 76
60 77
60 79
60 80
60 84
60 86
60 89
60 91
60 92
60 93
60 94
60 96
61 62
61 64
61 65
61 72
61 73
61 76
61 77
61 81
61 82
61 83
61 86
61 87
61 88
61 89
61 90
61 92
61 93
61 98
62 63
62 65
62 66
62 68
62 69
62 72
62 73
62 74
62 76
62 79
62 80
62 82
62 86
62 87
62 88
62 89
62 90
62 91
62 92
62 95
62 98
63 64
63 66
63 68
63 71
63 79
63 81
63 83
63 85
63 86
63 87
63 91
63 94
63 96
63 97
64 65
64 67
64 68
64 69
64 71
64 72
64 73
64 74
64 77
64 78
64 79
64 80
64 81
64 82
64 83
64 86
64 87
64 88
64 89
64 90
64 92
64 93
64 94
64 97
65 67
65 68
65 69
65 70
65 71
65 72
65 73
65 75
65 79
65 80
65 85
65 88
65 89
65 92
65 95
65 98
66 67
66 70
66 74
66 77
66 78
66 81
66 82
66 83
66 85
66 86
66 88
66 90
66 94
66 96
67 68
67 70
67 75
67 78
67 81
67 83
67 84
67 86
67 87
67 92
67 94
67 96
67 97
67 99
68 69
68 70
68 71
68 72
68 74
68 75
68 77
68 78
68 79
68 80
68 84
68 85
68 86
68 88
68 92
68 93
68 94
68 95
68 97
68 98
68 99
69 73
69 76
69 78
69 79
69 81
69 83
69 84
69 85
69 86
69 89
69 90
69 91
69 93
69 94
69 95
69 98
69 99
70 71
70 72
70 73
70 74
70 75
70 80
70 81
70 83
70 84
70 86
70 87
70 90
70 92
70 94
70 97
71 72
71 73
71 74
71 75
71 77
71 81
71 82
71 84
71 85
71 88
71 89
71 90
71 95
72 74
72 76
72 78
72 79
72 80
72 81
72 82
72 89
72 90
72 91
72 92
72 94
72 99
73 77
73 87
73 89
73 91
73 92
73 93
73 94
73 95
73 99
74 75
74 76
74 79
74 82
74 83
74 85
74 87
74 89
74 92
74 96
74 98
74 99
75 76
75 79
75 80
75 87
75 88
75 91
75 92
75 96
75 98
76 77
76 78
76 80
76 81
76 83
76 84
76 86
76 87
76 89
76 91
76 92
76 94
76 99
77 82
77 84
77 85
77 86
77 90
77 92
77 98
78 80
78 85
78 86
78 89
78 91
78 92
78 93
78 95
78 96
79 80
79 82
79 89
79 91
79 95
79 96
80 81
80 83
80 86
80 88
80 89
80 93
80 95
80 96
80 97
80 98
80 99
81 82
81 85
81 86
81 87
81 88
81 92
81 95
82 84
82 87
82 88
82 91
82 93
82 94
82 95
82 97
83 85
83 86
83 88
83 91
83 95
83 96
83 97
84 85
84 86
84 87
84 88
84 89
84 90
84 91
84 95
84 96
84 98
84 99
85 86
85 90
85 92
85 96
85 98
86 87
86 88
86 89
86 91
86 92
86 94
86 96
86 97
86 99
87 88
87 91
87 97
87 98
88 90
88 93
88 95
88 96
88 98
88 99
89 91
89 93
89 98
89 99
90 91
90 92
90 93
90 97
91 92
91 96
91 97
91 98
92 93
92 94
92 95
92 97
92 98
93 94
93 95
93 99
94 95
94 96
94 98
94 99
95 96
96 97
97 98
98 99
