0 1
0 2
0 3
0 4
0 8
0 10
0 17
0 20
0 23
0 26
0 30
0 31
0 32
0 39
0 42
0 47
0 48
0 50
0 51
0 52
0 55
0 56
0 57
0 58
0 59
0 64
0 68
0 69
0 70
0 71
0 72
0 73
0 76
0 78
0 80
0 83
0 86
0 88
0 91
0 92
0 95
0 98
1 3
1 4
1 5
1 10
1 11
1 12
1 14
1 15
1 16
1 18
1 19
1 24
1 27
1 28
1 29
1 30
1 31
1 32
1 36
1 37
1 41
1 42
1 43
1 45
1 46
1 52
1 53
1 54
1 57
1 59
1 61
1 63
1 65
1 66
1 68
1 70
1 71
1 75
1 77
1 78
1 80
1 84
1 87
1 88
1 89
1 90
1 91
1 92
1 93
1 94
1 95
1 96
1 99
2 3
2 6
2 7
2 9
2 10
2 11
2 12
2 17
2 18
2 19
2 20
2 23
2 25
2 32
2 36
2 37
2 39
2 41
2 44
2 49
2 50
2 52
2 55
2 58
2 61
2 63
2 64
2 66
2 67
2 71
2 72
2 73
2 74
2 75
2 76
2 82
2 85
2 86
2 87
2 88
2 93
2 96
2 98
2 99
3 7
3 10
3 12
3 13
3 16
3 18
3 19
3 20
3 23
3 24
3 25
3 26
3 31
3 32
3 33
3 34
3 36
3 38
3 40
3 42
3 44
3 47
3 48
3 49
3 50
3 52
3 53
3 54
3 55
3 57
3 58
3 59
3 60
3 63
3 64
3 68
3 69
3 71
3 72
3 73
3 74
3 76
3 79
3 83
3 84
3 87
3 90
3 92
3 93
3 94
3 95
4 9
4 15
4 16
4 18
4 19
4 20
4 22
4 23
4 24
4 27
4 28
4 29
4 30
4 33
4 34
4 35
4 36
4 37
4 39
4 40
4 41
4 44
4 45
4 48
4 50
4 55
4 56
4 57
4 58
4 59
4 62
4 63
4 65
4 66
4 70
4 71
4 76
4 77
4 83
4 87
4 91
4 92
4 96
4 97
4 99
5 6
5 8
5 12
5 14
5 20
5 22
5 25
5 26
5 27
5 29
5 30
5 31
5 35
5 36
5 39
5 40
5 42
5 44
5 45
5 47
5 48
5 50
5 56
5 57
5 62
5 63
5 64
5 65
5 66
5 70
5 73
5 75
5 83
5 84
5 85
5 86
5 89
5 90
5 93
5 98
5 99
6 9
6 11
6 12
6 13
6 16
6 18
6 23
6 25
6 33
6 34
6 36
6 38
6 39
6 45
6 48
6 56
6 59
6 60
6 61
6 62
6 64
6 66
6 70
6 71
6 75
6 76
6 77
6 78
6 79
6 80
6 81
6 84
6 85
6 86
6 88
6 89
6 90
6 91
6 92
6 95
6 96
6 97
6 98
7 9
7 11
7 12
7 13
7 14
7 15
7 19
7 20
7 24
7 26
7 28
7 32
7 35
7 36
7 37
7 38
7 40
7 41
7 46
7 47
7 48
7 49
7 50
7 51
7 54
7 55
7 56
7 59
7 62
7 66
7 67
7 70
7 73
7 79
7 82
7 83
7 85
7 87
7 89
7 90
7 91
7 93
7 94
7 95
7 97
8 10
8 13
8 15
8 16
8 18
8 19
8 20
8 21
8 22
8 26
8 27
8 28
8 30
8 31
8 34
8 37
8 38
8 39
8 40
8 43
8 46
8 51
8 56
8 57
8 62
8 64
8 68
8 69
8 71
8 72
8 73
8 76
8 77
8 78
8 80
8 81
8 83
8 84
8 86
8 88
8 89
8 93
8 97
8 98
9 10
9 16
9 17
9 18
9 20
9 21
9 25
9 26
9 27
9 28
9 29
9 30
9 34
9 37
9 43
9 44
9 45
9 47
9 48
9 50
9 53
9 56
9 58
9 59
9 60
9 62
9 63
9 67
9 70
9 75
9 76
9 78
9 80
9 82
9 85
9 86
9 88
9 89
9 93
9 94
9 97
10 13
10 14
10 16
10 17
10 19
10 20
10 21
10 23
10 26
10 28
10 31
10 32
10 34
10 37
10 39
10 40
10 41
10 44
10 47
10 49
10 50
10 51
10 52
10 53
10 55
10 58
10 59
10 60
10 64
10 67
10 68
10 72
10 73
10 74
10 75
10 77
10 78
10 80
10 81
10 82
10 83
10 85
10 87
10 90
10 92
10 95
10 96
10 97
11 12
11 18
11 19
11 21
11 22
11 23
11 25
11 26
11 29
11 30
11 31
11 32
11 36
11 38
11 39
11 42
11 43
11 44
11 46
11 47
11 48
11 52
11 53
11 56
11 57
11 58
11 72
11 74
11 75
11 79
11 80
11 82
11 85
11 86
11 87
11 88
11 89
11 94
11 95
11 96
11 97
12 13
12 18
12 19
12 21
12 22
12 24
12 28
12 29
12 30
12 31
12 33
12 36
12 37
12 38
12 39
12 40
12 44
12 47
12 50
12 56
12 57
12 60
12 62
12 63
12 64
12 69
12 73
12 77
12 78
12 80
12 81
12 82
12 84
12 85
12 88
12 90
12 93
12 94
12 95
12 98
13 15
13 17
13 18
13 19
13 20
13 21
13 22
13 26
13 29
13 31
13 33
13 35
13 36
13 42
13 43
13 44
13 45
13 47
13 49
13 50
13 56
13 57
13 58
13 62
13 64
13 66
13 67
13 70
13 71
13 72
13 73
13 74
13 75
13 76
13 77
13 80
13 85
13 86
13 87
13 91
13 98
13 99
14 15
14 20
14 22
14 24
14 25
14 26
14 28
14 29
14 30
14 31
14 33
14 34
14 36
14 37
14 38
14 39
14 43
14 46
14 47
14 51
14 53
14 54
14 56
14 61
14 62
14 65
14 66
14 69
14 71
14 72
14 74
14 77
14 78
14 79
14 81
14 82
14 85
14 88
14 94
14 96
14 99
15 16
15 17
15 18
15 22
15 23
15 26
15 30
15 32
15 34
15 36
15 38
15 40
15 41
15 43
15 44
15 45
15 48
15 50
15 51
15 52
15 54
15 55
15 60
15 61
15 64
15 66
15 69
15 71
15 72
15 74
15 78
15 79
15 82
15 91
15 92
15 93
15 95
15 96
15 97
15 99
16 18
16 23
16 25
16 28
16 29
16 37
16 41
16 43
16 44
16 45
16 46
16 48
16 51
16 55
16 56
16 61
16 62
16 63
16 64
16 67
16 73
16 75
16 76
16 77
16 78
16 79
16 82
16 83
16 86
16 87
16 88
16 92
16 93
16 95
16 96
16 98
17 20
17 21
17 22
17 24
17 28
17 29
17 31
17 34
17 38
17 39
17 40
17 44
17 46
17 47
17 50
17 51
17 52
17 53
17 54
17 56
17 61
17 63
17 64
17 66
17 70
17 71
17 73
17 74
17 75
17 79
17 80
17 82
17 83
17 85
17 88
17 91
17 93
17 94
17 95
17 96
17 98
17 99
18 19
18 21
18 22
18 23
18 24
18 25
18 28
18 33
18 35
18 36
18 37
18 38
18 45
18 46
18 49
18 51
18 53
18 56
18 59
18 60
18 61
18 62
18 67
18 68
18 70
18 71
18 73
18 75
18 76
18 77
18 78
18 79
18 81
18 84
18 86
18 88
18 95
19 20
19 21
19 23
19 24
19 25
19 27
19 36
19 37
19 40
19 41
19 42
19 48
19 53
19 56
19 58
19 60
19 61
19 66
19 67
19 68
19 69
19 70
19 71
19 74
19 75
19 76
19 83
19 84
19 85
19 86
19 87
19 88
19 89
19 91
19 95
19 96
19 97
20 21
20 23
20 24
20 26
20 27
20 29
20 30
20 33
20 36
20 39
20 40
20 41
20 43
20 45
20 48
20 49
20 50
20 53
20 56
20 58
20 62
20 63
20 65
20 66
20 67
20 69
20 71
20 73
20 77
20 80
20 85
20 86
20 89
20 90
20 91
20 92
20 93
20 94
20 95
20 96
20 98
21 22
21 26
21 33
21 34
21 37
21 38
21 39
21 40
21 42
21 43
21 44
21 46
21 50
21 51
21 53
21 54
21 55
21 56
21 57
21 58
21 62
21 64
21 65
21 67
21 69
21 70
21 74
21 75
21 76
21 77
21 78
21 80
21 83
21 85
21 86
21 89
21 91
21 93
21 95
21 96
21 97
21 99
22 24
22 25
22 26
22 30
22 31
22 32
22 33
22 35
22 36
22 37
22 38
22 39
22 40
22 42
22 43
22 45
22 46
22 52
22 54
22 56
22 61
22 63
22 64
22 68
22 70
22 71
22 75
22 76
22 77
22 80
22 83
22 84
22 86
22 88
22 90
22 91
22 92
22 93
22 94
22 96
22 97
23 24
23 29
23 30
23 37
23 39
23 42
23 43
23 47
23 48
23 50
23 51
23 52
23 53
23 56
23 57
23 59
23 62
23 64
23 65
23 71
23 72
23 73
23 77
23 81
23 82
23 83
23 87
23 90
23 92
23 96
23 97
23 98
24 25
24 26
24 27
24 30
24 32
24 33
24 35
24 37
24 39
24 40
24 41
24 42
24 43
24 44
24 45
24 47
24 52
24 53
24 55
24 57
24 58
24 59
24 61
24 62
24 67
24 70
24 78
24 80
24 81
24 82
24 83
24 84
24 88
24 89
24 90
24 93
24 96
24 98
24 99
25 26
25 28
25 35
25 37
25 38
25 39
25 42
25 46
25 49
25 52
25 54
25 57
25 58
25 59
25 61
25 65
25 66
25 71
25 72
25 73
25 75
25 76
25 77
25 78
25 79
25 81
25 82
25 83
25 84
25 85
25 86
25 87
25 91
25 93
25 94
25 97
26 27
26 28
26 31
26 32
26 33
26 34
26 35
26 36
26 37
26 39
26 41
26 42
26 44
26 50
26 51
26 52
26 53
26 54
26 55
26 56
26 58
26 61
26 63
26 64
26 69
26 70
26 72
26 73
26 74
26 75
26 78
26 80
26 82
26 85
26 87
26 89
26 90
26 91
26 92
26 93
26 94
26 95
27 30
27 32
27 33
27 34
27 36
27 37
27 38
27 46
27 49
27 50
27 51
27 52
27 53
27 54
27 56
27 59
27 61
27 66
27 68
27 69
27 71
27 73
27 74
27 78
27 79
27 80
27 81
27 83
27 85
27 86
27 91
27 92
27 96
27 98
28 29
28 31
28 34
28 35
28 36
28 37
28 39
28 40
28 43
28 44
28 46
28 47
28 48
28 49
28 51
28 52
28 53
28 54
28 57
28 59
28 64
28 65
28 67
28 68
28 69
28 70
28 73
28 75
28 78
28 79
28 80
28 81
28 86
28 87
28 91
28 92
28 95
28 96
28 97
28 99
29 33
29 35
29 36
29 38
29 41
29 44
29 46
29 47
29 51
29 52
29 53
29 54
29 56
29 57
29 58
29 62
29 63
29 67
29 69
29 70
29 72
29 75
29 76
29 77
29 78
29 79
29 81
29 86
29 88
29 89
29 91
29 92
29 93
29 94
29 97
29 98
29 99
30 31
30 37
30 40
30 42
30 43
30 45
30 47
30 50
30 52
30 56
30 57
30 58
30 61
30 62
30 66
30 68
30 71
30 72
30 73
30 74
30 75
30 76
30 78
30 79
30 80
30 87
30 88
30 89
30 90
30 91
30 92
30 94
30 95
30 96
30 99
31 32
31 33
31 40
31 41
31 43
31 44
31 47
31 49
31 53
31 55
31 58
31 59
31 60
31 62
31 63
31 64
31 65
31 69
31 70
31 71
31 72
31 76
31 78
31 80
31 81
31 82
31 83
31 84
31 88
31 92
31 93
31 95
31 97
32 37
32 38
32 39
32 42
32 45
32 46
32 50
32 51
32 53
32 54
32 55
32 56
32 60
32 62
32 63
32 65
32 67
32 68
32 73
32 78
32 79
32 82
32 84
32 87
32 88
32 89
32 90
32 91
32 93
32 95
32 96
32 98
32 99
33 34
33 35
33 40
33 41
33 43
33 45
33 46
33 49
33 51
33 52
33 56
33 60
33 62
33 64
33 66
33 69
33 74
33 77
33 78
33 79
33 80
33 82
33 85
33 87
33 88
33 89
33 91
33 92
33 94
33 96
33 99
34 36
34 38
34 40
34 41
34 42
34 44
34 45
34 47
34 49
34 50
34 54
34 55
34 57
34 64
34 65
34 66
34 68
34 69
34 71
34 76
34 77
34 80
34 81
34 82
34 85
34 87
34 88
34 90
34 92
34 95
34 99
35 37
35 39
35 40
35 42
35 44
35 45
35 47
35 49
35 50
35 51
35 52
35 54
35 59
35 65
35 66
35 67
35 68
35 69
35 71
35 72
35 75
35 79
35 80
35 81
35 82
35 84
35 85
35 90
35 91
35 94
35 96
35 99
36 37
36 40
36 41
36 45
36 50
36 51
36 53
36 54
36 55
36 60
36 61
36 67
36 68
36 71
36 73
36 74
36 77
36 78
36 79
36 80
36 83
36 84
36 86
36 87
36 88
36 89
36 91
36 93
36 96
36 97
36 99
37 38
37 39
37 41
37 43
37 44
37 45
37 48
37 49
37 50
37 51
37 52
37 53
37 54
37 55
37 58
37 59
37 61
37 63
37 64
37 65
37 66
37 67
37 70
37 72
37 73
37 74
37 76
37 77
37 78
37 79
37 81
37 85
37 86
37 88
37 93
37 94
38 40
38 41
38 43
38 44
38 46
38 48
38 50
38 51
38 53
38 54
38 58
38 60
38 62
38 63
38 68
38 69
38 70
38 71
38 72
38 73
38 76
38 77
38 79
38 80
38 81
38 82
38 83
38 84
38 88
38 89
38 90
38 91
38 92
38 94
38 95
38 96
39 40
39 42
39 43
39 44
39 45
39 47
39 48
39 50
39 51
39 56
39 58
39 61
39 62
39 63
39 67
39 70
39 73
39 76
39 80
39 82
39 83
39 88
39 89
39 91
39 93
39 94
39 97
40 42
40 44
40 45
40 47
40 53
40 55
40 56
40 57
40 58
40 60
40 61
40 64
40 65
40 68
40 69
40 72
40 73
40 75
40 77
40 80
40 82
40 84
40 86
40 87
40 88
40 90
40 91
40 92
40 93
40 94
40 97
40 98
40 99
41 42
41 44
41 46
41 47
41 51
41 52
41 55
41 58
41 59
41 61
41 62
41 63
41 66
41 68
41 69
41 71
41 72
41 74
41 75
41 76
41 78
41 81
41 82
41 84
41 87
41 92
42 46
42 48
42 49
42 51
42 52
42 54
42 55
42 56
42 59
42 61
42 63
42 67
42 68
42 69
42 71
42 73
42 76
42 77
42 78
42 81
42 86
42 88
42 92
42 94
42 98
43 45
43 46
43 48
43 49
43 51
43 52
43 54
43 56
43 58
43 59
43 60
43 61
43 63
43 64
43 65
43 66
43 68
43 69
43 71
43 74
43 76
43 80
43 81
43 84
43 86
43 87
43 90
43 91
43 92
43 95
43 96
43 97
44 47
44 48
44 49
44 52
44 57
44 59
44 62
44 64
44 67
44 74
44 75
44 78
44 80
44 81
44 82
44 83
44 84
44 86
44 88
44 89
44 92
44 95
44 97
45 47
45 49
45 50
45 51
45 53
45 55
45 58
45 59
45 61
45 62
45 63
45 64
45 67
45 68
45 69
45 71
45 73
45 74
45 75
45 77
45 78
45 79
45 81
45 82
45 84
45 85
45 86
45 87
45 92
45 93
45 94
45 96
45 97
45 98
45 99
46 47
46 50
46 51
46 53
46 54
46 55
46 56
46 59
46 61
46 62
46 63
46 64
46 70
46 71
46 73
46 77
46 81
46 82
46 84
46 86
46 87
46 89
46 91
46 93
46 94
46 96
46 97
46 98
46 99
47 48
47 49
47 50
47 54
47 55
47 56
47 60
47 63
47 67
47 68
47 69
47 72
47 76
47 77
47 78
47 81
47 82
47 83
47 84
47 85
47 86
47 88
47 89
47 91
47 94
47 96
47 97
47 98
47 99
48 49
48 54
48 56
48 62
48 63
48 71
48 72
48 73
48 74
48 77
48 79
48 80
48 81
48 82
48 83
48 84
48 85
48 86
48 89
48 90
48 91
48 93
48 95
48 96
48 98
48 99
49 51
49 52
49 54
49 58
49 61
49 62
49 63
49 65
49 66
49 69
49 70
49 71
49 73
49 74
49 75
49 77
49 78
49 80
49 81
49 84
49 86
49 88
49 93
49 94
49 95
49 96
50 51
50 52
50 54
50 56
50 57
50 58
50 63
50 65
50 67
50 69
50 70
50 71
50 73
50 77
50 78
50 79
50 80
50 82
50 83
50 86
50 87
50 89
50 92
50 93
50 94
50 95
50 96
50 97
51 53
51 54
51 56
51 57
51 58
51 60
51 64
51 65
51 70
51 71
51 73
51 74
51 75
51 77
51 78
51 79
51 82
51 84
51 86
51 87
51 88
51 90
51 93
51 95
51 96
51 98
51 99
52 58
52 59
52 60
52 62
52 63
52 64
52 65
52 67
52 70
52 71
52 73
52 75
52 76
52 77
52 81
52 85
52 86
52 88
52 91
52 95
52 98
52 99
53 54
53 55
53 56
53 57
53 58
53 59
53 60
53 61
53 66
53 67
53 69
53 70
53 71
53 74
53 77
53 78
53 79
53 81
53 82
53 83
53 84
53 85
53 86
53 87
53 88
53 90
53 91
53 92
53 93
53 96
53 98
54 56
54 58
54 61
54 64
54 70
54 74
54 76
54 78
54 83
54 88
54 89
54 93
54 94
54 96
54 97
54 98
54 99
55 56
55 57
55 61
55 62
55 64
55 65
55 68
55 71
55 72
55 73
55 74
55 77
55 78
55 80
55 81
55 83
55 85
55 88
55 90
55 91
55 95
55 97
55 99
56 57
56 59
56 62
56 64
56 65
56 66
56 67
56 69
56 70
56 71
56 74
56 75
56 76
56 78
56 79
56 80
56 83
56 84
56 85
56 86
56 87
56 91
56 92
56 93
56 94
56 95
56 98
57 58
57 60
57 64
57 65
57 67
57 68
57 70
57 71
57 74
57 75
57 76
57 78
57 80
57 82
57 87
57 88
57 90
57 92
57 94
57 95
57 96
57 97
57 99
58 59
58 60
58 61
58 62
58 63
58 64
58 68
58 71
58 72
58 73
58 76
58 83
58 86
58 90
58 91
58 92
58 94
58 96
58 97
58 98
59 60
59 63
59 65
59 66
59 67
59 69
59 70
59 73
59 74
59 77
59 78
59 79
59 82
59 83
59 85
59 89
59 90
59 95
59 97
59 98
60 62
60 64
60 67
60 70
60 71
60 72
60 73
60 75
60 76
60 77
60 78
60 80
60 81
60 83
60 88
60 89
60 90
60 91
60 93
60 94
60 96
60 98
60 99
61 63
61 66
61 67
61 69
61 71
61 72
61 73
61 75
61 79
61 81
61 86
61 87
61 89
61 90
61 92
61 93
61 95
61 96
61 97
61 99
62 64
62 66
62 67
62 68
62 72
62 73
62 74
62 75
62 76
62 77
62 79
62 81
62 82
62 83
62 85
62 88
62 92
62 93
62 94
62 95
62 97
62 98
62 99
63 64
63 65
63 66
63 71
63 74
63 75
63 76
63 77
63 78
63 79
63 80
63 81
63 82
63 83
63 87
63 90
63 91
63 93
63 94
63 95
63 98
64 67
64 72
64 73
64 74
64 75
64 77
64 79
64 80
64 82
64 83
64 84
64 86
64 87
64 88
64 90
64 91
64 92
64 93
64 94
64 97
64 98
65 66
65 67
65 71
65 72
65 73
65 74
65 75
65 76
65 79
65 80
65 83
65 87
65 94
65 95
66 68
66 71
66 73
66 74
66 75
66 77
66 79
66 82
66 84
66 87
66 88
66 89
66 90
66 91
66 92
66 94
66 95
66 96
66 97
66 99
67 70
67 74
67 78
67 80
67 81
67 83
67 86
67 87
67 88
67 91
67 92
67 93
67 94
67 97
67 98
67 99
68 72
68 73
68 76
68 77
68 78
68 79
68 83
68 85
68 86
68 91
68 93
68 94
68 95
68 96
68 97
69 70
69 71
69 73
69 74
69 76
69 77
69 78
69 80
69 82
69 85
69 86
69 88
69 89
69 92
69 93
69 94
69 95
69 96
69 97
69 98
69 99
70 73
70 76
70 78
70 80
70 83
70 85
70 86
70 92
70 94
70 98
71 72
71 73
71 75
71 76
71 77
71 80
71 83
71 85
71 86
71 87
71 88
71 92
71 95
72 75
72 77
72 82
72 83
72 85
72 90
72 93
72 95
72 96
72 99
73 76
73 78
73 82
73 83
73 85
73 86
73 90
73 94
73 95
73 96
73 97
74 75
74 77
74 79
74 80
74 81
74 82
74 83
74 89
74 92
74 93
74 96
74 97
74 98
75 77
75 79
75 81
75 82
75 89
75 90
75 91
75 96
75 98
76 77
76 78
76 79
76 83
76 84
76 85
76 86
76 89
76 90
76 91
76 96
76 97
76 98
76 99
77 79
77 80
77 82
77 85
77 86
77 89
77 90
77 93
77 95
77 98
78 81
78 82
78 83
78 88
78 91
78 92
78 94
78 96
78 99
79 80
79 82
79 84
79 86
79 87
79 88
79 89
79 90
79 91
79 93
79 94
79 95
79 96
79 97
79 98
79 99
80 81
80 82
80 83
80 85
80 86
80 87
80 89
80 94
81 82
81 86
81 90
81 91
81 98
81 99
82 83
82 89
82 90
82 91
82 93
82 94
82 95
82 97
83 84
83 85
83 88
83 90
83 91
83 92
83 93
83 94
83 95
83 96
83 98
83 99
84 86
84 87
84 88
84 89
84 90
84 93
84 95
84 96
84 97
84 99
85 87
85 88
85 89
85 91
85 92
85 93
85 95
85 96
85 98
86 87
86 88
86 93
86 97
86 98
86 99
87 90
87 94
87 95
87 99
88 89
88 90
88 92
88 93
88 94
88 95
88 98
89 93
89 95
89 96
89 99
90 93
90 94
90 98
90 99
91 92
91 93
91 95
91 97
91 99
92 97
92 98
93 96
93 97
93 99
94 95
94 96
94 97
94 99
95 97
95 98
95 99
96 98
97 98
