0 1
0 3
0 4
0 5
0 8
0 9
0 13
0 14
0 15
0 16
0 17
0 19
0 22
0 24
0 25
0 27
0 28
0 30
0 31
0 33
0 39
0 41
0 42
0 43
0 45
0 46
0 47
0 53
0 55
0 56
0 59
0 60
0 61
0 67
0 68
0 69
0 72
0 73
0 74
0 77
0 82
0 86
0 87
0 88
0 90
0 92
0 95
0 96
1 2
1 5
1 7
1 11
1 13
1 14
1 16
1 21
1 23
1 24
1 26
1 27
1 28
1 32
1 33
1 34
1 35
1 36
1 38
1 39
1 40
1 43
1 44
1 46
1 48
1 49
1 51
1 53
1 57
1 58
1 60
1 66
1 68
1 72
1 73
1 78
1 81
1 83
1 84
1 87
1 88
1 90
1 91
1 92
1 94
1 95
2 4
2 5
2 6
2 8
2 11
2 14
2 16
2 17
2 19
2 20
2 22
2 28
2 29
2 33
2 34
2 35
2 36
2 41
2 43
2 47
2 48
2 49
2 50
2 52
2 53
2 54
2 58
2 59
2 62
2 66
2 67
2 73
2 74
2 75
2 77
2 79
2 81
2 84
2 85
2 88
2 89
2 92
2 95
2 96
2 98
2 99
3 7
3 9
3 10
3 11
3 12
3 13
3 15
3 17
3 18
3 20
3 22
3 24
3 25
3 27
3 29
3 32
3 34
3 35
3 39
3 40
3 41
3 42
3 43
3 44
3 45
3 47
3 48
3 49
3 50
3 52
3 53
3 54
3 57
3 58
3 59
3 60
3 62
3 63
3 64
3 66
3 69
3 71
3 74
3 75
3 78
3 79
3 81
3 86
3 88
3 89
3 91
3 92
3 93
3 94
3 95
3 99
4 13
4 14
4 15
4 16
4 17
4 18
4 20
4 21
4 24
4 27
4 28
4 30
4 32
4 33
4 34
4 35
4 37
4 41
4 42
4 44
4 47
4 48
4 50
4 51
4 52
4 54
4 55
4 56
4 57
4 58
4 59
4 61
4 62
4 64
4 65
4 67
4 69
4 70
4 71
4 75
4 76
4 78
4 79
4 85
4 87
4 89
4 90
4 91
4 92
4 93
4 94
4 97
4 98
5 6
5 9
5 10
5 11
5 12
5 22
5 26
5 28
5 29
5 31
5 32
5 33
5 36
5 38
5 40
5 41
5 44
5 45
5 49
5 52
5 54
5 55
5 57
5 58
5 59
5 64
5 65
5 66
5 67
5 71
5 72
5 73
5 74
5 79
5 80
5 82
5 85
5 86
5 87
5 89
5 92
5 94
5 97
5 98
6 7
6 10
6 12
6 14
6 15
6 17
6 18
6 20
6 21
6 23
6 24
6 27
6 31
6 32
6 33
6 34
6 36
6 37
6 38
6 39
6 40
6 41
6 45
6 46
6 48
6 52
6 56
6 59
6 61
6 62
6 65
6 67
6 68
6 70
6 75
6 77
6 78
6 84
6 88
6 89
6 90
6 91
6 93
6 94
6 99
7 9
7 10
7 11
7 14
7 15
7 16
7 18
7 19
7 24
7 25
7 28
7 29
7 31
7 32
7 34
7 36
7 39
7 47
7 50
7 52
7 54
7 55
7 56
7 57
7 58
7 60
7 62
7 63
7 64
7 66
7 69
7 70
7 72
7 75
7 76
7 77
7 81
7 82
7 85
7 86
7 87
7 88
7 89
7 91
7 93
7 94
7 96
7 97
7 99
8 9
8 13
8 18
8 23
8 24
8 25
8 29
8 31
8 33
8 34
8 35
8 38
8 39
8 40
8 42
8 43
8 48
8 54
8 58
8 62
8 64
8 66
8 67
8 69
8 70
8 72
8 73
8 77
8 82
8 84
8 87
8 90
8 91
8 92
8 94
8 95
8 99
9 11
9 15
9 16
9 17
9 18
9 20
9 21
9 22
9 23
9 25
9 27
9 28
9 29
9 31
9 32
9 33
9 37
9 38
9 41
9 46
9 47
9 48
9 50
9 52
9 53
9 56
9 59
9 60
9 61
9 62
9 63
9 64
9 66
9 68
9 70
9 72
9 74
9 76
9 77
9 78
9 79
9 81
9 83
9 84
9 88
9 90
9 91
9 92
9 93
9 94
9 95
9 96
9 97
9 98
9 99
10 14
10 20
10 21
10 22
10 25
10 28
10 30
10 31
10 32
10 35
10 38
10 39
10 40
10 46
10 50
10 51
10 52
10 54
10 55
10 58
10 59
10 66
10 68
10 69
10 71
10 72
10 73
10 74
10 75
10 76
10 77
10 78
10 79
10 80
10 81
10 83
10 86
10 87
10 89
10 90
10 91
10 92
10 94
10 97
10 98
10 99
11 13
11 18
11 21
11 23
11 25
11 28
11 32
11 40
11 41
11 42
11 43
11 45
11 47
11 52
11 53
11 56
11 59
11 60
11 64
11 65
11 66
11 69
11 74
11 76
11 78
11 79
11 85
11 87
11 89
11 91
11 92
11 97
12 13
12 15
12 17
12 19
12 20
12 21
12 27
12 28
12 29
12 33
12 34
12 36
12 37
12 38
12 42
12 43
12 44
12 45
12 50
12 51
12 52
12 58
12 60
12 62
12 65
12 66
12 67
12 68
12 70
12 72
12 73
12 74
12 84
12 88
12 89
12 90
12 91
12 92
12 95
12 97
13 14
13 16
13 19
13 22
13 23
13 24
13 25
13 26
13 27
13 28
13 32
13 33
13 34
13 35
13 36
13 42
13 43
13 44
13 45
13 47
13 48
13 50
13 51
13 53
13 54
13 55
13 57
13 60
13 62
13 63
13 64
13 67
13 69
13 70
13 73
13 74
13 77
13 80
13 83
13 86
13 88
13 89
13 91
14 15
14 17
14 19
14 21
14 23
14 24
14 25
14 26
14 29
14 37
14 42
14 43
14 44
14 45
14 47
14 52
14 53
14 54
14 55
14 57
14 59
14 60
14 65
14 66
14 67
14 72
14 73
14 77
14 80
14 81
14 83
14 85
14 86
14 88
14 91
14 93
14 94
14 95
14 98
15 16
15 17
15 24
15 26
15 27
15 28
15 33
15 34
15 36
15 37
15 43
15 45
15 52
15 53
15 60
15 61
15 62
15 63
15 67
15 71
15 73
15 78
15 79
15 88
15 89
15 92
15 95
15 96
15 98
16 17
16 20
16 23
16 24
16 26
16 28
16 29
16 30
16 31
16 32
16 33
16 36
16 37
16 38
16 41
16 42
16 44
16 48
16 49
16 51
16 52
16 53
16 56
16 57
16 58
16 61
16 62
16 63
16 66
16 69
16 71
16 72
16 75
16 77
16 79
16 80
16 82
16 84
16 87
16 90
16 91
16 92
16 93
16 94
17 18
17 20
17 23
17 27
17 31
17 32
17 34
17 36
17 39
17 41
17 43
17 44
17 48
17 49
17 50
17 53
17 55
17 56
17 60
17 61
17 62
17 65
17 68
17 69
17 72
17 73
17 74
17 75
17 77
17 79
17 81
17 83
17 84
17 86
17 87
17 89
17 91
17 93
17 96
17 97
17 98
18 19
18 20
18 21
18 22
18 24
18 25
18 28
18 29
18 30
18 31
18 36
18 37
18 39
18 40
18 43
18 44
18 46
18 47
18 48
18 49
18 51
18 52
18 53
18 54
18 55
18 57
18 58
18 60
18 62
18 64
18 66
18 68
18 71
18 74
18 76
18 78
18 80
18 81
18 83
18 84
18 85
18 86
18 87
18 88
18 89
18 94
18 98
19 22
19 23
19 24
19 25
19 26
19 28
19 34
19 35
19 36
19 38
19 39
19 40
19 41
19 43
19 45
19 46
19 48
19 49
19 50
19 51
19 53
19 54
19 55
19 56
19 59
19 60
19 62
19 63
19 64
19 65
19 67
19 68
19 70
19 71
19 73
19 75
19 76
19 78
19 79
19 81
19 83
19 84
19 85
19 86
19 87
19 88
19 90
19 92
19 94
19 95
19 96
19 97
20 21
20 23
20 24
20 26
20 27
20 28
20 29
20 32
20 34
20 35
20 36
20 38
20 41
20 42
20 45
20 46
20 48
20 50
20 52
20 57
20 58
20 59
20 60
20 62
20 63
20 64
20 68
20 71
20 73
20 75
20 77
20 83
20 85
20 88
20 90
20 91
20 94
20 95
20 97
20 98
20 99
21 22
21 24
21 27
21 28
21 31
21 33
21 34
21 35
21 38
21 39
21 43
21 44
21 47
21 52
21 57
21 63
21 65
21 66
21 67
21 68
21 69
21 73
21 74
21 75
21 76
21 77
21 80
21 82
21 85
21 86
21 89
21 90
21 91
21 92
21 93
21 98
21 99
22 23
22 24
22 25
22 30
22 32
22 33
22 36
22 38
22 40
22 45
22 46
22 49
22 50
22 51
22 55
22 57
22 59
22 60
22 61
22 63
22 64
22 65
22 70
22 76
22 79
22 80
22 81
22 82
22 83
22 84
22 86
22 92
22 93
22 94
22 95
22 96
22 97
23 24
23 25
23 26
23 30
23 34
23 36
23 37
23 39
23 41
23 42
23 43
23 44
23 46
23 48
23 50
23 51
23 52
23 53
23 55
23 57
23 58
23 60
23 61
23 62
23 63
23 64
23 65
23 67
23 69
23 72
23 74
23 75
23 77
23 78
23 81
23 82
23 84
23 85
23 91
23 92
23 93
23 98
24 26
24 27
24 28
24 33
24 34
24 37
24 41
24 49
24 50
24 51
24 54
24 58
24 60
24 64
24 65
24 66
24 67
24 68
24 69
24 71
24 72
24 83
24 85
24 88
24 91
24 97
24 98
24 99
25 27
25 30
25 31
25 32
25 34
25 35
25 37
25 39
25 42
25 43
25 44
25 46
25 48
25 51
25 53
25 55
25 56
25 58
25 63
25 64
25 65
25 69
25 70
25 73
25 74
25 75
25 81
25 84
25 88
25 89
25 91
25 94
25 98
25 99
26 27
26 30
26 33
26 39
26 41
26 43
26 44
26 48
26 52
26 56
26 57
26 58
26 60
26 64
26 65
26 69
26 76
26 78
26 79
26 80
26 81
26 83
26 84
26 85
26 90
26 91
26 92
26 96
27 28
27 34
27 35
27 38
27 39
27 40
27 41
27 42
27 43
27 44
27 45
27 47
27 48
27 49
27 52
27 54
27 57
27 58
27 65
27 67
27 69
27 70
27 72
27 73
27 74
27 75
27 77
27 78
27 79
27 81
27 84
27 85
27 86
27 87
27 89
27 90
27 91
27 96
27 97
27 98
27 99
28 32
28 33
28 34
28 35
28 37
28 38
28 39
28 41
28 43
28 47
28 57
28 59
28 62
28 66
28 68
28 69
28 76
28 79
28 80
28 81
28 85
28 86
28 87
28 90
28 92
28 95
28 97
28 98
28 99
29 30
29 31
29 32
29 38
29 41
29 42
29 43
29 44
29 45
29 46
29 47
29 49
29 54
29 58
29 61
29 62
29 63
29 65
29 66
29 68
29 71
29 72
29 76
29 77
29 78
29 79
29 81
29 82
29 84
29 86
29 87
29 88
29 90
29 91
29 92
29 93
29 98
29 99
30 32
30 33
30 37
30 39
30 40
30 42
30 43
30 46
30 47
30 48
30 51
30 54
30 55
30 56
30 58
30 61
30 65
30 67
30 69
30 71
30 72
30 73
30 74
30 76
30 77
30 79
30 80
30 81
30 82
30 83
30 85
30 87
30 91
30 94
30 96
30 98
31 32
31 33
31 36
31 37
31 38
31 40
31 43
31 44
31 45
31 46
31 54
31 57
31 59
31 60
31 61
31 65
31 66
31 68
31 69
31 70
31 72
31 73
31 75
31 76
31 77
31 78
31 79
31 80
31 82
31 83
31 86
31 88
31 90
31 93
31 94
31 95
31 96
31 98
31 99
32 34
32 48
32 51
32 52
32 53
32 54
32 56
32 58
32 59
32 63
32 64
32 66
32 67
32 68
32 69
32 70
32 72
32 75
32 78
32 79
32 82
32 85
32 86
32 93
32 94
32 96
32 99
33 35
33 36
33 39
33 46
33 48
33 49
33 55
33 56
33 57
33 58
33 59
33 61
33 63
33 64
33 66
33 69
33 71
33 72
33 74
33 77
33 79
33 80
33 82
33 83
33 85
33 86
33 88
33 91
33 92
33 93
33 94
33 97
33 98
34 36
34 37
34 38
34 39
34 41
34 42
34 44
34 47
34 48
34 54
34 60
34 61
34 62
34 63
34 64
34 65
34 66
34 67
34 68
34 69
34 72
34 73
34 74
34 75
34 76
34 77
34 78
34 82
34 83
34 84
34 88
34 89
34 90
34 92
34 98
35 38
35 39
35 40
35 42
35 47
35 48
35 50
35 51
35 54
35 58
35 59
35 60
35 62
35 66
35 68
35 69
35 74
35 75
35 77
35 79
35 83
35 88
35 91
35 95
35 96
35 98
35 99
36 38
36 39
36 44
36 45
36 47
36 48
36 49
36 50
36 52
36 53
36 54
36 58
36 60
36 61
36 64
36 68
36 69
36 70
36 72
36 74
36 81
36 82
36 84
36 85
36 86
36 87
36 89
36 91
36 92
36 96
36 97
36 98
36 99
37 38
37 39
37 44
37 47
37 50
37 51
37 53
37 57
37 59
37 61
37 63
37 64
37 66
37 69
37 70
37 72
37 74
37 75
37 77
37 83
37 84
37 85
37 87
37 88
37 89
37 90
37 91
37 92
37 93
37 94
37 95
37 98
38 39
38 42
38 44
38 45
38 48
38 49
38 50
38 52
38 53
38 55
38 59
38 63
38 64
38 65
38 68
38 70
38 71
38 75
38 76
38 80
38 82
38 83
38 85
38 88
38 89
38 94
38 96
38 97
38 98
38 99
39 44
39 45
39 51
39 54
39 55
39 56
39 57
39 61
39 62
39 64
39 66
39 67
39 68
39 69
39 72
39 74
39 78
39 79
39 81
39 85
39 87
39 91
39 92
39 95
39 96
39 97
39 98
40 43
40 44
40 49
40 50
40 51
40 52
40 53
40 54
40 57
40 59
40 60
40 61
40 64
40 65
40 66
40 69
40 75
40 76
40 80
40 82
40 83
40 85
40 86
40 89
40 90
40 92
40 93
40 95
40 97
40 99
41 44
41 46
41 48
41 50
41 51
41 53
41 54
41 64
41 66
41 67
41 68
41 72
41 73
41 75
41 81
41 82
41 83
41 84
41 88
41 89
41 93
41 94
41 95
41 97
41 99
42 43
42 51
42 52
42 55
42 56
42 57
42 58
42 65
42 66
42 67
42 69
42 70
42 71
42 72
42 73
42 74
42 75
42 76
42 79
42 82
42 83
42 85
42 86
42 89
42 90
42 96
42 98
42 99
43 44
43 46
43 48
43 49
43 50
43 52
43 53
43 61
43 63
43 65
43 68
43 70
43 71
43 72
43 73
43 77
43 78
43 80
43 81
43 84
43 94
43 96
43 99
44 46
44 49
44 52
44 56
44 58
44 59
44 60
44 64
44 66
44 68
44 69
44 71
44 72
44 73
44 74
44 75
44 76
44 77
44 78
44 81
44 83
44 85
44 88
44 91
44 92
44 96
44 98
44 99
45 48
45 49
45 50
45 51
45 57
45 60
45 61
45 62
45 63
45 66
45 67
45 68
45 72
45 74
45 77
45 78
45 79
45 82
45 86
45 91
45 92
45 94
45 95
45 98
45 99
46 47
46 49
46 52
46 55
46 56
46 57
46 58
46 59
46 60
46 63
46 69
46 71
46 72
46 78
46 81
46 83
46 84
46 85
46 86
46 88
46 89
46 90
46 92
46 94
46 98
46 99
47 48
47 51
47 52
47 60
47 61
47 68
47 69
47 70
47 71
47 73
47 75
47 76
47 77
47 82
47 85
47 87
47 89
47 91
47 92
47 93
47 94
47 95
47 96
47 97
47 98
48 49
48 50
48 51
48 52
48 58
48 59
48 60
48 62
48 63
48 67
48 70
48 73
48 74
48 77
48 78
48 79
48 82
48 85
48 88
48 89
48 90
48 91
48 93
48 94
48 97
48 98
49 50
49 52
49 54
49 58
49 59
49 60
49 61
49 62
49 63
49 64
49 65
49 66
49 67
49 68
49 69
49 71
49 72
49 74
49 79
49 80
49 82
49 85
49 91
49 95
49 96
49 98
50 53
50 54
50 55
50 57
50 58
50 59
50 62
50 63
50 64
50 66
50 67
50 68
50 69
50 72
50 73
50 77
50 78
50 79
50 81
50 83
50 85
50 91
50 94
50 96
50 97
50 98
50 99
51 52
51 54
51 55
51 56
51 57
51 58
51 59
51 64
51 65
51 66
51 69
51 72
51 80
51 81
51 82
51 86
51 87
51 88
51 89
51 91
51 93
51 94
51 96
51 97
51 99
52 57
52 60
52 65
52 70
52 71
52 76
52 81
52 82
52 83
52 86
52 87
52 88
52 90
52 91
52 92
52 95
52 97
52 98
52 99
53 54
53 55
53 56
53 57
53 59
53 60
53 62
53 63
53 65
53 66
53 70
53 74
53 77
53 78
53 80
53 82
53 84
53 86
53 87
53 90
53 91
53 92
53 94
53 95
53 96
53 97
53 98
54 55
54 56
54 57
54 58
54 60
54 64
54 65
54 69
54 71
54 76
54 79
54 80
54 81
54 83
54 90
54 92
54 93
54 94
54 96
54 97
54 98
54 99
55 56
55 58
55 61
55 62
55 63
55 64
55 66
55 67
55 73
55 76
55 78
55 81
55 82
55 83
55 88
55 89
55 90
55 91
55 93
55 96
56 57
56 58
56 61
56 62
56 63
56 64
56 67
56 68
56 69
56 70
56 72
56 73
56 74
56 76
56 77
56 78
56 81
56 82
56 85
56 86
56 88
56 93
56 97
56 99
57 61
57 62
57 63
57 66
57 69
57 70
57 71
57 73
57 75
57 77
57 78
57 80
57 85
57 86
57 90
57 91
57 92
57 95
57 96
58 62
58 70
58 71
58 73
58 74
58 76
58 79
58 80
58 81
58 83
58 84
58 86
58 87
58 90
58 93
58 95
58 96
58 99
59 61
59 63
59 64
59 65
59 67
59 70
59 71
59 73
59 75
59 78
59 79
59 83
59 85
59 86
59 87
59 88
59 92
59 94
59 99
60 61
60 63
60 66
60 67
60 68
60 70
60 71
60 72
60 75
60 76
60 81
60 82
60 85
60 87
60 89
60 90
60 91
60 92
60 94
60 95
60 98
61 69
61 70
61 71
61 72
61 76
61 77
61 79
61 83
61 89
61 90
61 92
61 96
61 97
61 99
62 63
62 68
62 70
62 71
62 75
62 76
62 77
62 80
62 81
62 83
62 84
62 91
62 92
62 96
62 98
62 99
63 66
63 69
63 73
63 75
63 76
63 77
63 79
63 80
63 81
63 83
63 84
63 87
63 89
63 90
63 94
63 97
63 99
64 65
64 67
64 69
64 70
64 73
64 76
64 78
64 79
64 80
64 82
64 83
64 86
64 87
64 91
64 93
64 94
64 95
64 99
65 68
65 70
65 72
65 73
65 74
65 76
65 77
65 80
65 81
65 83
65 84
65 85
65 87
65 91
65 93
65 95
65 97
65 99
66 67
66 70
66 73
66 74
66 77
66 80
66 81
66 82
66 85
66 87
66 88
66 90
66 92
66 93
66 95
66 96
66 97
66 98
66 99
67 69
67 72
67 74
67 76
67 77
67 82
67 85
67 86
67 87
67 89
67 90
67 92
67 95
67 96
67 98
68 69
68 73
68 76
68 77
68 84
68 87
68 89
68 95
68 96
68 97
69 70
69 73
69 79
69 80
69 81
69 83
69 85
69 86
69 88
69 90
69 91
69 92
69 94
69 95
69 98
70 71
70 72
70 73
70 74
70 75
70 77
70 79
70 81
70 82
70 83
70 85
70 87
70 90
70 91
70 92
70 94
70 96
70 97
70 99
71 72
71 74
71 75
71 77
71 78
71 81
71 83
71 85
71 88
71 89
71 91
71 92
71 93
71 95
72 73
72 74
72 78
72 82
72 84
72 85
72 86
72 87
72 88
72 89
72 90
72 91
72 92
72 94
72 95
72 98
73 74
73 85
73 86
73 91
73 94
73 95
73 96
73 98
74 76
74 78
74 79
74 81
74 82
74 83
74 84
74 85
74 86
74 88
74 90
74 93
74 95
74 97
74 99
75 76
75 77
75 78
75 79
75 80
75 81
75 82
75 83
75 84
75 85
75 86
75 93
75 95
75 96
75 98
76 87
76 89
76 90
76 94
76 95
76 96
76 99
77 79
77 86
77 88
77 89
77 96
77 97
78 79
78 82
78 83
78 84
78 86
78 88
78 92
78 96
78 99
79 80
79 81
79 82
79 83
79 86
79 87
79 88
79 89
79 90
79 92
79 95
79 99
80 81
80 84
80 86
80 88
80 89
80 91
80 92
80 93
80 95
80 96
80 99
81 85
81 87
81 88
81 92
81 94
81 95
81 98
81 99
82 86
82 88
82 89
82 91
82 92
82 97
82 99
83 85
83 86
83 88
83 91
83 92
83 95
83 96
83 99
84 85
84 88
84 89
84 93
84 96
85 86
85 88
85 89
85 90
85 94
85 96
85 97
85 98
85 99
86 87
86 88
86 92
86 95
86 98
87 88
87 92
87 94
87 98
87 99
88 89
88 90
88 92
88 94
88 96
88 98
88 99
89 93
89 94
89 95
89 96
89 97
89 98
89 99
90 91
91 93
91 98
91 99
92 93
92 94
92 96
92 97
92 98
92 99
93 94
93 95
93 96
93 99
94 95
94 97
94 98
94 99
95 96
96 97
96 98
98 99
