0 3
0 4
0 6
0 8
0 9
0 12
0 13
0 15
0 18
0 20
0 21
0 23
0 24
0 25
0 26
0 27
0 28
0 29
0 31
0 32
0 37
0 38
0 39
0 40
0 44
0 46
0 48
0 50
0 52
0 53
0 55
0 56
0 58
0 59
0 60
0 61
0 63
0 64
0 65
0 70
0 71
0 75
0 76
0 78
0 79
0 82
0 83
0 84
0 86
0 87
0 89
0 91
0 93
0 94
0 95
0 98
0 99
1 5
1 9
1 11
1 12
1 13
1 20
1 24
1 26
1 27
1 28
1 29
1 30
1 31
1 33
1 36
1 37
1 38
1 39
1 42
1 43
1 44
1 45
1 47
1 48
1 49
1 50
1 54
1 55
1 58
1 61
1 63
1 65
1 68
1 69
1 70
1 73
1 76
1 77
1 78
1 79
1 80
1 83
1 84
1 86
1 87
1 88
1 89
1 92
1 93
1 96
1 98
2 3
2 4
2 7
2 9
2 13
2 14
2 18
2 19
2 20
2 30
2 32
2 33
2 34
2 35
2 36
2 37
2 38
2 39
2 40
2 42
2 45
2 47
2 52
2 53
2 60
2 61
2 64
2 66
2 70
2 72
2 77
2 79
2 80
2 82
2 83
2 84
2 85
2 89
2 90
2 91
2 92
2 94
2 95
2 96
2 98
3 4
3 7
3 9
3 11
3 12
3 19
3 20
3 23
3 25
3 27
3 28
3 29
3 30
3 31
3 32
3 34
3 36
3 37
3 38
3 40
3 43
3 44
3 45
3 48
3 49
3 51
3 52
3 53
3 55
3 56
3 59
3 60
3 61
3 64
3 65
3 67
3 68
3 69
3 70
3 74
3 75
3 76
3 77
3 79
3 80
3 81
3 82
3 84
3 91
3 94
3 95
3 96
3 97
3 99
4 5
4 6
4 7
4 12
4 13
4 14
4 15
4 18
4 19
4 20
4 21
4 22
4 23
4 24
4 25
4 26
4 29
4 33
4 35
4 36
4 38
4 39
4 42
4 43
4 44
4 45
4 48
4 49
4 54
4 56
4 58
4 61
4 64
4 65
4 66
4 69
4 76
4 77
4 78
4 80
4 83
4 85
4 86
4 87
4 88
4 89
4 93
4 97
4 99
5 6
5 8
5 9
5 12
5 14
5 17
5 22
5 23
5 25
5 27
5 28
5 29
5 30
5 37
5 40
5 41
5 42
5 43
5 44
5 45
5 46
5 49
5 52
5 53
5 54
5 55
5 57
5 59
5 60
5 62
5 65
5 66
5 67
5 71
5 75
5 77
5 84
5 87
5 88
5 89
5 90
5 91
5 92
5 93
5 97
5 99
6 8
6 9
6 12
6 14
6 15
6 16
6 17
6 18
6 20
6 22
6 23
6 24
6 25
6 27
6 30
6 31
6 34
6 35
6 36
6 38
6 39
6 43
6 44
6 46
6 47
6 50
6 52
6 53
6 55
6 56
6 57
6 58
6 60
6 61
6 67
6 70
6 71
6 72
6 73
6 78
6 79
6 80
6 81
6 87
6 88
6 89
6 90
6 91
6 93
6 94
6 95
6 98
6 99
7 10
7 11
7 14
7 26
7 27
7 28
7 31
7 33
7 34
7 35
7 36
7 39
7 42
7 43
7 47
7 48
7 50
7 52
7 55
7 58
7 66
7 67
7 68
7 69
7 71
7 73
7 74
7 76
7 80
7 81
7 82
7 83
7 84
7 89
7 92
7 93
7 95
7 96
7 97
7 99
8 10
8 13
8 16
8 17
8 18
8 20
8 21
8 22
8 23
8 25
8 27
8 30
8 33
8 36
8 37
8 39
8 40
8 42
8 43
8 44
8 45
8 46
8 47
8 48
8 49
8 56
8 57
8 60
8 61
8 62
8 64
8 65
8 68
8 70
8 71
8 73
8 77
8 79
8 81
8 82
8 85
8 88
8 90
8 91
8 93
8 95
9 10
9 11
9 12
9 13
9 14
9 15
9 16
9 18
9 22
9 24
9 29
9 30
9 32
9 40
9 43
9 48
9 49
9 50
9 53
9 56
9 58
9 59
9 62
9 63
9 64
9 65
9 70
9 73
9 74
9 75
9 80
9 81
9 84
9 85
9 86
9 87
9 88
9 90
9 91
9 92
9 96
10 12
10 14
10 17
10 19
10 21
10 22
10 23
10 25
10 26
10 27
10 28
10 29
10 30
10 31
10 33
10 38
10 39
10 41
10 44
10 46
10 48
10 51
10 52
10 53
10 55
10 56
10 57
10 58
10 59
10 61
10 62
10 63
10 65
10 67
10 68
10 69
10 70
10 78
10 79
10 80
10 81
10 82
10 85
10 87
10 91
10 92
10 93
10 96
10 97
11 13
11 14
11 17
11 20
11 25
11 26
11 28
11 40
11 42
11 44
11 46
11 48
11 49
11 51
11 53
11 57
11 58
11 59
11 61
11 63
11 68
11 69
11 70
11 71
11 73
11 75
11 77
11 80
11 81
11 83
11 86
11 94
11 96
11 97
11 99
12 13
12 14
12 16
12 17
12 18
12 19
12 20
12 24
12 25
12 26
12 27
12 28
12 29
12 30
12 31
12 32
12 33
12 34
12 37
12 38
12 40
12 43
12 44
12 47
12 49
12 51
12 52
12 54
12 56
12 60
12 61
12 62
12 64
12 65
12 68
12 69
12 71
12 74
12 75
12 76
12 77
12 78
12 80
12 83
12 84
12 85
12 86
12 87
12 89
12 90
12 91
12 93
12 95
12 97
12 98
13 15
13 17
13 18
13 19
13 21
13 23
13 27
13 29
13 30
13 32
13 36
13 40
13 43
13 44
13 45
13 47
13 49
13 50
13 52
13 54
13 55
13 58
13 60
13 61
13 64
13 68
13 70
13 72
13 73
13 75
13 76
13 78
13 80
13 81
13 82
13 83
13 85
13 87
13 88
13 91
13 92
13 94
13 95
13 97
13 98
13 99
14 15
14 17
14 21
14 27
14 31
14 32
14 36
14 40
14 41
14 44
14 47
14 52
14 53
14 54
14 55
14 58
14 59
14 61
14 62
14 63
14 69
14 70
14 72
14 74
14 76
14 77
14 78
14 80
14 81
14 83
14 84
14 86
14 89
14 90
14 94
14 96
14 97
14 98
15 18
15 19
15 21
15 22
15 23
15 26
15 27
15 28
15 29
15 30
15 37
15 39
15 44
15 47
15 50
15 53
15 56
15 58
15 59
15 61
15 63
15 67
15 68
15 69
15 71
15 74
15 75
15 76
15 77
15 79
15 83
15 84
15 85
15 86
15 87
15 88
15 89
15 90
15 93
15 95
16 19
16 23
16 24
16 26
16 29
16 30
16 31
16 32
16 33
16 35
16 36
16 37
16 38
16 42
16 48
16 50
16 53
16 54
16 56
16 58
16 60
16 63
16 65
16 66
16 67
16 72
16 75
16 77
16 78
16 79
16 83
16 84
16 86
16 87
16 88
16 90
16 92
16 93
16 94
16 95
16 97
16 98
17 18
17 19
17 20
17 24
17 27
17 31
17 33
17 35
17 36
17 37
17 43
17 44
17 45
17 46
17 47
17 51
17 52
17 53
17 56
17 59
17 60
17 63
17 65
17 66
17 68
17 70
17 72
17 73
17 76
17 79
17 93
17 94
17 95
17 96
17 97
18 19
18 20
18 23
18 27
18 28
18 30
18 31
18 34
18 38
18 39
18 41
18 43
18 44
18 45
18 47
18 50
18 52
18 53
18 54
18 55
18 56
18 58
18 59
18 60
18 62
18 64
18 66
18 69
18 72
18 74
18 75
18 81
18 82
18 84
18 88
18 90
18 91
18 93
18 94
18 95
18 97
18 98
18 99
19 21
19 22
19 24
19 25
19 27
19 29
19 31
19 35
19 37
19 40
19 43
19 44
19 48
19 53
19 54
19 56
19 57
19 60
19 62
19 63
19 64
19 69
19 70
19 71
19 72
19 73
19 77
19 78
19 81
19 82
19 83
19 85
19 86
19 87
19 88
19 92
19 93
19 96
19 97
19 98
20 24
20 26
20 27
20 30
20 36
20 37
20 38
20 42
20 45
20 46
20 52
20 58
20 59
20 64
20 65
20 67
20 68
20 69
20 70
20 71
20 72
20 74
20 78
20 82
20 84
20 85
20 87
20 93
20 96
20 98
20 99
21 22
21 23
21 25
21 26
21 27
21 29
21 30
21 32
21 34
21 35
21 36
21 38
21 40
21 43
21 44
21 45
21 46
21 48
21 50
21 52
21 53
21 54
21 57
21 60
21 62
21 63
21 67
21 68
21 70
21 75
21 76
21 79
21 80
21 84
21 87
21 88
21 92
21 94
21 95
21 96
21 97
21 99
22 24
22 25
22 27
22 28
22 29
22 30
22 33
22 34
22 37
22 39
22 40
22 41
22 44
22 47
22 48
22 50
22 51
22 53
22 58
22 61
22 63
22 65
22 67
22 68
22 71
22 75
22 76
22 77
22 78
22 81
22 85
22 86
22 87
22 88
22 90
22 93
22 97
22 99
23 26
23 28
23 29
23 30
23 33
23 34
23 36
23 37
23 39
23 41
23 43
23 44
23 45
23 47
23 50
23 51
23 52
23 54
23 55
23 56
23 57
23 59
23 60
23 62
23 63
23 68
23 70
23 71
23 73
23 78
23 79
23 80
23 82
23 83
23 84
23 86
23 88
23 92
23 93
23 97
23 98
24 25
24 27
24 30
24 31
24 32
24 33
24 35
24 36
24 40
24 42
24 43
24 44
24 48
24 52
24 55
24 56
24 58
24 60
24 62
24 63
24 65
24 66
24 68
24 69
24 70
24 73
24 74
24 75
24 76
24 78
24 81
24 82
24 83
24 87
24 90
24 91
24 93
24 94
24 95
24 97
24 98
24 99
25 27
25 29
25 30
25 31
25 32
25 33
25 34
25 36
25 37
25 38
25 39
25 41
25 43
25 50
25 52
25 53
25 54
25 55
25 56
25 57
25 61
25 62
25 64
25 65
25 67
25 68
25 71
25 75
25 76
25 86
25 87
25 94
25 95
25 98
25 99
26 28
26 30
26 31
26 32
26 34
26 38
26 40
26 41
26 43
26 44
26 45
26 47
26 49
26 51
26 53
26 54
26 55
26 56
26 57
26 59
26 60
26 62
26 63
26 64
26 70
26 73
26 77
26 78
26 79
26 82
26 83
26 85
26 86
26 87
26 88
26 90
26 91
26 93
26 95
26 96
27 29
27 34
27 36
27 41
27 42
27 44
27 45
27 46
27 51
27 52
27 54
27 56
27 57
27 58
27 61
27 68
27 71
27 72
27 75
27 76
27 77
27 78
27 79
27 82
27 83
27 87
27 89
27 91
27 92
27 96
27 97
28 29
28 31
28 34
28 35
28 40
28 41
28 42
28 43
28 44
28 45
28 46
28 48
28 49
28 51
28 52
28 53
28 54
28 55
28 62
28 63
28 64
28 66
28 67
28 69
28 70
28 72
28 77
28 78
28 80
28 84
28 86
28 89
28 90
28 91
28 93
28 95
28 99
29 30
29 32
29 35
29 36
29 45
29 46
29 48
29 50
29 51
29 53
29 54
29 56
29 57
29 59
29 60
29 69
29 72
29 76
29 77
29 80
29 83
29 84
29 86
29 87
29 89
29 90
29 91
29 92
29 93
29 96
29 98
30 31
30 32
30 34
30 37
30 38
30 39
30 40
30 42
30 45
30 49
30 50
30 51
30 53
30 54
30 59
30 61
30 65
30 66
30 67
30 68
30 73
30 74
30 75
30 76
30 77
30 79
30 81
30 82
30 83
30 85
30 87
30 88
30 89
30 91
30 92
30 94
30 95
30 99
31 32
31 33
31 35
31 38
31 40
31 41
31 42
31 43
31 49
31 52
31 53
31 54
31 56
31 58
31 59
31 60
31 61
31 63
31 64
31 65
31 66
31 68
31 71
31 72
31 73
31 74
31 75
31 76
31 79
31 84
31 86
31 89
31 91
31 92
31 93
31 95
31 98
31 99
32 33
32 34
32 37
32 39
32 41
32 42
32 43
32 44
32 46
32 47
32 48
32 51
32 52
32 53
32 54
32 57
32 61
32 62
32 63
32 67
32 68
32 70
32 74
32 75
32 78
32 80
32 81
32 82
32 83
32 86
32 87
32 88
32 89
32 93
32 96
32 97
32 99
33 38
33 40
33 41
33 43
33 49
33 50
33 51
33 52
33 53
33 58
33 60
33 62
33 64
33 66
33 67
33 69
33 73
33 74
33 75
33 76
33 78
33 81
33 82
33 84
33 85
33 87
33 89
33 91
33 95
33 96
33 98
33 99
34 36
34 37
34 39
34 44
34 47
34 49
34 50
34 51
34 54
34 55
34 56
34 57
34 59
34 60
34 61
34 63
34 65
34 68
34 69
34 71
34 72
34 75
34 77
34 80
34 88
34 90
34 93
34 94
34 97
34 98
34 99
35 38
35 39
35 40
35 43
35 49
35 50
35 51
35 52
35 59
35 60
35 71
35 76
35 78
35 80
35 83
35 84
35 87
35 89
35 90
35 94
35 95
35 97
35 98
36 37
36 38
36 39
36 40
36 41
36 43
36 44
36 46
36 47
36 48
36 50
36 52
36 53
36 54
36 55
36 56
36 57
36 59
36 60
36 61
36 62
36 72
36 75
36 76
36 80
36 82
36 83
36 84
36 86
36 88
36 90
36 94
36 95
36 96
36 99
37 39
37 42
37 44
37 47
37 50
37 53
37 58
37 62
37 64
37 65
37 66
37 67
37 69
37 72
37 74
37 75
37 76
37 77
37 80
37 82
37 83
37 86
37 87
37 96
37 98
37 99
38 39
38 40
38 46
38 48
38 49
38 52
38 53
38 56
38 57
38 59
38 61
38 62
38 64
38 66
38 69
38 77
38 78
38 80
38 81
38 84
38 89
38 90
38 93
38 94
38 95
38 99
39 40
39 41
39 45
39 46
39 47
39 48
39 50
39 51
39 53
39 54
39 56
39 57
39 58
39 59
39 65
39 67
39 69
39 71
39 80
39 81
39 82
39 83
39 85
39 86
39 88
39 91
39 92
39 94
39 95
39 96
39 98
39 99
40 41
40 43
40 44
40 46
40 47
40 50
40 51
40 52
40 53
40 54
40 55
40 57
40 60
40 62
40 64
40 65
40 67
40 70
40 72
40 74
40 76
40 77
40 78
40 79
40 81
40 82
40 84
40 86
40 87
40 88
40 89
40 94
40 98
41 42
41 44
41 45
41 46
41 47
41 48
41 51
41 52
41 53
41 54
41 56
41 58
41 59
41 62
41 63
41 65
41 67
41 68
41 69
41 75
41 76
41 77
41 78
41 81
41 82
41 83
41 86
41 88
41 89
41 91
41 92
41 93
41 94
41 96
41 98
41 99
42 45
42 46
42 48
42 49
42 50
42 51
42 56
42 58
42 59
42 61
42 63
42 64
42 65
42 66
42 68
42 70
42 71
42 73
42 74
42 77
42 79
42 81
42 83
42 84
42 88
42 89
42 90
42 91
42 92
42 95
43 45
43 47
43 52
43 54
43 56
43 57
43 60
43 61
43 62
43 63
43 64
43 67
43 68
43 69
43 70
43 72
43 76
43 77
43 78
43 79
43 81
43 83
43 84
43 85
43 87
43 90
43 94
43 96
43 97
43 99
44 45
44 46
44 51
44 53
44 55
44 56
44 58
44 59
44 61
44 64
44 65
44 68
44 72
44 73
44 75
44 76
44 80
44 84
44 86
44 88
44 89
44 90
44 91
44 96
44 97
44 98
45 48
45 50
45 55
45 56
45 57
45 58
45 60
45 63
45 65
45 66
45 72
45 73
45 74
45 76
45 82
45 83
45 85
45 86
45 89
45 90
45 96
45 97
45 98
45 99
46 47
46 50
46 53
46 56
46 57
46 59
46 60
46 62
46 63
46 64
46 67
46 70
46 74
46 75
46 78
46 81
46 83
46 87
46 89
46 90
46 92
46 93
46 95
46 96
46 97
46 98
47 48
47 49
47 52
47 54
47 55
47 56
47 59
47 61
47 66
47 67
47 69
47 70
47 72
47 73
47 74
47 78
47 79
47 81
47 82
47 84
47 86
47 87
47 90
47 92
47 94
48 49
48 50
48 52
48 55
48 59
48 60
48 61
48 62
48 63
48 64
48 65
48 66
48 67
48 68
48 71
48 73
48 77
48 78
48 87
48 88
48 89
48 91
48 93
48 94
48 96
48 99
49 54
49 55
49 56
49 57
49 58
49 61
49 62
49 63
49 64
49 66
49 69
49 70
49 73
49 74
49 76
49 77
49 78
49 80
49 82
49 84
49 85
49 86
49 87
49 88
49 89
49 90
49 93
49 94
49 95
49 99
50 51
50 52
50 56
50 57
50 58
50 60
50 63
50 64
50 65
50 67
50 68
50 69
50 70
50 72
50 74
50 75
50 81
50 82
50 87
50 90
50 91
50 93
50 98
50 99
51 54
51 55
51 56
51 57
51 58
51 60
51 63
51 67
51 68
51 69
51 71
51 73
51 78
51 80
51 81
51 82
51 83
51 84
51 85
51 86
51 87
51 88
51 89
51 91
51 92
51 93
51 94
51 95
51 97
51 98
52 55
52 56
52 59
52 60
52 64
52 65
52 66
52 69
52 74
52 76
52 79
52 81
52 86
52 87
52 88
52 89
52 91
52 92
52 94
52 95
52 98
52 99
53 54
53 57
53 58
53 60
53 61
53 62
53 64
53 65
53 67
53 68
53 69
53 71
53 73
53 76
53 77
53 79
53 80
53 82
53 83
53 84
53 87
53 88
53 90
53 91
53 92
53 93
53 97
53 98
53 99
54 56
54 62
54 64
54 71
54 72
54 74
54 75
54 76
54 78
54 81
54 85
54 86
54 89
54 90
54 91
54 92
54 96
54 98
54 99
55 58
55 59
55 61
55 65
55 67
55 70
55 72
55 74
55 76
55 79
55 82
55 83
55 84
55 88
55 93
55 94
55 99
56 57
56 58
56 59
56 60
56 62
56 64
56 65
56 68
56 69
56 74
56 75
56 76
56 77
56 79
56 82
56 83
56 84
56 86
56 88
56 91
56 92
56 94
56 96
56 97
57 58
57 59
57 63
57 64
57 65
57 66
57 67
57 69
57 70
57 72
57 73
57 74
57 76
57 77
57 79
57 81
57 82
57 84
57 85
57 86
57 87
57 88
57 92
57 94
57 97
57 98
58 59
58 65
58 70
58 73
58 74
58 75
58 77
58 79
58 81
58 82
58 84
58 85
58 90
58 92
58 93
58 95
59 60
59 61
59 62
59 65
59 66
59 67
59 68
59 69
59 74
59 77
59 78
59 79
59 80
59 81
59 83
59 84
59 87
59 88
59 90
59 91
59 92
59 94
59 95
59 98
60 64
60 65
60 67
60 68
60 69
60 71
60 72
60 79
60 83
60 84
60 85
60 89
60 90
60 91
60 96
60 97
60 98
60 99
61 64
61 65
61 69
61 70
61 71
61 72
61 74
61 75
61 78
61 81
61 82
61 85
61 86
61 92
61 97
62 63
62 65
62 67
62 71
62 72
62 75
62 77
62 78
62 79
62 83
62 86
62 88
62 90
62 91
62 92
62 94
62 95
62 96
62 98
62 99
63 66
63 68
63 70
63 72
63 73
63 79
63 81
63 82
63 83
63 84
63 85
63 86
63 87
63 88
63 89
63 91
63 93
63 94
63 97
63 99
64 66
64 70
64 72
64 74
64 75
64 79
64 81
64 85
64 86
64 87
64 89
64 95
64 96
64 98
65 66
65 67
65 68
65 74
65 75
65 77
65 78
65 79
65 80
65 82
65 85
65 86
65 88
65 89
65 91
65 95
65 96
65 99
66 69
66 71
66 72
66 77
66 78
66 81
66 82
66 83
66 84
66 87
66 88
66 89
66 90
66 91
66 96
66 97
66 98
67 68
67 69
67 74
67 79
67 81
67 82
67 84
67 89
67 94
68 69
68 70
68 71
68 72
68 75
68 76
68 79
68 81
68 82
68 85
68 88
68 91
68 93
68 94
68 96
68 98
68 99
69 70
69 71
69 73
69 75
69 78
69 80
69 81
69 86
69 94
69 96
69 98
69 99
70 71
70 73
70 74
70 76
70 77
70 80
70 82
70 84
70 86
70 90
70 91
70 92
70 95
70 98
70 99
71 72
71 73
71 78
71 81
71 87
71 88
71 89
71 91
71 92
71 93
71 95
71 99
72 73
72 77
72 81
72 82
72 85
72 87
72 89
72 90
72 91
72 92
72 94
72 96
72 98
72 99
73 74
73 75
73 76
73 77
73 79
73 80
73 82
73 84
73 85
73 86
73 87
73 92
73 93
73 94
73 95
73 98
74 76
74 77
74 78
74 79
74 83
74 84
74 90
74 91
74 92
74 93
74 94
74 95
74 97
74 99
75 76
75 79
75 80
75 81
75 82
75 84
75 87
75 89
75 91
75 93
75 94
75 95
75 96
75 98
75 99
76 77
76 83
76 84
76 85
76 90
76 91
76 96
76 99
77 78
77 79
77 80
77 85
77 86
77 88
77 90
77 92
77 95
77 97
77 98
77 99
78 82
78 84
78 85
78 87
78 91
78 93
78 96
78 97
78 98
78 99
79 82
79 85
79 87
79 89
79 90
79 92
79 95
79 98
79 99
80 87
80 95
80 99
81 86
81 88
81 91
81 92
81 93
81 96
81 98
82 85
82 92
82 94
82 96
82 98
82 99
83 84
83 87
83 91
83 93
83 97
83 98
84 85
84 86
84 88
84 90
84 92
84 94
84 95
84 96
84 97
84 99
85 86
85 88
85 89
85 94
85 96
85 97
86 87
86 88
86 90
86 92
86 93
86 97
87 88
87 89
87 91
87 93
87 96
87 97
87 98
88 92
88 93
88 94
88 95
88 96
88 97
88 99
89 91
89 94
89 97
89 98
89 99
90 93
90 94
90 95
90 96
90 97
91 92
91 93
91 94
91 99
92 95
92 96
92 97
92 98
92 99
93 95
93 97
94 95
94 96
95 96
95 98
95 99
96 97
97 98
