0 1
0 2
0 3
0 11
0 12
0 13
0 14
0 18
0 20
0 22
0 23
0 28
0 31
0 33
0 34
0 37
0 40
0 42
0 43
0 44
0 45
0 47
0 49
0 50
0 53
0 58
0 59
0 60
0 61
0 62
0 63
0 64
0 65
0 68
0 70
0 73
0 76
0 78
0 82
0 83
0 84
0 85
0 86
0 87
0 88
0 93
0 98
0 99
1 2
1 3
1 5
1 6
1 11
1 12
1 14
1 16
1 17
1 23
1 24
1 27
1 28
1 30
1 31
1 32
1 33
1 35
1 37
1 38
1 41
1 42
1 45
1 46
1 47
1 48
1 51
1 54
1 55
1 56
1 57
1 60
1 62
1 63
1 66
1 67
1 68
1 69
1 72
1 79
1 80
1 81
1 83
1 84
1 85
1 86
1 88
1 90
1 91
1 92
1 93
1 95
1 96
1 97
1 98
2 5
2 9
2 11
2 13
2 17
2 19
2 23
2 26
2 27
2 28
2 29
2 32
2 33
2 35
2 36
2 37
2 38
2 44
2 45
2 47
2 50
2 51
2 53
2 54
2 55
2 57
2 58
2 60
2 61
2 62
2 65
2 66
2 68
2 69
2 73
2 74
2 75
2 76
2 77
2 79
2 82
2 84
2 87
2 91
2 95
2 97
2 98
3 5
3 6
3 10
3 11
3 12
3 15
3 16
3 17
3 18
3 19
3 20
3 21
3 24
3 27
3 28
3 29
3 33
3 34
3 37
3 43
3 44
3 45
3 47
3 49
3 51
3 52
3 55
3 56
3 57
3 58
3 59
3 62
3 67
3 68
3 69
3 71
3 72
3 76
3 77
3 78
3 82
3 83
3 84
3 86
3 88
3 89
3 91
3 93
3 94
3 96
3 99
4 5
4 7
4 8
4 11
4 13
4 14
4 15
4 18
4 19
4 20
4 22
4 25
4 26
4 30
4 31
4 32
4 33
4 34
4 35
4 38
4 42
4 46
4 47
4 48
4 50
4 51
4 52
4 54
4 55
4 57
4 58
4 59
4 60
4 61
4 62
4 63
4 64
4 69
4 71
4 73
4 77
4 79
4 84
4 90
4 91
4 93
4 94
4 95
5 6
5 7
5 8
5 9
5 11
5 12
5 14
5 15
5 16
5 19
5 20
5 21
5 22
5 28
5 29
5 38
5 39
5 40
5 41
5 43
5 44
5 45
5 46
5 47
5 49
5 50
5 51
5 53
5 56
5 58
5 60
5 65
5 67
5 69
5 72
5 73
5 76
5 78
5 79
5 80
5 83
5 84
5 85
5 86
5 88
5 93
5 97
6 8
6 10
6 11
6 12
6 13
6 17
6 21
6 22
6 25
6 30
6 31
6 32
6 36
6 38
6 40
6 41
6 43
6 44
6 51
6 52
6 55
6 59
6 61
6 62
6 67
6 68
6 71
6 73
6 74
6 76
6 81
6 82
6 88
6 93
6 95
6 96
6 97
6 99
7 8
7 12
7 13
7 14
7 17
7 19
7 21
7 22
7 23
7 24
7 25
7 26
7 27
7 28
7 29
7 31
7 34
7 38
7 40
7 43
7 44
7 48
7 50
7 51
7 53
7 54
7 56
7 57
7 60
7 66
7 67
7 68
7 71
7 72
7 73
7 75
7 77
7 78
7 79
7 82
7 83
7 86
7 87
7 89
7 90
7 91
7 92
7 94
7 95
7 96
7 98
7 99
8 9
8 10
8 12
8 16
8 18
8 19
8 20
8 21
8 22
8 23
8 26
8 28
8 31
8 37
8 38
8 39
8 43
8 44
8 47
8 48
8 50
8 51
8 53
8 59
8 60
8 61
8 62
8 63
8 64
8 65
8 67
8 68
8 69
8 72
8 73
8 75
8 76
8 77
8 81
8 83
8 85
8 87
8 88
8 90
8 91
8 92
8 94
8 95
8 96
8 99
9 10
9 11
9 12
9 13
9 15
9 16
9 17
9 18
9 19
9 21
9 23
9 24
9 25
9 26
9 28
9 35
9 36
9 37
9 38
9 39
9 43
9 45
9 46
9 47
9 48
9 53
9 55
9 57
9 58
9 59
9 60
9 61
9 62
9 65
9 66
9 71
9 73
9 76
9 77
9 79
9 80
9 83
9 86
9 87
9 88
9 89
9 92
9 93
9 98
9 99
10 12
10 13
10 14
10 17
10 19
10 22
10 25
10 26
10 28
10 31
10 32
10 34
10 38
10 40
10 44
10 51
10 53
10 55
10 56
10 57
10 58
10 60
10 61
10 64
10 65
10 69
10 70
10 72
10 75
10 76
10 77
10 78
10 80
10 81
10 82
10 83
10 86
10 89
10 90
10 91
10 95
10 96
10 97
10 98
11 12
11 13
11 14
11 17
11 19
11 21
11 23
11 24
11 25
11 26
11 29
11 30
11 33
11 35
11 41
11 42
11 43
11 44
11 47
11 48
11 50
11 51
11 52
11 57
11 58
11 59
11 60
11 61
11 64
11 65
11 66
11 67
11 70
11 71
11 72
11 74
11 76
11 79
11 80
11 81
11 82
11 83
11 84
11 86
11 88
11 90
11 91
11 93
11 94
12 14
12 17
12 20
12 21
12 22
12 25
12 27
12 28
12 32
12 34
12 36
12 38
12 39
12 43
12 44
12 45
12 46
12 47
12 50
12 53
12 54
12 56
12 58
12 60
12 63
12 64
12 66
12 68
12 69
12 70
12 71
12 78
12 79
12 80
12 82
12 84
12 85
12 87
12 88
12 91
12 96
12 98
12 99
13 14
13 15
13 18
13 21
13 23
13 27
13 30
13 31
13 32
13 33
13 34
13 36
13 37
13 38
13 39
13 42
13 43
13 44
13 46
13 48
13 50
13 52
13 53
13 54
13 55
13 56
13 57
13 58
13 59
13 61
13 62
13 63
13 64
13 65
13 66
13 69
13 70
13 73
13 74
13 75
13 76
13 79
13 80
13 82
13 83
13 86
13 88
13 89
13 91
13 93
13 96
13 97
14 16
14 17
14 20
14 22
14 25
14 27
14 28
14 29
14 30
14 31
14 32
14 33
14 35
14 41
14 43
14 44
14 46
14 48
14 50
14 52
14 54
14 56
14 58
14 60
14 62
14 64
14 68
14 71
14 73
14 74
14 75
14 81
14 82
14 90
14 91
14 93
14 96
14 97
14 98
14 99
15 16
15 18
15 20
15 21
15 23
15 25
15 26
15 27
15 31
15 33
15 36
15 37
15 39
15 40
15 41
15 42
15 47
15 51
15 54
15 55
15 57
15 58
15 59
15 60
15 61
15 62
15 64
15 66
15 67
15 68
15 69
15 70
15 71
15 72
15 74
15 77
15 78
15 81
15 82
15 84
15 86
15 87
15 88
15 96
15 97
15 98
16 17
16 18
16 19
16 22
16 24
16 28
16 31
16 33
16 34
16 35
16 36
16 39
16 40
16 42
16 44
16 45
16 46
16 50
16 51
16 54
16 57
16 60
16 62
16 63
16 64
16 69
16 74
16 76
16 80
16 85
16 87
16 90
16 93
16 94
16 95
16 96
16 97
17 18
17 19
17 21
17 22
17 23
17 24
17 26
17 27
17 31
17 33
17 34
17 35
17 36
17 37
17 38
17 39
17 41
17 42
17 43
17 46
17 56
17 57
17 61
17 62
17 65
17 66
17 69
17 71
17 73
17 76
17 77
17 78
17 80
17 81
17 83
17 85
17 88
17 90
17 91
17 93
17 94
17 97
17 98
18 20
18 23
18 26
18 27
18 29
18 30
18 31
18 34
18 35
18 37
18 38
18 39
18 40
18 41
18 43
18 46
18 48
18 49
18 52
18 55
18 57
18 58
18 59
18 61
18 63
18 65
18 66
18 72
18 73
18 75
18 76
18 77
18 79
18 83
18 84
18 86
18 88
18 90
18 91
18 92
18 93
18 94
18 98
18 99
19 20
19 21
19 23
19 24
19 25
19 26
19 27
19 28
19 29
19 31
19 32
19 36
19 38
19 40
19 41
19 43
19 44
19 46
19 48
19 49
19 52
19 59
19 61
19 62
19 63
19 65
19 66
19 67
19 68
19 69
19 70
19 71
19 75
19 76
19 78
19 79
19 82
19 85
19 89
19 90
19 91
19 92
19 94
20 21
20 24
20 26
20 29
20 30
20 32
20 34
20 37
20 38
20 39
20 40
20 42
20 43
20 44
20 46
20 48
20 50
20 51
20 52
20 55
20 56
20 57
20 59
20 60
20 61
20 63
20 69
20 71
20 72
20 73
20 74
20 76
20 77
20 79
20 80
20 81
20 84
20 86
20 89
20 91
20 92
20 93
20 95
20 99
21 23
21 26
21 28
21 29
21 31
21 33
21 34
21 35
21 39
21 43
21 44
21 45
21 46
21 47
21 49
21 50
21 53
21 54
21 55
21 57
21 58
21 63
21 65
21 67
21 68
21 69
21 71
21 72
21 74
21 78
21 79
21 80
21 83
21 85
21 86
21 87
21 90
21 93
21 94
21 95
21 97
21 98
21 99
22 25
22 26
22 27
22 30
22 36
22 38
22 40
22 43
22 51
22 54
22 56
22 57
22 58
22 59
22 61
22 64
22 68
22 69
22 70
22 77
22 81
22 83
22 87
22 92
22 93
22 94
22 95
22 97
23 24
23 25
23 29
23 30
23 32
23 33
23 34
23 35
23 36
23 37
23 38
23 39
23 40
23 43
23 45
23 46
23 47
23 49
23 51
23 55
23 57
23 58
23 59
23 61
23 62
23 63
23 65
23 66
23 67
23 68
23 69
23 73
23 77
23 79
23 83
23 86
23 89
23 92
23 93
23 95
23 96
23 97
23 99
24 27
24 33
24 34
24 35
24 36
24 44
24 45
24 46
24 47
24 54
24 57
24 61
24 62
24 63
24 66
24 67
24 68
24 69
24 73
24 75
24 76
24 78
24 80
24 81
24 83
24 84
24 85
24 86
24 88
24 89
24 90
24 91
24 93
24 95
24 98
25 26
25 27
25 29
25 30
25 32
25 34
25 36
25 37
25 41
25 43
25 45
25 48
25 49
25 50
25 52
25 54
25 55
25 57
25 60
25 65
25 66
25 67
25 70
25 71
25 72
25 74
25 75
25 76
25 77
25 80
25 83
25 84
25 86
25 88
25 89
25 91
25 92
25 94
25 96
25 97
25 98
26 27
26 28
26 31
26 32
26 34
26 35
26 42
26 45
26 51
26 54
26 56
26 57
26 58
26 62
26 63
26 64
26 66
26 69
26 72
26 73
26 74
26 76
26 77
26 83
26 84
26 86
26 87
26 88
26 90
26 91
26 93
26 96
26 98
26 99
27 28
27 29
27 30
27 31
27 32
27 33
27 34
27 35
27 37
27 40
27 41
27 42
27 43
27 44
27 45
27 47
27 50
27 51
27 52
27 53
27 54
27 57
27 60
27 61
27 64
27 66
27 68
27 69
27 74
27 76
27 77
27 83
27 87
27 91
27 92
27 95
27 96
28 29
28 31
28 36
28 37
28 39
28 40
28 41
28 47
28 51
28 52
28 54
28 55
28 56
28 57
28 67
28 68
28 69
28 70
28 74
28 83
28 84
28 86
28 87
28 90
28 93
28 95
28 96
28 99
29 30
29 32
29 33
29 37
29 42
29 43
29 44
29 45
29 46
29 50
29 51
29 53
29 54
29 56
29 57
29 58
29 60
29 61
29 62
29 66
29 68
29 70
29 72
29 75
29 77
29 81
29 83
29 84
29 88
29 91
29 95
29 99
30 33
30 37
30 38
30 39
30 40
30 45
30 46
30 49
30 50
30 52
30 53
30 56
30 59
30 61
30 64
30 68
30 69
30 70
30 71
30 73
30 74
30 76
30 78
30 80
30 81
30 83
30 89
30 90
30 91
30 93
30 96
30 97
30 98
30 99
31 32
31 38
31 40
31 41
31 44
31 47
31 48
31 49
31 51
31 52
31 54
31 56
31 58
31 59
31 60
31 61
31 63
31 67
31 68
31 69
31 72
31 73
31 75
31 76
31 78
31 81
31 83
31 86
31 87
31 88
31 90
31 91
31 93
31 94
31 96
31 97
31 98
32 33
32 34
32 37
32 38
32 40
32 44
32 46
32 47
32 48
32 55
32 56
32 57
32 58
32 60
32 62
32 63
32 66
32 69
32 71
32 72
32 73
32 74
32 80
32 81
32 82
32 83
32 85
32 87
32 88
32 89
32 90
32 91
32 95
32 97
32 98
33 36
33 44
33 46
33 50
33 51
33 53
33 55
33 59
33 61
33 62
33 66
33 67
33 69
33 71
33 74
33 76
33 78
33 79
33 83
33 87
33 89
33 91
33 93
33 95
33 97
33 99
34 38
34 39
34 43
34 48
34 50
34 52
34 53
34 59
34 62
34 63
34 64
34 67
34 69
34 70
34 72
34 73
34 76
34 78
34 79
34 82
34 83
34 84
34 85
34 87
34 89
34 92
34 96
35 36
35 37
35 38
35 45
35 46
35 47
35 48
35 50
35 52
35 54
35 55
35 57
35 58
35 60
35 62
35 63
35 65
35 66
35 67
35 72
35 74
35 76
35 79
35 81
35 83
35 84
35 85
35 87
35 88
35 95
35 96
35 98
36 38
36 39
36 40
36 43
36 44
36 45
36 50
36 54
36 55
36 56
36 59
36 62
36 64
36 66
36 67
36 68
36 69
36 70
36 71
36 74
36 75
36 79
36 83
36 84
36 85
36 86
36 87
36 89
36 93
36 95
36 96
36 98
36 99
37 38
37 41
37 43
37 45
37 48
37 49
37 51
37 53
37 54
37 55
37 59
37 60
37 63
37 67
37 69
37 70
37 71
37 75
37 80
37 81
37 82
37 86
37 90
37 91
37 94
37 96
37 97
37 99
38 39
38 40
38 43
38 44
38 47
38 49
38 51
38 52
38 54
38 55
38 56
38 57
38 59
38 60
38 65
38 66
38 67
38 68
38 69
38 70
38 71
38 73
38 74
38 76
38 77
38 78
38 79
38 80
38 81
38 83
38 85
38 86
38 93
38 96
38 97
38 98
38 99
39 42
39 43
39 44
39 45
39 46
39 50
39 51
39 53
39 56
39 57
39 59
39 63
39 65
39 67
39 69
39 71
39 72
39 74
39 76
39 78
39 79
39 83
39 84
39 85
39 86
39 87
39 89
39 91
39 93
39 94
39 98
39 99
40 43
40 47
40 48
40 50
40 51
40 52
40 54
40 59
40 61
40 64
40 65
40 67
40 72
40 75
40 79
40 82
40 84
40 85
40 88
40 91
40 93
40 94
40 95
40 99
41 42
41 44
41 47
41 48
41 49
41 50
41 51
41 52
41 54
41 55
41 56
41 57
41 58
41 62
41 65
41 66
41 68
41 69
41 71
41 72
41 74
41 75
41 77
41 80
41 81
41 84
41 87
41 91
41 92
41 93
41 94
41 97
42 44
42 45
42 46
42 47
42 48
42 49
42 50
42 51
42 53
42 54
42 55
42 56
42 58
42 59
42 62
42 63
42 65
42 68
42 69
42 76
42 80
42 81
42 82
42 85
42 87
42 93
42 94
42 98
43 44
43 46
43 48
43 50
43 51
43 54
43 56
43 58
43 59
43 62
43 64
43 65
43 70
43 71
43 72
43 73
43 74
43 76
43 78
43 81
43 83
43 84
43 86
43 87
43 88
43 91
43 94
43 95
43 97
44 49
44 51
44 55
44 61
44 64
44 68
44 69
44 70
44 71
44 75
44 77
44 80
44 81
44 82
44 83
44 84
44 85
44 88
44 90
44 93
44 95
44 99
45 47
45 48
45 50
45 54
45 55
45 57
45 58
45 59
45 61
45 63
45 64
45 65
45 67
45 68
45 72
45 75
45 79
45 80
45 85
45 87
45 94
45 96
45 97
45 98
45 99
46 49
46 51
46 53
46 55
46 56
46 58
46 61
46 64
46 65
46 67
46 68
46 69
46 71
46 72
46 76
46 78
46 80
46 82
46 83
46 84
46 85
46 89
46 90
46 91
46 92
46 95
46 96
46 98
47 49
47 50
47 54
47 57
47 58
47 60
47 64
47 66
47 67
47 68
47 69
47 72
47 76
47 78
47 84
47 86
47 87
47 88
47 94
47 95
47 96
47 97
47 98
48 50
48 51
48 53
48 56
48 57
48 58
48 60
48 61
48 62
48 63
48 65
48 68
48 71
48 73
48 76
48 79
48 82
48 83
48 85
48 86
48 89
48 90
48 92
48 95
48 96
48 99
49 51
49 52
49 53
49 54
49 55
49 57
49 58
49 62
49 63
49 67
49 73
49 74
49 75
49 77
49 79
49 80
49 82
49 83
49 86
49 87
49 88
49 89
49 90
49 91
49 92
49 94
49 95
49 96
49 98
49 99
50 51
50 53
50 56
50 59
50 60
50 61
50 62
50 64
50 66
50 67
50 68
50 69
50 71
50 73
50 78
50 79
50 82
50 84
50 85
50 87
50 88
50 93
50 95
50 97
51 53
51 54
51 55
51 58
51 59
51 62
51 65
51 67
51 69
51 72
51 76
51 77
51 79
51 80
51 81
51 86
51 87
51 88
51 89
51 93
51 95
51 96
51 97
51 98
52 53
52 55
52 56
52 58
52 62
52 63
52 64
52 70
52 71
52 72
52 77
52 78
52 79
52 80
52 83
52 85
52 86
52 87
52 88
52 89
52 91
52 93
52 95
52 98
53 54
53 57
53 58
53 59
53 60
53 61
53 62
53 64
53 66
53 68
53 69
53 70
53 71
53 73
53 74
53 75
53 76
53 77
53 78
53 80
53 81
53 84
53 86
53 87
53 90
53 91
53 94
53 97
54 55
54 56
54 57
54 61
54 67
54 68
54 69
54 72
54 73
54 76
54 78
54 79
54 80
54 81
54 83
54 84
54 86
54 87
54 88
54 89
54 90
54 93
54 95
55 57
55 58
55 60
55 61
55 62
55 63
55 64
55 68
55 69
55 72
55 73
55 74
55 75
55 76
55 77
55 79
55 80
55 84
55 85
55 86
55 88
55 89
55 92
55 94
55 95
55 97
55 98
56 58
56 61
56 62
56 67
56 68
56 70
56 71
56 74
56 76
56 78
56 84
56 89
56 91
56 93
56 96
56 97
56 98
57 58
57 59
57 60
57 61
57 66
57 69
57 70
57 71
57 78
57 79
57 81
57 82
57 85
57 87
57 88
57 89
57 90
57 91
57 94
58 59
58 60
58 63
58 65
58 66
58 67
58 68
58 70
58 71
58 72
58 74
58 75
58 80
58 81
58 82
58 84
58 86
58 89
58 90
58 91
58 92
58 93
58 94
58 97
59 61
59 63
59 64
59 66
59 67
59 69
59 73
59 75
59 76
59 78
59 80
59 81
59 82
59 89
59 91
59 92
59 95
59 97
60 62
60 64
60 66
60 67
60 68
60 71
60 72
60 73
60 75
60 79
60 80
60 81
60 83
60 84
60 88
60 89
60 91
60 92
60 94
60 95
61 63
61 64
61 65
61 66
61 68
61 73
61 74
61 81
61 83
61 84
61 86
61 87
61 88
61 91
61 92
61 93
61 95
61 96
62 63
62 64
62 66
62 68
62 71
62 75
62 77
62 78
62 79
62 80
62 81
62 82
62 88
62 89
62 95
62 96
62 97
62 98
62 99
63 64
63 67
63 70
63 71
63 74
63 75
63 77
63 79
63 81
63 83
63 84
63 86
63 87
63 88
63 89
63 90
64 65
64 66
64 69
64 70
64 72
64 74
64 75
64 76
64 77
64 79
64 82
64 83
64 84
64 85
64 86
64 90
64 92
64 93
64 94
64 95
64 98
64 99
65 67
65 69
65 70
65 72
65 74
65 76
65 78
65 79
65 81
65 83
65 85
65 86
65 87
65 88
65 89
65 91
65 92
65 93
65 94
65 95
65 96
65 98
65 99
66 68
66 70
66 72
66 75
66 76
66 79
66 84
66 85
66 86
66 89
66 90
66 94
66 95
66 97
66 98
66 99
67 69
67 72
67 73
67 77
67 79
67 80
67 81
67 82
67 83
67 84
67 87
67 89
67 91
67 94
67 99
68 70
68 71
68 73
68 77
68 80
68 81
68 83
68 86
68 87
68 88
68 91
68 93
68 94
68 96
68 98
69 71
69 73
69 74
69 82
69 84
69 87
69 91
69 94
69 95
69 96
69 97
69 98
69 99
70 73
70 75
70 80
70 81
70 83
70 85
70 87
70 89
70 91
70 96
70 97
70 99
71 75
71 79
71 81
71 82
71 87
71 92
71 93
71 95
71 96
71 99
72 73
72 79
72 80
72 81
72 82
72 85
72 87
72 89
72 90
72 95
72 96
72 97
73 76
73 77
73 79
73 82
73 83
73 84
73 86
73 92
73 93
73 95
73 98
74 75
74 76
74 78
74 79
74 82
74 85
74 86
74 87
74 93
74 96
74 97
74 99
75 77
75 80
75 82
75 83
75 86
75 87
75 88
75 91
75 92
75 93
75 95
76 77
76 78
76 80
76 81
76 82
76 83
76 85
76 86
76 87
76 88
76 91
76 92
76 93
76 94
76 96
76 98
76 99
77 78
77 87
77 88
77 91
77 93
77 94
77 95
77 97
78 81
78 82
78 92
78 96
78 97
78 98
78 99
79 80
79 81
79 83
79 84
79 85
79 87
79 89
79 90
79 92
79 93
79 94
79 95
80 82
80 83
80 84
80 85
80 88
80 89
80 90
80 92
80 98
81 82
81 83
81 85
81 86
81 88
81 93
81 94
81 95
81 99
82 84
82 87
82 88
82 89
82 94
82 95
82 96
82 97
82 98
82 99
83 84
83 86
83 88
83 92
83 93
83 95
83 96
83 97
84 85
84 88
84 95
84 97
84 98
84 99
85 88
85 93
85 97
85 98
85 99
86 87
86 91
86 92
86 94
86 95
86 96
86 98
86 99
87 90
87 92
87 93
87 95
87 96
87 99
88 89
88 90
88 93
88 94
88 98
89 92
89 93
89 94
89 99
90 91
90 93
90 95
90 96
90 98
90 99
91 92
91 93
91 94
91 95
91 98
91 99
92 94
92 95
92 97
92 99
93 95
93 96
93 98
93 99
94 95
94 96
94 97
94 98
94 99
95 97
95 98
95 99
96 97
96 99
97 98
98 99
