0 1
0 2
0 3
0 5
0 7
0 9
0 10
0 13
0 16
0 17
0 18
0 19
0 21
0 23
0 26
0 29
0 31
0 40
0 45
0 53
0 54
0 55
0 57
0 58
0 60
0 61
0 62
0 63
0 64
0 65
0 67
0 69
0 73
0 76
0 77
0 83
0 84
0 86
0 90
0 92
0 94
0 96
0 98
1 3
1 4
1 5
1 6
1 9
1 11
1 12
1 13
1 16
1 17
1 18
1 22
1 24
1 25
1 26
1 27
1 30
1 31
1 33
1 35
1 37
1 40
1 41
1 43
1 45
1 47
1 50
1 51
1 52
1 53
1 54
1 56
1 57
1 60
1 61
1 62
1 63
1 64
1 65
1 68
1 69
1 74
1 77
1 82
1 83
1 85
1 87
1 88
1 89
1 90
1 91
1 94
2 4
2 5
2 12
2 13
2 15
2 17
2 19
2 22
2 27
2 28
2 29
2 32
2 36
2 37
2 40
2 42
2 45
2 46
2 47
2 49
2 50
2 53
2 54
2 55
2 57
2 62
2 65
2 66
2 67
2 68
2 72
2 75
2 76
2 78
2 79
2 82
2 83
2 86
2 87
2 88
2 91
2 92
2 93
2 94
2 98
2 99
3 4
3 6
3 8
3 9
3 10
3 12
3 13
3 14
3 17
3 20
3 21
3 22
3 23
3 24
3 25
3 27
3 29
3 30
3 31
3 33
3 37
3 38
3 41
3 42
3 46
3 47
3 48
3 49
3 50
3 52
3 53
3 54
3 55
3 56
3 57
3 58
3 60
3 62
3 64
3 67
3 68
3 71
3 75
3 77
3 78
3 79
3 80
3 86
3 87
3 92
3 93
3 94
3 95
3 99
4 5
4 7
4 9
4 11
4 12
4 14
4 15
4 20
4 21
4 22
4 24
4 25
4 26
4 28
4 31
4 34
4 36
4 39
4 46
4 48
4 51
4 52
4 54
4 57
4 62
4 64
4 65
4 66
4 67
4 69
4 70
4 71
4 77
4 78
4 79
4 80
4 81
4 83
4 84
4 87
4 90
4 95
4 96
4 97
4 98
4 99
5 9
5 10
5 11
5 12
5 14
5 15
5 17
5 18
5 19
5 20
5 22
5 23
5 24
5 29
5 31
5 32
5 33
5 37
5 38
5 40
5 41
5 42
5 43
5 46
5 48
5 49
5 52
5 53
5 54
5 55
5 57
5 58
5 59
5 60
5 61
5 62
5 67
5 72
5 76
5 83
5 84
5 86
5 88
5 92
5 94
5 96
6 9
6 13
6 16
6 17
6 19
6 20
6 26
6 27
6 29
6 30
6 31
6 32
6 35
6 37
6 39
6 40
6 41
6 43
6 47
6 49
6 53
6 55
6 57
6 58
6 63
6 64
6 67
6 68
6 69
6 71
6 75
6 76
6 82
6 85
6 90
6 91
6 92
6 94
6 95
6 96
6 97
6 99
7 8
7 9
7 10
7 12
7 13
7 14
7 15
7 17
7 18
7 19
7 20
7 21
7 23
7 24
7 26
7 27
7 29
7 31
7 32
7 37
7 39
7 43
7 47
7 50
7 51
7 54
7 56
7 57
7 61
7 62
7 68
7 72
7 73
7 80
7 81
7 86
7 88
7 89
7 91
7 93
7 94
7 97
7 98
7 99
8 11
8 12
8 14
8 15
8 16
8 17
8 18
8 20
8 27
8 29
8 31
8 32
8 34
8 35
8 38
8 40
8 42
8 44
8 45
8 51
8 52
8 54
8 55
8 58
8 59
8 60
8 65
8 66
8 67
8 69
8 71
8 73
8 74
8 75
8 76
8 77
8 81
8 82
8 85
8 87
8 88
8 89
8 94
8 95
8 96
8 98
9 12
9 13
9 16
9 17
9 20
9 21
9 24
9 28
9 31
9 32
9 34
9 35
9 36
9 37
9 38
9 40
9 41
9 42
9 44
9 48
9 56
9 58
9 62
9 63
9 65
9 67
9 68
9 69
9 70
9 72
9 73
9 74
9 75
9 77
9 78
9 80
9 82
9 83
9 84
9 87
9 90
9 93
9 94
9 95
9 97
9 98
9 99
10 13
10 14
10 15
10 16
10 21
10 22
10 24
10 25
10 26
10 27
10 29
10 32
10 41
10 44
10 45
10 46
10 47
10 50
10 51
10 53
10 56
10 60
10 61
10 63
10 64
10 67
10 68
10 69
10 74
10 75
10 77
10 78
10 79
10 80
10 81
10 82
10 85
10 86
10 87
10 89
10 93
10 95
10 96
11 13
11 16
11 17
11 18
11 19
11 21
11 24
11 25
11 27
11 28
11 30
11 34
11 35
11 36
11 37
11 38
11 39
11 40
11 42
11 43
11 44
11 45
11 46
11 47
11 53
11 54
11 58
11 59
11 60
11 62
11 63
11 67
11 69
11 71
11 72
11 73
11 81
11 82
11 83
11 89
11 90
11 93
11 94
11 95
12 13
12 14
12 15
12 16
12 17
12 19
12 22
12 27
12 28
12 31
12 32
12 35
12 36
12 38
12 39
12 40
12 43
12 44
12 46
12 47
12 48
12 51
12 54
12 57
12 62
12 63
12 64
12 66
12 69
12 70
12 71
12 72
12 77
12 78
12 79
12 80
12 84
12 85
12 87
12 88
12 89
12 91
12 93
12 94
12 95
12 98
13 14
13 16
13 18
13 19
13 21
13 23
13 24
13 25
13 28
13 31
13 32
13 34
13 35
13 36
13 37
13 39
13 40
13 41
13 42
13 43
13 44
13 46
13 47
13 50
13 51
13 52
13 53
13 55
13 59
13 63
13 65
13 66
13 73
13 74
13 75
13 77
13 78
13 80
13 83
13 87
13 90
13 91
13 94
13 95
13 96
13 97
13 99
14 17
14 18
14 22
14 26
14 28
14 29
14 31
14 34
14 35
14 37
14 38
14 39
14 40
14 42
14 43
14 45
14 47
14 49
14 51
14 52
14 53
14 54
14 55
14 57
14 58
14 59
14 60
14 63
14 64
14 65
14 66
14 67
14 68
14 71
14 75
14 76
14 78
14 80
14 81
14 88
14 90
14 91
14 92
14 93
14 94
14 97
15 21
15 22
15 25
15 28
15 29
15 30
15 32
15 34
15 36
15 38
15 39
15 42
15 49
15 55
15 56
15 57
15 60
15 62
15 63
15 66
15 67
15 68
15 73
15 74
15 75
15 81
15 85
15 86
15 89
15 93
15 95
15 97
15 98
15 99
16 17
16 19
16 20
16 21
16 26
16 27
16 29
16 33
16 36
16 39
16 40
16 41
16 44
16 45
16 46
16 54
16 56
16 57
16 58
16 61
16 62
16 64
16 66
16 68
16 69
16 71
16 72
16 73
16 74
16 76
16 85
16 86
16 88
16 90
16 91
16 92
16 93
16 95
16 97
17 18
17 20
17 23
17 28
17 29
17 31
17 37
17 38
17 39
17 40
17 41
17 43
17 45
17 46
17 47
17 50
17 52
17 53
17 55
17 56
17 57
17 58
17 59
17 60
17 61
17 63
17 66
17 67
17 71
17 73
17 74
17 75
17 84
17 87
17 88
17 89
17 90
18 19
18 20
18 22
18 26
18 27
18 28
18 30
18 31
18 34
18 37
18 43
18 44
18 45
18 46
18 48
18 54
18 55
18 58
18 59
18 61
18 66
18 67
18 68
18 69
18 71
18 72
18 75
18 76
18 78
18 79
18 82
18 85
18 86
18 87
18 89
18 98
19 20
19 21
19 25
19 30
19 36
19 37
19 38
19 39
19 40
19 43
19 45
19 47
19 48
19 52
19 54
19 58
19 60
19 61
19 65
19 67
19 68
19 69
19 72
19 76
19 77
19 78
19 79
19 82
19 83
19 87
19 89
19 90
19 91
19 96
19 97
20 24
20 26
20 27
20 28
20 30
20 35
20 36
20 37
20 38
20 45
20 47
20 48
20 49
20 50
20 51
20 53
20 57
20 58
20 59
20 61
20 65
20 66
20 70
20 71
20 72
20 73
20 75
20 77
20 79
20 80
20 83
20 84
20 85
20 86
20 87
20 91
20 98
20 99
21 22
21 23
21 24
21 27
21 28
21 29
21 30
21 31
21 33
21 34
21 36
21 41
21 42
21 43
21 44
21 45
21 47
21 51
21 52
21 53
21 54
21 58
21 59
21 60
21 62
21 64
21 67
21 70
21 71
21 72
21 73
21 75
21 77
21 79
21 81
21 82
21 86
21 87
21 89
21 90
21 91
21 93
21 94
21 98
21 99
22 23
22 25
22 26
22 27
22 28
22 29
22 31
22 33
22 34
22 35
22 36
22 37
22 38
22 39
22 40
22 41
22 42
22 48
22 49
22 51
22 52
22 54
22 55
22 56
22 59
22 61
22 65
22 66
22 69
22 70
22 72
22 76
22 77
22 78
22 80
22 84
22 85
22 87
22 88
22 89
22 91
22 94
22 95
22 96
22 97
22 99
23 24
23 28
23 31
23 33
23 35
23 42
23 46
23 49
23 50
23 52
23 53
23 56
23 57
23 59
23 60
23 61
23 62
23 63
23 65
23 66
23 70
23 71
23 74
23 76
23 78
23 80
23 81
23 82
23 87
23 88
23 90
23 91
23 94
23 97
24 29
24 30
24 31
24 34
24 36
24 37
24 39
24 41
24 42
24 43
24 44
24 45
24 46
24 47
24 48
24 49
24 50
24 51
24 52
24 53
24 57
24 58
24 61
24 64
24 66
24 68
24 69
24 70
24 72
24 75
24 76
24 78
24 82
24 83
24 85
24 88
24 93
24 94
24 97
25 27
25 28
25 29
25 30
25 31
25 32
25 34
25 35
25 37
25 41
25 43
25 48
25 52
25 53
25 54
25 55
25 57
25 58
25 64
25 66
25 68
25 69
25 72
25 73
25 75
25 76
25 79
25 83
25 84
25 86
25 87
25 88
25 96
25 98
26 27
26 29
26 32
26 33
26 34
26 35
26 36
26 37
26 38
26 39
26 41
26 42
26 43
26 45
26 50
26 54
26 56
26 57
26 59
26 61
26 63
26 65
26 66
26 70
26 71
26 73
26 74
26 75
26 80
26 87
26 88
26 92
26 93
26 95
26 97
26 99
27 28
27 29
27 30
27 34
27 35
27 36
27 37
27 38
27 39
27 40
27 42
27 43
27 44
27 45
27 46
27 49
27 55
27 57
27 58
27 59
27 60
27 63
27 65
27 67
27 68
27 69
27 70
27 71
27 72
27 73
27 76
27 80
27 81
27 82
27 83
27 87
27 88
27 89
27 91
27 94
27 95
27 98
27 99
28 32
28 34
28 37
28 38
28 40
28 41
28 42
28 43
28 46
28 47
28 49
28 50
28 54
28 55
28 56
28 60
28 66
28 67
28 72
28 73
28 74
28 75
28 76
28 77
28 78
28 79
28 80
28 81
28 83
28 86
28 87
28 89
28 90
28 93
28 97
29 30
29 31
29 32
29 33
29 34
29 35
29 36
29 37
29 40
29 45
29 47
29 48
29 49
29 50
29 51
29 52
29 54
29 56
29 57
29 58
29 59
29 60
29 61
29 63
29 65
29 66
29 67
29 68
29 70
29 73
29 75
29 76
29 79
29 81
29 82
29 83
29 84
29 88
29 89
29 91
29 92
29 93
29 94
29 98
29 99
30 31
30 32
30 33
30 35
30 36
30 37
30 38
30 39
30 45
30 46
30 47
30 50
30 51
30 53
30 55
30 56
30 60
30 61
30 64
30 65
30 67
30 68
30 69
30 70
30 71
30 73
30 75
30 76
30 78
30 82
30 83
30 84
30 85
30 89
30 91
30 92
30 95
30 96
30 98
31 32
31 34
31 35
31 36
31 37
31 38
31 39
31 40
31 41
31 43
31 44
31 45
31 47
31 48
31 49
31 55
31 56
31 64
31 67
31 72
31 73
31 75
31 77
31 79
31 80
31 81
31 82
31 85
31 88
31 89
31 90
31 91
31 95
31 98
31 99
32 33
32 34
32 35
32 39
32 40
32 41
32 43
32 44
32 45
32 50
32 51
32 53
32 54
32 57
32 59
32 60
32 62
32 66
32 68
32 70
32 71
32 74
32 82
32 83
32 87
32 88
32 89
32 90
32 92
32 98
33 34
33 35
33 37
33 39
33 40
33 41
33 42
33 43
33 47
33 49
33 50
33 51
33 52
33 53
33 54
33 57
33 59
33 62
33 63
33 64
33 68
33 72
33 73
33 75
33 76
33 77
33 78
33 80
33 85
33 86
33 88
33 89
33 90
33 91
33 94
33 97
33 98
33 99
34 35
34 37
34 39
34 40
34 41
34 44
34 48
34 58
34 59
34 61
34 62
34 64
34 70
34 72
34 77
34 81
34 83
34 86
34 88
34 89
34 91
34 94
34 98
34 99
35 38
35 39
35 41
35 42
35 44
35 49
35 51
35 54
35 57
35 58
35 61
35 62
35 63
35 64
35 65
35 66
35 67
35 68
35 69
35 71
35 74
35 76
35 78
35 83
35 84
35 86
35 87
35 90
35 91
35 92
35 95
35 97
35 99
36 40
36 43
36 45
36 50
36 51
36 53
36 54
36 56
36 68
36 72
36 76
36 79
36 80
36 81
36 85
36 88
36 91
36 92
36 94
36 95
36 96
37 38
37 41
37 45
37 47
37 49
37 52
37 53
37 54
37 56
37 58
37 59
37 64
37 66
37 70
37 72
37 77
37 78
37 81
37 82
37 84
37 85
37 87
37 90
37 91
37 94
37 95
37 97
38 42
38 43
38 44
38 46
38 47
38 53
38 54
38 55
38 56
38 58
38 63
38 64
38 65
38 66
38 67
38 68
38 69
38 76
38 78
38 79
38 81
38 84
38 85
38 87
38 90
38 93
38 95
38 96
38 97
39 40
39 44
39 46
39 47
39 50
39 52
39 54
39 56
39 57
39 60
39 61
39 65
39 68
39 70
39 71
39 73
39 74
39 76
39 77
39 78
39 79
39 81
39 82
39 87
39 89
39 91
39 93
39 94
39 95
39 96
39 98
40 44
40 49
40 50
40 51
40 57
40 58
40 61
40 65
40 66
40 68
40 69
40 70
40 72
40 74
40 75
40 76
40 77
40 78
40 79
40 80
40 81
40 87
40 88
40 90
40 92
40 94
40 95
40 98
40 99
41 42
41 44
41 45
41 52
41 56
41 57
41 58
41 62
41 71
41 76
41 79
41 81
41 82
41 85
41 86
41 88
41 89
41 92
41 93
41 94
41 97
42 44
42 47
42 49
42 51
42 55
42 56
42 59
42 60
42 61
42 62
42 63
42 64
42 65
42 66
42 68
42 70
42 71
42 74
42 76
42 77
42 78
42 79
42 80
42 82
42 84
42 85
42 88
42 89
42 90
42 92
42 93
42 96
42 98
42 99
43 44
43 45
43 49
43 50
43 51
43 52
43 53
43 58
43 59
43 61
43 62
43 64
43 65
43 68
43 70
43 71
43 72
43 74
43 77
43 78
43 81
43 82
43 83
43 84
43 85
43 86
43 87
43 89
43 90
43 91
43 93
43 94
43 96
43 99
44 46
44 48
44 49
44 50
44 51
44 52
44 54
44 56
44 57
44 58
44 59
44 61
44 62
44 63
44 66
44 72
44 77
44 79
44 80
44 82
44 89
44 90
44 91
44 93
44 94
44 98
45 46
45 47
45 51
45 53
45 54
45 57
45 61
45 62
45 64
45 65
45 67
45 70
45 71
45 72
45 73
45 75
45 78
45 81
45 82
45 83
45 85
45 86
45 88
45 90
45 95
45 96
45 98
45 99
46 48
46 49
46 51
46 53
46 58
46 59
46 63
46 67
46 68
46 70
46 72
46 73
46 76
46 77
46 78
46 79
46 80
46 82
46 83
46 85
46 86
46 87
46 88
46 89
46 90
46 92
46 94
46 96
46 99
47 49
47 51
47 52
47 54
47 55
47 56
47 57
47 59
47 60
47 61
47 67
47 68
47 71
47 73
47 78
47 80
47 83
47 84
47 86
47 87
47 88
48 50
48 52
48 56
48 58
48 60
48 61
48 64
48 66
48 67
48 70
48 72
48 74
48 75
48 77
48 78
48 79
48 81
48 83
48 85
48 87
48 88
48 94
48 96
48 98
48 99
49 50
49 53
49 54
49 57
49 59
49 62
49 63
49 64
49 65
49 67
49 68
49 71
49 72
49 73
49 74
49 75
49 78
49 79
49 80
49 81
49 82
49 83
49 85
49 87
49 88
49 92
49 96
49 97
50 51
50 52
50 56
50 57
50 58
50 61
50 63
50 66
50 67
50 70
50 71
50 73
50 75
50 76
50 78
50 84
50 85
50 86
50 93
50 95
50 98
51 52
51 54
51 58
51 60
51 62
51 63
51 68
51 69
51 71
51 75
51 77
51 78
51 80
51 81
51 83
51 85
51 86
51 92
51 94
51 96
51 98
51 99
52 53
52 54
52 55
52 57
52 58
52 60
52 61
52 62
52 63
52 64
52 65
52 66
52 68
52 70
52 73
52 74
52 76
52 77
52 78
52 79
52 80
52 81
52 82
52 83
52 85
52 89
52 93
52 95
52 98
53 56
53 58
53 59
53 62
53 63
53 64
53 65
53 66
53 67
53 68
53 71
53 72
53 74
53 75
53 78
53 79
53 82
53 83
53 85
53 88
53 90
53 92
53 95
53 97
54 55
54 58
54 62
54 64
54 66
54 67
54 68
54 71
54 73
54 74
54 76
54 81
54 82
54 85
54 86
54 90
54 92
54 93
54 95
54 96
54 98
55 58
55 60
55 62
55 63
55 66
55 68
55 71
55 72
55 73
55 75
55 76
55 78
55 80
55 81
55 82
55 83
55 84
55 85
55 86
55 90
55 91
55 93
55 95
55 97
55 98
55 99
56 61
56 63
56 64
56 68
56 69
56 78
56 79
56 83
56 88
56 89
56 90
56 92
56 94
56 95
56 96
57 59
57 63
57 66
57 71
57 76
57 81
57 82
57 85
57 86
57 87
57 88
57 90
57 91
57 92
57 94
57 96
57 97
57 99
58 59
58 60
58 62
58 64
58 66
58 69
58 71
58 72
58 77
58 80
58 85
58 94
58 95
59 63
59 64
59 66
59 70
59 73
59 74
59 78
59 79
59 81
59 84
59 85
59 88
59 89
59 90
59 91
59 93
59 94
59 95
59 96
59 97
59 99
60 62
60 67
60 68
60 69
60 72
60 74
60 75
60 79
60 81
60 86
60 90
60 93
60 94
60 95
60 97
60 98
60 99
61 62
61 64
61 66
61 68
61 70
61 71
61 73
61 74
61 75
61 76
61 77
61 78
61 80
61 81
61 82
61 84
61 87
61 88
61 89
61 91
61 93
61 94
61 95
61 97
61 98
62 66
62 71
62 73
62 74
62 77
62 78
62 81
62 82
62 84
62 88
62 90
62 91
62 95
62 98
62 99
63 64
63 67
63 68
63 69
63 70
63 72
63 73
63 74
63 76
63 77
63 82
63 85
63 88
63 90
63 93
63 94
63 98
64 66
64 71
64 74
64 75
64 76
64 77
64 79
64 82
64 84
64 85
64 88
64 89
64 90
64 91
64 95
64 98
64 99
65 67
65 68
65 69
65 73
65 75
65 76
65 77
65 78
65 80
65 81
65 83
65 85
65 87
65 88
65 89
65 90
65 91
65 92
65 93
65 94
65 97
65 98
66 72
66 74
66 75
66 76
66 82
66 83
66 85
66 86
66 96
66 97
67 68
67 72
67 73
67 74
67 76
67 77
67 78
67 79
67 80
67 81
67 82
67 83
67 85
67 86
67 89
67 90
67 91
67 92
67 94
67 97
67 98
67 99
68 69
68 71
68 73
68 74
68 76
68 77
68 79
68 81
68 82
68 83
68 87
68 89
68 92
68 93
68 95
68 97
69 70
69 75
69 77
69 78
69 80
69 82
69 84
69 86
69 88
69 89
69 90
69 91
69 92
69 95
69 97
69 98
70 71
70 72
70 74
70 76
70 79
70 81
70 82
70 85
70 87
70 88
70 90
70 91
70 94
70 95
70 96
70 98
70 99
71 73
71 76
71 78
71 81
71 83
71 89
71 90
71 94
71 95
71 98
71 99
72 73
72 74
72 78
72 79
72 82
72 83
72 84
72 85
72 86
72 87
72 90
72 92
72 93
72 94
72 96
72 98
72 99
73 76
73 78
73 79
73 80
73 81
73 82
73 83
73 84
73 85
73 86
73 87
73 88
73 91
73 92
73 93
73 94
73 95
73 96
74 75
74 76
74 78
74 80
74 82
74 84
74 86
74 88
74 91
74 92
74 93
74 95
74 97
74 99
75 77
75 81
75 83
75 84
75 85
75 90
75 92
75 93
75 94
75 95
75 96
75 97
75 99
76 78
76 80
76 81
76 82
76 85
76 86
76 87
76 88
76 89
76 90
76 91
76 92
76 93
76 94
76 96
76 97
77 79
77 81
77 84
77 85
77 90
77 91
77 93
77 94
77 95
77 96
77 98
77 99
78 79
78 81
78 82
78 86
78 87
78 88
78 89
78 90
78 91
78 92
78 93
78 94
78 98
79 80
79 81
79 84
79 86
79 89
79 91
79 92
79 94
79 97
79 98
80 82
80 86
80 87
80 90
80 91
80 92
80 93
80 94
80 97
80 99
81 84
81 85
81 87
81 88
81 89
81 90
81 91
81 93
81 94
81 95
81 98
82 84
82 85
82 88
82 89
82 90
82 91
82 92
82 93
82 94
82 95
82 97
82 99
83 84
83 86
83 87
83 90
83 92
83 94
83 95
83 98
84 86
84 87
84 88
84 89
84 91
84 92
84 93
84 94
84 97
85 86
85 89
85 92
85 93
85 94
85 96
86 87
86 91
86 95
86 96
86 97
86 98
87 88
87 93
87 96
87 99
88 97
89 91
89 96
89 97
89 99
90 92
90 94
90 96
91 92
91 94
92 94
92 96
92 99
93 96
93 97
93 99
94 95
94 97
94 98
94 99
95 96
95 97
97 99
98 99
