0 5
0 11
0 18
0 19
0 23
0 26
0 28
0 30
0 35
0 37
0 40
0 42
0 43
0 44
0 47
0 50
0 54
0 55
0 59
0 62
0 63
0 66
0 67
0 68
0 69
0 71
0 73
0 77
0 78
0 79
0 82
0 84
0 85
0 86
0 96
1 7
1 10
1 11
1 12
1 13
1 17
1 18
1 22
1 25
1 27
1 30
1 32
1 35
1 39
1 41
1 42
1 46
1 52
1 57
1 59
1 60
1 61
1 63
1 65
1 67
1 69
1 72
1 73
1 74
1 77
1 79
1 81
1 82
1 83
1 84
1 85
1 88
1 89
1 91
1 92
1 94
1 98
2 6
2 8
2 9
2 10
2 13
2 16
2 17
2 18
2 19
2 22
2 25
2 27
2 28
2 29
2 30
2 32
2 33
2 41
2 42
2 43
2 44
2 45
2 53
2 55
2 56
2 57
2 61
2 62
2 63
2 64
2 65
2 67
2 71
2 72
2 80
2 83
2 84
2 85
2 86
2 87
2 89
2 92
2 97
2 98
2 99
3 5
3 6
3 8
3 9
3 11
3 15
3 16
3 17
3 23
3 25
3 27
3 33
3 40
3 41
3 42
3 46
3 48
3 50
3 52
3 53
3 54
3 55
3 57
3 61
3 63
3 65
3 69
3 74
3 76
3 79
3 82
3 83
3 84
3 85
3 89
3 92
3 93
3 94
3 97
3 98
4 5
4 10
4 16
4 17
4 19
4 20
4 22
4 23
4 25
4 26
4 27
4 28
4 31
4 33
4 35
4 36
4 39
4 40
4 41
4 42
4 44
4 46
4 48
4 49
4 50
4 51
4 52
4 54
4 57
4 58
4 60
4 62
4 64
4 65
4 66
4 67
4 68
4 70
4 72
4 77
4 78
4 79
4 81
4 83
4 85
4 86
4 91
4 94
4 97
4 98
5 6
5 7
5 8
5 9
5 10
5 11
5 13
5 15
5 17
5 20
5 21
5 23
5 24
5 25
5 28
5 29
5 32
5 35
5 38
5 39
5 42
5 45
5 47
5 48
5 49
5 50
5 53
5 55
5 58
5 63
5 67
5 69
5 73
5 77
5 79
5 81
5 85
5 93
5 95
5 96
5 99
6 7
6 13
6 14
6 16
6 19
6 28
6 29
6 30
6 31
6 32
6 33
6 35
6 36
6 38
6 39
6 40
6 43
6 46
6 47
6 48
6 49
6 52
6 53
6 56
6 58
6 60
6 61
6 62
6 65
6 66
6 67
6 69
6 71
6 72
6 74
6 78
6 79
6 81
6 86
6 89
6 90
6 98
7 8
7 10
7 13
7 15
7 17
7 18
7 23
7 25
7 30
7 32
7 33
7 35
7 37
7 39
7 40
7 41
7 43
7 45
7 48
7 49
7 50
7 51
7 52
7 55
7 56
7 57
7 60
7 65
7 67
7 70
7 73
7 75
7 76
7 77
7 78
7 79
7 80
7 81
7 82
7 84
7 85
7 86
7 89
7 90
7 92
7 93
7 94
7 97
8 10
8 11
8 12
8 13
8 14
8 15
8 16
8 18
8 19
8 20
8 22
8 23
8 24
8 25
8 29
8 32
8 33
8 34
8 35
8 36
8 37
8 41
8 42
8 44
8 47
8 48
8 49
8 51
8 52
8 53
8 57
8 59
8 60
8 61
8 63
8 66
8 67
8 69
8 76
8 79
8 80
8 81
8 84
8 87
8 88
8 89
8 90
8 94
8 97
8 99
9 11
9 13
9 14
9 18
9 20
9 21
9 23
9 24
9 26
9 27
9 30
9 40
9 41
9 42
9 47
9 48
9 51
9 52
9 53
9 54
9 55
9 58
9 59
9 63
9 64
9 65
9 69
9 70
9 72
9 73
9 74
9 76
9 77
9 78
9 79
9 80
9 81
9 82
9 83
9 86
9 87
9 90
9 91
9 92
9 93
9 94
9 95
9 98
9 99
10 12
10 14
10 16
10 17
10 19
10 26
10 31
10 32
10 33
10 34
10 35
10 38
10 41
10 46
10 47
10 48
10 49
10 50
10 54
10 55
10 56
10 57
10 60
10 61
10 62
10 64
10 65
10 66
10 67
10 69
10 71
10 74
10 75
10 76
10 77
10 80
10 81
10 85
10 86
10 88
10 91
10 92
10 93
10 94
10 95
10 96
10 99
11 12
11 14
11 15
11 18
11 20
11 23
11 26
11 29
11 30
11 31
11 33
11 34
11 35
11 36
11 38
11 42
11 44
11 47
11 50
11 52
11 54
11 56
11 57
11 60
11 62
11 63
11 64
11 66
11 69
11 79
11 80
11 81
11 82
11 85
11 87
11 89
11 90
11 91
11 93
11 94
11 95
11 97
11 99
12 15
12 18
12 19
12 20
12 24
12 26
12 28
12 33
12 35
12 36
12 37
12 40
12 41
12 42
12 44
12 46
12 51
12 52
12 55
12 56
12 57
12 58
12 59
12 61
12 63
12 65
12 68
12 69
12 70
12 75
12 76
12 77
12 78
12 82
12 86
12 88
12 93
12 94
12 95
13 15
13 16
13 17
13 18
13 19
13 20
13 21
13 22
13 23
13 25
13 27
13 29
13 30
13 33
13 34
13 35
13 37
13 38
13 39
13 40
13 42
13 43
13 44
13 46
13 47
13 49
13 50
13 51
13 52
13 55
13 57
13 62
13 63
13 64
13 66
13 67
13 68
13 71
13 74
13 75
13 79
13 82
13 84
13 87
13 89
13 94
13 97
14 15
14 17
14 18
14 20
14 23
14 26
14 27
14 29
14 31
14 35
14 37
14 38
14 39
14 40
14 41
14 43
14 44
14 45
14 49
14 50
14 52
14 56
14 59
14 60
14 62
14 64
14 67
14 69
14 70
14 71
14 72
14 76
14 78
14 79
14 81
14 83
14 84
14 86
14 87
14 90
14 91
14 92
14 94
14 95
14 97
14 99
15 16
15 17
15 18
15 19
15 22
15 23
15 25
15 26
15 33
15 34
15 35
15 37
15 39
15 41
15 45
15 47
15 49
15 60
15 61
15 63
15 64
15 67
15 68
15 70
15 73
15 76
15 77
15 78
15 79
15 83
15 86
15 92
15 93
15 94
15 95
15 96
16 20
16 21
16 23
16 24
16 27
16 28
16 33
16 34
16 35
16 36
16 37
16 38
16 43
16 44
16 45
16 50
16 51
16 52
16 53
16 55
16 58
16 59
16 63
16 64
16 67
16 70
16 74
16 75
16 77
16 78
16 79
16 82
16 83
16 84
16 86
16 88
16 92
16 94
16 95
16 97
16 98
16 99
17 19
17 21
17 22
17 23
17 27
17 28
17 30
17 31
17 34
17 35
17 36
17 40
17 41
17 42
17 45
17 46
17 47
17 48
17 49
17 50
17 51
17 53
17 54
17 61
17 63
17 66
17 69
17 73
17 75
17 78
17 79
17 80
17 81
17 84
17 85
17 88
17 91
17 92
17 94
17 95
17 96
17 97
17 99
18 20
18 23
18 25
18 26
18 27
18 28
18 29
18 30
18 31
18 33
18 34
18 35
18 36
18 37
18 39
18 40
18 41
18 43
18 44
18 45
18 48
18 50
18 52
18 53
18 57
18 59
18 60
18 63
18 64
18 65
18 67
18 68
18 73
18 76
18 78
18 80
18 81
18 82
18 86
18 88
18 90
18 93
18 95
18 97
18 99
19 20
19 21
19 24
19 25
19 29
19 30
19 31
19 32
19 33
19 36
19 40
19 41
19 43
19 45
19 46
19 49
19 52
19 53
19 56
19 57
19 59
19 60
19 62
19 65
19 71
19 72
19 73
19 76
19 80
19 86
19 88
19 89
19 90
19 91
19 92
19 94
19 95
19 96
19 99
20 23
20 24
20 27
20 28
20 30
20 31
20 32
20 33
20 34
20 37
20 38
20 39
20 40
20 41
20 44
20 45
20 50
20 51
20 53
20 56
20 64
20 69
20 70
20 73
20 75
20 77
20 78
20 79
20 80
20 81
20 83
20 86
20 91
20 99
21 22
21 24
21 27
21 29
21 33
21 36
21 39
21 40
21 41
21 44
21 45
21 46
21 49
21 50
21 51
21 53
21 54
21 56
21 57
21 61
21 62
21 63
21 66
21 68
21 73
21 77
21 78
21 82
21 85
21 86
21 89
21 92
21 93
21 96
21 98
21 99
22 23
22 29
22 30
22 34
22 37
22 41
22 42
22 45
22 47
22 49
22 50
22 53
22 55
22 56
22 57
22 59
22 60
22 61
22 64
22 67
22 68
22 76
22 77
22 79
22 83
22 85
22 86
22 88
22 90
22 91
22 93
22 96
22 98
23 24
23 26
23 27
23 28
23 32
23 33
23 34
23 35
23 36
23 37
23 39
23 40
23 42
23 43
23 44
23 45
23 47
23 50
23 51
23 52
23 54
23 56
23 58
23 59
23 61
23 63
23 64
23 65
23 66
23 69
23 70
23 71
23 72
23 73
23 74
23 75
23 76
23 80
23 82
23 84
23 86
23 87
23 89
23 92
23 93
23 94
23 95
23 97
23 98
23 99
24 29
24 30
24 37
24 38
24 42
24 44
24 45
24 48
24 50
24 55
24 56
24 57
24 58
24 59
24 60
24 63
24 69
24 71
24 72
24 75
24 78
24 79
24 80
24 82
24 83
24 84
24 88
24 89
24 91
24 92
24 93
24 95
24 96
24 97
24 99
25 27
25 28
25 32
25 34
25 35
25 37
25 38
25 40
25 45
25 46
25 47
25 48
25 50
25 52
25 53
25 54
25 56
25 61
25 64
25 65
25 67
25 69
25 70
25 74
25 78
25 79
25 82
25 85
25 92
25 93
25 94
25 95
25 96
25 97
25 98
25 99
26 27
26 28
26 29
26 33
26 34
26 35
26 38
26 41
26 44
26 45
26 46
26 48
26 49
26 51
26 55
26 56
26 60
26 61
26 64
26 65
26 66
26 68
26 69
26 70
26 74
26 75
26 76
26 82
26 83
26 84
26 86
26 87
26 88
26 89
26 90
26 91
26 92
26 93
26 97
26 99
27 28
27 29
27 30
27 32
27 38
27 39
27 40
27 41
27 42
27 44
27 47
27 49
27 51
27 52
27 53
27 55
27 60
27 63
27 66
27 67
27 68
27 71
27 74
27 75
27 76
27 77
27 79
27 80
27 81
27 83
27 86
27 88
27 90
27 93
27 99
28 29
28 30
28 31
28 33
28 34
28 35
28 37
28 38
28 39
28 41
28 43
28 44
28 45
28 46
28 47
28 49
28 50
28 57
28 62
28 63
28 64
28 68
28 70
28 71
28 75
28 78
28 79
28 80
28 81
28 83
28 89
28 91
28 94
28 96
28 98
29 32
29 33
29 35
29 37
29 39
29 40
29 41
29 43
29 44
29 49
29 53
29 54
29 56
29 57
29 58
29 61
29 62
29 63
29 68
29 69
29 71
29 74
29 75
29 76
29 78
29 80
29 81
29 82
29 83
29 84
29 86
29 88
29 89
29 92
29 97
29 99
30 35
30 36
30 37
30 38
30 39
30 40
30 41
30 42
30 44
30 45
30 46
30 48
30 49
30 50
30 51
30 54
30 55
30 57
30 62
30 65
30 66
30 70
30 71
30 75
30 77
30 79
30 80
30 81
30 82
30 83
30 84
30 85
30 87
30 91
30 92
30 94
30 95
31 32
31 33
31 35
31 36
31 38
31 39
31 44
31 46
31 48
31 49
31 51
31 53
31 54
31 57
31 60
31 62
31 65
31 67
31 68
31 74
31 75
31 78
31 79
31 81
31 82
31 83
31 86
31 89
31 95
31 96
31 97
31 99
32 33
32 36
32 40
32 42
32 45
32 46
32 49
32 50
32 54
32 58
32 64
32 67
32 69
32 71
32 72
32 76
32 78
32 79
32 80
32 81
32 82
32 87
32 90
32 93
32 96
32 97
32 99
33 35
33 39
33 40
33 44
33 49
33 54
33 55
33 58
33 59
33 60
33 61
33 65
33 68
33 71
33 72
33 73
33 74
33 77
33 78
33 82
33 84
33 85
33 87
33 93
33 94
33 95
33 96
33 97
34 35
34 36
34 38
34 39
34 40
34 42
34 43
34 45
34 46
34 49
34 50
34 51
34 55
34 56
34 58
34 59
34 60
34 61
34 62
34 63
34 65
34 66
34 67
34 71
34 74
34 77
34 78
34 79
34 80
34 81
34 83
34 84
34 87
34 88
34 90
34 91
34 92
34 93
34 95
34 96
34 97
35 36
35 38
35 39
35 42
35 43
35 44
35 45
35 47
35 48
35 53
35 56
35 62
35 63
35 65
35 66
35 67
35 68
35 70
35 73
35 74
35 76
35 79
35 81
35 83
35 84
35 86
35 87
35 89
35 90
35 93
35 98
36 38
36 42
36 44
36 47
36 48
36 49
36 54
36 56
36 57
36 59
36 60
36 61
36 63
36 64
36 66
36 67
36 68
36 69
36 72
36 73
36 77
36 82
36 83
36 86
36 87
36 88
36 89
36 90
36 91
36 94
36 99
37 39
37 44
37 45
37 48
37 49
37 50
37 52
37 56
37 57
37 58
37 59
37 63
37 64
37 65
37 66
37 69
37 70
37 71
37 72
37 74
37 76
37 78
37 81
37 82
37 84
37 86
37 88
37 91
37 94
37 96
37 99
38 39
38 41
38 42
38 43
38 45
38 46
38 48
38 51
38 55
38 56
38 59
38 61
38 62
38 63
38 65
38 69
38 72
38 74
38 76
38 77
38 78
38 79
38 80
38 81
38 83
38 84
38 85
38 87
38 88
38 92
38 95
38 96
38 99
39 40
39 42
39 43
39 44
39 45
39 47
39 49
39 50
39 51
39 53
39 54
39 55
39 56
39 57
39 60
39 62
39 64
39 68
39 69
39 71
39 72
39 73
39 75
39 76
39 78
39 79
39 80
39 82
39 83
39 84
39 88
39 90
39 91
39 92
39 95
39 96
39 97
39 99
40 41
40 42
40 44
40 45
40 46
40 47
40 49
40 50
40 52
40 55
40 60
40 63
40 64
40 65
40 67
40 70
40 75
40 76
40 77
40 78
40 80
40 81
40 86
40 92
40 94
40 96
41 42
41 45
41 46
41 47
41 48
41 52
41 53
41 56
41 57
41 58
41 59
41 61
41 63
41 64
41 65
41 69
41 73
41 75
41 76
41 85
41 89
41 90
41 91
41 93
41 94
41 97
41 99
42 48
42 50
42 54
42 58
42 60
42 61
42 68
42 69
42 70
42 71
42 72
42 73
42 75
42 76
42 83
42 84
42 87
42 91
42 92
42 95
42 97
42 98
42 99
43 44
43 45
43 46
43 47
43 48
43 49
43 51
43 55
43 59
43 61
43 66
43 67
43 69
43 70
43 72
43 75
43 76
43 78
43 81
43 82
43 85
43 86
43 90
43 92
43 94
43 95
43 97
43 99
44 45
44 47
44 49
44 50
44 51
44 52
44 53
44 55
44 56
44 58
44 59
44 60
44 61
44 63
44 64
44 65
44 66
44 69
44 72
44 73
44 76
44 77
44 80
44 82
44 83
44 84
44 85
44 88
44 89
44 95
44 97
44 98
44 99
45 48
45 49
45 52
45 55
45 56
45 57
45 59
45 60
45 62
45 66
45 70
45 71
45 76
45 77
45 83
45 84
45 86
45 87
45 88
45 90
45 91
45 92
45 93
45 94
45 96
45 97
45 98
45 99
46 49
46 50
46 52
46 53
46 57
46 58
46 59
46 62
46 66
46 68
46 69
46 70
46 71
46 72
46 73
46 75
46 76
46 79
46 82
46 83
46 85
46 87
46 88
46 89
46 92
46 93
46 95
46 96
46 99
47 48
47 49
47 50
47 51
47 52
47 53
47 54
47 56
47 57
47 58
47 59
47 60
47 61
47 62
47 64
47 65
47 67
47 68
47 70
47 73
47 78
47 80
47 82
47 86
47 88
47 89
47 90
47 96
47 98
47 99
48 51
48 53
48 54
48 55
48 59
48 61
48 62
48 65
48 66
48 67
48 69
48 70
48 71
48 72
48 74
48 75
48 76
48 78
48 82
48 84
48 86
48 89
48 91
48 94
48 96
48 97
48 98
48 99
49 56
49 57
49 58
49 59
49 60
49 62
49 63
49 66
49 69
49 71
49 72
49 75
49 79
49 80
49 81
49 86
49 89
49 90
49 91
49 92
49 93
49 97
49 99
50 53
50 56
50 58
50 59
50 62
50 63
50 64
50 65
50 66
50 68
50 71
50 72
50 75
50 77
50 78
50 82
50 83
50 84
50 85
50 88
50 89
50 91
50 93
50 94
50 95
50 96
50 98
50 99
51 53
51 55
51 56
51 59
51 68
51 69
51 70
51 71
51 73
51 75
51 77
51 78
51 80
51 82
51 84
51 87
51 92
51 94
51 95
51 96
52 53
52 55
52 56
52 59
52 64
52 66
52 67
52 69
52 70
52 71
52 72
52 74
52 75
52 77
52 79
52 84
52 87
52 88
52 91
52 94
52 97
52 99
53 55
53 59
53 61
53 63
53 67
53 68
53 71
53 72
53 73
53 74
53 75
53 77
53 79
53 80
53 82
53 86
53 87
53 88
53 89
53 90
53 94
53 95
53 98
53 99
54 56
54 58
54 59
54 61
54 62
54 64
54 65
54 66
54 67
54 68
54 69
54 70
54 71
54 82
54 85
54 86
54 89
54 90
54 92
54 93
54 94
54 96
54 98
55 58
55 59
55 61
55 62
55 63
55 64
55 72
55 74
55 75
55 76
55 77
55 79
55 81
55 82
55 92
55 93
55 94
55 96
55 99
56 58
56 59
56 61
56 63
56 64
56 67
56 68
56 70
56 71
56 72
56 73
56 74
56 77
56 78
56 80
56 82
56 83
56 84
56 86
56 89
56 90
56 92
56 94
56 97
57 58
57 59
57 60
57 63
57 64
57 66
57 67
57 68
57 70
57 75
57 76
57 78
57 80
57 81
57 82
57 86
57 93
57 94
57 96
57 97
57 98
57 99
58 60
58 62
58 63
58 65
58 66
58 67
58 70
58 71
58 76
58 80
58 86
58 88
58 89
58 90
58 91
58 92
58 93
58 94
58 96
58 98
58 99
59 60
59 61
59 62
59 64
59 68
59 69
59 75
59 76
59 77
59 78
59 79
59 82
59 83
59 84
59 85
59 86
59 88
59 90
59 91
59 92
59 94
59 97
59 99
60 61
60 62
60 63
60 66
60 69
60 72
60 75
60 76
60 78
60 79
60 81
60 82
60 84
60 85
60 89
60 91
60 92
60 99
61 62
61 63
61 64
61 65
61 66
61 67
61 69
61 75
61 77
61 82
61 84
61 86
61 90
61 92
61 95
61 97
61 98
61 99
62 64
62 67
62 69
62 70
62 72
62 74
62 77
62 81
62 83
62 84
62 85
62 87
62 88
62 89
62 90
62 94
62 96
62 98
62 99
63 64
63 66
63 67
63 73
63 74
63 76
63 77
63 79
63 84
63 91
63 93
63 95
63 96
63 97
64 65
64 66
64 67
64 68
64 70
64 72
64 73
64 74
64 75
64 76
64 77
64 81
64 82
64 83
64 87
64 88
64 89
64 90
64 91
64 92
64 93
64 94
64 95
64 97
65 66
65 67
65 68
65 69
65 70
65 73
65 74
65 75
65 80
65 83
65 85
65 86
65 89
65 90
65 91
65 93
65 94
65 95
65 98
66 67
66 68
66 70
66 74
66 77
66 78
66 84
66 87
66 88
66 89
66 92
66 93
66 94
66 95
66 96
66 98
67 68
67 69
67 74
67 76
67 77
67 78
67 79
67 80
67 83
67 85
67 88
67 89
67 91
67 92
67 96
67 99
68 70
68 71
68 73
68 76
68 77
68 79
68 80
68 82
68 83
68 85
68 86
68 87
68 95
68 97
68 99
69 73
69 81
69 87
69 90
69 96
69 98
70 72
70 73
70 74
70 76
70 78
70 80
70 81
70 83
70 84
70 85
70 87
70 88
70 90
70 91
70 93
70 94
70 96
70 98
70 99
71 73
71 74
71 75
71 76
71 77
71 78
71 79
71 81
71 82
71 87
71 88
71 90
71 94
71 95
71 99
72 73
72 74
72 75
72 84
72 85
72 86
72 95
72 98
72 99
73 74
73 76
73 79
73 80
73 82
73 85
73 88
73 89
73 90
73 91
73 93
73 94
73 96
74 75
74 77
74 81
74 82
74 85
74 86
74 87
74 88
74 89
74 90
74 96
74 97
74 98
75 78
75 79
75 85
75 87
75 91
75 96
75 97
76 77
76 78
76 79
76 80
76 81
76 83
76 87
76 91
76 92
76 94
76 95
76 96
76 99
77 78
77 80
77 81
77 82
77 83
77 86
77 88
77 90
77 91
77 92
77 94
77 95
77 96
77 97
77 98
77 99
78 81
78 83
78 84
78 86
78 87
78 93
78 95
78 97
78 98
79 81
79 82
79 86
79 87
79 92
79 94
79 95
79 97
79 98
79 99
80 84
80 86
80 87
80 89
80 90
80 92
80 96
80 98
81 83
81 84
81 85
81 88
81 89
81 90
81 91
81 93
81 95
81 96
81 97
81 99
82 86
82 88
82 90
82 92
82 94
82 95
82 96
82 97
82 98
83 87
83 88
83 89
83 90
83 91
83 92
83 93
83 94
83 95
83 98
84 86
84 87
84 90
84 91
84 92
84 95
84 96
85 86
85 87
85 88
85 89
85 90
85 92
85 93
85 94
85 96
85 98
86 88
86 90
86 93
86 94
86 96
87 89
87 90
87 91
87 92
87 93
87 94
87 99
88 92
88 94
88 95
88 96
88 98
89 90
89 93
89 94
89 97
89 98
89 99
90 93
90 94
90 95
90 96
90 97
90 98
91 93
91 94
91 96
91 98
91 99
92 97
92 98
93 95
93 96
93 97
95 96
95 98
96 97
96 98
97 98
97 99
98 99
