0 1
0 2
0 3
0 4
0 5
0 6
0 11
0 12
0 13
0 15
0 21
0 24
0 25
0 27
0 33
0 37
0 40
0 44
0 45
0 46
0 50
0 52
0 53
0 55
0 57
0 67
0 69
0 77
0 79
0 80
0 81
0 82
0 83
0 84
0 85
0 86
0 88
0 89
0 92
0 96
0 99
1 3
1 4
1 9
1 11
1 12
1 13
1 15
1 16
1 17
1 20
1 23
1 24
1 25
1 26
1 30
1 31
1 32
1 33
1 38
1 40
1 43
1 47
1 49
1 50
1 52
1 53
1 55
1 57
1 58
1 60
1 63
1 65
1 66
1 68
1 70
1 71
1 75
1 82
1 84
1 85
1 87
1 88
1 89
1 90
1 91
1 92
1 99
2 3
2 4
2 5
2 7
2 8
2 9
2 10
2 11
2 13
2 15
2 17
2 18
2 20
2 21
2 23
2 26
2 27
2 29
2 30
2 31
2 33
2 35
2 38
2 40
2 47
2 48
2 49
2 54
2 56
2 57
2 59
2 60
2 61
2 64
2 66
2 70
2 72
2 73
2 76
2 77
2 78
2 79
2 82
2 88
2 91
2 92
2 94
2 95
2 96
2 97
2 98
2 99
3 6
3 7
3 9
3 14
3 15
3 17
3 20
3 24
3 25
3 26
3 29
3 30
3 31
3 32
3 33
3 34
3 35
3 37
3 40
3 41
3 42
3 46
3 49
3 50
3 52
3 55
3 56
3 57
3 59
3 60
3 61
3 64
3 65
3 71
3 72
3 75
3 76
3 78
3 82
3 89
3 90
3 91
3 92
3 97
3 99
4 5
4 11
4 12
4 14
4 19
4 22
4 23
4 24
4 26
4 31
4 32
4 34
4 35
4 36
4 38
4 45
4 47
4 48
4 49
4 50
4 51
4 52
4 53
4 56
4 57
4 58
4 59
4 60
4 62
4 63
4 65
4 66
4 69
4 71
4 73
4 74
4 75
4 76
4 77
4 82
4 83
4 84
4 85
4 86
4 87
4 90
4 93
4 94
4 95
4 96
4 97
4 98
5 6
5 7
5 9
5 14
5 16
5 18
5 19
5 21
5 22
5 25
5 28
5 30
5 33
5 34
5 39
5 40
5 41
5 43
5 44
5 45
5 46
5 50
5 51
5 52
5 53
5 54
5 56
5 58
5 59
5 64
5 65
5 68
5 69
5 71
5 72
5 75
5 76
5 77
5 78
5 79
5 81
5 83
5 85
5 86
5 88
5 89
5 91
5 93
5 94
5 95
5 96
5 98
6 10
6 11
6 12
6 14
6 15
6 16
6 19
6 21
6 22
6 24
6 25
6 29
6 30
6 33
6 34
6 38
6 39
6 40
6 42
6 43
6 44
6 46
6 47
6 48
6 49
6 50
6 52
6 54
6 58
6 60
6 68
6 69
6 70
6 72
6 73
6 74
6 76
6 77
6 81
6 83
6 84
6 85
6 88
6 89
6 93
6 97
6 98
6 99
7 8
7 9
7 11
7 13
7 15
7 16
7 17
7 18
7 20
7 22
7 26
7 29
7 32
7 34
7 35
7 36
7 37
7 39
7 40
7 42
7 43
7 44
7 45
7 46
7 47
7 49
7 50
7 54
7 57
7 59
7 60
7 62
7 63
7 66
7 67
7 69
7 70
7 75
7 76
7 78
7 86
7 88
7 91
7 92
7 95
7 97
7 98
7 99
8 11
8 15
8 16
8 17
8 24
8 25
8 26
8 28
8 30
8 35
8 40
8 41
8 45
8 46
8 47
8 48
8 50
8 52
8 53
8 54
8 57
8 58
8 59
8 63
8 66
8 70
8 74
8 75
8 76
8 80
8 82
8 83
8 87
8 88
8 91
8 94
8 95
8 96
8 97
9 10
9 17
9 18
9 19
9 20
9 21
9 23
9 24
9 25
9 26
9 27
9 28
9 30
9 32
9 33
9 36
9 37
9 38
9 40
9 41
9 42
9 43
9 45
9 46
9 47
9 51
9 54
9 55
9 58
9 60
9 64
9 69
9 72
9 74
9 76
9 79
9 80
9 83
9 84
9 85
9 87
9 93
9 94
9 96
9 98
9 99
10 13
10 14
10 15
10 16
10 21
10 28
10 32
10 33
10 34
10 36
10 37
10 40
10 43
10 44
10 45
10 46
10 48
10 49
10 51
10 52
10 53
10 54
10 55
10 56
10 57
10 59
10 60
10 61
10 62
10 66
10 71
10 73
10 76
10 77
10 80
10 82
10 83
10 86
10 87
10 88
10 89
10 90
10 95
10 97
11 17
11 19
11 20
11 21
11 22
11 23
11 24
11 25
11 26
11 27
11 29
11 30
11 31
11 33
11 34
11 35
11 36
11 37
11 42
11 44
11 45
11 47
11 50
11 52
11 57
11 58
11 60
11 62
11 63
11 64
11 66
11 69
11 70
11 72
11 73
11 75
11 78
11 80
11 81
11 84
11 87
11 88
11 90
11 92
11 94
11 98
11 99
12 13
12 15
12 17
12 19
12 20
12 22
12 23
12 24
12 25
12 26
12 28
12 30
12 31
12 33
12 38
12 39
12 40
12 41
12 44
12 45
12 47
12 51
12 59
12 60
12 62
12 63
12 66
12 67
12 68
12 69
12 71
12 72
12 74
12 75
12 76
12 77
12 78
12 80
12 81
12 82
12 84
12 85
12 86
12 87
12 92
12 93
12 96
12 99
13 14
13 17
13 18
13 19
13 21
13 22
13 23
13 24
13 26
13 27
13 30
13 31
13 32
13 33
13 34
13 36
13 37
13 39
13 40
13 43
13 45
13 46
13 47
13 51
13 52
13 54
13 56
13 58
13 59
13 60
13 61
13 65
13 66
13 68
13 69
13 73
13 74
13 76
13 78
13 82
13 83
13 86
13 87
13 88
13 90
13 91
13 92
13 96
13 98
14 17
14 21
14 23
14 24
14 26
14 31
14 32
14 34
14 37
14 38
14 39
14 40
14 42
14 46
14 47
14 49
14 51
14 52
14 55
14 59
14 60
14 62
14 66
14 68
14 70
14 73
14 77
14 81
14 83
14 85
14 86
14 87
14 90
14 93
14 94
14 95
15 16
15 17
15 19
15 20
15 21
15 22
15 25
15 26
15 28
15 29
15 30
15 33
15 34
15 35
15 36
15 38
15 39
15 40
15 42
15 45
15 48
15 49
15 54
15 55
15 58
15 59
15 62
15 63
15 65
15 68
15 70
15 71
15 72
15 73
15 76
15 77
15 78
15 79
15 84
15 85
15 86
15 87
15 91
15 92
15 94
15 96
16 18
16 20
16 24
16 28
16 29
16 30
16 31
16 37
16 39
16 48
16 52
16 53
16 56
16 61
16 65
16 66
16 67
16 70
16 71
16 72
16 73
16 75
16 76
16 78
16 79
16 80
16 83
16 84
16 85
16 88
16 91
16 92
16 93
16 94
16 95
16 96
16 99
17 19
17 21
17 23
17 25
17 28
17 30
17 36
17 40
17 41
17 42
17 44
17 45
17 48
17 50
17 51
17 53
17 55
17 57
17 60
17 61
17 62
17 63
17 64
17 66
17 68
17 70
17 71
17 74
17 76
17 81
17 83
17 84
17 88
17 91
17 92
17 94
17 95
17 97
17 98
17 99
18 19
18 21
18 22
18 23
18 24
18 25
18 26
18 27
18 28
18 31
18 35
18 36
18 38
18 39
18 40
18 41
18 43
18 47
18 48
18 49
18 52
18 53
18 54
18 55
18 56
18 58
18 60
18 65
18 66
18 68
18 69
18 70
18 71
18 73
18 76
18 82
18 83
18 85
18 88
18 89
18 90
18 91
18 94
18 98
18 99
19 20
19 21
19 22
19 23
19 25
19 26
19 27
19 28
19 29
19 32
19 35
19 36
19 38
19 40
19 42
19 46
19 49
19 50
19 52
19 53
19 54
19 55
19 59
19 67
19 69
19 72
19 74
19 77
19 78
19 82
19 83
19 85
19 86
19 89
19 91
19 94
19 95
19 96
19 97
19 99
20 23
20 27
20 28
20 29
20 30
20 33
20 34
20 35
20 36
20 39
20 44
20 46
20 50
20 55
20 57
20 58
20 65
20 66
20 67
20 69
20 70
20 73
20 74
20 75
20 77
20 81
20 82
20 83
20 86
20 87
20 88
20 91
20 92
20 96
20 98
21 22
21 23
21 25
21 28
21 30
21 35
21 38
21 39
21 40
21 42
21 44
21 45
21 47
21 49
21 50
21 52
21 56
21 59
21 60
21 63
21 64
21 66
21 67
21 68
21 69
21 71
21 76
21 79
21 81
21 82
21 83
21 84
21 86
21 88
21 89
21 90
21 94
21 99
22 23
22 24
22 25
22 26
22 28
22 30
22 35
22 37
22 38
22 39
22 40
22 42
22 44
22 45
22 49
22 50
22 52
22 53
22 56
22 57
22 58
22 59
22 60
22 61
22 63
22 64
22 68
22 69
22 72
22 74
22 75
22 76
22 77
22 78
22 79
22 82
22 86
22 87
22 89
22 92
22 94
22 96
22 97
23 24
23 25
23 26
23 27
23 28
23 29
23 32
23 33
23 36
23 39
23 40
23 41
23 44
23 45
23 46
23 47
23 48
23 55
23 56
23 58
23 59
23 62
23 63
23 65
23 66
23 68
23 69
23 72
23 73
23 78
23 79
23 80
23 81
23 85
23 87
23 88
23 90
23 91
23 92
23 93
23 94
23 96
23 99
24 25
24 26
24 28
24 30
24 31
24 32
24 33
24 35
24 36
24 42
24 43
24 44
24 51
24 53
24 55
24 59
24 63
24 64
24 66
24 67
24 70
24 73
24 74
24 75
24 78
24 80
24 82
24 84
24 87
24 89
24 92
24 93
24 94
24 95
24 96
24 97
24 98
25 26
25 27
25 31
25 32
25 35
25 41
25 46
25 51
25 52
25 54
25 55
25 56
25 61
25 62
25 63
25 65
25 69
25 71
25 73
25 78
25 79
25 80
25 82
25 88
25 93
25 96
25 98
25 99
26 31
26 34
26 36
26 38
26 39
26 40
26 41
26 47
26 48
26 50
26 51
26 52
26 56
26 57
26 59
26 61
26 64
26 66
26 67
26 68
26 71
26 73
26 74
26 77
26 79
26 80
26 81
26 86
26 88
26 90
26 91
26 92
26 94
26 97
26 99
27 28
27 30
27 31
27 34
27 38
27 41
27 42
27 44
27 45
27 46
27 47
27 48
27 53
27 54
27 57
27 58
27 60
27 61
27 62
27 63
27 64
27 68
27 71
27 73
27 75
27 76
27 77
27 78
27 80
27 81
27 83
27 84
27 87
27 90
27 96
27 98
28 31
28 35
28 37
28 38
28 39
28 41
28 46
28 47
28 48
28 49
28 50
28 51
28 52
28 55
28 62
28 63
28 64
28 65
28 68
28 70
28 74
28 77
28 78
28 81
28 83
28 84
28 85
28 89
28 92
28 93
28 94
28 95
28 96
28 97
28 99
29 30
29 31
29 32
29 40
29 45
29 48
29 49
29 51
29 53
29 54
29 55
29 57
29 59
29 61
29 62
29 63
29 65
29 66
29 68
29 70
29 76
29 77
29 79
29 83
29 87
29 88
29 89
29 90
29 92
29 94
29 95
29 96
29 97
30 31
30 33
30 34
30 36
30 38
30 39
30 40
30 41
30 42
30 45
30 47
30 49
30 50
30 51
30 52
30 56
30 58
30 60
30 64
30 66
30 68
30 69
30 70
30 71
30 75
30 82
30 83
30 85
30 86
30 87
30 88
30 89
30 93
30 95
30 98
30 99
31 34
31 36
31 38
31 40
31 41
31 42
31 43
31 45
31 46
31 47
31 50
31 51
31 52
31 53
31 56
31 57
31 62
31 63
31 69
31 71
31 74
31 77
31 78
31 79
31 81
31 84
31 85
31 86
31 87
31 88
31 89
31 90
31 93
31 94
31 95
31 96
31 97
31 98
31 99
32 35
32 36
32 37
32 39
32 40
32 41
32 45
32 46
32 47
32 48
32 50
32 52
32 53
32 54
32 55
32 61
32 62
32 64
32 69
32 70
32 71
32 72
32 73
32 76
32 77
32 78
32 79
32 90
32 92
32 94
32 95
32 97
32 98
33 34
33 40
33 41
33 43
33 44
33 46
33 47
33 48
33 53
33 54
33 56
33 61
33 63
33 65
33 69
33 70
33 73
33 74
33 75
33 76
33 77
33 81
33 82
33 88
33 93
33 95
33 96
33 97
33 98
34 38
34 39
34 41
34 43
34 48
34 49
34 50
34 51
34 52
34 57
34 58
34 59
34 61
34 62
34 63
34 64
34 65
34 66
34 67
34 69
34 74
34 75
34 76
34 77
34 80
34 81
34 84
34 85
34 86
34 87
34 90
34 92
34 93
34 95
34 96
34 97
34 99
35 36
35 40
35 42
35 43
35 46
35 47
35 50
35 51
35 55
35 56
35 57
35 59
35 60
35 61
35 63
35 65
35 66
35 68
35 69
35 70
35 72
35 74
35 76
35 77
35 82
35 86
35 88
35 93
35 94
35 96
35 97
36 38
36 39
36 42
36 47
36 48
36 50
36 52
36 53
36 55
36 56
36 57
36 58
36 60
36 61
36 64
36 65
36 67
36 68
36 69
36 70
36 73
36 75
36 76
36 78
36 79
36 82
36 84
36 85
36 86
36 87
36 88
36 89
36 90
36 93
36 95
36 96
37 39
37 40
37 41
37 42
37 44
37 47
37 48
37 50
37 51
37 53
37 56
37 57
37 59
37 60
37 61
37 62
37 65
37 68
37 69
37 72
37 75
37 77
37 78
37 81
37 83
37 84
37 86
37 87
37 89
37 95
37 99
38 39
38 44
38 49
38 51
38 52
38 53
38 54
38 55
38 58
38 59
38 60
38 62
38 66
38 68
38 72
38 73
38 76
38 77
38 80
38 81
38 84
38 86
38 87
38 89
38 90
38 91
38 93
38 94
38 95
38 97
38 99
39 41
39 45
39 49
39 51
39 52
39 55
39 56
39 66
39 70
39 72
39 75
39 77
39 78
39 79
39 83
39 85
39 89
39 90
39 91
39 95
39 96
39 97
39 98
40 45
40 46
40 47
40 48
40 50
40 51
40 53
40 54
40 55
40 56
40 59
40 61
40 62
40 63
40 66
40 70
40 71
40 72
40 73
40 76
40 77
40 79
40 80
40 81
40 83
40 84
40 87
40 90
40 91
40 92
40 94
40 95
40 96
40 98
41 42
41 43
41 44
41 46
41 47
41 48
41 50
41 51
41 53
41 54
41 56
41 59
41 60
41 61
41 63
41 67
41 68
41 69
41 76
41 79
41 80
41 85
41 86
41 87
41 90
41 91
41 92
41 93
41 95
41 98
41 99
42 44
42 48
42 52
42 53
42 54
42 55
42 56
42 57
42 59
42 61
42 63
42 64
42 65
42 66
42 67
42 70
42 71
42 76
42 78
42 80
42 84
42 85
42 86
42 88
42 90
42 92
42 94
42 96
42 97
42 98
43 44
43 45
43 46
43 48
43 49
43 52
43 53
43 54
43 56
43 57
43 58
43 59
43 60
43 66
43 69
43 70
43 72
43 73
43 74
43 77
43 84
43 87
43 91
43 92
43 95
43 96
43 97
43 99
44 46
44 47
44 48
44 57
44 58
44 59
44 60
44 64
44 66
44 67
44 68
44 69
44 70
44 71
44 73
44 76
44 77
44 79
44 81
44 84
44 85
44 86
44 87
44 88
44 89
44 91
44 95
44 96
44 97
44 99
45 49
45 50
45 52
45 53
45 54
45 55
45 56
45 57
45 63
45 64
45 66
45 67
45 68
45 69
45 70
45 71
45 72
45 74
45 76
45 78
45 79
45 83
45 84
45 85
45 86
45 87
45 89
45 91
45 96
45 98
45 99
46 48
46 50
46 51
46 55
46 58
46 61
46 62
46 63
46 67
46 72
46 73
46 81
46 82
46 84
46 85
46 86
46 87
46 88
46 90
46 93
46 95
46 99
47 48
47 50
47 51
47 52
47 54
47 55
47 58
47 59
47 61
47 63
47 64
47 66
47 68
47 69
47 72
47 76
47 82
47 83
47 84
47 86
47 88
47 89
47 93
47 95
47 97
47 98
47 99
48 50
48 51
48 52
48 53
48 54
48 58
48 62
48 66
48 67
48 68
48 69
48 72
48 73
48 74
48 75
48 76
48 77
48 81
48 85
48 86
48 89
48 93
48 94
48 95
48 96
48 99
49 50
49 53
49 55
49 56
49 57
49 58
49 62
49 64
49 65
49 66
49 68
49 69
49 71
49 72
49 74
49 75
49 76
49 80
49 85
49 86
49 88
49 92
49 97
49 98
50 52
50 53
50 54
50 56
50 57
50 58
50 59
50 61
50 64
50 67
50 70
50 72
50 74
50 75
50 76
50 79
50 83
50 84
50 85
50 87
50 89
50 94
50 95
50 97
51 53
51 56
51 59
51 61
51 68
51 69
51 70
51 72
51 78
51 80
51 83
51 84
51 88
51 90
51 92
51 94
51 96
51 97
51 98
52 54
52 59
52 60
52 64
52 67
52 69
52 71
52 72
52 76
52 79
52 82
52 84
52 85
52 87
52 90
52 91
52 93
52 94
52 97
53 55
53 56
53 58
53 59
53 60
53 63
53 64
53 66
53 67
53 68
53 70
53 73
53 74
53 77
53 78
53 84
53 87
53 90
53 97
53 99
54 57
54 58
54 60
54 62
54 63
54 64
54 65
54 66
54 67
54 68
54 69
54 70
54 73
54 76
54 77
54 78
54 79
54 80
54 81
54 84
54 87
54 89
54 91
54 92
54 94
54 95
54 96
54 97
55 56
55 58
55 59
55 63
55 68
55 71
55 73
55 74
55 75
55 76
55 77
55 78
55 79
55 81
55 84
55 86
55 87
55 89
55 92
55 99
56 57
56 59
56 61
56 63
56 65
56 67
56 69
56 71
56 75
56 78
56 86
56 87
56 89
56 94
56 97
56 99
57 59
57 60
57 61
57 62
57 63
57 65
57 68
57 69
57 70
57 71
57 74
57 75
57 76
57 78
57 82
57 83
57 85
57 86
57 87
57 88
57 89
57 90
57 91
57 92
57 93
57 94
57 96
57 97
58 61
58 63
58 67
58 69
58 70
58 72
58 73
58 74
58 75
58 76
58 77
58 78
58 82
58 83
58 84
58 87
58 88
58 89
58 94
58 95
58 99
59 62
59 63
59 65
59 66
59 67
59 68
59 70
59 74
59 75
59 78
59 81
59 82
59 83
59 84
59 86
59 87
59 89
59 91
59 93
59 94
59 95
59 96
59 97
60 61
60 62
60 63
60 66
60 67
60 71
60 72
60 73
60 75
60 76
60 77
60 78
60 81
60 83
60 85
60 90
60 91
60 92
60 94
60 96
60 98
60 99
61 62
61 63
61 66
61 67
61 68
61 70
61 71
61 72
61 73
61 76
61 77
61 79
61 80
61 82
61 83
61 86
61 87
61 91
61 94
61 97
61 99
62 64
62 67
62 68
62 69
62 70
62 72
62 79
62 80
62 82
62 84
62 85
62 86
62 87
62 88
62 89
62 91
62 92
62 93
62 95
62 96
62 97
62 99
63 65
63 67
63 68
63 69
63 75
63 76
63 78
63 79
63 85
63 87
63 91
63 92
63 93
63 95
63 96
64 65
64 66
64 69
64 70
64 71
64 72
64 73
64 74
64 75
64 78
64 81
64 82
64 84
64 86
64 87
64 89
64 90
64 92
64 93
64 94
64 95
64 97
64 99
65 68
65 69
65 70
65 71
65 72
65 76
65 78
65 79
65 80
65 82
65 83
65 86
65 88
65 93
65 95
65 96
65 98
66 67
66 74
66 76
66 77
66 78
66 79
66 80
66 81
66 82
66 85
66 87
66 89
66 91
66 95
66 98
67 68
67 69
67 71
67 73
67 76
67 80
67 81
67 84
67 86
67 87
67 88
67 89
67 90
67 91
67 92
67 93
67 97
67 99
68 72
68 73
68 75
68 77
68 78
68 79
68 81
68 87
68 88
68 89
68 90
68 91
68 92
68 94
68 95
68 96
68 97
68 98
69 70
69 71
69 73
69 74
69 75
69 76
69 79
69 80
69 84
69 85
69 88
69 89
69 93
69 94
69 96
69 98
69 99
70 73
70 75
70 77
70 78
70 79
70 80
70 81
70 84
70 86
70 88
70 92
70 97
70 99
71 72
71 74
71 80
71 81
71 82
71 83
71 84
71 85
71 90
71 91
71 93
71 94
71 95
71 96
71 97
71 98
72 73
72 74
72 75
72 77
72 78
72 81
72 82
72 83
72 84
72 85
72 86
72 87
72 88
72 90
72 92
72 93
72 96
72 99
73 77
73 79
73 81
73 82
73 84
73 86
73 87
73 88
73 89
73 92
73 93
73 94
73 95
73 96
73 98
74 76
74 78
74 79
74 80
74 82
74 84
74 86
74 87
74 88
74 91
74 92
74 96
74 98
74 99
75 77
75 78
75 80
75 82
75 85
75 86
75 87
75 90
75 92
75 94
75 95
75 97
75 98
75 99
76 77
76 78
76 79
76 82
76 86
76 87
76 90
76 91
76 93
76 94
76 95
77 78
77 79
77 82
77 83
77 84
77 85
77 86
77 89
77 91
77 92
77 95
77 96
77 97
77 98
78 81
78 82
78 84
78 86
78 88
78 89
78 93
78 94
78 95
78 96
78 99
79 80
79 83
79 85
79 87
79 88
79 89
79 91
79 94
79 95
79 98
79 99
80 82
80 83
80 84
80 86
80 87
80 89
80 94
80 95
80 96
80 97
80 99
81 82
81 83
81 84
81 87
81 91
81 93
81 94
81 97
81 98
82 83
82 86
82 90
82 91
82 92
82 93
82 95
82 98
83 90
83 93
83 98
83 99
84 85
84 89
84 93
84 94
84 96
84 97
85 86
85 87
85 92
85 94
85 96
85 97
85 98
86 87
86 88
86 90
86 91
86 92
86 95
86 98
86 99
87 91
87 92
87 95
87 96
87 98
87 99
88 90
88 91
88 93
88 94
88 97
88 98
88 99
89 91
89 92
89 97
89 98
89 99
90 92
90 94
90 97
90 99
91 93
91 94
91 95
91 97
91 98
91 99
92 93
92 94
92 99
93 94
93 95
93 96
93 98
93 99
95 97
95 98
95 99
96 98
97 98
98 99
