0 2
0 6
0 8
0 12
0 14
0 18
0 21
0 22
0 23
0 25
0 26
0 27
0 29
0 33
0 38
0 39
0 40
0 41
0 43
0 45
0 46
0 48
0 50
0 51
0 52
0 53
0 54
0 56
0 58
0 59
0 63
0 64
0 67
0 68
0 69
0 70
0 73
0 75
0 77
0 79
0 80
0 82
0 86
0 89
0 91
0 94
0 96
0 97
1 6
1 8
1 10
1 13
1 16
1 18
1 21
1 23
1 25
1 26
1 27
1 28
1 29
1 30
1 33
1 36
1 38
1 39
1 40
1 41
1 45
1 46
1 47
1 50
1 53
1 55
1 56
1 57
1 58
1 59
1 61
1 65
1 67
1 72
1 74
1 79
1 80
1 81
1 82
1 83
1 85
1 86
1 87
1 88
1 89
1 90
1 92
1 95
1 97
2 8
2 13
2 15
2 17
2 22
2 23
2 24
2 26
2 27
2 28
2 29
2 30
2 32
2 33
2 38
2 44
2 47
2 48
2 49
2 50
2 51
2 54
2 56
2 59
2 62
2 63
2 64
2 67
2 72
2 73
2 76
2 77
2 79
2 81
2 83
2 84
2 86
2 87
2 92
2 93
2 96
2 98
2 99
3 5
3 6
3 7
3 12
3 15
3 17
3 19
3 20
3 23
3 24
3 25
3 31
3 32
3 33
3 34
3 35
3 36
3 37
3 38
3 39
3 41
3 45
3 48
3 49
3 50
3 53
3 55
3 56
3 57
3 58
3 62
3 64
3 65
3 66
3 67
3 68
3 69
3 70
3 71
3 72
3 74
3 75
3 78
3 80
3 83
3 86
3 88
3 89
3 90
3 94
3 95
3 97
4 8
4 10
4 16
4 17
4 19
4 20
4 23
4 24
4 27
4 30
4 31
4 32
4 35
4 38
4 39
4 40
4 42
4 47
4 49
4 52
4 55
4 56
4 62
4 63
4 65
4 67
4 68
4 69
4 71
4 74
4 75
4 76
4 78
4 79
4 80
4 81
4 82
4 83
4 84
4 85
4 87
4 92
4 93
4 94
4 95
4 96
4 97
4 98
5 9
5 10
5 11
5 12
5 13
5 15
5 16
5 18
5 22
5 26
5 27
5 28
5 29
5 31
5 33
5 35
5 36
5 37
5 38
5 39
5 42
5 44
5 45
5 48
5 52
5 53
5 54
5 56
5 58
5 59
5 61
5 62
5 63
5 66
5 67
5 69
5 71
5 72
5 78
5 79
5 83
5 85
5 87
5 88
5 91
5 96
5 97
5 98
5 99
6 7
6 8
6 14
6 15
6 16
6 19
6 21
6 22
6 24
6 25
6 29
6 31
6 32
6 33
6 35
6 36
6 37
6 39
6 40
6 41
6 42
6 44
6 45
6 46
6 49
6 50
6 53
6 54
6 55
6 59
6 65
6 67
6 69
6 70
6 71
6 73
6 75
6 77
6 80
6 83
6 85
6 86
6 87
6 91
6 94
6 96
7 11
7 14
7 16
7 17
7 18
7 20
7 22
7 26
7 28
7 30
7 31
7 33
7 34
7 35
7 39
7 40
7 42
7 44
7 52
7 57
7 60
7 62
7 63
7 64
7 67
7 71
7 73
7 77
7 79
7 83
7 86
7 88
7 90
7 91
7 96
7 98
8 10
8 12
8 13
8 16
8 17
8 18
8 19
8 20
8 21
8 23
8 25
8 26
8 27
8 28
8 30
8 33
8 38
8 41
8 42
8 45
8 51
8 54
8 56
8 58
8 62
8 64
8 65
8 67
8 68
8 69
8 70
8 72
8 73
8 79
8 81
8 84
8 87
8 88
8 93
8 95
8 98
9 15
9 20
9 21
9 22
9 23
9 25
9 27
9 32
9 34
9 36
9 37
9 38
9 39
9 40
9 41
9 43
9 45
9 48
9 49
9 51
9 52
9 54
9 56
9 59
9 60
9 62
9 63
9 64
9 66
9 69
9 72
9 74
9 76
9 79
9 84
9 86
9 87
9 88
9 90
9 93
9 95
9 97
9 98
9 99
10 12
10 13
10 14
10 15
10 16
10 20
10 23
10 25
10 27
10 28
10 30
10 32
10 37
10 39
10 40
10 42
10 43
10 44
10 48
10 50
10 51
10 53
10 55
10 62
10 64
10 65
10 66
10 68
10 69
10 70
10 71
10 75
10 76
10 77
10 79
10 83
10 84
10 86
10 87
10 89
10 96
10 97
10 98
11 13
11 14
11 15
11 17
11 19
11 21
11 24
11 25
11 26
11 27
11 29
11 32
11 34
11 38
11 43
11 45
11 47
11 49
11 50
11 51
11 52
11 53
11 54
11 55
11 57
11 59
11 66
11 67
11 68
11 70
11 71
11 72
11 74
11 76
11 80
11 81
11 84
11 85
11 86
11 87
11 89
11 91
11 92
11 93
11 94
11 95
11 96
11 97
12 15
12 16
12 18
12 19
12 20
12 21
12 22
12 25
12 27
12 32
12 38
12 39
12 41
12 43
12 46
12 48
12 49
12 52
12 53
12 54
12 56
12 57
12 60
12 61
12 64
12 65
12 66
12 67
12 69
12 71
12 72
12 73
12 74
12 75
12 77
12 78
12 82
12 84
12 85
12 87
12 88
12 94
12 95
12 97
12 99
13 16
13 17
13 19
13 20
13 23
13 24
13 25
13 28
13 29
13 32
13 33
13 34
13 36
13 37
13 38
13 39
13 43
13 46
13 48
13 49
13 51
13 52
13 54
13 56
13 61
13 67
13 75
13 77
13 79
13 80
13 81
13 82
13 83
13 84
13 86
13 87
13 90
13 91
13 94
13 95
13 96
13 99
14 15
14 19
14 21
14 22
14 25
14 29
14 30
14 31
14 34
14 36
14 39
14 42
14 43
14 44
14 46
14 49
14 50
14 52
14 55
14 57
14 59
14 60
14 61
14 67
14 68
14 69
14 71
14 72
14 74
14 77
14 79
14 82
14 84
14 85
14 87
14 88
14 92
14 93
14 94
14 95
14 97
14 98
14 99
15 17
15 18
15 22
15 24
15 25
15 26
15 27
15 28
15 31
15 35
15 39
15 42
15 45
15 47
15 48
15 49
15 53
15 57
15 62
15 69
15 72
15 73
15 74
15 78
15 80
15 84
15 85
15 86
15 87
15 89
15 90
15 91
15 95
15 97
15 98
15 99
16 18
16 19
16 20
16 21
16 27
16 30
16 31
16 33
16 37
16 39
16 44
16 49
16 52
16 54
16 55
16 56
16 57
16 64
16 66
16 67
16 68
16 70
16 72
16 73
16 74
16 75
16 78
16 79
16 80
16 81
16 83
16 90
16 93
16 95
16 97
16 98
16 99
17 18
17 21
17 23
17 27
17 28
17 32
17 33
17 34
17 36
17 38
17 41
17 48
17 52
17 53
17 54
17 56
17 58
17 60
17 61
17 64
17 65
17 70
17 72
17 74
17 75
17 77
17 79
17 80
17 81
17 82
17 83
17 84
17 85
17 87
17 88
17 89
17 91
17 93
17 96
17 99
18 21
18 25
18 28
18 30
18 33
18 34
18 39
18 42
18 43
18 45
18 46
18 47
18 49
18 50
18 51
18 52
18 54
18 55
18 57
18 58
18 59
18 60
18 64
18 65
18 66
18 67
18 68
18 71
18 74
18 75
18 77
18 78
18 79
18 83
18 85
18 88
18 89
18 92
18 94
18 95
18 97
18 98
18 99
19 20
19 24
19 27
19 29
19 30
19 35
19 36
19 37
19 40
19 47
19 48
19 49
19 50
19 54
19 55
19 59
19 60
19 61
19 70
19 73
19 75
19 80
19 81
19 83
19 84
19 87
19 88
19 89
19 90
19 91
19 93
19 94
19 95
19 97
19 99
20 21
20 24
20 28
20 30
20 31
20 32
20 36
20 37
20 38
20 39
20 40
20 41
20 42
20 45
20 47
20 50
20 57
20 58
20 59
20 65
20 69
20 70
20 73
20 74
20 75
20 76
20 80
20 81
20 85
20 88
20 91
20 92
20 94
20 98
21 22
21 24
21 28
21 32
21 36
21 37
21 39
21 45
21 46
21 48
21 49
21 50
21 53
21 54
21 55
21 57
21 58
21 59
21 61
21 65
21 66
21 67
21 70
21 72
21 73
21 74
21 78
21 79
21 80
21 83
21 84
21 86
21 89
21 90
21 93
21 94
21 95
21 96
21 97
21 98
21 99
22 23
22 24
22 25
22 28
22 29
22 30
22 31
22 33
22 35
22 37
22 39
22 40
22 41
22 42
22 43
22 45
22 46
22 48
22 49
22 50
22 55
22 56
22 58
22 59
22 60
22 62
22 64
22 66
22 67
22 68
22 69
22 70
22 74
22 76
22 79
22 80
22 81
22 84
22 85
22 86
22 87
22 88
22 91
22 92
22 95
22 96
22 97
22 98
22 99
23 24
23 25
23 26
23 27
23 28
23 32
23 35
23 36
23 40
23 41
23 43
23 48
23 49
23 51
23 52
23 53
23 55
23 56
23 57
23 58
23 59
23 60
23 63
23 66
23 69
23 71
23 72
23 73
23 74
23 76
23 77
23 79
23 80
23 81
23 83
23 84
23 85
23 86
23 87
23 92
23 93
23 97
23 98
23 99
24 33
24 39
24 42
24 43
24 44
24 45
24 46
24 47
24 49
24 50
24 54
24 55
24 56
24 57
24 58
24 59
24 61
24 63
24 65
24 66
24 67
24 68
24 74
24 75
24 76
24 78
24 80
24 86
24 87
24 90
24 92
24 94
24 95
24 97
25 26
25 27
25 28
25 30
25 31
25 35
25 38
25 39
25 40
25 42
25 43
25 45
25 50
25 56
25 61
25 62
25 63
25 65
25 66
25 67
25 68
25 73
25 74
25 76
25 77
25 79
25 82
25 84
25 85
25 86
25 89
25 90
25 91
25 92
25 93
25 96
25 98
26 28
26 30
26 32
26 34
26 39
26 42
26 43
26 45
26 46
26 47
26 49
26 52
26 56
26 58
26 64
26 65
26 67
26 68
26 78
26 79
26 80
26 81
26 82
26 84
26 85
26 86
26 87
26 88
26 89
26 91
26 93
26 94
26 95
26 96
27 29
27 30
27 32
27 33
27 36
27 38
27 40
27 41
27 42
27 43
27 44
27 46
27 48
27 49
27 51
27 53
27 54
27 55
27 59
27 60
27 61
27 62
27 65
27 66
27 69
27 70
27 71
27 72
27 75
27 76
27 77
27 80
27 81
27 84
27 85
27 86
27 87
27 89
27 94
27 95
27 98
28 30
28 31
28 32
28 33
28 34
28 35
28 37
28 40
28 42
28 47
28 51
28 52
28 53
28 54
28 55
28 56
28 58
28 62
28 65
28 66
28 67
28 68
28 70
28 71
28 72
28 83
28 88
28 89
28 90
28 91
28 94
28 95
29 30
29 32
29 33
29 34
29 35
29 41
29 44
29 45
29 47
29 48
29 49
29 51
29 55
29 57
29 58
29 59
29 60
29 61
29 62
29 64
29 66
29 69
29 72
29 73
29 75
29 76
29 77
29 81
29 83
29 85
29 86
29 87
29 89
29 90
29 92
29 93
29 98
30 32
30 35
30 36
30 37
30 39
30 40
30 42
30 43
30 44
30 48
30 51
30 52
30 53
30 58
30 59
30 60
30 62
30 69
30 71
30 74
30 75
30 76
30 80
30 81
30 82
30 83
30 85
30 86
30 87
30 88
30 89
30 90
30 97
30 98
30 99
31 32
31 33
31 39
31 43
31 44
31 46
31 48
31 50
31 52
31 53
31 55
31 56
31 60
31 65
31 67
31 68
31 72
31 73
31 74
31 75
31 76
31 80
31 83
31 86
31 88
31 89
31 90
31 94
31 95
31 97
32 33
32 34
32 37
32 38
32 40
32 41
32 42
32 43
32 44
32 45
32 49
32 50
32 52
32 55
32 56
32 58
32 59
32 60
32 62
32 64
32 66
32 67
32 69
32 70
32 71
32 73
32 74
32 76
32 77
32 85
32 86
32 89
32 93
32 94
32 98
32 99
33 34
33 39
33 40
33 41
33 47
33 48
33 49
33 57
33 60
33 62
33 64
33 68
33 69
33 74
33 75
33 77
33 78
33 79
33 80
33 81
33 84
33 87
33 88
33 89
33 90
33 91
33 92
33 96
33 97
33 98
33 99
34 38
34 40
34 41
34 45
34 47
34 48
34 51
34 52
34 55
34 58
34 59
34 62
34 64
34 65
34 70
34 72
34 77
34 78
34 82
34 83
34 84
34 85
34 88
34 90
34 91
34 99
35 37
35 39
35 43
35 47
35 48
35 49
35 50
35 52
35 53
35 54
35 55
35 56
35 58
35 61
35 62
35 63
35 66
35 67
35 69
35 70
35 71
35 73
35 75
35 76
35 79
35 80
35 82
35 83
35 84
35 86
35 89
35 90
35 91
35 92
35 93
35 94
35 96
35 98
36 38
36 44
36 45
36 46
36 49
36 50
36 51
36 52
36 53
36 59
36 62
36 64
36 65
36 67
36 70
36 75
36 77
36 79
36 83
36 84
36 87
36 88
36 90
36 91
36 98
37 38
37 39
37 41
37 42
37 43
37 47
37 49
37 50
37 52
37 53
37 54
37 55
37 56
37 57
37 59
37 61
37 63
37 66
37 67
37 69
37 70
37 73
37 74
37 77
37 78
37 79
37 80
37 82
37 83
37 86
37 90
37 91
37 93
37 94
37 95
37 96
37 97
37 99
38 39
38 40
38 41
38 45
38 47
38 50
38 51
38 52
38 53
38 54
38 55
38 56
38 58
38 60
38 62
38 63
38 64
38 66
38 68
38 69
38 72
38 74
38 77
38 78
38 79
38 80
38 81
38 82
38 83
38 84
38 86
38 87
38 88
38 89
38 91
38 93
38 95
38 97
38 98
38 99
39 40
39 43
39 44
39 45
39 46
39 48
39 56
39 57
39 62
39 66
39 67
39 72
39 74
39 76
39 81
39 82
39 83
39 90
39 92
39 94
39 95
39 96
39 97
39 98
40 42
40 43
40 46
40 51
40 52
40 53
40 57
40 58
40 61
40 62
40 63
40 66
40 68
40 70
40 74
40 75
40 77
40 79
40 80
40 81
40 83
40 85
40 86
40 89
40 93
40 96
40 97
40 98
41 42
41 43
41 44
41 45
41 47
41 49
41 50
41 51
41 52
41 54
41 55
41 57
41 59
41 61
41 65
41 66
41 70
41 71
41 73
41 75
41 80
41 82
41 83
41 84
41 86
41 87
41 88
41 89
41 90
41 93
41 98
41 99
42 43
42 45
42 46
42 50
42 53
42 55
42 57
42 59
42 60
42 61
42 63
42 64
42 65
42 67
42 72
42 74
42 77
42 78
42 79
42 80
42 81
42 86
42 90
42 92
42 93
42 94
42 95
42 97
42 98
43 44
43 47
43 48
43 50
43 51
43 52
43 55
43 61
43 66
43 69
43 70
43 74
43 76
43 79
43 83
43 85
43 86
43 88
43 91
43 92
43 98
44 45
44 47
44 48
44 49
44 50
44 51
44 52
44 54
44 56
44 60
44 61
44 63
44 65
44 70
44 72
44 73
44 75
44 76
44 78
44 84
44 85
44 86
44 87
44 89
44 90
44 91
44 94
44 97
44 99
45 49
45 50
45 51
45 52
45 53
45 54
45 55
45 56
45 57
45 58
45 59
45 61
45 63
45 67
45 68
45 71
45 72
45 75
45 78
45 79
45 80
45 87
45 89
45 90
45 91
45 97
46 49
46 53
46 54
46 56
46 57
46 58
46 59
46 60
46 61
46 62
46 63
46 64
46 65
46 68
46 69
46 72
46 75
46 77
46 79
46 82
46 83
46 85
46 87
46 89
46 90
46 91
46 92
46 94
46 95
46 96
46 99
47 48
47 49
47 51
47 54
47 56
47 59
47 61
47 65
47 67
47 70
47 72
47 73
47 74
47 76
47 79
47 81
47 82
47 84
47 86
47 87
47 90
47 92
47 93
47 96
48 51
48 54
48 55
48 57
48 58
48 59
48 60
48 61
48 65
48 66
48 67
48 71
48 72
48 74
48 76
48 78
48 80
48 81
48 82
48 84
48 86
48 87
48 90
48 92
48 93
48 95
48 97
48 99
49 50
49 51
49 53
49 55
49 56
49 60
49 63
49 64
49 65
49 70
49 71
49 77
49 78
49 79
49 80
49 83
49 85
49 86
49 87
49 88
49 90
49 91
49 94
49 95
49 98
49 99
50 53
50 54
50 55
50 56
50 60
50 62
50 63
50 66
50 67
50 72
50 79
50 80
50 82
50 92
50 93
50 94
50 98
50 99
51 54
51 55
51 56
51 59
51 62
51 63
51 64
51 65
51 66
51 67
51 68
51 73
51 74
51 75
51 76
51 77
51 79
51 82
51 84
51 85
51 86
51 87
51 88
51 89
51 92
51 94
51 98
51 99
52 54
52 57
52 58
52 61
52 65
52 72
52 75
52 76
52 77
52 79
52 81
52 84
52 86
52 91
52 92
52 93
52 96
52 97
52 99
53 54
53 59
53 62
53 63
53 65
53 66
53 68
53 73
53 75
53 76
53 77
53 81
53 86
53 89
53 90
53 92
53 93
53 95
54 56
54 58
54 60
54 67
54 71
54 76
54 78
54 79
54 80
54 81
54 86
54 89
54 94
54 95
54 97
54 98
55 58
55 59
55 60
55 62
55 63
55 64
55 66
55 68
55 69
55 70
55 71
55 72
55 74
55 76
55 77
55 80
55 81
55 82
55 84
55 85
55 87
55 88
55 89
55 90
55 91
55 92
55 93
55 94
55 95
55 97
55 99
56 64
56 69
56 70
56 72
56 74
56 75
56 77
56 78
56 80
56 82
56 83
56 85
56 86
56 87
56 89
56 91
56 92
56 96
56 97
56 98
57 58
57 60
57 62
57 64
57 65
57 66
57 67
57 71
57 73
57 75
57 76
57 77
57 81
57 82
57 83
57 85
57 86
57 90
57 91
57 97
57 98
58 61
58 62
58 64
58 66
58 67
58 71
58 72
58 73
58 74
58 76
58 77
58 79
58 80
58 82
58 84
58 85
58 87
58 88
58 90
58 91
58 93
58 94
58 95
58 98
58 99
59 62
59 66
59 69
59 71
59 74
59 75
59 77
59 80
59 85
59 88
59 90
59 91
59 94
59 95
59 97
59 98
59 99
60 61
60 66
60 67
60 68
60 69
60 73
60 74
60 76
60 78
60 80
60 83
60 84
60 87
60 90
60 91
60 92
60 96
60 97
60 98
60 99
61 65
61 66
61 68
61 69
61 70
61 72
61 73
61 74
61 76
61 77
61 81
61 82
61 83
61 84
61 88
61 90
61 91
61 93
61 94
61 95
61 96
61 97
61 99
62 65
62 67
62 69
62 70
62 72
62 73
62 74
62 76
62 78
62 79
62 82
62 84
62 87
62 89
62 92
62 93
62 97
62 99
63 64
63 66
63 70
63 72
63 73
63 74
63 75
63 77
63 79
63 80
63 82
63 85
63 87
63 89
63 90
63 92
63 93
63 94
63 98
64 66
64 69
64 70
64 72
64 73
64 74
64 75
64 76
64 77
64 78
64 79
64 82
64 83
64 90
64 91
64 94
64 95
64 98
64 99
65 66
65 71
65 73
65 75
65 76
65 77
65 78
65 79
65 80
65 81
65 84
65 85
65 86
65 89
65 91
65 95
65 96
65 97
65 98
66 67
66 71
66 72
66 73
66 75
66 77
66 78
66 79
66 81
66 83
66 84
66 86
66 87
66 88
66 89
66 97
66 99
67 69
67 72
67 73
67 74
67 75
67 79
67 80
67 84
67 85
67 87
67 89
67 90
67 91
67 95
67 97
67 98
68 69
68 71
68 73
68 74
68 75
68 77
68 79
68 83
68 86
68 88
68 90
68 91
68 92
68 93
68 96
68 97
68 98
69 70
69 71
69 73
69 75
69 76
69 77
69 81
69 84
69 86
69 89
69 92
69 93
69 95
69 96
69 99
70 72
70 73
70 74
70 75
70 78
70 79
70 80
70 82
70 83
70 84
70 86
70 87
70 88
70 91
70 92
70 93
70 94
70 95
70 96
70 97
70 98
71 72
71 74
71 75
71 77
71 78
71 80
71 81
71 85
71 86
71 88
71 90
71 93
71 94
71 96
72 73
72 78
72 83
72 85
72 86
72 94
72 95
72 96
72 97
72 99
73 74
73 75
73 77
73 79
73 81
73 82
73 83
73 84
73 86
73 87
73 88
73 93
73 94
73 96
73 98
74 75
74 76
74 81
74 82
74 83
74 84
74 86
74 88
74 89
74 94
74 96
75 76
75 79
75 80
75 85
75 86
75 87
75 89
75 91
75 93
75 94
75 99
76 77
76 78
76 80
76 81
76 83
76 88
76 89
76 90
76 91
76 92
76 93
76 94
76 95
76 97
76 98
77 78
77 80
77 84
77 86
77 88
77 89
77 90
77 92
77 95
77 97
77 98
78 80
78 82
78 83
78 84
78 85
78 87
78 89
78 90
78 93
78 96
78 97
78 99
79 80
79 82
79 84
79 85
79 86
79 87
79 92
79 93
79 98
79 99
80 83
80 85
80 86
80 88
80 90
80 91
80 92
80 95
80 96
80 99
81 82
81 86
81 87
81 90
81 91
81 92
81 93
81 95
81 96
81 97
82 86
82 87
82 89
82 90
82 96
82 97
83 84
83 85
83 86
83 87
83 88
83 89
83 90
83 91
83 92
83 93
83 94
83 96
83 98
83 99
84 85
84 86
84 89
84 90
84 91
84 92
84 95
84 96
84 98
84 99
85 86
85 87
85 88
85 90
85 91
85 97
85 98
86 87
86 88
86 91
86 92
86 94
86 96
86 97
86 99
87 88
87 94
87 95
87 97
88 89
88 91
88 92
88 96
89 90
89 92
89 96
89 97
90 91
90 95
91 93
91 94
91 96
91 97
92 98
93 94
93 99
94 95
94 96
94 99
95 97
95 99
96 97
96 98
97 99
98 99
