0 1
0 2
0 5
0 6
0 7
0 8
0 9
0 12
0 16
0 17
0 19
0 22
0 23
0 24
0 26
0 28
0 30
0 34
0 36
0 39
0 40
0 41
0 42
0 45
0 46
0 47
0 48
0 49
0 50
0 52
0 53
0 54
0 55
0 57
0 60
0 61
0 62
0 66
0 67
0 69
0 70
0 72
0 73
0 74
0 78
0 80
0 83
0 84
0 85
0 88
0 89
0 93
0 94
1 2
1 3
1 5
1 6
1 8
1 11
1 14
1 15
1 16
1 22
1 24
1 25
1 29
1 30
1 31
1 33
1 34
1 36
1 37
1 38
1 39
1 40
1 43
1 44
1 46
1 47
1 48
1 49
1 51
1 53
1 55
1 57
1 59
1 60
1 61
1 67
1 68
1 70
1 73
1 75
1 77
1 78
1 80
1 81
1 82
1 84
1 86
1 88
1 90
1 91
1 94
1 97
2 7
2 8
2 9
2 10
2 12
2 15
2 21
2 22
2 25
2 26
2 27
2 29
2 30
2 31
2 32
2 34
2 36
2 39
2 41
2 43
2 44
2 49
2 51
2 53
2 55
2 58
2 59
2 60
2 61
2 62
2 66
2 71
2 74
2 75
2 76
2 77
2 78
2 81
2 82
2 83
2 84
2 87
2 89
2 92
2 93
2 97
2 98
2 99
3 6
3 8
3 9
3 13
3 15
3 16
3 24
3 26
3 27
3 31
3 32
3 34
3 35
3 36
3 37
3 39
3 40
3 41
3 43
3 46
3 49
3 50
3 51
3 52
3 53
3 55
3 59
3 60
3 61
3 63
3 64
3 65
3 66
3 67
3 69
3 70
3 71
3 72
3 73
3 74
3 76
3 78
3 80
3 87
3 90
3 92
3 93
3 94
3 95
3 99
4 9
4 10
4 11
4 14
4 15
4 18
4 20
4 22
4 25
4 26
4 27
4 30
4 32
4 37
4 38
4 40
4 41
4 44
4 47
4 49
4 50
4 51
4 52
4 54
4 57
4 58
4 59
4 62
4 66
4 67
4 68
4 69
4 70
4 71
4 73
4 76
4 77
4 78
4 80
4 83
4 86
4 90
4 91
4 92
4 94
4 96
5 12
5 15
5 18
5 19
5 24
5 26
5 27
5 28
5 29
5 33
5 34
5 35
5 36
5 38
5 39
5 40
5 43
5 45
5 46
5 47
5 48
5 49
5 52
5 53
5 57
5 58
5 59
5 60
5 62
5 63
5 64
5 65
5 66
5 69
5 70
5 74
5 76
5 77
5 78
5 79
5 80
5 81
5 85
5 86
5 89
5 90
5 91
5 94
5 95
5 96
5 97
6 7
6 9
6 10
6 13
6 14
6 17
6 18
6 30
6 31
6 32
6 35
6 36
6 37
6 38
6 39
6 40
6 43
6 44
6 45
6 46
6 47
6 49
6 57
6 58
6 59
6 62
6 64
6 65
6 66
6 67
6 68
6 69
6 71
6 76
6 78
6 80
6 81
6 82
6 84
6 88
6 90
6 93
6 94
7 12
7 13
7 14
7 16
7 17
7 18
7 19
7 22
7 25
7 26
7 30
7 31
7 32
7 35
7 37
7 38
7 40
7 41
7 47
7 48
7 49
7 50
7 52
7 53
7 54
7 56
7 57
7 58
7 62
7 65
7 66
7 68
7 72
7 73
7 74
7 80
7 82
7 84
7 87
7 88
7 89
7 90
7 91
7 92
7 94
7 95
7 99
8 16
8 17
8 19
8 26
8 27
8 28
8 29
8 30
8 32
8 35
8 37
8 40
8 41
8 42
8 45
8 46
8 47
8 50
8 52
8 56
8 59
8 60
8 61
8 63
8 64
8 66
8 67
8 68
8 69
8 71
8 74
8 76
8 80
8 82
8 84
8 85
8 86
8 88
8 89
8 91
8 94
8 98
8 99
9 10
9 11
9 14
9 15
9 17
9 18
9 20
9 24
9 27
9 31
9 32
9 33
9 34
9 37
9 38
9 39
9 40
9 41
9 42
9 43
9 44
9 46
9 48
9 51
9 52
9 54
9 58
9 61
9 65
9 67
9 68
9 69
9 70
9 72
9 74
9 75
9 76
9 79
9 82
9 83
9 87
9 88
9 89
9 92
9 94
9 97
9 99
10 11
10 13
10 14
10 15
10 16
10 17
10 19
10 20
10 21
10 22
10 23
10 24
10 28
10 29
10 31
10 32
10 34
10 35
10 36
10 37
10 39
10 41
10 44
10 49
10 51
10 52
10 54
10 55
10 57
10 59
10 60
10 61
10 62
10 64
10 65
10 72
10 73
10 79
10 83
10 85
10 86
10 87
10 89
10 91
10 92
10 93
10 95
10 97
10 99
11 12
11 13
11 14
11 16
11 20
11 21
11 22
11 24
11 25
11 26
11 28
11 29
11 32
11 34
11 40
11 47
11 48
11 51
11 52
11 54
11 55
11 58
11 61
11 65
11 67
11 68
11 69
11 70
11 72
11 73
11 75
11 78
11 84
11 85
11 86
11 90
11 92
11 93
11 94
11 96
11 97
11 98
12 18
12 20
12 21
12 22
12 27
12 29
12 33
12 39
12 41
12 42
12 46
12 50
12 51
12 52
12 55
12 56
12 59
12 60
12 61
12 62
12 66
12 68
12 69
12 70
12 71
12 72
12 74
12 75
12 76
12 79
12 80
12 81
12 84
12 86
12 89
12 90
12 91
12 93
12 94
12 98
13 15
13 16
13 18
13 22
13 23
13 24
13 27
13 30
13 32
13 33
13 34
13 35
13 37
13 41
13 42
13 43
13 45
13 46
13 48
13 53
13 56
13 57
13 61
13 63
13 65
13 66
13 69
13 71
13 73
13 79
13 80
13 85
13 87
13 90
13 91
13 92
13 94
13 95
13 96
13 97
13 98
14 16
14 21
14 22
14 23
14 24
14 25
14 27
14 28
14 29
14 30
14 31
14 33
14 34
14 35
14 36
14 37
14 40
14 41
14 42
14 44
14 45
14 46
14 47
14 50
14 51
14 52
14 53
14 54
14 56
14 61
14 63
14 64
14 66
14 70
14 73
14 76
14 79
14 80
14 83
14 87
14 90
14 91
14 92
14 93
14 95
14 96
14 97
14 98
15 17
15 18
15 19
15 21
15 23
15 26
15 27
15 28
15 29
15 30
15 31
15 32
15 33
15 34
15 35
15 36
15 39
15 42
15 45
15 47
15 51
15 53
15 57
15 58
15 61
15 62
15 64
15 66
15 68
15 69
15 70
15 71
15 72
15 75
15 76
15 77
15 78
15 80
15 83
15 84
15 85
15 86
15 87
15 88
15 91
15 92
15 93
15 95
16 17
16 21
16 22
16 23
16 24
16 26
16 31
16 34
16 35
16 36
16 37
16 39
16 40
16 44
16 45
16 47
16 49
16 50
16 52
16 53
16 57
16 58
16 61
16 62
16 65
16 66
16 67
16 70
16 72
16 83
16 85
16 86
16 87
16 88
16 89
16 91
16 95
16 97
16 98
17 20
17 22
17 23
17 24
17 25
17 26
17 28
17 31
17 32
17 33
17 34
17 36
17 37
17 39
17 42
17 47
17 49
17 50
17 52
17 54
17 55
17 56
17 57
17 59
17 60
17 62
17 64
17 65
17 69
17 71
17 72
17 73
17 76
17 77
17 80
17 81
17 83
17 84
17 85
17 86
17 87
17 96
17 99
18 21
18 22
18 25
18 26
18 27
18 32
18 34
18 35
18 39
18 40
18 41
18 44
18 45
18 46
18 49
18 50
18 51
18 52
18 57
18 58
18 59
18 63
18 67
18 68
18 70
18 72
18 73
18 75
18 77
18 81
18 84
18 86
18 87
18 88
18 89
18 90
18 91
18 96
18 98
19 21
19 24
19 28
19 29
19 30
19 31
19 33
19 35
19 38
19 40
19 41
19 44
19 46
19 50
19 54
19 57
19 58
19 59
19 60
19 61
19 63
19 64
19 65
19 67
19 69
19 70
19 72
19 73
19 74
19 75
19 76
19 77
19 82
19 87
19 88
19 89
19 91
19 92
19 93
19 95
19 96
19 97
19 98
20 22
20 23
20 24
20 25
20 28
20 29
20 30
20 31
20 32
20 35
20 37
20 40
20 42
20 44
20 45
20 47
20 48
20 49
20 50
20 51
20 52
20 54
20 57
20 58
20 60
20 61
20 62
20 66
20 67
20 68
20 69
20 71
20 75
20 78
20 87
20 89
20 93
21 23
21 24
21 25
21 28
21 30
21 31
21 32
21 33
21 34
21 37
21 40
21 42
21 43
21 45
21 48
21 49
21 51
21 53
21 54
21 55
21 56
21 57
21 60
21 61
21 62
21 63
21 65
21 66
21 67
21 70
21 71
21 73
21 81
21 82
21 84
21 88
21 89
21 91
21 92
21 94
21 96
21 99
22 24
22 25
22 27
22 28
22 31
22 32
22 35
22 37
22 39
22 41
22 43
22 44
22 46
22 47
22 48
22 50
22 51
22 52
22 54
22 56
22 57
22 59
22 60
22 62
22 67
22 71
22 73
22 74
22 75
22 76
22 78
22 79
22 80
22 83
22 88
22 90
22 91
22 92
22 95
22 96
23 24
23 27
23 28
23 29
23 30
23 33
23 37
23 39
23 40
23 42
23 44
23 46
23 47
23 48
23 50
23 51
23 54
23 55
23 58
23 59
23 60
23 61
23 67
23 68
23 74
23 75
23 77
23 81
23 84
23 85
23 86
23 87
23 90
23 91
23 92
23 94
23 95
23 96
24 25
24 26
24 30
24 31
24 33
24 36
24 39
24 40
24 41
24 42
24 43
24 44
24 45
24 48
24 51
24 52
24 54
24 57
24 58
24 59
24 62
24 64
24 65
24 66
24 67
24 71
24 73
24 74
24 77
24 80
24 82
24 83
24 84
24 85
24 88
24 90
24 91
24 93
24 94
24 95
24 97
24 98
24 99
25 28
25 31
25 32
25 33
25 38
25 40
25 42
25 44
25 45
25 48
25 50
25 51
25 52
25 53
25 59
25 61
25 62
25 64
25 66
25 74
25 76
25 77
25 78
25 80
25 81
25 82
25 83
25 86
25 87
25 88
25 90
25 92
25 93
25 96
25 97
26 27
26 28
26 29
26 31
26 34
26 36
26 37
26 41
26 42
26 43
26 45
26 47
26 49
26 50
26 51
26 52
26 54
26 55
26 56
26 58
26 59
26 63
26 64
26 68
26 69
26 70
26 78
26 81
26 83
26 84
26 88
26 92
26 93
26 94
26 95
26 96
26 98
26 99
27 29
27 37
27 39
27 40
27 41
27 45
27 47
27 48
27 52
27 53
27 54
27 56
27 57
27 59
27 61
27 67
27 68
27 69
27 70
27 71
27 72
27 74
27 77
27 78
27 81
27 82
27 83
27 86
27 87
27 90
27 91
27 93
27 98
27 99
28 29
28 30
28 32
28 33
28 37
28 38
28 39
28 41
28 42
28 43
28 45
28 48
28 49
28 50
28 51
28 52
28 53
28 57
28 58
28 59
28 60
28 61
28 62
28 63
28 64
28 65
28 66
28 73
28 76
28 77
28 78
28 79
28 83
28 84
28 86
28 87
28 88
28 89
28 97
29 32
29 35
29 37
29 38
29 39
29 40
29 41
29 46
29 48
29 49
29 54
29 56
29 58
29 60
29 61
29 62
29 64
29 66
29 68
29 69
29 71
29 72
29 74
29 77
29 78
29 79
29 81
29 83
29 84
29 85
29 86
29 87
29 88
29 89
29 90
29 93
29 94
29 95
29 98
29 99
30 31
30 32
30 34
30 38
30 39
30 42
30 43
30 44
30 46
30 48
30 52
30 53
30 57
30 58
30 59
30 60
30 61
30 66
30 68
30 70
30 76
30 77
30 78
30 79
30 81
30 83
30 85
30 87
30 88
30 89
30 91
30 92
30 95
30 96
30 98
30 99
31 32
31 33
31 34
31 39
31 42
31 44
31 45
31 47
31 48
31 49
31 50
31 59
31 60
31 61
31 62
31 64
31 66
31 67
31 68
31 70
31 74
31 75
31 76
31 77
31 79
31 80
31 83
31 84
31 89
31 97
31 98
32 34
32 36
32 38
32 39
32 40
32 43
32 45
32 46
32 48
32 49
32 52
32 55
32 56
32 61
32 66
32 67
32 69
32 71
32 73
32 74
32 76
32 77
32 80
32 85
32 86
32 91
32 93
32 94
32 95
32 96
33 34
33 35
33 39
33 40
33 41
33 42
33 45
33 46
33 47
33 48
33 49
33 50
33 51
33 53
33 54
33 55
33 57
33 58
33 60
33 63
33 64
33 65
33 69
33 70
33 72
33 73
33 74
33 75
33 76
33 77
33 78
33 80
33 81
33 82
33 86
33 88
33 90
33 92
33 97
33 98
33 99
34 35
34 41
34 44
34 46
34 47
34 48
34 53
34 55
34 64
34 66
34 67
34 68
34 73
34 74
34 77
34 78
34 80
34 81
34 82
34 83
34 85
34 90
34 94
34 95
34 96
35 36
35 37
35 39
35 40
35 41
35 43
35 44
35 46
35 47
35 49
35 50
35 52
35 53
35 55
35 62
35 63
35 65
35 67
35 69
35 70
35 73
35 74
35 82
35 83
35 84
35 85
35 86
35 88
35 90
35 91
35 92
35 93
35 95
35 96
35 97
36 37
36 38
36 42
36 43
36 45
36 46
36 48
36 50
36 55
36 56
36 62
36 63
36 66
36 67
36 71
36 74
36 77
36 79
36 81
36 82
36 88
36 92
36 93
36 94
36 95
37 38
37 40
37 42
37 43
37 46
37 47
37 51
37 55
37 57
37 58
37 59
37 65
37 66
37 68
37 69
37 74
37 79
37 83
37 84
37 85
37 86
37 87
37 95
37 96
37 98
37 99
38 39
38 40
38 42
38 43
38 44
38 46
38 47
38 49
38 51
38 52
38 53
38 54
38 55
38 57
38 59
38 61
38 63
38 65
38 66
38 68
38 70
38 71
38 73
38 79
38 81
38 82
38 84
38 91
38 92
38 94
39 41
39 43
39 44
39 45
39 46
39 49
39 50
39 51
39 56
39 57
39 59
39 62
39 64
39 65
39 68
39 70
39 71
39 73
39 76
39 77
39 78
39 79
39 81
39 89
39 95
39 99
40 41
40 43
40 45
40 47
40 48
40 51
40 53
40 54
40 55
40 57
40 59
40 61
40 65
40 69
40 71
40 72
40 76
40 78
40 79
40 80
40 82
40 83
40 84
40 86
40 87
40 90
40 91
40 92
41 43
41 45
41 46
41 50
41 51
41 53
41 55
41 56
41 59
41 63
41 69
41 71
41 73
41 75
41 77
41 80
41 82
41 83
41 84
41 86
41 87
41 88
41 89
41 90
41 91
41 92
41 94
41 96
41 97
41 98
42 43
42 44
42 45
42 47
42 49
42 51
42 56
42 57
42 58
42 59
42 60
42 61
42 63
42 64
42 66
42 69
42 71
42 74
42 75
42 77
42 78
42 81
42 83
42 85
42 88
42 89
42 91
42 92
42 93
42 98
43 44
43 48
43 49
43 53
43 56
43 58
43 59
43 63
43 65
43 66
43 68
43 71
43 72
43 73
43 76
43 79
43 80
43 81
43 82
43 83
43 84
43 85
43 87
43 90
43 92
43 93
43 95
43 97
43 98
43 99
44 45
44 47
44 49
44 51
44 52
44 53
44 54
44 57
44 58
44 60
44 61
44 64
44 67
44 68
44 69
44 71
44 72
44 75
44 80
44 81
44 83
44 85
44 89
44 91
44 92
44 93
44 95
44 98
44 99
45 53
45 55
45 60
45 63
45 64
45 65
45 66
45 67
45 71
45 72
45 73
45 74
45 77
45 78
45 80
45 81
45 85
45 86
45 87
45 88
45 93
45 94
45 96
45 98
45 99
46 47
46 49
46 55
46 56
46 58
46 62
46 64
46 66
46 67
46 68
46 69
46 71
46 72
46 74
46 75
46 77
46 79
46 85
46 86
46 88
46 89
46 90
46 91
46 92
46 94
46 97
46 99
47 51
47 54
47 57
47 58
47 63
47 64
47 65
47 66
47 67
47 69
47 70
47 78
47 80
47 81
47 84
47 87
47 88
47 90
47 91
47 92
47 94
47 96
47 97
47 98
47 99
48 51
48 52
48 53
48 55
48 62
48 63
48 66
48 67
48 68
48 71
48 72
48 74
48 75
48 78
48 80
48 82
48 83
48 84
48 85
48 86
48 89
48 90
48 91
48 92
48 93
48 95
48 98
48 99
49 50
49 51
49 52
49 53
49 54
49 55
49 57
49 58
49 62
49 63
49 64
49 65
49 66
49 67
49 68
49 69
49 70
49 71
49 72
49 73
49 76
49 77
49 78
49 79
49 80
49 82
49 85
49 86
49 89
49 90
49 92
49 93
49 95
49 97
49 99
50 51
50 52
50 55
50 57
50 60
50 62
50 64
50 65
50 68
50 71
50 73
50 77
50 80
50 81
50 83
50 88
50 90
50 93
50 96
50 98
51 55
51 59
51 60
51 62
51 64
51 65
51 67
51 69
51 73
51 74
51 75
51 76
51 77
51 80
51 85
51 87
51 90
51 92
51 95
52 55
52 56
52 58
52 59
52 61
52 63
52 64
52 66
52 68
52 69
52 73
52 74
52 77
52 78
52 79
52 80
52 81
52 82
52 84
52 85
52 86
52 87
52 89
52 90
52 93
52 95
52 99
53 54
53 56
53 58
53 60
53 61
53 62
53 63
53 64
53 67
53 71
53 77
53 78
53 79
53 80
53 81
53 82
53 87
53 91
53 92
53 94
53 98
54 55
54 57
54 59
54 63
54 67
54 68
54 70
54 73
54 74
54 77
54 78
54 80
54 81
54 83
54 84
54 86
54 89
54 90
54 93
54 95
54 98
54 99
55 56
55 62
55 63
55 66
55 67
55 68
55 70
55 72
55 78
55 79
55 80
55 82
55 85
55 86
55 87
55 88
55 89
55 90
55 92
55 93
55 94
55 95
55 96
55 97
55 98
55 99
56 57
56 58
56 60
56 61
56 62
56 63
56 72
56 73
56 74
56 79
56 82
56 83
56 85
56 86
56 87
56 91
56 95
56 98
57 58
57 60
57 61
57 63
57 64
57 65
57 66
57 67
57 68
57 69
57 76
57 77
57 80
57 84
57 85
57 89
57 90
57 92
57 94
57 98
57 99
58 60
58 63
58 64
58 69
58 70
58 72
58 73
58 74
58 75
58 76
58 77
58 78
58 80
58 81
58 82
58 83
58 84
58 85
58 86
58 88
58 89
58 99
59 60
59 62
59 66
59 68
59 69
59 70
59 71
59 72
59 74
59 75
59 78
59 79
59 83
59 85
59 86
59 87
59 88
59 90
59 91
59 94
59 95
59 96
59 97
59 99
60 61
60 62
60 63
60 65
60 67
60 70
60 72
60 74
60 79
60 80
60 81
60 84
60 87
60 88
60 89
60 90
60 91
60 92
60 94
60 96
60 98
61 65
61 66
61 68
61 71
61 74
61 78
61 79
61 81
61 83
61 84
61 85
61 86
61 87
61 89
61 91
61 94
61 95
62 65
62 67
62 68
62 69
62 70
62 72
62 74
62 76
62 77
62 78
62 79
62 82
62 83
62 85
62 89
62 90
62 93
62 95
62 97
62 99
63 64
63 66
63 68
63 69
63 70
63 71
63 74
63 75
63 76
63 79
63 80
63 82
63 86
63 90
63 94
63 96
63 97
63 98
63 99
64 66
64 69
64 70
64 75
64 77
64 78
64 80
64 83
64 85
64 86
64 87
64 89
64 91
64 93
64 94
64 97
65 67
65 72
65 73
65 75
65 77
65 80
65 82
65 83
65 84
65 85
65 87
65 89
65 91
65 92
65 94
65 97
66 67
66 70
66 72
66 73
66 74
66 76
66 78
66 81
66 88
66 89
66 90
66 93
66 97
66 98
67 68
67 71
67 72
67 73
67 75
67 77
67 83
67 84
67 86
67 87
67 90
67 92
67 93
67 94
67 96
67 97
68 69
68 79
68 80
68 81
68 83
68 86
68 87
68 88
68 89
68 90
68 94
68 95
68 96
68 97
69 70
69 71
69 75
69 76
69 78
69 79
69 85
69 86
69 88
69 98
69 99
70 71
70 72
70 73
70 74
70 75
70 77
70 78
70 79
70 81
70 82
70 83
70 87
70 89
70 91
70 93
70 96
70 97
70 98
71 72
71 75
71 77
71 78
71 79
71 80
71 81
71 82
71 83
71 84
71 85
71 87
71 88
71 89
71 90
71 91
71 92
71 94
71 95
71 96
71 98
72 73
72 74
72 76
72 77
72 78
72 81
72 85
72 87
72 90
72 91
72 93
72 96
72 97
72 98
72 99
73 74
73 76
73 79
73 80
73 82
73 83
73 85
73 89
73 90
73 91
73 92
73 93
73 95
73 99
74 76
74 79
74 80
74 81
74 82
74 85
74 87
74 88
74 91
74 92
74 94
74 98
75 76
75 77
75 78
75 80
75 82
75 83
75 84
75 85
75 86
75 89
75 90
75 92
75 93
75 94
75 99
76 77
76 80
76 81
76 82
76 83
76 84
76 85
76 88
76 89
76 90
76 92
76 96
76 98
77 79
77 80
77 82
77 84
77 85
77 88
77 91
77 92
77 93
78 79
78 81
78 82
78 83
78 85
78 87
78 88
78 89
78 90
78 94
78 95
78 96
78 97
79 80
79 81
79 83
79 85
79 88
79 91
79 92
79 93
79 94
79 96
79 97
79 99
80 82
80 83
80 85
80 89
80 97
81 82
81 83
81 84
81 85
81 86
81 89
81 92
81 93
81 94
81 95
81 99
82 85
82 87
82 89
82 90
82 91
82 95
82 96
82 97
82 98
83 85
83 87
83 88
83 89
83 90
83 91
83 92
83 93
83 96
83 99
84 85
84 86
84 87
84 88
84 89
84 91
84 92
84 93
84 95
84 99
85 89
85 90
85 91
85 92
85 93
85 94
85 96
85 97
85 99
86 88
86 93
86 94
86 96
86 97
86 99
87 90
87 91
87 94
87 97
87 99
88 96
88 99
89 94
89 96
89 97
89 98
89 99
90 92
90 94
90 96
90 99
91 95
91 96
91 97
91 98
92 95
92 96
92 97
93 94
93 95
93 96
94 96
94 97
94 99
95 97
96 99
97 98
98 99
