0 2
0 5
0 6
0 7
0 8
0 10
0 11
0 17
0 19
0 20
0 22
0 25
0 26
0 35
0 38
0 40
0 41
0 42
0 45
0 46
0 47
0 48
0 49
0 51
0 53
0 54
0 57
0 62
0 63
0 64
0 68
0 73
0 75
0 76
0 78
0 79
0 80
0 81
0 83
0 84
0 86
0 87
0 89
0 91
0 92
0 93
0 97
0 98
0 99
1 3
1 5
1 12
1 13
1 15
1 16
1 17
1 19
1 22
1 23
1 24
1 27
1 29
1 31
1 33
1 36
1 37
1 39
1 40
1 41
1 42
1 43
1 45
1 46
1 49
1 50
1 51
1 53
1 54
1 55
1 58
1 59
1 60
1 61
1 66
1 67
1 72
1 73
1 74
1 75
1 76
1 78
1 80
1 83
1 84
1 87
1 89
1 92
1 94
1 96
2 3
2 5
2 6
2 7
2 8
2 9
2 10
2 12
2 13
2 14
2 17
2 18
2 22
2 23
2 24
2 26
2 27
2 31
2 32
2 35
2 38
2 39
2 40
2 43
2 47
2 48
2 49
2 50
2 52
2 54
2 56
2 57
2 58
2 59
2 60
2 61
2 65
2 68
2 69
2 71
2 72
2 73
2 77
2 78
2 79
2 80
2 81
2 82
2 86
2 87
2 89
2 90
2 92
2 94
2 98
3 4
3 11
3 13
3 15
3 16
3 17
3 19
3 20
3 21
3 24
3 26
3 27
3 28
3 30
3 31
3 32
3 38
3 39
3 40
3 42
3 44
3 45
3 47
3 48
3 49
3 50
3 51
3 52
3 56
3 57
3 58
3 60
3 61
3 62
3 63
3 68
3 71
3 73
3 74
3 77
3 78
3 83
3 84
3 87
3 88
3 91
3 92
3 96
3 97
4 6
4 8
4 10
4 14
4 15
4 16
4 18
4 20
4 22
4 26
4 27
4 32
4 34
4 36
4 41
4 43
4 45
4 46
4 48
4 50
4 51
4 53
4 54
4 55
4 56
4 57
4 58
4 59
4 60
4 62
4 66
4 67
4 70
4 78
4 80
4 81
4 82
4 83
4 84
4 86
4 87
4 89
4 91
4 92
4 94
4 95
4 96
4 98
4 99
5 6
5 10
5 14
5 15
5 16
5 17
5 18
5 19
5 20
5 23
5 26
5 27
5 28
5 30
5 31
5 33
5 34
5 36
5 41
5 43
5 45
5 46
5 47
5 48
5 51
5 54
5 58
5 63
5 65
5 66
5 68
5 69
5 71
5 72
5 73
5 74
5 77
5 78
5 81
5 82
5 83
5 87
5 89
5 91
5 92
5 96
5 98
5 99
6 7
6 17
6 19
6 20
6 21
6 23
6 24
6 25
6 27
6 28
6 32
6 35
6 38
6 40
6 41
6 42
6 43
6 45
6 46
6 49
6 50
6 51
6 53
6 54
6 55
6 56
6 57
6 58
6 61
6 63
6 65
6 66
6 67
6 68
6 69
6 70
6 74
6 76
6 78
6 80
6 82
6 84
6 86
6 88
6 95
6 96
6 99
7 8
7 9
7 14
7 17
7 18
7 19
7 20
7 21
7 24
7 27
7 28
7 29
7 31
7 32
7 33
7 34
7 37
7 41
7 43
7 44
7 46
7 47
7 49
7 54
7 57
7 58
7 59
7 61
7 62
7 63
7 65
7 71
7 74
7 78
7 80
7 81
7 82
7 85
7 88
7 90
7 91
7 96
7 98
7 99
8 9
8 10
8 11
8 12
8 14
8 15
8 16
8 17
8 19
8 20
8 21
8 23
8 27
8 28
8 32
8 35
8 37
8 38
8 39
8 40
8 42
8 44
8 46
8 48
8 49
8 51
8 53
8 54
8 55
8 56
8 62
8 63
8 69
8 70
8 72
8 75
8 77
8 80
8 84
8 89
8 90
8 91
8 93
8 96
8 98
8 99
9 10
9 12
9 13
9 14
9 16
9 17
9 22
9 23
9 27
9 29
9 31
9 32
9 33
9 35
9 36
9 37
9 38
9 39
9 41
9 42
9 44
9 45
9 48
9 49
9 50
9 52
9 53
9 54
9 55
9 57
9 58
9 63
9 64
9 68
9 70
9 71
9 72
9 74
9 75
9 76
9 77
9 78
9 79
9 84
9 85
9 87
9 90
9 91
9 95
9 96
9 99
10 11
10 12
10 13
10 14
10 15
10 16
10 20
10 22
10 25
10 26
10 27
10 29
10 31
10 32
10 34
10 35
10 37
10 41
10 43
10 44
10 51
10 53
10 54
10 59
10 62
10 63
10 64
10 66
10 70
10 73
10 74
10 77
10 78
10 79
10 83
10 88
10 89
10 90
10 91
10 92
11 13
11 15
11 18
11 21
11 25
11 27
11 28
11 31
11 33
11 34
11 38
11 39
11 41
11 42
11 43
11 45
11 48
11 49
11 50
11 51
11 53
11 55
11 58
11 60
11 63
11 64
11 65
11 70
11 71
11 72
11 78
11 79
11 80
11 84
11 87
11 89
11 90
11 91
11 93
11 94
11 96
12 15
12 17
12 21
12 24
12 27
12 28
12 33
12 36
12 37
12 39
12 40
12 44
12 47
12 48
12 50
12 52
12 54
12 55
12 56
12 59
12 62
12 63
12 64
12 66
12 71
12 72
12 73
12 75
12 77
12 82
12 86
12 88
12 89
12 91
12 93
12 94
12 98
12 99
13 16
13 17
13 21
13 23
13 24
13 26
13 28
13 30
13 31
13 32
13 36
13 38
13 39
13 45
13 47
13 49
13 50
13 51
13 52
13 54
13 55
13 56
13 57
13 60
13 61
13 62
13 63
13 67
13 70
13 71
13 72
13 74
13 76
13 77
13 78
13 80
13 84
13 87
13 89
13 91
13 92
13 93
13 94
13 96
13 97
14 16
14 17
14 19
14 20
14 24
14 26
14 27
14 28
14 29
14 31
14 33
14 35
14 36
14 38
14 40
14 43
14 45
14 46
14 47
14 51
14 52
14 53
14 55
14 56
14 57
14 58
14 60
14 63
14 64
14 65
14 67
14 68
14 71
14 72
14 73
14 77
14 78
14 79
14 85
14 88
14 89
14 91
14 93
14 95
15 16
15 20
15 21
15 22
15 24
15 26
15 29
15 30
15 31
15 35
15 36
15 39
15 40
15 41
15 42
15 44
15 45
15 46
15 47
15 48
15 49
15 50
15 51
15 52
15 53
15 54
15 56
15 57
15 59
15 64
15 65
15 66
15 70
15 71
15 74
15 75
15 76
15 78
15 79
15 80
15 82
15 85
15 87
15 88
15 91
15 92
15 98
16 18
16 22
16 23
16 24
16 26
16 27
16 28
16 31
16 32
16 33
16 35
16 38
16 41
16 44
16 47
16 49
16 50
16 52
16 53
16 56
16 57
16 58
16 59
16 64
16 65
16 66
16 67
16 69
16 70
16 71
16 72
16 73
16 74
16 75
16 77
16 78
16 79
16 80
16 82
16 84
16 85
16 87
16 92
16 94
16 95
16 97
16 98
16 99
17 20
17 22
17 23
17 24
17 26
17 27
17 28
17 29
17 31
17 32
17 37
17 38
17 40
17 46
17 48
17 49
17 50
17 51
17 54
17 56
17 62
17 64
17 66
17 69
17 72
17 73
17 77
17 79
17 81
17 83
17 85
17 88
17 93
17 94
17 95
17 98
17 99
18 19
18 20
18 22
18 23
18 25
18 27
18 31
18 37
18 38
18 42
18 43
18 46
18 49
18 50
18 51
18 53
18 58
18 64
18 66
18 68
18 69
18 72
18 73
18 74
18 76
18 77
18 78
18 80
18 82
18 84
18 86
18 87
18 88
18 89
18 90
18 91
18 94
18 98
18 99
19 20
19 24
19 26
19 28
19 30
19 31
19 32
19 33
19 36
19 38
19 39
19 41
19 43
19 47
19 48
19 49
19 51
19 53
19 55
19 56
19 59
19 60
19 62
19 63
19 64
19 67
19 68
19 69
19 71
19 73
19 77
19 80
19 81
19 83
19 85
19 86
19 87
19 92
19 93
19 99
20 24
20 27
20 28
20 29
20 30
20 32
20 35
20 36
20 37
20 38
20 40
20 41
20 44
20 45
20 47
20 48
20 49
20 50
20 52
20 54
20 55
20 56
20 57
20 59
20 61
20 64
20 65
20 66
20 69
20 70
20 71
20 72
20 76
20 77
20 78
20 80
20 83
20 85
20 86
20 87
20 88
20 90
20 97
20 98
21 24
21 25
21 26
21 27
21 28
21 32
21 36
21 38
21 40
21 41
21 43
21 44
21 45
21 46
21 48
21 49
21 50
21 52
21 53
21 55
21 58
21 60
21 62
21 63
21 64
21 65
21 67
21 68
21 70
21 71
21 75
21 77
21 78
21 81
21 82
21 84
21 87
21 88
21 89
21 92
21 95
21 96
21 98
21 99
22 26
22 27
22 28
22 29
22 37
22 39
22 40
22 42
22 44
22 47
22 50
22 52
22 53
22 54
22 57
22 58
22 59
22 60
22 61
22 64
22 66
22 68
22 73
22 76
22 78
22 83
22 84
22 89
22 90
22 92
22 93
22 94
22 96
22 97
23 24
23 26
23 28
23 30
23 32
23 34
23 36
23 37
23 47
23 49
23 50
23 53
23 56
23 57
23 62
23 64
23 66
23 68
23 69
23 72
23 73
23 77
23 82
23 83
23 85
23 88
23 89
23 91
23 92
23 94
23 98
24 25
24 27
24 29
24 33
24 35
24 37
24 38
24 39
24 40
24 41
24 42
24 43
24 49
24 51
24 54
24 57
24 60
24 62
24 66
24 71
24 72
24 73
24 78
24 81
24 82
24 84
24 87
24 88
24 89
24 90
24 91
24 93
24 97
24 99
25 26
25 29
25 30
25 31
25 34
25 36
25 37
25 39
25 40
25 44
25 45
25 46
25 48
25 50
25 53
25 54
25 55
25 59
25 61
25 63
25 66
25 67
25 68
25 69
25 72
25 73
25 75
25 77
25 78
25 80
25 82
25 85
25 86
25 88
25 91
25 93
25 94
25 95
25 98
25 99
26 27
26 29
26 31
26 32
26 33
26 34
26 38
26 39
26 41
26 43
26 48
26 51
26 52
26 53
26 56
26 57
26 58
26 62
26 64
26 67
26 69
26 72
26 73
26 75
26 77
26 78
26 83
26 86
26 88
26 90
26 93
26 95
26 98
26 99
27 29
27 30
27 32
27 34
27 36
27 39
27 41
27 42
27 43
27 46
27 48
27 50
27 51
27 55
27 59
27 60
27 62
27 63
27 64
27 65
27 67
27 69
27 71
27 72
27 73
27 80
27 81
27 82
27 84
27 86
27 87
27 88
27 89
27 90
27 91
27 94
27 96
27 97
27 98
27 99
28 31
28 33
28 35
28 36
28 37
28 41
28 43
28 45
28 46
28 47
28 52
28 53
28 54
28 55
28 56
28 60
28 64
28 65
28 67
28 70
28 71
28 75
28 76
28 78
28 80
28 81
28 82
28 83
28 84
28 85
28 86
28 88
28 89
28 92
28 97
28 99
29 31
29 32
29 33
29 34
29 35
29 36
29 37
29 38
29 41
29 43
29 45
29 46
29 48
29 49
29 50
29 51
29 53
29 56
29 60
29 61
29 62
29 67
29 69
29 70
29 71
29 72
29 74
29 75
29 77
29 79
29 80
29 86
29 88
29 89
29 92
29 93
29 94
29 96
29 97
30 31
30 32
30 34
30 36
30 37
30 40
30 42
30 46
30 47
30 48
30 49
30 50
30 51
30 52
30 54
30 59
30 60
30 63
30 65
30 66
30 67
30 68
30 72
30 74
30 76
30 84
30 85
30 86
30 87
30 88
30 90
30 95
30 96
30 97
30 99
31 32
31 35
31 37
31 38
31 41
31 42
31 43
31 44
31 45
31 47
31 48
31 49
31 50
31 53
31 55
31 56
31 60
31 65
31 67
31 68
31 70
31 72
31 75
31 76
31 80
31 81
31 83
31 85
31 86
31 87
31 92
31 97
32 33
32 35
32 36
32 39
32 41
32 42
32 45
32 47
32 48
32 51
32 52
32 53
32 54
32 56
32 58
32 60
32 66
32 68
32 70
32 71
32 73
32 76
32 77
32 78
32 79
32 80
32 82
32 83
32 85
32 87
32 88
32 92
32 93
32 94
32 96
32 97
32 99
33 34
33 35
33 36
33 37
33 41
33 44
33 46
33 47
33 48
33 51
33 54
33 56
33 57
33 65
33 66
33 72
33 75
33 78
33 80
33 81
33 82
33 83
33 86
33 87
33 94
33 95
33 96
33 97
33 98
34 39
34 40
34 42
34 44
34 45
34 47
34 48
34 52
34 54
34 56
34 59
34 60
34 61
34 66
34 69
34 70
34 71
34 72
34 74
34 78
34 79
34 81
34 83
34 87
34 89
34 90
34 91
34 92
34 93
34 96
34 98
34 99
35 36
35 40
35 44
35 46
35 48
35 50
35 51
35 54
35 55
35 56
35 57
35 60
35 61
35 63
35 64
35 65
35 67
35 74
35 76
35 77
35 79
35 83
35 84
35 85
35 88
35 90
35 91
35 92
36 38
36 41
36 44
36 46
36 53
36 54
36 56
36 58
36 60
36 61
36 62
36 64
36 69
36 70
36 72
36 74
36 77
36 78
36 79
36 81
36 83
36 86
36 87
36 88
36 89
36 90
36 95
36 96
36 97
37 43
37 44
37 45
37 46
37 47
37 49
37 50
37 51
37 52
37 53
37 54
37 58
37 60
37 63
37 65
37 66
37 67
37 68
37 72
37 73
37 74
37 78
37 79
37 81
37 82
37 83
37 84
37 86
37 87
37 93
37 98
37 99
38 40
38 49
38 52
38 54
38 56
38 57
38 60
38 61
38 62
38 66
38 67
38 69
38 71
38 72
38 74
38 76
38 82
38 85
38 88
38 90
38 92
38 95
38 96
39 40
39 41
39 43
39 45
39 46
39 47
39 50
39 52
39 54
39 56
39 59
39 61
39 63
39 64
39 68
39 70
39 71
39 72
39 74
39 75
39 78
39 79
39 81
39 83
39 84
39 86
39 88
39 89
39 90
39 91
39 92
39 94
39 95
39 96
39 97
40 42
40 46
40 49
40 54
40 55
40 58
40 60
40 61
40 62
40 63
40 66
40 67
40 70
40 71
40 74
40 75
40 77
40 78
40 80
40 81
40 82
40 85
40 87
40 90
40 94
40 96
40 98
41 42
41 44
41 45
41 46
41 50
41 53
41 57
41 59
41 61
41 66
41 67
41 68
41 69
41 70
41 71
41 77
41 78
41 79
41 82
41 86
41 89
41 90
41 91
42 44
42 45
42 50
42 52
42 55
42 56
42 57
42 62
42 64
42 65
42 66
42 70
42 71
42 73
42 74
42 76
42 79
42 80
42 86
42 91
42 92
42 94
42 98
43 44
43 47
43 50
43 51
43 53
43 56
43 57
43 58
43 60
43 61
43 62
43 64
43 67
43 68
43 70
43 71
43 73
43 74
43 75
43 81
43 83
43 88
43 92
43 93
43 94
43 95
43 98
44 45
44 46
44 48
44 49
44 52
44 56
44 57
44 65
44 67
44 68
44 69
44 72
44 77
44 79
44 81
44 82
44 83
44 84
44 89
44 90
44 91
44 92
44 93
44 94
44 95
44 97
44 98
44 99
45 46
45 48
45 49
45 51
45 52
45 53
45 58
45 59
45 60
45 62
45 63
45 64
45 66
45 67
45 68
45 69
45 70
45 71
45 73
45 76
45 78
45 83
45 84
45 87
45 88
45 89
45 90
45 91
45 92
45 95
45 96
46 47
46 49
46 50
46 51
46 54
46 55
46 56
46 59
46 62
46 63
46 65
46 68
46 69
46 71
46 72
46 73
46 74
46 76
46 77
46 79
46 80
46 82
46 84
46 86
46 87
46 89
46 91
46 92
46 93
46 95
47 48
47 51
47 52
47 56
47 57
47 59
47 60
47 61
47 65
47 68
47 71
47 72
47 73
47 74
47 76
47 77
47 82
47 84
47 87
47 88
47 90
47 91
47 92
47 95
47 96
47 97
47 98
48 51
48 52
48 54
48 56
48 57
48 58
48 60
48 61
48 62
48 63
48 64
48 65
48 67
48 68
48 71
48 73
48 74
48 75
48 76
48 79
48 80
48 81
48 83
48 86
48 87
48 88
48 91
48 92
48 93
48 95
48 99
49 51
49 57
49 58
49 59
49 62
49 63
49 72
49 74
49 75
49 76
49 77
49 78
49 82
49 87
49 88
49 91
49 92
49 93
49 95
49 96
49 99
50 52
50 53
50 54
50 55
50 57
50 58
50 62
50 63
50 64
50 65
50 69
50 71
50 73
50 75
50 76
50 78
50 79
50 80
50 84
50 85
50 86
50 87
50 88
50 92
50 94
50 95
50 96
50 97
50 98
51 52
51 58
51 64
51 65
51 69
51 72
51 73
51 74
51 75
51 77
51 80
51 81
51 85
51 86
51 89
51 90
51 93
51 95
51 96
51 99
52 58
52 59
52 60
52 61
52 64
52 65
52 66
52 69
52 70
52 72
52 73
52 74
52 76
52 81
52 83
52 84
52 86
52 88
52 89
52 93
52 95
52 98
52 99
53 54
53 59
53 61
53 65
53 67
53 72
53 73
53 77
53 78
53 79
53 80
53 82
53 83
53 84
53 85
53 88
53 89
53 90
53 91
53 93
53 94
53 97
54 55
54 57
54 58
54 60
54 62
54 65
54 70
54 72
54 81
54 88
54 89
54 91
54 92
54 93
54 94
54 95
54 96
54 97
55 56
55 65
55 66
55 67
55 69
55 70
55 72
55 73
55 77
55 79
55 80
55 81
55 83
55 84
55 85
55 86
55 87
55 88
55 93
55 95
55 96
55 97
56 58
56 59
56 60
56 62
56 64
56 65
56 66
56 67
56 70
56 73
56 74
56 75
56 77
56 78
56 79
56 80
56 83
56 85
56 87
56 88
56 89
56 90
56 91
56 94
56 95
56 97
56 99
57 59
57 62
57 63
57 65
57 66
57 68
57 71
57 72
57 74
57 76
57 77
57 79
57 80
57 81
57 82
57 85
57 87
57 88
57 89
57 90
57 91
57 93
57 94
57 95
57 96
57 98
57 99
58 59
58 64
58 66
58 69
58 70
58 71
58 73
58 74
58 78
58 79
58 83
58 84
58 85
58 88
58 90
58 91
58 92
58 95
58 98
59 60
59 61
59 62
59 64
59 66
59 67
59 72
59 76
59 77
59 80
59 82
59 83
59 85
59 87
59 88
59 89
59 91
59 92
59 94
59 96
59 98
60 62
60 63
60 66
60 68
60 69
60 72
60 76
60 77
60 78
60 82
60 84
60 86
60 89
60 91
60 92
60 95
60 96
60 97
61 63
61 64
61 68
61 69
61 72
61 76
61 80
61 81
61 83
61 87
61 88
61 90
61 93
61 94
61 96
61 98
62 66
62 71
62 73
62 74
62 75
62 77
62 79
62 80
62 82
62 84
62 85
62 87
62 88
62 90
62 97
62 98
62 99
63 65
63 67
63 71
63 74
63 75
63 76
63 77
63 78
63 79
63 81
63 82
63 83
63 84
63 85
63 90
63 91
63 92
63 95
63 97
63 98
63 99
64 66
64 72
64 74
64 76
64 78
64 79
64 80
64 81
64 82
64 85
64 86
64 87
64 89
64 90
64 92
64 97
64 98
65 66
65 67
65 68
65 69
65 70
65 71
65 74
65 76
65 77
65 78
65 80
65 83
65 87
65 88
65 90
65 92
65 93
65 98
65 99
66 69
66 74
66 75
66 77
66 78
66 79
66 80
66 82
66 85
66 89
66 90
66 91
66 92
66 94
66 95
67 68
67 70
67 71
67 76
67 80
67 84
67 85
67 86
67 89
67 91
67 94
67 95
67 96
67 98
67 99
68 69
68 71
68 73
68 74
68 76
68 77
68 78
68 80
68 81
68 82
68 83
68 84
68 86
68 88
68 91
68 92
68 95
68 99
69 70
69 74
69 75
69 77
69 78
69 79
69 80
69 82
69 84
69 85
69 87
69 88
69 90
69 95
69 96
69 97
69 98
69 99
70 73
70 74
70 75
70 76
70 77
70 79
70 83
70 84
70 85
70 86
70 93
70 94
70 95
70 96
70 99
71 72
71 73
71 75
71 76
71 77
71 80
71 82
71 84
71 85
71 86
71 87
71 88
71 89
71 92
71 95
71 97
71 98
71 99
72 73
72 75
72 77
72 79
72 80
72 82
72 83
72 84
72 85
72 89
72 90
72 95
72 97
72 99
73 79
73 80
73 81
73 83
73 86
73 87
73 89
73 91
73 92
73 96
73 97
73 98
74 75
74 77
74 78
74 79
74 80
74 82
74 83
74 84
74 85
74 92
74 93
74 98
75 76
75 78
75 80
75 81
75 83
75 87
75 90
75 91
75 92
75 95
75 98
75 99
76 77
76 78
76 80
76 83
76 84
76 85
76 87
76 89
76 90
76 91
76 92
76 95
76 96
76 97
76 99
77 78
77 79
77 80
77 84
77 85
77 87
77 90
77 92
77 94
77 95
77 97
77 98
77 99
78 79
78 81
78 82
78 84
78 86
78 88
78 92
78 93
78 94
78 99
79 80
79 82
79 85
79 89
79 90
79 92
79 93
79 97
79 99
80 81
80 84
80 86
80 87
80 88
80 89
80 93
80 94
80 96
80 97
80 98
80 99
81 83
81 87
81 88
81 89
81 90
81 91
81 94
81 96
81 97
81 98
82 87
82 91
82 92
82 94
82 95
82 96
82 99
83 85
83 86
83 88
83 91
83 92
83 93
83 94
83 95
83 97
84 85
84 86
84 87
84 89
84 91
84 92
84 95
84 98
84 99
85 86
85 88
85 89
85 93
85 95
85 96
86 88
86 92
86 94
86 95
86 98
86 99
87 89
87 90
87 91
87 92
87 93
87 96
87 98
87 99
88 90
88 92
88 93
88 95
88 96
88 97
88 98
89 90
89 92
89 93
89 94
89 96
90 91
90 93
90 95
90 97
90 98
91 95
91 96
91 97
91 99
92 96
92 98
93 95
93 96
93 97
93 98
94 95
94 96
94 98
94 99
95 96
95 97
95 98
95 99
96 99
97 98
