0 4
0 5
0 7
0 10
0 11
0 12
0 14
0 19
0 21
0 23
0 25
0 26
0 27
0 29
0 33
0 34
0 36
0 37
0 39
0 40
0 46
0 48
0 51
0 52
0 56
0 58
0 61
0 67
0 70
0 71
0 72
0 73
0 74
0 75
0 78
0 79
0 81
0 82
0 83
0 88
0 91
0 94
0 96
0 97
1 2
1 5
1 8
1 10
1 14
1 16
1 17
1 19
1 21
1 23
1 24
1 28
1 29
1 31
1 32
1 34
1 35
1 37
1 39
1 49
1 50
1 52
1 53
1 54
1 55
1 56
1 58
1 61
1 63
1 66
1 70
1 73
1 74
1 75
1 83
1 84
1 85
1 86
1 88
1 89
1 92
1 93
1 94
1 95
1 99
2 5
2 6
2 7
2 8
2 9
2 12
2 15
2 16
2 18
2 20
2 22
2 28
2 33
2 35
2 37
2 40
2 42
2 45
2 48
2 50
2 51
2 54
2 55
2 57
2 59
2 62
2 63
2 64
2 68
2 69
2 74
2 75
2 78
2 80
2 82
2 83
2 84
2 86
2 87
2 90
2 92
2 94
2 96
2 97
2 98
2 99
3 4
3 12
3 13
3 17
3 18
3 20
3 21
3 22
3 23
3 24
3 25
3 28
3 29
3 32
3 36
3 37
3 40
3 43
3 44
3 45
3 46
3 49
3 50
3 51
3 53
3 56
3 57
3 59
3 60
3 62
3 63
3 68
3 74
3 77
3 80
3 82
3 83
3 84
3 86
3 87
3 88
3 92
3 93
3 96
3 98
4 7
4 8
4 9
4 10
4 11
4 12
4 14
4 18
4 19
4 21
4 23
4 24
4 25
4 27
4 28
4 29
4 30
4 31
4 32
4 39
4 42
4 47
4 49
4 51
4 52
4 53
4 55
4 62
4 66
4 68
4 70
4 71
4 72
4 75
4 76
4 77
4 78
4 80
4 84
4 85
4 87
4 88
4 89
4 91
4 94
4 95
4 96
4 97
4 98
5 6
5 7
5 8
5 9
5 12
5 16
5 18
5 19
5 21
5 23
5 24
5 27
5 31
5 32
5 33
5 35
5 36
5 38
5 43
5 46
5 50
5 52
5 53
5 54
5 62
5 64
5 70
5 71
5 74
5 75
5 77
5 78
5 79
5 84
5 86
5 87
5 92
6 8
6 10
6 11
6 12
6 13
6 16
6 18
6 19
6 20
6 21
6 22
6 25
6 26
6 29
6 31
6 34
6 38
6 42
6 44
6 45
6 46
6 49
6 52
6 54
6 55
6 57
6 58
6 60
6 61
6 65
6 68
6 69
6 70
6 71
6 72
6 73
6 75
6 76
6 80
6 81
6 83
6 85
6 88
6 89
6 92
6 94
6 96
6 97
6 98
7 8
7 14
7 15
7 16
7 17
7 19
7 21
7 25
7 26
7 31
7 34
7 35
7 37
7 38
7 40
7 41
7 46
7 47
7 48
7 49
7 50
7 54
7 55
7 56
7 57
7 59
7 62
7 64
7 67
7 68
7 71
7 79
7 81
7 84
7 86
7 88
7 90
7 95
7 97
7 98
8 10
8 11
8 17
8 18
8 19
8 20
8 22
8 23
8 25
8 26
8 27
8 31
8 32
8 34
8 35
8 36
8 37
8 39
8 44
8 45
8 50
8 52
8 53
8 54
8 55
8 57
8 59
8 60
8 62
8 64
8 65
8 69
8 70
8 71
8 72
8 73
8 74
8 75
8 76
8 78
8 79
8 80
8 81
8 82
8 84
8 90
8 91
8 92
8 94
8 95
8 99
9 10
9 11
9 13
9 14
9 15
9 18
9 19
9 20
9 21
9 25
9 27
9 29
9 31
9 40
9 41
9 44
9 45
9 47
9 49
9 51
9 56
9 57
9 60
9 61
9 71
9 73
9 77
9 79
9 81
9 83
9 85
9 86
9 88
9 89
9 90
9 91
9 92
9 94
9 96
9 97
10 12
10 14
10 20
10 22
10 24
10 30
10 31
10 34
10 35
10 36
10 38
10 44
10 47
10 48
10 51
10 54
10 55
10 56
10 59
10 63
10 64
10 65
10 67
10 68
10 70
10 73
10 74
10 76
10 83
10 85
10 91
10 95
10 96
10 97
10 98
10 99
11 19
11 21
11 22
11 23
11 30
11 32
11 34
11 36
11 38
11 39
11 44
11 46
11 47
11 51
11 56
11 57
11 58
11 60
11 62
11 63
11 65
11 68
11 69
11 71
11 72
11 75
11 76
11 79
11 80
11 81
11 82
11 83
11 85
11 86
11 87
11 90
11 93
11 94
11 96
12 13
12 16
12 17
12 21
12 25
12 26
12 29
12 30
12 32
12 35
12 37
12 38
12 39
12 42
12 43
12 45
12 47
12 48
12 49
12 53
12 54
12 55
12 57
12 59
12 63
12 70
12 73
12 74
12 75
12 76
12 77
12 78
12 79
12 80
12 82
12 83
12 85
12 87
12 91
12 92
13 15
13 16
13 17
13 19
13 20
13 25
13 29
13 37
13 39
13 42
13 44
13 46
13 49
13 50
13 52
13 53
13 54
13 55
13 59
13 61
13 62
13 63
13 65
13 67
13 69
13 70
13 71
13 75
13 79
13 80
13 82
13 83
13 84
13 85
13 87
13 88
13 89
13 92
13 94
13 95
13 97
13 99
14 15
14 16
14 20
14 22
14 23
14 29
14 30
14 31
14 34
14 35
14 37
14 38
14 39
14 44
14 45
14 48
14 49
14 51
14 53
14 55
14 56
14 57
14 60
14 61
14 64
14 67
14 73
14 74
14 79
14 81
14 84
14 85
14 86
14 88
14 90
14 91
14 92
14 94
14 97
15 16
15 18
15 19
15 20
15 21
15 23
15 24
15 29
15 31
15 32
15 33
15 34
15 35
15 36
15 39
15 40
15 41
15 43
15 44
15 45
15 55
15 59
15 62
15 64
15 67
15 68
15 69
15 70
15 71
15 74
15 76
15 77
15 79
15 84
15 87
15 88
15 90
15 92
15 93
15 94
15 96
15 97
16 17
16 20
16 23
16 25
16 26
16 27
16 28
16 29
16 30
16 31
16 32
16 33
16 36
16 38
16 41
16 42
16 43
16 44
16 45
16 47
16 50
16 55
16 62
16 63
16 65
16 66
16 68
16 69
16 74
16 76
16 79
16 80
16 84
16 86
16 87
16 89
16 92
16 93
16 94
16 96
17 18
17 24
17 25
17 26
17 29
17 30
17 32
17 34
17 35
17 40
17 41
17 42
17 45
17 48
17 49
17 51
17 52
17 55
17 56
17 59
17 60
17 62
17 67
17 68
17 69
17 70
17 71
17 72
17 74
17 75
17 76
17 78
17 79
17 80
17 81
17 82
17 89
17 90
17 91
17 92
17 93
17 97
18 24
18 25
18 27
18 28
18 29
18 31
18 32
18 35
18 36
18 37
18 40
18 42
18 43
18 45
18 46
18 47
18 49
18 50
18 52
18 54
18 57
18 60
18 61
18 64
18 66
18 68
18 71
18 72
18 74
18 75
18 76
18 78
18 79
18 81
18 82
18 83
18 84
18 88
18 89
18 90
18 92
18 95
18 97
18 99
19 20
19 23
19 24
19 25
19 26
19 27
19 29
19 32
19 33
19 34
19 36
19 38
19 39
19 40
19 41
19 42
19 43
19 44
19 47
19 49
19 53
19 54
19 55
19 58
19 62
19 63
19 66
19 67
19 69
19 71
19 73
19 80
19 82
19 87
19 88
19 91
19 92
19 95
19 99
20 22
20 23
20 24
20 26
20 27
20 30
20 32
20 33
20 34
20 35
20 36
20 40
20 42
20 44
20 46
20 49
20 50
20 51
20 54
20 58
20 59
20 61
20 63
20 64
20 65
20 67
20 68
20 69
20 71
20 72
20 75
20 77
20 79
20 80
20 81
20 82
20 84
20 89
20 90
20 92
20 93
20 94
20 95
20 96
20 97
20 98
20 99
21 25
21 26
21 27
21 31
21 33
21 36
21 38
21 39
21 40
21 42
21 43
21 44
21 45
21 46
21 51
21 52
21 55
21 56
21 57
21 60
21 62
21 63
21 64
21 66
21 67
21 69
21 72
21 73
21 74
21 75
21 76
21 77
21 78
21 79
21 84
21 85
21 86
21 90
21 92
21 93
21 95
22 24
22 27
22 29
22 31
22 33
22 34
22 37
22 39
22 44
22 47
22 51
22 54
22 56
22 57
22 58
22 59
22 61
22 62
22 63
22 65
22 66
22 71
22 72
22 73
22 74
22 77
22 82
22 85
22 88
22 90
22 92
22 94
22 95
22 96
22 97
23 27
23 28
23 30
23 32
23 40
23 47
23 49
23 50
23 52
23 55
23 57
23 59
23 60
23 61
23 68
23 69
23 72
23 73
23 75
23 79
23 82
23 85
23 86
23 87
23 88
23 89
23 91
23 92
23 94
23 96
23 97
23 99
24 26
24 27
24 30
24 33
24 34
24 37
24 39
24 43
24 44
24 45
24 49
24 50
24 51
24 53
24 55
24 58
24 61
24 62
24 65
24 68
24 69
24 70
24 71
24 72
24 74
24 76
24 79
24 81
24 86
24 88
24 89
24 91
24 92
24 93
24 94
24 96
24 97
24 99
25 27
25 32
25 33
25 34
25 35
25 36
25 38
25 41
25 42
25 46
25 47
25 48
25 49
25 50
25 52
25 53
25 55
25 56
25 58
25 59
25 60
25 63
25 65
25 71
25 73
25 76
25 81
25 83
25 84
25 87
25 88
25 89
25 91
25 93
25 94
25 96
25 97
26 27
26 29
26 32
26 33
26 36
26 38
26 39
26 43
26 45
26 46
26 49
26 50
26 51
26 53
26 54
26 55
26 57
26 58
26 59
26 60
26 68
26 69
26 70
26 71
26 72
26 75
26 78
26 79
26 82
26 83
26 84
26 85
26 87
26 89
26 90
26 91
26 92
26 94
26 95
26 98
27 28
27 29
27 31
27 32
27 33
27 34
27 37
27 42
27 43
27 44
27 47
27 48
27 49
27 52
27 54
27 60
27 61
27 62
27 63
27 64
27 65
27 71
27 72
27 76
27 80
27 81
27 85
27 86
27 89
27 94
27 95
27 96
27 97
27 98
27 99
28 30
28 32
28 34
28 36
28 39
28 42
28 43
28 45
28 46
28 47
28 49
28 50
28 53
28 55
28 56
28 57
28 58
28 59
28 61
28 63
28 64
28 65
28 66
28 67
28 70
28 71
28 73
28 77
28 78
28 82
28 84
28 85
28 89
28 94
28 95
28 97
28 98
29 31
29 33
29 34
29 35
29 36
29 38
29 39
29 40
29 42
29 43
29 47
29 50
29 53
29 54
29 55
29 56
29 57
29 58
29 64
29 66
29 72
29 77
29 78
29 79
29 84
29 87
29 89
29 90
29 92
29 95
29 96
29 97
29 98
29 99
30 32
30 40
30 41
30 44
30 45
30 46
30 47
30 49
30 51
30 53
30 59
30 60
30 63
30 64
30 66
30 67
30 68
30 69
30 70
30 72
30 75
30 76
30 78
30 79
30 80
30 82
30 86
30 87
30 88
30 90
30 91
30 94
30 95
30 98
30 99
31 32
31 34
31 38
31 39
31 41
31 43
31 48
31 49
31 52
31 55
31 56
31 58
31 61
31 62
31 65
31 66
31 68
31 70
31 71
31 74
31 75
31 76
31 78
31 79
31 81
31 82
31 87
31 89
31 91
31 92
31 94
31 95
31 98
31 99
32 33
32 34
32 35
32 38
32 39
32 41
32 42
32 44
32 47
32 50
32 51
32 54
32 55
32 59
32 60
32 62
32 63
32 65
32 66
32 68
32 69
32 72
32 73
32 76
32 78
32 80
32 82
32 83
32 84
32 86
32 87
32 88
32 93
32 98
33 34
33 36
33 37
33 38
33 40
33 41
33 42
33 43
33 44
33 45
33 46
33 51
33 53
33 54
33 58
33 60
33 62
33 64
33 66
33 74
33 76
33 77
33 78
33 82
33 83
33 85
33 86
33 87
33 95
33 97
34 35
34 36
34 37
34 39
34 41
34 42
34 43
34 44
34 45
34 46
34 49
34 52
34 53
34 54
34 55
34 56
34 59
34 62
34 64
34 65
34 66
34 67
34 68
34 69
34 70
34 71
34 74
34 80
34 81
34 84
34 85
34 88
34 89
34 91
34 92
34 93
34 94
34 95
34 97
34 98
35 36
35 37
35 40
35 43
35 45
35 46
35 47
35 49
35 51
35 52
35 54
35 55
35 57
35 59
35 62
35 64
35 69
35 71
35 75
35 79
35 82
35 83
35 84
35 87
35 88
35 89
35 90
35 93
35 96
35 98
36 40
36 44
36 45
36 46
36 47
36 49
36 50
36 55
36 56
36 57
36 60
36 63
36 64
36 66
36 69
36 70
36 71
36 72
36 73
36 74
36 76
36 77
36 81
36 82
36 84
36 85
36 86
36 89
36 90
36 91
36 92
36 93
36 95
36 96
36 97
36 99
37 38
37 40
37 41
37 43
37 49
37 52
37 56
37 57
37 58
37 64
37 67
37 70
37 73
37 74
37 75
37 80
37 82
37 84
37 86
37 91
37 93
37 97
37 99
38 39
38 40
38 43
38 44
38 48
38 50
38 52
38 55
38 56
38 59
38 60
38 61
38 64
38 66
38 67
38 69
38 70
38 72
38 73
38 75
38 76
38 78
38 82
38 83
38 85
38 89
38 91
38 92
38 93
38 94
38 97
38 98
39 40
39 41
39 42
39 43
39 47
39 49
39 50
39 54
39 56
39 57
39 58
39 59
39 60
39 63
39 65
39 68
39 70
39 71
39 72
39 76
39 79
39 80
39 83
39 85
39 86
39 88
39 93
39 94
39 95
39 97
39 98
40 42
40 44
40 45
40 46
40 47
40 50
40 53
40 55
40 56
40 59
40 60
40 64
40 65
40 66
40 67
40 72
40 74
40 75
40 76
40 77
40 78
40 79
40 80
40 82
40 83
40 84
40 85
40 90
40 91
40 92
40 93
40 96
40 98
40 99
41 42
41 43
41 45
41 46
41 56
41 57
41 58
41 59
41 63
41 65
41 66
41 70
41 71
41 72
41 76
41 79
41 82
41 83
41 84
41 85
41 88
41 89
41 90
41 92
41 93
41 95
41 97
42 44
42 45
42 52
42 53
42 57
42 61
42 64
42 65
42 66
42 68
42 71
42 75
42 78
42 79
42 80
42 81
42 82
42 83
42 84
42 85
42 90
42 91
42 92
42 95
42 97
42 98
43 44
43 45
43 46
43 48
43 49
43 50
43 57
43 58
43 59
43 64
43 65
43 67
43 68
43 71
43 75
43 78
43 80
43 84
43 87
43 91
43 94
43 95
43 98
44 46
44 47
44 48
44 49
44 53
44 55
44 57
44 58
44 59
44 68
44 70
44 72
44 75
44 76
44 77
44 81
44 82
44 85
44 89
44 91
44 93
44 94
44 96
44 97
44 98
44 99
45 46
45 48
45 49
45 52
45 56
45 58
45 60
45 61
45 62
45 63
45 64
45 66
45 68
45 69
45 71
45 73
45 74
45 75
45 76
45 78
45 80
45 82
45 87
45 88
45 91
45 94
45 97
46 51
46 52
46 56
46 57
46 58
46 60
46 62
46 63
46 65
46 66
46 68
46 72
46 75
46 79
46 80
46 81
46 83
46 85
46 87
46 88
46 89
46 96
46 97
46 98
47 49
47 50
47 53
47 55
47 56
47 57
47 58
47 59
47 60
47 61
47 62
47 64
47 65
47 66
47 68
47 70
47 71
47 72
47 74
47 75
47 76
47 78
47 79
47 80
47 82
47 83
47 84
47 85
47 87
47 88
47 89
47 90
47 92
47 94
47 96
47 97
47 99
48 50
48 53
48 54
48 57
48 60
48 61
48 62
48 66
48 68
48 71
48 73
48 74
48 76
48 78
48 84
48 85
48 88
48 89
48 90
48 91
48 94
48 95
48 97
48 98
48 99
49 51
49 57
49 59
49 61
49 63
49 67
49 68
49 70
49 73
49 75
49 76
49 77
49 78
49 79
49 80
49 81
49 85
49 87
49 88
49 92
49 94
49 98
50 53
50 54
50 57
50 58
50 59
50 66
50 67
50 69
50 71
50 72
50 75
50 78
50 79
50 80
50 81
50 82
50 83
50 87
50 88
50 91
50 92
50 95
50 97
51 52
51 55
51 58
51 60
51 61
51 62
51 64
51 66
51 67
51 68
51 71
51 72
51 74
51 78
51 84
51 86
51 88
51 89
51 90
51 92
51 95
51 96
51 97
51 99
52 54
52 55
52 63
52 65
52 66
52 67
52 68
52 72
52 73
52 74
52 75
52 76
52 79
52 83
52 84
52 86
52 89
52 91
52 92
52 94
52 97
52 98
53 54
53 56
53 57
53 63
53 64
53 67
53 69
53 70
53 71
53 74
53 76
53 77
53 80
53 83
53 87
53 88
53 89
53 93
53 94
53 95
53 97
54 57
54 58
54 59
54 62
54 64
54 66
54 68
54 69
54 72
54 73
54 75
54 77
54 78
54 79
54 80
54 82
54 84
54 86
54 88
55 58
55 60
55 61
55 62
55 64
55 66
55 67
55 68
55 71
55 73
55 75
55 76
55 77
55 78
55 79
55 80
55 81
55 83
55 86
55 89
55 92
55 95
55 97
55 98
55 99
56 59
56 61
56 62
56 63
56 64
56 66
56 68
56 70
56 71
56 72
56 73
56 77
56 78
56 79
56 84
56 85
56 87
56 88
56 89
56 90
56 94
56 97
56 98
57 61
57 66
57 67
57 72
57 73
57 76
57 79
57 80
57 81
57 82
57 84
57 86
57 87
57 90
57 91
57 92
57 94
57 98
57 99
58 59
58 60
58 62
58 64
58 72
58 73
58 76
58 80
58 82
58 83
58 85
58 86
58 87
58 89
58 90
58 91
58 92
58 93
58 95
58 96
58 97
59 61
59 62
59 68
59 75
59 76
59 77
59 79
59 80
59 82
59 85
59 86
59 87
59 89
59 94
59 95
60 62
60 63
60 66
60 67
60 69
60 72
60 75
60 76
60 77
60 78
60 79
60 80
60 81
60 83
60 87
60 91
60 92
60 93
60 97
60 98
60 99
61 62
61 63
61 64
61 68
61 70
61 72
61 78
61 79
61 80
61 81
61 84
61 85
61 89
61 90
61 91
61 92
61 96
61 97
61 98
62 65
62 66
62 70
62 71
62 76
62 77
62 78
62 81
62 84
62 85
62 86
62 87
62 89
62 90
62 92
62 94
62 97
62 99
63 65
63 66
63 70
63 73
63 74
63 76
63 77
63 78
63 79
63 81
63 82
63 85
63 86
63 88
63 93
63 95
63 97
63 98
64 65
64 66
64 68
64 69
64 70
64 71
64 73
64 74
64 75
64 76
64 77
64 82
64 85
64 86
64 89
64 93
64 95
64 98
65 66
65 67
65 71
65 74
65 77
65 82
65 83
65 85
65 86
65 97
65 99
66 68
66 70
66 71
66 73
66 74
66 75
66 76
66 79
66 80
66 83
66 84
66 86
66 88
66 89
66 93
66 94
66 97
66 98
66 99
67 70
67 72
67 75
67 83
67 84
67 85
67 88
67 92
67 93
67 95
67 98
68 69
68 71
68 74
68 77
68 78
68 81
68 82
68 84
68 88
68 90
68 91
68 92
68 94
68 95
68 96
69 71
69 72
69 73
69 74
69 75
69 77
69 80
69 82
69 83
69 89
69 90
69 93
69 98
70 73
70 75
70 76
70 79
70 80
70 82
70 86
70 87
70 88
70 89
70 90
70 92
70 94
70 96
70 98
71 72
71 73
71 74
71 77
71 80
71 81
71 86
71 87
71 90
71 93
71 95
71 97
72 73
72 74
72 75
72 77
72 79
72 80
72 81
72 83
72 84
72 85
72 88
72 94
72 95
72 98
72 99
73 84
73 85
73 87
73 88
73 91
73 92
73 94
73 95
73 96
73 97
74 76
74 82
74 85
74 86
74 87
74 92
74 94
74 95
74 97
74 98
74 99
75 76
75 78
75 80
75 83
75 84
75 85
75 86
75 87
75 89
75 90
75 95
75 96
75 99
76 79
76 82
76 83
76 85
76 86
76 87
76 89
76 90
76 92
76 93
76 97
76 98
76 99
77 78
77 79
77 80
77 81
77 82
77 83
77 86
77 88
77 91
77 94
78 79
78 81
78 83
78 84
78 85
78 87
78 90
78 92
78 94
78 97
78 98
79 82
79 83
79 84
79 91
79 93
79 94
79 95
79 99
80 82
80 84
80 90
80 93
80 95
80 96
80 97
80 98
81 87
81 89
81 94
81 95
81 96
81 97
81 99
82 84
82 86
82 89
82 91
82 92
82 96
82 98
83 85
83 86
83 89
83 92
83 93
83 95
83 96
83 97
83 98
83 99
84 86
84 87
84 90
84 92
84 93
84 94
84 95
84 96
85 86
85 87
85 88
85 90
85 92
85 94
85 98
85 99
86 87
86 88
86 89
86 90
86 93
86 94
86 98
87 89
87 93
87 94
87 98
87 99
88 89
88 90
88 95
88 96
88 98
89 93
89 95
89 96
89 97
89 99
90 94
90 95
90 97
90 99
91 92
91 93
91 94
91 95
92 93
92 95
92 96
92 97
92 98
93 94
93 95
93 96
93 97
93 98
93 99
94 95
94 96
94 98
94 99
95 98
95 99
96 97
96 98
96 99
97 98
97 99
