0 2
0 4
0 5
0 6
0 7
0 9
0 10
0 11
0 12
0 14
0 15
0 16
0 17
0 18
0 19
0 21
0 22
0 25
0 32
0 34
0 37
0 38
0 39
0 40
0 47
0 49
0 51
0 53
0 55
0 56
0 57
0 61
0 63
0 64
0 65
0 68
0 70
0 73
0 74
0 77
0 78
0 79
0 82
0 85
0 86
0 87
0 89
0 93
0 95
0 96
0 98
0 99
1 3
1 5
1 10
1 11
1 12
1 13
1 14
1 16
1 17
1 18
1 19
1 22
1 24
1 26
1 29
1 32
1 36
1 37
1 39
1 40
1 46
1 47
1 50
1 54
1 58
1 59
1 60
1 61
1 62
1 63
1 64
1 68
1 69
1 70
1 72
1 73
1 76
1 78
1 81
1 82
1 84
1 90
1 96
1 99
2 4
2 5
2 9
2 15
2 16
2 22
2 26
2 29
2 32
2 37
2 39
2 42
2 43
2 47
2 48
2 49
2 50
2 51
2 53
2 54
2 55
2 57
2 58
2 60
2 64
2 66
2 69
2 71
2 74
2 75
2 76
2 78
2 84
2 85
2 86
2 88
2 90
2 94
2 95
2 97
3 5
3 7
3 9
3 10
3 11
3 12
3 13
3 16
3 17
3 25
3 26
3 30
3 31
3 32
3 34
3 42
3 44
3 45
3 47
3 49
3 53
3 61
3 63
3 65
3 68
3 70
3 72
3 73
3 75
3 80
3 81
3 82
3 84
3 86
3 87
3 88
3 89
3 90
3 93
3 97
3 98
4 5
4 8
4 9
4 12
4 15
4 19
4 20
4 21
4 23
4 24
4 25
4 32
4 34
4 39
4 42
4 43
4 45
4 47
4 48
4 50
4 52
4 55
4 58
4 64
4 67
4 69
4 70
4 72
4 73
4 74
4 75
4 80
4 82
4 83
4 84
4 86
4 88
4 92
4 94
4 95
4 97
5 6
5 10
5 11
5 15
5 16
5 21
5 22
5 23
5 24
5 25
5 26
5 31
5 32
5 33
5 34
5 39
5 44
5 45
5 47
5 50
5 56
5 57
5 58
5 59
5 64
5 67
5 68
5 69
5 71
5 72
5 73
5 78
5 79
5 80
5 85
5 89
5 90
5 91
5 92
5 96
5 98
5 99
6 9
6 12
6 13
6 15
6 19
6 20
6 21
6 22
6 23
6 24
6 26
6 31
6 32
6 34
6 36
6 37
6 38
6 39
6 44
6 45
6 53
6 54
6 56
6 59
6 60
6 63
6 64
6 65
6 67
6 68
6 71
6 72
6 74
6 76
6 77
6 84
6 85
6 88
6 89
6 92
6 93
6 94
6 96
6 97
6 98
7 9
7 10
7 12
7 13
7 17
7 18
7 20
7 26
7 28
7 32
7 35
7 36
7 37
7 38
7 42
7 45
7 47
7 48
7 49
7 52
7 54
7 56
7 57
7 61
7 65
7 67
7 68
7 69
7 71
7 72
7 75
7 76
7 79
7 80
7 81
7 82
7 83
7 87
7 88
7 89
7 90
7 91
7 93
7 96
7 98
7 99
8 10
8 13
8 14
8 15
8 16
8 17
8 18
8 20
8 21
8 22
8 25
8 26
8 27
8 28
8 30
8 31
8 32
8 37
8 39
8 42
8 43
8 44
8 49
8 51
8 52
8 53
8 54
8 55
8 56
8 57
8 59
8 65
8 71
8 72
8 74
8 77
8 78
8 79
8 81
8 83
8 84
8 85
8 86
8 89
8 91
8 92
8 93
8 94
8 95
8 97
8 98
8 99
9 11
9 13
9 14
9 16
9 24
9 25
9 27
9 28
9 29
9 30
9 31
9 35
9 40
9 43
9 44
9 47
9 48
9 53
9 54
9 55
9 56
9 59
9 62
9 63
9 64
9 66
9 68
9 70
9 71
9 75
9 79
9 80
9 82
9 85
9 87
9 89
9 90
9 92
9 95
9 99
10 14
10 16
10 21
10 23
10 30
10 31
10 32
10 34
10 35
10 36
10 38
10 41
10 42
10 45
10 46
10 47
10 50
10 52
10 53
10 54
10 55
10 73
10 76
10 78
10 79
10 80
10 81
10 83
10 86
10 87
10 89
10 92
10 93
10 95
10 98
10 99
11 12
11 14
11 16
11 18
11 19
11 20
11 23
11 26
11 27
11 28
11 33
11 37
11 43
11 47
11 48
11 53
11 54
11 56
11 57
11 58
11 62
11 63
11 65
11 66
11 68
11 69
11 72
11 73
11 83
11 84
11 85
11 86
11 88
11 90
11 91
11 92
11 93
11 95
11 98
12 15
12 19
12 21
12 22
12 26
12 35
12 36
12 37
12 39
12 41
12 42
12 43
12 44
12 46
12 48
12 50
12 51
12 52
12 53
12 54
12 58
12 59
12 60
12 61
12 62
12 64
12 66
12 67
12 68
12 71
12 72
12 73
12 74
12 78
12 80
12 81
12 82
12 83
12 87
12 90
12 92
13 15
13 17
13 20
13 21
13 22
13 24
13 25
13 26
13 28
13 29
13 30
13 31
13 32
13 33
13 35
13 36
13 37
13 39
13 47
13 49
13 51
13 52
13 53
13 67
13 69
13 72
13 74
13 75
13 78
13 80
13 81
13 82
13 84
13 85
13 86
13 87
13 90
13 93
13 95
13 96
13 97
14 15
14 18
14 19
14 20
14 24
14 25
14 34
14 35
14 36
14 37
14 38
14 40
14 41
14 48
14 49
14 50
14 51
14 63
14 64
14 71
14 72
14 74
14 75
14 78
14 79
14 81
14 82
14 84
14 86
14 87
14 89
14 90
14 92
14 94
14 95
14 96
14 97
14 98
14 99
15 18
15 19
15 20
15 21
15 24
15 25
15 26
15 27
15 29
15 31
15 32
15 33
15 34
15 35
15 36
15 37
15 38
15 39
15 41
15 43
15 46
15 47
15 48
15 49
15 50
15 52
15 54
15 56
15 59
15 60
15 62
15 64
15 65
15 67
15 68
15 69
15 75
15 76
15 79
15 81
15 82
15 83
15 84
15 85
15 87
15 88
15 91
15 92
15 93
15 94
15 95
15 96
15 97
15 98
16 17
16 18
16 21
16 24
16 26
16 27
16 35
16 38
16 40
16 42
16 43
16 45
16 46
16 49
16 50
16 53
16 60
16 63
16 64
16 67
16 75
16 76
16 78
16 81
16 84
16 85
16 86
16 87
16 90
16 95
16 98
17 18
17 19
17 21
17 23
17 26
17 27
17 28
17 31
17 35
17 37
17 40
17 43
17 44
17 45
17 47
17 48
17 49
17 51
17 52
17 54
17 57
17 59
17 63
17 64
17 65
17 66
17 67
17 68
17 70
17 71
17 72
17 73
17 76
17 80
17 81
17 82
17 87
17 88
17 89
17 90
17 93
17 95
18 20
18 21
18 22
18 25
18 26
18 30
18 31
18 34
18 35
18 39
18 40
18 47
18 49
18 51
18 52
18 53
18 54
18 63
18 64
18 65
18 66
18 69
18 71
18 73
18 74
18 75
18 76
18 77
18 79
18 80
18 81
18 82
18 84
18 85
18 86
18 89
18 91
18 92
18 94
18 97
18 98
18 99
19 20
19 21
19 23
19 24
19 25
19 26
19 27
19 29
19 30
19 31
19 32
19 35
19 39
19 43
19 45
19 46
19 47
19 48
19 50
19 51
19 56
19 57
19 58
19 60
19 62
19 63
19 64
19 67
19 68
19 71
19 73
19 74
19 75
19 76
19 77
19 79
19 83
19 87
19 89
19 90
19 91
19 92
19 93
19 94
19 97
20 22
20 27
20 31
20 35
20 36
20 37
20 38
20 39
20 47
20 48
20 49
20 50
20 51
20 52
20 54
20 56
20 58
20 61
20 66
20 67
20 68
20 70
20 71
20 73
20 74
20 75
20 76
20 78
20 81
20 82
20 84
20 85
20 88
20 91
20 92
20 93
20 94
20 96
21 22
21 23
21 25
21 26
21 29
21 30
21 31
21 35
21 36
21 39
21 43
21 44
21 45
21 46
21 48
21 49
21 50
21 51
21 53
21 54
21 55
21 58
21 62
21 63
21 65
21 66
21 67
21 68
21 74
21 75
21 80
21 85
21 87
21 89
21 90
21 91
21 92
21 93
21 98
21 99
22 23
22 24
22 27
22 28
22 29
22 31
22 32
22 34
22 36
22 38
22 40
22 41
22 42
22 44
22 45
22 48
22 51
22 54
22 55
22 56
22 59
22 63
22 65
22 68
22 72
22 74
22 77
22 78
22 79
22 82
22 83
22 84
22 88
22 91
22 93
22 94
22 96
22 99
23 25
23 27
23 28
23 29
23 31
23 33
23 35
23 43
23 46
23 51
23 54
23 56
23 60
23 61
23 64
23 67
23 69
23 70
23 71
23 74
23 75
23 77
23 83
23 84
23 87
23 88
23 93
23 94
23 95
24 25
24 27
24 30
24 31
24 32
24 35
24 37
24 38
24 40
24 41
24 42
24 43
24 46
24 47
24 48
24 49
24 51
24 53
24 54
24 55
24 57
24 62
24 64
24 65
24 66
24 70
24 73
24 74
24 75
24 76
24 78
24 79
24 82
24 83
24 86
24 87
24 90
24 95
24 96
24 97
24 98
24 99
25 26
25 27
25 28
25 29
25 30
25 31
25 32
25 33
25 37
25 41
25 43
25 45
25 46
25 47
25 48
25 50
25 51
25 52
25 53
25 54
25 57
25 59
25 63
25 65
25 66
25 68
25 71
25 74
25 76
25 80
25 81
25 83
25 85
25 87
25 90
25 91
25 92
25 95
25 97
25 98
26 33
26 34
26 37
26 39
26 40
26 42
26 44
26 46
26 49
26 50
26 54
26 55
26 56
26 57
26 58
26 59
26 60
26 62
26 63
26 64
26 65
26 67
26 70
26 71
26 72
26 73
26 76
26 77
26 82
26 84
26 85
26 87
26 89
26 90
26 91
26 93
26 95
26 98
26 99
27 30
27 34
27 35
27 37
27 38
27 41
27 44
27 46
27 47
27 48
27 50
27 51
27 53
27 55
27 56
27 57
27 58
27 60
27 62
27 65
27 67
27 68
27 71
27 72
27 73
27 78
27 82
27 83
27 85
27 87
27 88
27 89
27 92
27 95
27 97
28 29
28 30
28 31
28 32
28 38
28 39
28 40
28 42
28 44
28 46
28 48
28 49
28 50
28 54
28 56
28 58
28 62
28 64
28 65
28 66
28 72
28 73
28 74
28 75
28 77
28 79
28 81
28 82
28 83
28 89
28 90
28 92
28 93
28 94
28 96
28 97
28 98
28 99
29 30
29 31
29 34
29 40
29 41
29 42
29 43
29 44
29 46
29 47
29 48
29 51
29 54
29 57
29 60
29 63
29 65
29 66
29 68
29 69
29 71
29 73
29 74
29 76
29 78
29 79
29 80
29 83
29 91
29 92
29 94
29 95
30 32
30 33
30 34
30 35
30 39
30 40
30 43
30 44
30 45
30 47
30 49
30 51
30 53
30 54
30 56
30 58
30 59
30 60
30 61
30 63
30 66
30 67
30 69
30 70
30 71
30 72
30 74
30 75
30 77
30 78
30 81
30 85
30 86
30 89
30 90
30 91
30 95
30 99
31 32
31 33
31 34
31 37
31 38
31 40
31 42
31 44
31 45
31 46
31 48
31 51
31 52
31 53
31 56
31 59
31 60
31 61
31 62
31 66
31 68
31 71
31 72
31 75
31 77
31 78
31 79
31 86
31 89
31 90
31 98
31 99
32 34
32 43
32 44
32 46
32 47
32 49
32 50
32 51
32 52
32 56
32 58
32 59
32 60
32 62
32 64
32 74
32 77
32 79
32 80
32 81
32 82
32 83
32 86
32 88
32 91
32 93
32 94
32 95
32 98
33 34
33 35
33 37
33 39
33 40
33 43
33 44
33 45
33 46
33 47
33 50
33 52
33 54
33 56
33 57
33 58
33 63
33 64
33 65
33 69
33 71
33 73
33 74
33 76
33 77
33 78
33 85
33 88
33 89
33 91
33 92
33 93
33 95
34 38
34 41
34 45
34 47
34 49
34 54
34 57
34 60
34 61
34 62
34 63
34 67
34 73
34 74
34 80
34 81
34 82
34 83
34 85
34 87
34 88
34 89
34 90
34 91
34 92
34 93
34 94
34 97
34 98
34 99
35 39
35 40
35 44
35 45
35 47
35 52
35 57
35 59
35 60
35 61
35 62
35 64
35 65
35 70
35 72
35 73
35 74
35 76
35 78
35 79
35 83
35 85
35 86
35 87
35 88
35 89
35 91
35 96
35 97
35 99
36 39
36 41
36 45
36 46
36 48
36 51
36 54
36 55
36 57
36 59
36 61
36 71
36 73
36 76
36 77
36 80
36 82
36 83
36 84
36 85
36 89
36 90
36 91
36 93
36 94
36 95
36 98
37 41
37 42
37 51
37 54
37 55
37 57
37 58
37 59
37 63
37 65
37 66
37 72
37 73
37 74
37 75
37 76
37 78
37 79
37 80
37 82
37 85
37 86
37 87
37 89
37 91
37 93
37 94
37 97
37 99
38 41
38 42
38 44
38 48
38 49
38 52
38 55
38 56
38 57
38 59
38 60
38 61
38 62
38 68
38 69
38 70
38 71
38 77
38 78
38 79
38 81
38 85
38 87
38 88
38 89
38 90
38 91
38 92
39 42
39 46
39 47
39 51
39 52
39 55
39 58
39 59
39 64
39 66
39 70
39 72
39 73
39 75
39 77
39 78
39 80
39 84
39 85
39 86
39 87
39 92
39 93
39 94
39 95
39 96
40 43
40 44
40 46
40 49
40 55
40 57
40 58
40 64
40 66
40 67
40 68
40 69
40 71
40 72
40 75
40 76
40 79
40 82
40 84
40 85
40 86
40 87
40 88
40 89
40 91
40 94
40 95
40 96
40 99
41 42
41 43
41 44
41 46
41 48
41 49
41 55
41 59
41 63
41 65
41 67
41 68
41 70
41 71
41 75
41 76
41 80
41 81
41 82
41 83
41 91
41 93
41 95
41 96
41 98
42 44
42 48
42 50
42 55
42 57
42 63
42 65
42 66
42 67
42 69
42 70
42 71
42 72
42 73
42 76
42 77
42 81
42 82
42 83
42 84
42 85
42 86
42 88
42 90
42 93
42 94
43 47
43 49
43 54
43 55
43 58
43 59
43 60
43 62
43 63
43 65
43 66
43 67
43 70
43 73
43 79
43 84
43 85
43 86
43 87
43 88
43 90
43 91
43 94
43 96
43 98
43 99
44 47
44 48
44 49
44 52
44 53
44 55
44 56
44 57
44 58
44 62
44 63
44 65
44 67
44 70
44 71
44 72
44 73
44 74
44 76
44 78
44 79
44 80
44 81
44 82
44 90
44 91
44 92
44 96
45 46
45 48
45 49
45 51
45 52
45 53
45 54
45 55
45 56
45 59
45 61
45 67
45 68
45 72
45 75
45 77
45 79
45 80
45 81
45 84
45 85
45 86
45 87
45 88
45 93
45 94
45 95
45 96
46 47
46 48
46 49
46 51
46 53
46 57
46 60
46 63
46 64
46 65
46 71
46 73
46 75
46 76
46 77
46 79
46 80
46 81
46 82
46 83
46 85
46 87
46 89
46 90
46 91
46 92
46 94
46 97
46 98
46 99
47 48
47 49
47 57
47 58
47 59
47 62
47 63
47 64
47 68
47 69
47 70
47 71
47 74
47 77
47 81
47 83
47 84
47 87
47 88
47 89
47 91
47 92
47 93
47 94
47 97
48 49
48 50
48 52
48 56
48 57
48 59
48 61
48 65
48 66
48 71
48 73
48 75
48 76
48 82
48 87
48 88
48 93
48 94
48 96
48 97
48 98
49 50
49 51
49 52
49 53
49 54
49 56
49 58
49 60
49 61
49 63
49 65
49 67
49 69
49 70
49 72
49 74
49 75
49 76
49 77
49 79
49 80
49 81
49 88
49 89
49 90
49 92
49 94
49 95
49 97
49 99
50 55
50 56
50 57
50 59
50 61
50 62
50 64
50 65
50 67
50 69
50 71
50 73
50 75
50 76
50 77
50 78
50 80
50 81
50 86
50 88
50 89
50 90
50 91
50 92
50 95
50 96
50 98
51 52
51 53
51 54
51 55
51 57
51 58
51 63
51 65
51 66
51 68
51 76
51 77
51 78
51 79
51 81
51 83
51 85
51 86
51 87
51 88
51 89
51 92
51 94
51 95
52 54
52 56
52 58
52 59
52 61
52 62
52 63
52 66
52 67
52 68
52 71
52 73
52 74
52 78
52 80
52 82
52 83
52 84
52 86
52 87
52 88
52 89
52 91
52 92
52 93
52 94
52 97
52 99
53 54
53 55
53 57
53 58
53 59
53 61
53 64
53 65
53 66
53 67
53 68
53 69
53 71
53 73
53 74
53 76
53 78
53 79
53 81
53 83
53 84
53 85
53 86
53 87
53 89
53 90
53 91
53 92
53 94
53 95
53 96
53 97
53 98
54 56
54 59
54 61
54 62
54 63
54 65
54 66
54 68
54 69
54 70
54 74
54 75
54 77
54 78
54 79
54 82
54 83
54 86
54 90
54 93
54 96
54 99
55 58
55 59
55 61
55 63
55 70
55 73
55 74
55 75
55 87
55 89
55 91
55 92
55 95
55 96
55 98
56 65
56 69
56 70
56 72
56 74
56 78
56 79
56 82
56 83
56 84
56 85
56 90
56 93
56 95
56 96
56 97
56 98
57 58
57 59
57 61
57 63
57 64
57 65
57 68
57 69
57 74
57 79
57 80
57 81
57 85
57 86
57 88
57 89
57 90
57 92
57 93
57 94
57 95
57 99
58 59
58 60
58 62
58 65
58 66
58 67
58 68
58 69
58 70
58 71
58 76
58 78
58 79
58 82
58 83
58 84
58 85
58 87
58 89
58 90
58 92
58 93
58 94
58 95
58 96
58 97
58 98
58 99
59 60
59 63
59 64
59 67
59 68
59 70
59 71
59 73
59 75
59 76
59 81
59 84
59 87
59 90
59 92
59 93
59 95
59 96
59 97
60 63
60 67
60 68
60 69
60 70
60 78
60 80
60 81
60 82
60 84
60 88
60 89
60 90
60 97
60 98
60 99
61 67
61 69
61 73
61 74
61 75
61 76
61 77
61 79
61 80
61 84
61 85
61 86
61 87
61 88
61 90
61 97
61 98
62 64
62 67
62 72
62 73
62 74
62 75
62 76
62 77
62 79
62 81
62 85
62 86
62 87
62 89
62 90
62 93
62 95
62 96
62 98
63 64
63 67
63 68
63 69
63 70
63 71
63 72
63 76
63 77
63 78
63 80
63 84
63 85
63 88
63 91
63 92
63 94
63 98
64 66
64 67
64 68
64 70
64 71
64 72
64 73
64 74
64 81
64 85
64 86
64 87
64 88
64 89
64 90
64 95
64 96
64 99
65 66
65 69
65 70
65 72
65 73
65 75
65 76
65 77
65 80
65 81
65 82
65 84
65 85
65 87
65 88
65 89
65 90
65 91
65 93
65 96
65 98
65 99
66 68
66 69
66 75
66 78
66 83
66 86
66 87
66 91
66 92
66 94
66 95
67 70
67 71
67 73
67 76
67 77
67 78
67 81
67 83
67 86
67 87
67 88
67 90
67 93
67 94
67 97
67 98
68 70
68 71
68 72
68 74
68 75
68 77
68 78
68 82
68 85
68 86
68 87
68 88
68 92
68 93
68 94
68 95
68 96
68 97
68 98
69 70
69 74
69 76
69 81
69 84
69 85
69 86
69 88
69 89
69 90
69 93
69 97
70 72
70 79
70 84
70 85
70 86
70 88
70 92
70 94
70 99
71 72
71 73
71 75
71 76
71 79
71 80
71 81
71 83
71 84
71 85
71 87
71 91
71 96
71 97
72 74
72 75
72 78
72 79
72 80
72 81
72 83
72 88
72 89
72 91
72 92
72 95
72 96
73 76
73 79
73 82
73 85
73 89
73 90
73 94
73 96
73 98
73 99
74 75
74 78
74 87
74 88
74 89
74 92
74 94
74 95
74 96
74 98
75 78
75 79
75 80
75 82
75 85
75 87
75 89
75 90
75 92
75 93
75 95
75 97
75 98
75 99
76 78
76 79
76 80
76 83
76 84
76 85
76 86
76 87
76 88
76 90
76 91
76 92
76 95
76 96
76 97
77 78
77 79
77 80
77 81
77 83
77 86
77 87
77 90
77 91
77 92
77 93
77 95
77 97
77 98
77 99
78 80
78 82
78 83
78 84
78 85
78 86
78 87
78 89
78 90
78 91
78 93
78 97
78 98
78 99
79 81
79 82
79 84
79 85
79 86
79 88
79 89
79 91
79 92
79 93
79 97
80 81
80 83
80 84
80 85
80 86
80 87
80 88
80 89
80 91
80 92
80 93
80 94
80 96
80 99
81 82
81 84
81 85
81 86
81 88
81 89
81 90
81 93
81 94
81 95
81 97
81 98
81 99
82 83
82 84
82 85
82 87
82 91
82 93
82 95
82 97
82 98
82 99
83 84
83 87
83 88
83 90
83 92
83 93
83 94
83 97
83 98
83 99
84 85
84 86
84 91
84 92
84 93
84 95
84 96
84 97
84 98
85 86
85 87
85 88
85 89
85 90
85 91
85 92
85 95
85 97
86 88
86 89
86 92
86 94
86 97
86 99
87 88
87 91
87 93
87 95
87 98
88 89
88 96
88 98
88 99
89 91
89 92
89 94
89 95
89 96
90 93
90 95
90 98
91 92
91 93
91 95
91 96
91 97
92 94
92 95
92 96
92 97
92 98
92 99
93 94
93 97
94 95
94 97
95 96
96 98
97 98
98 99
