0 1
0 3
0 5
0 6
0 11
0 13
0 16
0 17
0 18
0 21
0 23
0 25
0 28
0 31
0 32
0 34
0 35
0 36
0 38
0 39
0 40
0 43
0 44
0 47
0 48
0 50
0 52
0 54
0 55
0 56
0 58
0 59
0 64
0 65
0 69
0 70
0 72
0 74
0 77
0 78
0 79
0 80
0 82
0 83
0 84
0 85
0 89
0 90
0 92
0 94
0 95
0 97
0 99
1 2
1 3
1 4
1 5
1 7
1 8
1 9
1 10
1 12
1 14
1 16
1 17
1 18
1 21
1 23
1 24
1 25
1 26
1 27
1 28
1 31
1 33
1 35
1 37
1 39
1 40
1 42
1 45
1 46
1 48
1 50
1 51
1 52
1 55
1 59
1 62
1 63
1 65
1 67
1 70
1 72
1 74
1 75
1 77
1 78
1 79
1 81
1 84
1 85
1 88
1 93
1 96
1 97
2 3
2 7
2 8
2 9
2 10
2 11
2 12
2 13
2 14
2 15
2 16
2 17
2 19
2 20
2 22
2 23
2 24
2 25
2 29
2 30
2 31
2 32
2 35
2 36
2 38
2 39
2 40
2 41
2 42
2 45
2 46
2 48
2 49
2 55
2 56
2 58
2 59
2 61
2 63
2 67
2 68
2 71
2 74
2 76
2 77
2 78
2 79
2 80
2 81
2 83
2 87
2 90
2 91
2 97
2 98
2 99
3 5
3 7
3 9
3 11
3 13
3 14
3 16
3 18
3 19
3 20
3 23
3 24
3 25
3 26
3 28
3 30
3 32
3 35
3 36
3 38
3 39
3 41
3 42
3 43
3 44
3 45
3 46
3 47
3 50
3 51
3 52
3 53
3 55
3 57
3 59
3 60
3 62
3 63
3 67
3 68
3 71
3 73
3 75
3 76
3 79
3 81
3 82
3 84
3 85
3 87
3 88
3 89
3 90
3 91
3 93
3 94
3 96
3 97
4 5
4 7
4 8
4 9
4 11
4 13
4 14
4 16
4 17
4 21
4 23
4 24
4 26
4 27
4 29
4 30
4 31
4 34
4 35
4 36
4 37
4 39
4 45
4 47
4 48
4 50
4 52
4 54
4 57
4 59
4 62
4 63
4 65
4 67
4 68
4 70
4 71
4 74
4 77
4 80
4 81
4 85
4 86
4 88
4 89
4 90
4 91
4 92
4 94
4 95
4 97
4 98
5 7
5 8
5 9
5 10
5 13
5 14
5 19
5 20
5 23
5 27
5 29
5 30
5 35
5 37
5 38
5 39
5 40
5 42
5 43
5 45
5 46
5 51
5 52
5 55
5 60
5 61
5 62
5 64
5 65
5 66
5 68
5 69
5 73
5 74
5 76
5 78
5 79
5 81
5 82
5 86
5 90
5 91
5 94
5 98
5 99
6 8
6 13
6 14
6 17
6 18
6 20
6 24
6 28
6 29
6 30
6 33
6 35
6 36
6 37
6 38
6 39
6 40
6 42
6 43
6 44
6 45
6 47
6 48
6 49
6 52
6 53
6 54
6 55
6 57
6 59
6 60
6 61
6 63
6 64
6 65
6 67
6 69
6 70
6 74
6 76
6 77
6 78
6 80
6 81
6 83
6 84
6 86
6 87
6 89
6 90
6 93
6 95
6 96
6 97
6 99
7 9
7 12
7 13
7 17
7 19
7 21
7 22
7 23
7 25
7 29
7 30
7 31
7 34
7 38
7 40
7 41
7 43
7 48
7 50
7 51
7 53
7 59
7 60
7 62
7 63
7 65
7 66
7 68
7 70
7 71
7 72
7 75
7 76
7 78
7 80
7 83
7 84
7 90
7 92
7 94
7 95
7 96
7 98
8 11
8 12
8 14
8 15
8 18
8 19
8 20
8 21
8 22
8 23
8 24
8 25
8 30
8 31
8 33
8 36
8 37
8 38
8 39
8 40
8 41
8 44
8 47
8 48
8 49
8 52
8 53
8 55
8 59
8 60
8 62
8 64
8 65
8 66
8 69
8 70
8 72
8 73
8 74
8 76
8 77
8 82
8 85
8 86
8 87
8 88
8 89
8 91
8 92
8 94
8 98
9 12
9 14
9 16
9 17
9 19
9 20
9 22
9 23
9 25
9 28
9 29
9 30
9 35
9 36
9 37
9 38
9 39
9 41
9 42
9 43
9 44
9 45
9 47
9 48
9 49
9 50
9 51
9 55
9 58
9 59
9 60
9 62
9 64
9 65
9 66
9 67
9 68
9 69
9 72
9 75
9 79
9 80
9 81
9 82
9 83
9 85
9 86
9 87
9 88
9 90
9 92
9 96
9 97
9 99
10 19
10 20
10 21
10 24
10 25
10 28
10 31
10 33
10 36
10 37
10 38
10 39
10 41
10 42
10 48
10 49
10 52
10 53
10 55
10 56
10 57
10 59
10 60
10 61
10 62
10 63
10 64
10 65
10 66
10 70
10 71
10 72
10 77
10 78
10 81
10 83
10 87
10 88
10 89
10 90
10 91
10 93
10 94
10 95
10 96
10 97
10 98
10 99
11 15
11 16
11 17
11 19
11 20
11 21
11 22
11 23
11 25
11 26
11 27
11 31
11 32
11 33
11 34
11 35
11 36
11 40
11 41
11 42
11 43
11 44
11 47
11 48
11 49
11 50
11 54
11 56
11 58
11 60
11 62
11 64
11 65
11 66
11 67
11 73
11 76
11 77
11 78
11 79
11 80
11 83
11 84
11 86
11 90
11 92
11 94
11 95
11 96
12 13
12 14
12 15
12 16
12 18
12 19
12 20
12 23
12 24
12 28
12 30
12 31
12 32
12 38
12 40
12 43
12 44
12 45
12 47
12 49
12 51
12 52
12 53
12 57
12 58
12 60
12 61
12 64
12 67
12 72
12 73
12 74
12 75
12 76
12 81
12 82
12 86
12 88
12 91
12 93
12 97
12 99
13 14
13 16
13 17
13 18
13 19
13 21
13 27
13 29
13 31
13 32
13 34
13 37
13 38
13 39
13 40
13 42
13 48
13 52
13 53
13 54
13 55
13 57
13 59
13 61
13 70
13 71
13 73
13 74
13 75
13 76
13 77
13 79
13 81
13 82
13 85
13 88
13 94
13 95
13 96
13 97
14 15
14 17
14 22
14 23
14 25
14 28
14 29
14 30
14 32
14 33
14 35
14 37
14 38
14 39
14 40
14 41
14 44
14 45
14 48
14 50
14 51
14 53
14 60
14 62
14 63
14 65
14 66
14 68
14 71
14 73
14 74
14 76
14 81
14 82
14 83
14 84
14 86
14 88
14 89
14 90
14 91
14 94
14 97
14 98
15 16
15 17
15 18
15 23
15 25
15 27
15 29
15 30
15 31
15 32
15 35
15 36
15 37
15 38
15 39
15 40
15 42
15 43
15 48
15 49
15 50
15 59
15 61
15 63
15 65
15 66
15 67
15 69
15 71
15 72
15 73
15 74
15 75
15 77
15 79
15 80
15 84
15 87
15 89
15 90
15 94
15 96
15 99
16 17
16 19
16 24
16 25
16 28
16 29
16 35
16 39
16 41
16 46
16 47
16 50
16 52
16 53
16 56
16 57
16 59
16 60
16 61
16 62
16 64
16 65
16 66
16 67
16 68
16 69
16 70
16 71
16 74
16 75
16 77
16 79
16 83
16 85
16 86
16 87
16 90
16 92
16 93
16 96
16 97
17 19
17 24
17 25
17 26
17 27
17 30
17 31
17 33
17 37
17 38
17 39
17 40
17 41
17 42
17 43
17 48
17 51
17 52
17 53
17 54
17 55
17 58
17 59
17 60
17 63
17 66
17 67
17 68
17 69
17 71
17 72
17 73
17 74
17 75
17 78
17 79
17 81
17 82
17 83
17 84
17 85
17 86
17 87
17 89
17 91
17 93
17 95
17 97
18 20
18 24
18 25
18 29
18 30
18 31
18 33
18 34
18 35
18 36
18 38
18 40
18 42
18 44
18 45
18 46
18 48
18 49
18 50
18 51
18 54
18 55
18 56
18 59
18 61
18 62
18 63
18 64
18 66
18 67
18 68
18 71
18 74
18 75
18 82
18 87
18 89
18 92
18 99
19 20
19 21
19 22
19 23
19 25
19 27
19 28
19 31
19 32
19 37
19 38
19 40
19 42
19 46
19 47
19 49
19 51
19 53
19 54
19 55
19 58
19 59
19 60
19 63
19 64
19 66
19 68
19 70
19 74
19 76
19 83
19 84
19 86
19 88
19 90
19 95
19 98
20 21
20 22
20 24
20 25
20 27
20 31
20 32
20 33
20 35
20 36
20 41
20 43
20 46
20 49
20 50
20 51
20 53
20 54
20 56
20 59
20 60
20 61
20 62
20 64
20 65
20 66
20 69
20 70
20 71
20 72
20 75
20 77
20 81
20 85
20 87
20 91
20 92
20 99
21 27
21 28
21 30
21 31
21 32
21 34
21 35
21 36
21 37
21 38
21 41
21 42
21 44
21 45
21 47
21 48
21 49
21 50
21 51
21 54
21 55
21 56
21 57
21 59
21 63
21 67
21 71
21 73
21 75
21 77
21 79
21 81
21 82
21 83
21 84
21 87
21 91
21 98
21 99
22 26
22 27
22 28
22 29
22 32
22 33
22 35
22 38
22 39
22 41
22 42
22 45
22 46
22 47
22 49
22 50
22 52
22 53
22 56
22 57
22 59
22 60
22 61
22 64
22 66
22 67
22 69
22 70
22 71
22 72
22 77
22 79
22 80
22 84
22 85
22 87
22 90
22 93
22 97
22 98
22 99
23 27
23 28
23 30
23 31
23 32
23 33
23 34
23 39
23 41
23 42
23 43
23 48
23 49
23 51
23 53
23 54
23 55
23 56
23 60
23 61
23 63
23 64
23 65
23 66
23 68
23 71
23 73
23 75
23 77
23 78
23 80
23 82
23 83
23 85
23 87
23 91
23 92
23 95
23 96
23 97
23 98
24 26
24 28
24 31
24 34
24 35
24 36
24 37
24 38
24 43
24 44
24 48
24 49
24 50
24 59
24 63
24 64
24 65
24 73
24 75
24 77
24 79
24 80
24 83
24 86
24 90
24 93
24 97
25 27
25 29
25 31
25 33
25 34
25 42
25 45
25 48
25 51
25 52
25 53
25 54
25 57
25 58
25 63
25 67
25 68
25 71
25 72
25 73
25 75
25 79
25 80
25 82
25 84
25 85
25 86
25 88
25 90
25 93
25 96
25 97
25 99
26 30
26 31
26 32
26 33
26 38
26 41
26 43
26 46
26 47
26 48
26 52
26 54
26 55
26 57
26 60
26 62
26 63
26 65
26 67
26 68
26 69
26 71
26 73
26 77
26 78
26 80
26 82
26 83
26 85
26 87
26 89
26 90
26 94
26 95
27 28
27 29
27 30
27 38
27 43
27 44
27 45
27 46
27 47
27 50
27 53
27 54
27 55
27 58
27 59
27 62
27 64
27 66
27 68
27 71
27 72
27 76
27 77
27 83
27 84
27 85
27 86
27 88
27 89
27 90
27 95
28 29
28 30
28 31
28 32
28 33
28 40
28 46
28 48
28 50
28 51
28 60
28 62
28 64
28 65
28 67
28 68
28 70
28 71
28 72
28 73
28 74
28 75
28 76
28 77
28 78
28 79
28 80
28 82
28 83
28 85
28 87
28 88
28 89
28 94
28 96
28 97
28 98
28 99
29 30
29 31
29 36
29 39
29 40
29 42
29 43
29 46
29 48
29 50
29 54
29 55
29 57
29 59
29 62
29 66
29 70
29 74
29 75
29 77
29 79
29 80
29 81
29 82
29 83
29 84
29 85
29 87
29 92
29 94
29 96
30 31
30 32
30 33
30 34
30 35
30 36
30 38
30 40
30 42
30 45
30 47
30 49
30 52
30 53
30 56
30 60
30 64
30 65
30 71
30 72
30 73
30 78
30 79
30 80
30 82
30 83
30 84
30 85
30 86
30 87
30 88
30 90
30 91
30 92
30 93
30 94
30 97
30 98
30 99
31 33
31 34
31 35
31 36
31 38
31 43
31 44
31 47
31 49
31 51
31 53
31 55
31 56
31 58
31 63
31 64
31 65
31 66
31 70
31 71
31 72
31 74
31 75
31 76
31 82
31 83
31 84
31 85
31 87
31 88
31 89
31 90
31 91
31 94
31 96
31 98
32 34
32 37
32 40
32 41
32 44
32 46
32 47
32 48
32 52
32 54
32 55
32 57
32 58
32 61
32 62
32 65
32 66
32 68
32 69
32 70
32 71
32 73
32 76
32 77
32 80
32 81
32 85
32 86
32 87
32 88
32 93
32 95
32 97
33 37
33 42
33 43
33 47
33 50
33 53
33 54
33 58
33 59
33 63
33 65
33 66
33 70
33 71
33 72
33 73
33 74
33 75
33 76
33 77
33 79
33 81
33 82
33 83
33 84
33 85
33 86
33 90
33 93
33 95
33 96
34 35
34 36
34 38
34 39
34 41
34 45
34 47
34 50
34 51
34 52
34 53
34 54
34 55
34 56
34 57
34 58
34 60
34 65
34 66
34 70
34 73
34 77
34 78
34 79
34 82
34 86
34 87
34 89
34 91
34 92
34 96
34 97
34 98
35 38
35 39
35 40
35 43
35 45
35 48
35 49
35 50
35 51
35 53
35 54
35 55
35 56
35 57
35 58
35 60
35 61
35 62
35 63
35 64
35 66
35 73
35 74
35 76
35 77
35 79
35 82
35 86
35 89
35 95
35 96
35 97
35 98
36 40
36 41
36 43
36 44
36 45
36 46
36 47
36 48
36 49
36 50
36 51
36 53
36 54
36 62
36 63
36 64
36 66
36 69
36 73
36 75
36 78
36 79
36 80
36 82
36 83
36 84
36 87
36 88
36 89
36 93
36 94
36 96
36 97
36 98
37 38
37 39
37 40
37 42
37 43
37 44
37 45
37 48
37 49
37 50
37 56
37 57
37 58
37 61
37 63
37 64
37 68
37 69
37 70
37 71
37 72
37 73
37 75
37 76
37 77
37 79
37 81
37 82
37 84
37 85
37 86
37 87
37 88
37 89
37 92
37 94
37 95
37 97
38 40
38 41
38 42
38 47
38 49
38 52
38 54
38 55
38 56
38 57
38 58
38 63
38 65
38 67
38 69
38 72
38 73
38 74
38 78
38 79
38 81
38 83
38 86
38 88
38 90
38 92
38 94
38 95
38 98
38 99
39 41
39 43
39 47
39 48
39 49
39 53
39 55
39 57
39 58
39 59
39 64
39 65
39 66
39 67
39 69
39 74
39 76
39 78
39 81
39 87
39 88
39 92
39 93
39 95
39 96
39 97
39 99
40 43
40 47
40 50
40 51
40 52
40 54
40 55
40 56
40 59
40 60
40 62
40 64
40 65
40 66
40 71
40 73
40 74
40 75
40 76
40 78
40 80
40 82
40 83
40 85
40 86
40 87
40 90
40 91
40 94
40 96
40 97
41 45
41 53
41 55
41 56
41 57
41 59
41 61
41 62
41 64
41 66
41 69
41 72
41 74
41 75
41 77
41 80
41 82
41 84
41 86
41 87
41 89
41 90
42 46
42 50
42 51
42 53
42 54
42 56
42 58
42 59
42 61
42 63
42 64
42 65
42 68
42 69
42 72
42 75
42 76
42 79
42 80
42 81
42 83
42 84
42 85
42 87
42 89
42 91
42 92
42 93
42 95
42 96
42 97
42 99
43 45
43 46
43 47
43 49
43 51
43 52
43 54
43 55
43 57
43 59
43 62
43 63
43 65
43 66
43 69
43 70
43 71
43 72
43 74
43 76
43 82
43 85
43 86
43 87
43 90
43 92
43 93
43 95
43 97
44 46
44 47
44 48
44 49
44 54
44 55
44 57
44 58
44 62
44 63
44 66
44 67
44 68
44 71
44 78
44 79
44 80
44 84
44 87
44 90
44 91
44 92
44 93
44 94
44 95
44 97
44 98
44 99
45 46
45 52
45 54
45 55
45 56
45 58
45 60
45 61
45 62
45 65
45 67
45 69
45 72
45 73
45 74
45 78
45 80
45 82
45 85
45 86
45 88
45 89
45 92
45 94
45 95
45 96
45 97
45 98
45 99
46 48
46 50
46 53
46 56
46 58
46 59
46 60
46 61
46 62
46 63
46 64
46 65
46 71
46 72
46 73
46 77
46 79
46 80
46 82
46 83
46 85
46 86
46 89
46 91
46 92
46 95
46 98
46 99
47 48
47 50
47 51
47 54
47 55
47 57
47 59
47 61
47 62
47 73
47 76
47 77
47 78
47 79
47 80
47 82
47 83
47 84
47 85
47 86
47 87
47 88
47 90
47 91
47 95
47 98
48 49
48 51
48 52
48 55
48 57
48 60
48 62
48 63
48 67
48 68
48 69
48 71
48 73
48 74
48 76
48 80
48 82
48 86
48 89
48 91
48 93
48 94
48 95
48 98
49 50
49 52
49 55
49 56
49 58
49 60
49 61
49 62
49 66
49 69
49 71
49 72
49 74
49 75
49 78
49 79
49 81
49 82
49 83
49 84
49 85
49 88
49 90
49 94
49 96
50 51
50 52
50 55
50 59
50 60
50 61
50 62
50 63
50 66
50 68
50 69
50 73
50 77
50 78
50 79
50 85
50 86
50 87
50 88
50 92
50 93
50 94
50 98
51 52
51 53
51 58
51 64
51 65
51 68
51 69
51 71
51 72
51 73
51 75
51 78
51 79
51 80
51 85
51 86
51 88
51 89
51 90
51 94
51 96
51 98
51 99
52 58
52 59
52 60
52 62
52 63
52 65
52 66
52 70
52 71
52 75
52 76
52 77
52 78
52 79
52 80
52 82
52 84
52 85
52 86
52 88
52 89
52 91
52 92
52 93
52 94
52 96
52 97
52 99
53 54
53 56
53 57
53 61
53 63
53 64
53 65
53 66
53 67
53 68
53 69
53 70
53 71
53 72
53 73
53 74
53 77
53 81
53 82
53 84
53 86
53 87
53 89
53 90
53 92
53 94
53 95
53 97
53 98
54 55
54 56
54 59
54 61
54 63
54 67
54 70
54 72
54 73
54 74
54 76
54 77
54 79
54 81
54 82
54 85
54 91
54 92
54 94
54 97
54 98
54 99
55 56
55 58
55 59
55 61
55 63
55 67
55 68
55 71
55 74
55 76
55 78
55 79
55 82
55 83
55 84
55 88
55 89
55 90
55 93
55 94
55 97
55 98
56 57
56 59
56 60
56 61
56 64
56 66
56 70
56 71
56 72
56 73
56 74
56 77
56 81
56 85
56 87
56 89
56 94
56 95
56 96
56 98
56 99
57 59
57 60
57 61
57 64
57 66
57 67
57 68
57 69
57 70
57 71
57 72
57 74
57 77
57 79
57 80
57 83
57 84
57 87
57 90
57 91
57 92
57 93
57 95
57 98
57 99
58 60
58 61
58 63
58 64
58 73
58 75
58 80
58 83
58 84
58 85
58 88
58 89
58 90
58 92
58 95
58 98
59 61
59 62
59 63
59 67
59 68
59 69
59 70
59 73
59 74
59 76
59 77
59 79
59 81
59 84
59 89
59 90
59 96
59 98
60 62
60 63
60 65
60 68
60 70
60 71
60 73
60 74
60 79
60 80
60 81
60 82
60 83
60 86
60 89
60 91
60 92
60 93
60 95
60 97
60 98
60 99
61 65
61 70
61 75
61 78
61 79
61 80
61 82
61 84
61 86
61 91
61 92
61 93
61 97
62 63
62 64
62 66
62 67
62 68
62 70
62 72
62 73
62 74
62 75
62 76
62 77
62 78
62 83
62 86
62 88
62 89
62 90
62 91
62 94
62 97
62 99
63 64
63 66
63 67
63 71
63 73
63 74
63 76
63 77
63 79
63 83
63 84
63 87
63 88
63 89
63 90
63 92
63 94
63 95
63 96
63 98
64 66
64 67
64 68
64 69
64 71
64 73
64 74
64 77
64 78
64 79
64 80
64 85
64 87
64 89
64 91
64 92
64 95
64 96
64 99
65 69
65 71
65 72
65 74
65 77
65 79
65 83
65 86
65 87
65 90
65 92
65 94
65 96
65 97
65 98
66 68
66 75
66 76
66 77
66 78
66 79
66 81
66 91
66 93
66 94
66 95
66 99
67 68
67 69
67 70
67 71
67 73
67 74
67 75
67 80
67 81
67 84
67 87
67 89
67 95
67 99
68 69
68 70
68 71
68 73
68 76
68 80
68 81
68 82
68 84
68 87
68 89
68 92
68 95
68 96
68 99
69 70
69 71
69 74
69 76
69 80
69 81
69 84
69 87
69 88
69 90
69 91
69 93
69 94
69 95
69 96
69 97
69 99
70 77
70 78
70 80
70 81
70 84
70 87
70 88
70 89
70 93
70 94
70 95
70 97
70 98
71 72
71 75
71 76
71 77
71 78
71 80
71 81
71 82
71 83
71 89
71 90
71 91
71 95
71 97
71 99
72 73
72 74
72 75
72 76
72 82
72 85
72 91
72 94
72 95
72 97
72 98
73 77
73 80
73 81
73 84
73 86
73 89
73 91
73 95
73 96
74 75
74 76
74 77
74 78
74 80
74 81
74 83
74 84
74 86
74 87
74 88
74 89
74 93
74 94
74 97
74 98
74 99
75 76
75 77
75 78
75 79
75 83
75 88
75 90
75 92
75 93
75 94
75 96
75 97
76 77
76 78
76 79
76 84
76 86
76 88
76 89
76 91
76 93
76 95
76 99
77 81
77 82
77 83
77 94
77 95
77 97
77 99
78 80
78 81
78 83
78 84
78 85
78 86
78 90
78 94
78 95
78 96
78 97
79 80
79 82
79 86
79 87
79 88
79 89
79 93
79 94
79 95
79 96
79 97
79 98
80 81
80 84
80 85
80 92
80 93
80 95
81 82
81 84
81 87
81 90
81 91
81 94
81 98
81 99
82 84
82 86
82 89
82 90
82 91
82 92
82 93
83 84
83 86
83 87
83 90
83 91
83 92
83 93
83 95
83 98
84 90
84 95
84 97
84 98
85 86
85 89
85 91
85 93
85 94
85 95
85 96
85 97
85 98
86 87
86 88
86 89
86 93
86 94
86 96
86 97
86 98
86 99
87 89
87 91
87 92
87 93
87 97
87 99
88 89
88 90
88 92
88 93
88 94
88 95
88 98
89 91
89 94
89 95
89 96
89 99
90 91
90 94
90 97
91 96
91 97
91 98
91 99
92 95
92 99
93 94
93 95
93 97
93 99
94 95
94 98
94 99
95 96
95 97
95 99
96 97
96 99
97 98
