0 1
0 2
0 5
0 6
0 7
0 8
0 9
0 10
0 12
0 13
0 14
0 15
0 17
0 22
0 24
0 25
0 27
0 33
0 34
0 38
0 40
0 45
0 46
0 47
0 48
0 54
0 56
0 57
0 60
0 61
0 62
0 67
0 68
0 70
0 71
0 72
0 73
0 74
0 77
0 78
0 82
0 84
0 85
0 92
0 95
0 96
0 97
1 2
1 4
1 5
1 7
1 8
1 9
1 10
1 14
1 17
1 20
1 23
1 24
1 25
1 27
1 28
1 30
1 36
1 37
1 38
1 39
1 40
1 41
1 42
1 43
1 45
1 48
1 50
1 51
1 54
1 56
1 58
1 59
1 60
1 61
1 62
1 64
1 65
1 66
1 67
1 68
1 70
1 72
1 73
1 78
1 81
1 82
1 83
1 84
1 85
1 86
1 87
1 88
1 89
1 93
1 94
1 96
1 97
1 98
2 3
2 4
2 6
2 9
2 10
2 11
2 12
2 15
2 18
2 25
2 26
2 27
2 28
2 29
2 32
2 33
2 34
2 35
2 37
2 42
2 45
2 47
2 48
2 50
2 52
2 53
2 54
2 56
2 57
2 60
2 64
2 65
2 66
2 67
2 69
2 70
2 71
2 73
2 75
2 80
2 83
2 84
2 86
2 89
2 94
2 95
2 96
2 98
2 99
3 6
3 7
3 8
3 10
3 11
3 12
3 16
3 17
3 18
3 20
3 21
3 22
3 24
3 27
3 28
3 32
3 33
3 35
3 36
3 37
3 38
3 40
3 41
3 47
3 52
3 53
3 54
3 55
3 56
3 58
3 61
3 65
3 66
3 69
3 70
3 75
3 76
3 78
3 80
3 81
3 84
3 89
3 90
3 91
3 92
3 95
3 96
3 97
3 98
3 99
4 5
4 6
4 7
4 16
4 19
4 21
4 22
4 23
4 27
4 28
4 31
4 35
4 37
4 38
4 40
4 41
4 43
4 52
4 53
4 60
4 64
4 65
4 66
4 69
4 71
4 73
4 77
4 79
4 80
4 83
4 84
4 85
4 86
4 87
4 88
4 90
4 91
4 92
4 95
4 96
4 98
4 99
5 6
5 7
5 13
5 16
5 18
5 20
5 25
5 26
5 27
5 28
5 32
5 34
5 36
5 40
5 41
5 50
5 52
5 53
5 55
5 56
5 57
5 58
5 61
5 62
5 63
5 68
5 80
5 81
5 82
5 83
5 87
5 88
5 89
5 92
5 93
5 96
5 99
6 8
6 11
6 16
6 17
6 18
6 20
6 21
6 22
6 24
6 25
6 28
6 33
6 36
6 37
6 38
6 39
6 41
6 43
6 45
6 51
6 52
6 54
6 55
6 56
6 58
6 60
6 64
6 65
6 66
6 67
6 68
6 70
6 71
6 73
6 75
6 76
6 78
6 79
6 80
6 81
6 82
6 83
6 84
6 89
6 90
6 92
6 93
6 98
6 99
7 8
7 9
7 10
7 11
7 13
7 15
7 16
7 17
7 22
7 23
7 25
7 26
7 27
7 28
7 30
7 33
7 35
7 38
7 39
7 40
7 42
7 45
7 46
7 48
7 49
7 50
7 53
7 54
7 55
7 56
7 60
7 62
7 69
7 70
7 71
7 72
7 73
7 74
7 75
7 78
7 82
7 84
7 85
7 86
7 87
7 89
7 90
7 91
7 92
7 93
7 95
7 96
7 98
7 99
8 9
8 13
8 14
8 17
8 18
8 21
8 22
8 23
8 24
8 27
8 28
8 33
8 37
8 40
8 41
8 45
8 46
8 47
8 48
8 49
8 51
8 54
8 55
8 59
8 61
8 64
8 67
8 70
8 71
8 72
8 73
8 74
8 75
8 76
8 78
8 79
8 80
8 82
8 85
8 88
8 89
8 90
8 91
8 93
8 98
8 99
9 10
9 11
9 16
9 17
9 18
9 20
9 21
9 25
9 26
9 27
9 29
9 31
9 32
9 33
9 34
9 36
9 39
9 41
9 42
9 43
9 51
9 52
9 53
9 56
9 57
9 60
9 62
9 64
9 65
9 67
9 68
9 79
9 84
9 85
9 92
9 95
9 97
9 99
10 11
10 13
10 15
10 16
10 19
10 20
10 22
10 24
10 25
10 28
10 29
10 30
10 34
10 36
10 37
10 40
10 41
10 42
10 44
10 45
10 47
10 49
10 52
10 54
10 55
10 61
10 62
10 63
10 65
10 68
10 69
10 74
10 75
10 76
10 77
10 78
10 81
10 82
10 83
10 84
10 86
10 87
10 89
10 91
10 93
11 12
11 15
11 16
11 17
11 19
11 23
11 24
11 25
11 26
11 28
11 31
11 32
11 34
11 35
11 36
11 37
11 38
11 40
11 41
11 43
11 44
11 46
11 47
11 51
11 52
11 53
11 54
11 55
11 60
11 63
11 66
11 68
11 69
11 70
11 72
11 74
11 76
11 80
11 82
11 83
11 85
11 87
11 89
11 90
11 91
11 93
11 94
11 95
11 96
11 99
12 15
12 16
12 17
12 18
12 22
12 26
12 27
12 28
12 30
12 32
12 33
12 34
12 36
12 37
12 38
12 39
12 42
12 43
12 44
12 48
12 51
12 54
12 57
12 58
12 59
12 60
12 61
12 64
12 65
12 66
12 70
12 73
12 74
12 75
12 76
12 77
12 78
12 79
12 81
12 84
12 85
12 86
12 89
12 91
12 93
12 95
12 96
12 99
13 15
13 17
13 18
13 19
13 21
13 22
13 24
13 26
13 28
13 29
13 30
13 31
13 33
13 34
13 37
13 38
13 39
13 41
13 42
13 43
13 46
13 47
13 49
13 50
13 51
13 53
13 54
13 59
13 63
13 64
13 69
13 73
13 74
13 78
13 79
13 83
13 85
13 89
13 90
13 96
13 98
13 99
14 15
14 19
14 20
14 21
14 22
14 23
14 24
14 25
14 26
14 28
14 31
14 32
14 33
14 34
14 39
14 40
14 42
14 44
14 45
14 46
14 47
14 48
14 50
14 52
14 53
14 55
14 56
14 57
14 61
14 62
14 65
14 68
14 71
14 72
14 73
14 74
14 75
14 76
14 77
14 78
14 80
14 81
14 82
14 83
14 85
14 86
14 92
14 93
14 95
14 96
14 97
14 98
15 18
15 21
15 22
15 23
15 24
15 26
15 27
15 28
15 30
15 33
15 34
15 38
15 40
15 41
15 42
15 44
15 50
15 51
15 52
15 54
15 57
15 58
15 60
15 61
15 62
15 64
15 66
15 68
15 70
15 71
15 72
15 73
15 74
15 75
15 76
15 77
15 78
15 79
15 81
15 82
15 83
15 84
15 91
15 93
15 95
16 19
16 21
16 22
16 24
16 25
16 29
16 32
16 36
16 38
16 41
16 42
16 43
16 45
16 48
16 50
16 51
16 53
16 55
16 56
16 58
16 59
16 60
16 61
16 63
16 65
16 66
16 71
16 72
16 79
16 80
16 83
16 84
16 86
16 92
16 93
16 94
16 95
16 96
16 97
16 98
17 20
17 21
17 22
17 24
17 25
17 26
17 27
17 29
17 31
17 36
17 37
17 38
17 42
17 44
17 45
17 48
17 50
17 51
17 56
17 59
17 60
17 61
17 62
17 63
17 64
17 65
17 66
17 67
17 69
17 70
17 71
17 73
17 75
17 76
17 78
17 88
17 89
17 90
17 91
17 92
17 94
17 97
17 98
17 99
18 19
18 22
18 23
18 24
18 29
18 33
18 35
18 38
18 39
18 43
18 44
18 45
18 47
18 48
18 53
18 54
18 56
18 59
18 60
18 61
18 62
18 65
18 66
18 68
18 70
18 71
18 73
18 74
18 75
18 76
18 78
18 81
18 82
18 83
18 84
18 87
18 90
18 92
18 93
18 94
18 95
18 96
18 98
18 99
19 21
19 23
19 24
19 25
19 26
19 27
19 29
19 30
19 32
19 33
19 35
19 36
19 38
19 39
19 40
19 42
19 43
19 44
19 46
19 49
19 52
19 53
19 54
19 55
19 56
19 57
19 59
19 60
19 61
19 62
19 64
19 66
19 70
19 72
19 75
19 80
19 81
19 86
19 87
19 90
19 91
19 93
19 97
20 21
20 22
20 24
20 26
20 28
20 32
20 33
20 36
20 39
20 40
20 42
20 43
20 44
20 46
20 48
20 50
20 51
20 52
20 53
20 55
20 60
20 64
20 69
20 70
20 77
20 78
20 80
20 81
20 82
20 83
20 84
20 86
20 87
20 88
20 90
20 94
20 97
20 98
21 22
21 24
21 27
21 29
21 34
21 37
21 38
21 39
21 43
21 44
21 45
21 46
21 48
21 49
21 50
21 52
21 57
21 60
21 61
21 62
21 63
21 65
21 66
21 67
21 72
21 73
21 74
21 76
21 77
21 78
21 82
21 85
21 86
21 91
21 92
21 95
21 96
21 97
21 98
22 23
22 26
22 27
22 29
22 30
22 31
22 34
22 35
22 39
22 40
22 41
22 43
22 44
22 46
22 47
22 48
22 59
22 63
22 65
22 66
22 67
22 71
22 73
22 74
22 79
22 80
22 84
22 85
22 86
22 87
22 88
22 89
22 91
22 92
22 93
22 94
22 96
22 97
23 25
23 27
23 28
23 36
23 37
23 38
23 39
23 40
23 43
23 45
23 46
23 47
23 48
23 49
23 51
23 52
23 54
23 57
23 58
23 60
23 61
23 62
23 63
23 65
23 66
23 68
23 69
23 74
23 79
23 80
23 81
23 82
23 84
23 88
23 90
23 91
23 92
23 93
23 96
24 26
24 27
24 28
24 29
24 33
24 34
24 35
24 36
24 39
24 40
24 41
24 43
24 45
24 47
24 48
24 50
24 51
24 52
24 53
24 54
24 55
24 58
24 61
24 62
24 63
24 65
24 66
24 67
24 68
24 69
24 72
24 73
24 75
24 76
24 78
24 79
24 81
24 82
24 83
24 84
24 87
24 91
24 93
24 95
24 97
24 99
25 29
25 33
25 34
25 35
25 38
25 42
25 47
25 49
25 50
25 51
25 52
25 55
25 56
25 58
25 64
25 67
25 73
25 77
25 78
25 79
25 80
25 84
25 85
25 87
25 89
25 93
25 98
26 29
26 30
26 34
26 35
26 36
26 39
26 42
26 43
26 44
26 46
26 48
26 49
26 52
26 54
26 58
26 61
26 62
26 63
26 68
26 69
26 70
26 71
26 73
26 74
26 76
26 78
26 79
26 80
26 82
26 84
26 87
26 88
26 89
26 92
26 94
26 98
26 99
27 33
27 34
27 37
27 38
27 42
27 45
27 46
27 47
27 48
27 50
27 51
27 52
27 53
27 54
27 55
27 56
27 57
27 61
27 62
27 66
27 67
27 68
27 69
27 73
27 74
27 75
27 76
27 77
27 79
27 81
27 83
27 84
27 86
27 87
27 89
27 92
27 93
27 94
27 95
27 97
28 29
28 30
28 31
28 34
28 35
28 37
28 43
28 45
28 46
28 49
28 54
28 55
28 56
28 57
28 58
28 62
28 63
28 65
28 66
28 67
28 68
28 69
28 71
28 73
28 76
28 77
28 78
28 81
28 82
28 83
28 87
28 88
28 89
28 90
28 91
28 95
28 97
28 98
29 33
29 35
29 36
29 38
29 47
29 54
29 59
29 60
29 62
29 65
29 66
29 69
29 75
29 77
29 78
29 80
29 87
29 90
29 91
29 92
29 94
29 97
29 98
29 99
30 32
30 33
30 35
30 36
30 39
30 43
30 46
30 47
30 48
30 49
30 54
30 55
30 57
30 60
30 61
30 62
30 64
30 65
30 66
30 67
30 68
30 70
30 71
30 72
30 73
30 74
30 75
30 77
30 78
30 79
30 82
30 83
30 86
30 87
30 88
30 89
30 92
30 94
30 96
30 97
30 99
31 33
31 35
31 40
31 41
31 50
31 51
31 52
31 53
31 55
31 58
31 59
31 61
31 62
31 63
31 64
31 65
31 68
31 69
31 71
31 72
31 74
31 77
31 82
31 85
31 87
31 89
31 91
31 93
31 94
31 97
31 99
32 33
32 36
32 37
32 40
32 42
32 43
32 45
32 47
32 49
32 50
32 51
32 52
32 60
32 61
32 63
32 71
32 76
32 77
32 78
32 79
32 80
32 81
32 84
32 86
32 88
32 89
32 90
32 91
32 93
32 98
32 99
33 35
33 38
33 39
33 40
33 43
33 45
33 47
33 49
33 50
33 52
33 55
33 58
33 60
33 62
33 66
33 69
33 70
33 72
33 78
33 82
33 83
33 85
33 88
33 89
33 90
33 93
33 94
33 95
34 35
34 36
34 38
34 41
34 42
34 43
34 44
34 47
34 53
34 54
34 55
34 56
34 57
34 61
34 63
34 64
34 65
34 67
34 68
34 69
34 70
34 71
34 72
34 73
34 74
34 76
34 78
34 79
34 81
34 82
34 84
34 86
34 88
34 90
34 92
34 94
34 95
34 96
35 39
35 42
35 45
35 46
35 47
35 48
35 49
35 50
35 53
35 54
35 55
35 56
35 58
35 59
35 61
35 63
35 64
35 67
35 68
35 70
35 71
35 72
35 75
35 78
35 79
35 80
35 81
35 82
35 83
35 84
35 85
35 86
35 87
35 90
35 92
35 94
35 95
35 96
35 99
36 37
36 38
36 39
36 40
36 42
36 45
36 47
36 53
36 56
36 57
36 59
36 60
36 63
36 64
36 66
36 69
36 70
36 71
36 72
36 75
36 77
36 79
36 80
36 82
36 83
36 84
36 87
36 88
36 90
36 91
36 98
36 99
37 39
37 42
37 44
37 45
37 46
37 47
37 48
37 49
37 51
37 53
37 54
37 55
37 56
37 58
37 59
37 61
37 62
37 63
37 65
37 70
37 73
37 75
37 76
37 83
37 87
37 90
37 92
37 94
37 95
37 97
37 98
38 40
38 41
38 43
38 44
38 45
38 47
38 51
38 54
38 56
38 58
38 59
38 62
38 63
38 66
38 67
38 69
38 71
38 73
38 75
38 79
38 80
38 83
38 85
38 86
38 87
38 89
38 91
38 92
38 93
38 96
38 97
38 98
39 40
39 41
39 43
39 46
39 49
39 51
39 52
39 53
39 55
39 56
39 60
39 63
39 64
39 68
39 69
39 71
39 73
39 74
39 76
39 77
39 79
39 81
39 83
39 86
39 87
39 88
39 89
39 90
39 93
39 94
39 95
39 96
39 98
39 99
40 43
40 44
40 45
40 46
40 47
40 48
40 49
40 50
40 51
40 52
40 53
40 57
40 60
40 61
40 64
40 67
40 69
40 70
40 71
40 77
40 81
40 84
40 89
40 92
40 93
40 97
41 44
41 45
41 48
41 50
41 53
41 54
41 55
41 56
41 57
41 59
41 60
41 61
41 64
41 67
41 68
41 77
41 81
41 84
41 87
41 88
41 89
41 92
41 94
41 97
41 98
41 99
42 44
42 45
42 46
42 50
42 51
42 52
42 53
42 55
42 57
42 58
42 59
42 60
42 61
42 63
42 64
42 65
42 70
42 73
42 74
42 75
42 77
42 78
42 79
42 81
42 82
42 83
42 85
42 87
42 89
42 91
42 93
42 94
42 97
42 99
43 44
43 52
43 54
43 55
43 57
43 58
43 60
43 63
43 65
43 66
43 71
43 72
43 73
43 74
43 75
43 76
43 77
43 82
43 83
43 85
43 86
43 89
43 95
43 97
44 45
44 48
44 53
44 55
44 58
44 62
44 65
44 68
44 69
44 72
44 73
44 74
44 79
44 80
44 81
44 82
44 86
44 87
44 90
44 93
44 94
44 96
44 97
44 98
44 99
45 46
45 49
45 56
45 57
45 58
45 59
45 61
45 62
45 63
45 64
45 65
45 66
45 69
45 71
45 73
45 74
45 77
45 80
45 81
45 83
45 85
45 89
45 92
45 94
45 97
45 98
46 48
46 49
46 52
46 55
46 56
46 60
46 62
46 63
46 64
46 65
46 67
46 68
46 71
46 72
46 73
46 74
46 75
46 76
46 78
46 79
46 80
46 82
46 86
46 90
46 91
46 92
46 94
46 96
46 97
47 49
47 51
47 52
47 53
47 54
47 55
47 56
47 57
47 58
47 59
47 60
47 62
47 65
47 66
47 68
47 69
47 70
47 73
47 75
47 76
47 79
47 80
47 81
47 83
47 84
47 85
47 87
47 89
47 90
47 91
47 92
47 97
47 98
47 99
48 49
48 50
48 51
48 54
48 56
48 58
48 59
48 65
48 66
48 68
48 69
48 72
48 73
48 75
48 77
48 78
48 80
48 82
48 86
48 87
48 88
48 90
48 91
48 92
48 93
48 94
48 95
48 98
49 50
49 51
49 52
49 54
49 56
49 62
49 63
49 65
49 73
49 77
49 79
49 81
49 85
49 87
49 89
49 90
49 91
49 93
49 94
49 95
49 96
49 97
50 51
50 52
50 53
50 56
50 58
50 61
50 63
50 67
50 68
50 70
50 72
50 73
50 74
50 79
50 80
50 82
50 87
50 89
50 91
50 92
50 94
50 95
51 52
51 54
51 55
51 57
51 58
51 59
51 61
51 62
51 64
51 65
51 66
51 69
51 70
51 72
51 74
51 75
51 76
51 77
51 80
51 83
51 84
51 85
51 90
51 91
51 92
51 93
51 94
51 97
51 99
52 56
52 57
52 63
52 65
52 66
52 67
52 72
52 80
52 81
52 87
52 89
52 90
52 94
52 95
53 54
53 55
53 56
53 59
53 60
53 64
53 66
53 68
53 69
53 72
53 73
53 74
53 76
53 77
53 78
53 79
53 80
53 81
53 82
53 83
53 85
53 88
53 91
53 92
53 95
53 97
53 99
54 55
54 56
54 60
54 61
54 62
54 63
54 64
54 65
54 67
54 69
54 70
54 71
54 77
54 78
54 79
54 80
54 81
54 82
54 84
54 85
54 86
54 87
54 89
54 90
54 95
54 96
54 97
54 98
54 99
55 56
55 59
55 60
55 64
55 65
55 66
55 68
55 70
55 72
55 73
55 74
55 77
55 78
55 82
55 83
55 84
55 88
55 90
55 91
55 92
55 94
55 96
55 97
55 99
56 57
56 58
56 59
56 61
56 62
56 63
56 64
56 65
56 68
56 70
56 72
56 73
56 74
56 76
56 80
56 81
56 82
56 83
56 84
56 85
56 89
56 91
56 94
56 95
56 97
56 98
57 58
57 60
57 61
57 62
57 63
57 67
57 69
57 70
57 71
57 73
57 76
57 77
57 78
57 79
57 85
57 89
57 90
57 93
57 94
57 95
57 98
57 99
58 60
58 61
58 62
58 69
58 70
58 72
58 73
58 74
58 76
58 77
58 78
58 79
58 80
58 81
58 83
58 84
58 85
58 86
58 90
58 92
58 93
58 96
58 97
59 63
59 64
59 65
59 66
59 68
59 71
59 72
59 73
59 76
59 77
59 78
59 79
59 81
59 82
59 83
59 84
59 86
59 89
59 90
59 94
59 96
59 98
59 99
60 61
60 67
60 69
60 71
60 79
60 80
60 81
60 82
60 86
60 87
60 89
60 93
60 95
60 96
60 97
60 98
60 99
61 63
61 66
61 68
61 71
61 73
61 75
61 81
61 84
61 85
61 88
61 89
61 94
61 97
61 99
62 64
62 66
62 68
62 69
62 70
62 71
62 73
62 74
62 77
62 80
62 81
62 82
62 83
62 85
62 90
62 94
62 95
62 96
63 65
63 67
63 68
63 70
63 71
63 73
63 74
63 75
63 76
63 77
63 81
63 84
63 86
63 88
63 90
63 91
63 92
63 93
63 94
63 96
63 97
63 99
64 67
64 68
64 69
64 70
64 74
64 78
64 79
64 85
64 90
64 91
64 92
64 94
64 95
64 97
64 98
64 99
65 66
65 69
65 71
65 72
65 73
65 74
65 75
65 76
65 77
65 78
65 79
65 80
65 85
65 90
65 92
65 93
65 94
65 96
65 98
65 99
66 68
66 69
66 70
66 71
66 75
66 77
66 82
66 83
66 86
66 88
66 89
66 90
66 91
66 96
66 99
67 68
67 72
67 73
67 74
67 77
67 78
67 81
67 83
67 86
67 88
67 89
67 90
67 91
67 92
67 94
67 95
67 97
67 98
68 71
68 72
68 76
68 77
68 79
68 83
68 85
68 86
68 88
68 91
68 94
68 96
68 97
69 70
69 73
69 77
69 78
69 80
69 81
69 85
69 88
69 89
69 90
69 91
69 93
69 94
69 97
70 72
70 73
70 76
70 77
70 81
70 82
70 85
70 87
70 93
70 94
70 95
70 99
71 72
71 73
71 74
71 75
71 79
71 80
71 82
71 83
71 84
71 85
71 86
71 90
71 92
71 93
71 94
71 96
71 97
71 98
71 99
72 74
72 78
72 87
72 88
72 89
72 91
72 93
72 94
72 95
72 96
72 97
73 78
73 85
73 86
73 87
73 90
73 92
73 93
73 94
73 95
73 96
73 97
73 98
73 99
74 76
74 77
74 78
74 79
74 81
74 82
74 83
74 86
74 87
74 88
74 89
74 91
74 92
74 93
74 94
74 95
74 96
74 97
74 99
75 76
75 78
75 80
75 81
75 82
75 87
75 88
75 89
75 90
75 92
75 98
76 77
76 79
76 80
76 81
76 83
76 85
76 86
76 87
76 89
76 94
76 95
76 97
76 99
77 80
77 81
77 89
77 90
77 91
77 95
77 96
77 97
78 80
78 81
78 83
78 85
78 87
78 88
78 89
78 92
78 96
78 99
79 80
79 82
79 85
79 86
79 87
79 88
79 89
79 91
79 96
79 98
80 82
80 83
80 88
80 89
80 91
80 94
80 95
80 96
80 98
80 99
81 84
81 86
81 88
81 92
81 94
81 96
81 97
81 98
82 83
82 84
82 87
82 89
82 91
82 92
82 94
82 95
82 97
82 98
82 99
83 84
83 85
83 87
83 92
83 94
83 95
83 97
83 99
84 86
84 89
84 90
84 91
84 92
84 93
84 94
84 95
84 96
84 98
84 99
85 86
85 89
85 91
85 92
85 96
86 87
86 88
86 89
86 90
86 91
86 94
86 95
86 96
86 98
86 99
87 94
87 95
87 96
87 97
87 98
87 99
88 89
88 90
88 92
88 93
88 94
88 95
88 96
88 97
88 98
89 90
89 92
89 93
89 95
89 97
89 98
89 99
90 93
90 98
90 99
91 93
91 97
91 98
91 99
92 93
92 94
92 97
92 98
92 99
93 95
93 97
93 98
94 97
94 98
94 99
95 97
95 99
97 99
98 99
