0 1
0 3
0 4
0 5
0 10
0 12
0 13
0 17
0 18
0 20
0 22
0 25
0 26
0 28
0 32
0 34
0 35
0 37
0 41
0 45
0 46
0 47
0 51
0 54
0 65
0 69
0 70
0 71
0 73
0 77
0 81
0 83
0 84
0 85
0 87
0 89
0 91
0 93
0 94
0 95
0 97
0 98
0 99
1 2
1 3
1 4
1 6
1 7
1 8
1 11
1 13
1 16
1 17
1 19
1 20
1 22
1 28
1 30
1 32
1 33
1 36
1 37
1 39
1 40
1 45
1 49
1 51
1 52
1 54
1 55
1 56
1 58
1 62
1 64
1 66
1 68
1 75
1 79
1 81
1 85
1 87
1 90
1 91
1 93
1 94
1 95
1 97
1 98
2 5
2 7
2 8
2 9
2 10
2 12
2 15
2 17
2 22
2 25
2 26
2 28
2 29
2 30
2 32
2 35
2 37
2 38
2 40
2 41
2 42
2 43
2 44
2 45
2 46
2 48
2 49
2 50
2 51
2 52
2 54
2 56
2 57
2 59
2 60
2 63
2 65
2 66
2 69
2 70
2 73
2 75
2 76
2 78
2 80
2 81
2 85
2 89
2 94
2 96
2 97
2 99
3 5
3 7
3 8
3 12
3 14
3 15
3 17
3 19
3 24
3 26
3 29
3 31
3 38
3 39
3 40
3 41
3 46
3 47
3 52
3 54
3 55
3 56
3 58
3 59
3 60
3 62
3 63
3 65
3 69
3 70
3 71
3 72
3 73
3 75
3 76
3 77
3 84
3 85
3 87
3 89
3 90
3 96
3 98
4 5
4 7
4 12
4 14
4 16
4 17
4 20
4 21
4 26
4 28
4 30
4 32
4 33
4 34
4 36
4 37
4 39
4 40
4 41
4 42
4 44
4 45
4 48
4 50
4 51
4 52
4 53
4 54
4 56
4 61
4 63
4 67
4 69
4 71
4 74
4 75
4 76
4 77
4 79
4 82
4 83
4 87
4 90
4 94
4 95
4 96
4 98
5 7
5 8
5 9
5 10
5 12
5 13
5 19
5 21
5 22
5 25
5 27
5 31
5 32
5 33
5 34
5 36
5 38
5 39
5 44
5 45
5 47
5 49
5 51
5 56
5 58
5 69
5 73
5 76
5 77
5 78
5 80
5 81
5 83
5 86
5 87
5 90
5 92
5 93
5 94
5 96
5 98
5 99
6 7
6 8
6 9
6 11
6 12
6 13
6 16
6 17
6 23
6 25
6 27
6 32
6 33
6 36
6 37
6 38
6 39
6 40
6 43
6 44
6 47
6 49
6 50
6 52
6 56
6 59
6 60
6 61
6 63
6 65
6 67
6 71
6 74
6 75
6 79
6 81
6 90
6 93
6 94
6 97
6 98
7 12
7 14
7 18
7 19
7 20
7 21
7 24
7 25
7 27
7 29
7 30
7 31
7 33
7 35
7 39
7 44
7 45
7 46
7 48
7 50
7 51
7 54
7 55
7 57
7 60
7 61
7 62
7 63
7 66
7 68
7 71
7 75
7 76
7 80
7 81
7 82
7 84
7 86
7 90
7 92
7 94
7 95
7 98
7 99
8 10
8 13
8 14
8 15
8 20
8 21
8 23
8 27
8 29
8 32
8 34
8 35
8 36
8 37
8 41
8 42
8 44
8 46
8 47
8 48
8 49
8 50
8 53
8 55
8 57
8 58
8 59
8 61
8 62
8 63
8 65
8 67
8 69
8 74
8 76
8 79
8 80
8 85
8 88
8 89
8 90
8 92
8 94
8 98
9 11
9 12
9 13
9 14
9 15
9 17
9 18
9 19
9 22
9 29
9 30
9 31
9 32
9 34
9 35
9 38
9 39
9 40
9 41
9 44
9 45
9 46
9 47
9 50
9 51
9 53
9 57
9 58
9 63
9 64
9 65
9 66
9 68
9 69
9 71
9 72
9 73
9 74
9 76
9 77
9 78
9 84
9 87
9 88
9 89
9 91
9 92
9 96
10 11
10 13
10 14
10 16
10 17
10 20
10 21
10 22
10 23
10 27
10 28
10 29
10 31
10 33
10 36
10 41
10 42
10 44
10 46
10 47
10 48
10 50
10 51
10 52
10 53
10 54
10 56
10 60
10 61
10 62
10 65
10 67
10 70
10 72
10 75
10 78
10 79
10 81
10 82
10 84
10 85
10 86
10 87
10 91
10 92
10 93
10 94
10 96
10 98
11 12
11 13
11 14
11 15
11 17
11 19
11 21
11 22
11 23
11 24
11 27
11 28
11 30
11 32
11 33
11 34
11 35
11 37
11 38
11 39
11 40
11 41
11 42
11 44
11 45
11 46
11 50
11 51
11 53
11 59
11 61
11 62
11 66
11 69
11 75
11 76
11 78
11 80
11 82
11 84
11 86
11 88
11 91
11 92
11 93
11 96
11 97
12 16
12 18
12 19
12 22
12 26
12 28
12 29
12 31
12 33
12 34
12 38
12 40
12 47
12 49
12 50
12 51
12 55
12 56
12 57
12 58
12 59
12 61
12 62
12 63
12 67
12 70
12 74
12 75
12 76
12 77
12 80
12 81
12 83
12 86
12 88
12 91
12 95
13 14
13 19
13 21
13 22
13 23
13 26
13 27
13 29
13 32
13 34
13 36
13 39
13 40
13 42
13 45
13 46
13 47
13 49
13 53
13 55
13 58
13 59
13 60
13 64
13 66
13 67
13 69
13 70
13 71
13 76
13 77
13 78
13 79
13 80
13 83
13 85
13 87
13 88
13 95
13 97
13 98
13 99
14 15
14 18
14 21
14 22
14 23
14 24
14 26
14 29
14 30
14 31
14 33
14 38
14 39
14 40
14 45
14 48
14 50
14 52
14 53
14 54
14 55
14 56
14 57
14 58
14 61
14 65
14 66
14 69
14 72
14 74
14 77
14 78
14 84
14 87
14 88
14 90
14 91
14 95
15 16
15 21
15 23
15 24
15 25
15 27
15 29
15 30
15 34
15 37
15 38
15 40
15 43
15 44
15 48
15 49
15 52
15 58
15 59
15 60
15 61
15 63
15 66
15 68
15 69
15 70
15 73
15 74
15 75
15 77
15 79
15 81
15 82
15 86
15 91
15 92
15 98
15 99
16 17
16 20
16 25
16 26
16 28
16 31
16 32
16 37
16 38
16 39
16 41
16 44
16 45
16 48
16 49
16 51
16 55
16 56
16 57
16 60
16 61
16 64
16 66
16 67
16 69
16 70
16 72
16 75
16 78
16 82
16 83
16 84
16 88
16 92
16 93
16 95
16 98
17 20
17 21
17 23
17 25
17 26
17 27
17 32
17 33
17 38
17 39
17 40
17 42
17 43
17 46
17 47
17 49
17 50
17 51
17 52
17 57
17 58
17 60
17 61
17 62
17 63
17 67
17 69
17 71
17 73
17 77
17 78
17 79
17 80
17 84
17 85
17 86
17 90
17 91
17 92
17 93
17 97
17 98
17 99
18 19
18 24
18 25
18 27
18 28
18 29
18 37
18 39
18 40
18 41
18 43
18 44
18 48
18 49
18 50
18 52
18 53
18 54
18 57
18 59
18 60
18 61
18 65
18 66
18 70
18 71
18 72
18 74
18 75
18 78
18 79
18 80
18 86
18 87
18 91
18 92
18 96
18 97
18 99
19 24
19 26
19 29
19 30
19 33
19 34
19 37
19 38
19 39
19 41
19 42
19 44
19 45
19 48
19 49
19 51
19 53
19 54
19 56
19 58
19 59
19 61
19 63
19 65
19 68
19 69
19 71
19 72
19 74
19 77
19 81
19 84
19 89
19 90
19 93
19 94
19 97
19 99
20 23
20 26
20 27
20 30
20 31
20 32
20 33
20 34
20 37
20 38
20 39
20 41
20 44
20 45
20 47
20 49
20 56
20 57
20 58
20 62
20 63
20 66
20 69
20 78
20 79
20 81
20 82
20 84
20 86
20 87
20 89
20 90
20 91
20 92
20 93
20 95
20 96
20 99
21 24
21 26
21 28
21 29
21 31
21 33
21 34
21 35
21 36
21 39
21 42
21 44
21 47
21 54
21 56
21 58
21 59
21 61
21 63
21 64
21 66
21 67
21 69
21 70
21 73
21 74
21 75
21 77
21 78
21 79
21 84
21 86
21 88
21 89
21 90
21 92
21 95
21 97
21 98
21 99
22 23
22 25
22 26
22 30
22 32
22 33
22 35
22 36
22 38
22 43
22 44
22 46
22 47
22 53
22 55
22 61
22 62
22 63
22 64
22 67
22 70
22 71
22 74
22 75
22 76
22 77
22 78
22 79
22 81
22 83
22 86
22 88
22 89
22 90
22 93
22 94
22 95
22 96
23 24
23 26
23 27
23 29
23 32
23 34
23 35
23 37
23 38
23 39
23 40
23 41
23 43
23 44
23 46
23 49
23 50
23 51
23 53
23 63
23 67
23 68
23 69
23 70
23 71
23 73
23 74
23 75
23 76
23 84
23 86
23 91
23 94
23 95
23 98
24 25
24 28
24 32
24 33
24 35
24 36
24 37
24 38
24 39
24 40
24 42
24 46
24 49
24 50
24 51
24 56
24 57
24 59
24 61
24 63
24 64
24 67
24 68
24 72
24 73
24 74
24 80
24 82
24 83
24 84
24 85
24 86
24 87
24 88
24 89
24 91
24 93
24 95
24 96
24 97
25 26
25 27
25 36
25 37
25 42
25 46
25 52
25 53
25 54
25 55
25 56
25 57
25 58
25 59
25 60
25 61
25 63
25 64
25 65
25 66
25 67
25 68
25 69
25 70
25 73
25 74
25 79
25 81
25 82
25 83
25 89
25 93
25 94
25 96
25 97
25 98
25 99
26 29
26 30
26 32
26 33
26 34
26 35
26 36
26 40
26 42
26 43
26 46
26 48
26 49
26 50
26 55
26 57
26 59
26 60
26 61
26 62
26 66
26 69
26 75
26 77
26 78
26 79
26 81
26 84
26 89
26 92
26 96
26 98
26 99
27 28
27 29
27 30
27 32
27 34
27 36
27 37
27 41
27 42
27 44
27 45
27 46
27 48
27 51
27 53
27 55
27 58
27 59
27 60
27 62
27 63
27 64
27 65
27 67
27 68
27 69
27 70
27 71
27 73
27 74
27 78
27 81
27 82
27 84
27 86
27 88
27 92
27 93
27 94
27 95
27 96
27 98
27 99
28 30
28 34
28 35
28 41
28 42
28 43
28 44
28 46
28 48
28 51
28 53
28 54
28 57
28 58
28 59
28 60
28 61
28 62
28 63
28 64
28 65
28 66
28 67
28 69
28 74
28 76
28 77
28 79
28 83
28 84
28 88
28 89
28 91
28 92
28 93
28 94
28 95
28 98
29 33
29 34
29 36
29 40
29 41
29 42
29 43
29 44
29 47
29 50
29 52
29 53
29 58
29 59
29 60
29 63
29 66
29 67
29 68
29 69
29 70
29 71
29 72
29 73
29 74
29 76
29 78
29 79
29 80
29 81
29 82
29 86
29 87
29 88
29 90
29 91
29 93
29 95
29 96
29 98
29 99
30 31
30 32
30 33
30 34
30 35
30 36
30 37
30 41
30 45
30 46
30 47
30 48
30 50
30 51
30 52
30 53
30 55
30 60
30 62
30 63
30 65
30 68
30 69
30 71
30 74
30 75
30 76
30 77
30 78
30 81
30 83
30 85
30 86
30 90
30 91
30 92
30 94
30 95
30 96
30 97
30 98
31 33
31 34
31 35
31 37
31 39
31 40
31 41
31 43
31 44
31 46
31 49
31 53
31 58
31 59
31 60
31 66
31 67
31 69
31 71
31 73
31 75
31 79
31 80
31 84
31 86
31 89
31 93
31 94
31 96
31 97
31 98
32 34
32 36
32 38
32 39
32 42
32 43
32 44
32 46
32 47
32 48
32 50
32 52
32 54
32 55
32 58
32 59
32 68
32 70
32 71
32 74
32 75
32 76
32 79
32 82
32 83
32 84
32 85
32 86
32 88
32 90
32 92
32 95
32 96
32 97
32 98
32 99
33 41
33 43
33 44
33 51
33 52
33 57
33 58
33 59
33 61
33 63
33 67
33 71
33 72
33 73
33 76
33 77
33 78
33 79
33 82
33 84
33 88
33 90
33 91
33 92
33 93
33 95
33 96
33 99
34 36
34 41
34 45
34 52
34 54
34 55
34 56
34 62
34 67
34 68
34 69
34 70
34 71
34 72
34 74
34 76
34 77
34 78
34 80
34 81
34 83
34 84
34 87
34 88
34 89
34 93
34 97
34 98
34 99
35 36
35 37
35 39
35 40
35 42
35 44
35 47
35 48
35 49
35 50
35 51
35 57
35 60
35 62
35 64
35 67
35 71
35 76
35 77
35 79
35 81
35 82
35 83
35 85
35 86
35 87
35 90
35 92
35 93
35 94
35 95
35 99
36 37
36 38
36 39
36 40
36 42
36 45
36 46
36 48
36 49
36 51
36 52
36 61
36 64
36 65
36 66
36 70
36 71
36 72
36 74
36 75
36 76
36 77
36 79
36 80
36 82
36 88
36 89
36 90
36 91
36 93
36 95
36 96
36 98
36 99
37 39
37 40
37 43
37 47
37 52
37 53
37 55
37 58
37 59
37 60
37 62
37 66
37 69
37 70
37 74
37 77
37 80
37 81
37 84
37 85
37 88
37 89
37 91
37 92
37 93
37 94
37 95
38 40
38 41
38 42
38 43
38 44
38 46
38 51
38 57
38 62
38 63
38 68
38 69
38 71
38 78
38 83
38 84
38 86
38 88
38 89
38 90
38 92
38 95
38 98
38 99
39 40
39 43
39 44
39 48
39 50
39 56
39 57
39 58
39 62
39 63
39 64
39 66
39 69
39 73
39 74
39 75
39 77
39 79
39 80
39 86
39 87
39 89
39 90
39 91
39 92
39 93
39 94
39 95
39 98
39 99
40 42
40 43
40 44
40 46
40 47
40 48
40 50
40 51
40 52
40 53
40 57
40 59
40 60
40 63
40 64
40 67
40 68
40 72
40 75
40 76
40 77
40 79
40 80
40 81
40 83
40 85
40 90
40 92
40 93
40 94
40 98
40 99
41 43
41 44
41 45
41 46
41 47
41 49
41 51
41 52
41 53
41 54
41 55
41 59
41 60
41 61
41 64
41 66
41 75
41 78
41 79
41 80
41 84
41 85
41 89
41 90
41 91
41 93
41 95
41 96
41 97
41 98
41 99
42 43
42 46
42 48
42 49
42 51
42 52
42 54
42 55
42 59
42 61
42 62
42 66
42 67
42 68
42 74
42 75
42 78
42 79
42 80
42 81
42 82
42 83
42 85
42 87
42 88
42 89
42 90
42 94
42 95
42 99
43 44
43 46
43 47
43 49
43 50
43 54
43 57
43 58
43 59
43 60
43 62
43 65
43 66
43 71
43 72
43 74
43 75
43 76
43 78
43 79
43 80
43 81
43 82
43 84
43 87
43 91
43 93
44 45
44 47
44 48
44 49
44 50
44 52
44 53
44 60
44 61
44 63
44 64
44 66
44 67
44 68
44 74
44 76
44 77
44 78
44 81
44 85
44 86
44 87
44 88
44 89
44 90
44 92
44 93
44 95
44 98
44 99
45 46
45 47
45 49
45 54
45 56
45 57
45 58
45 60
45 61
45 64
45 66
45 68
45 69
45 70
45 73
45 74
45 75
45 77
45 78
45 79
45 81
45 82
45 83
45 86
45 87
45 88
45 90
45 91
45 96
45 97
45 98
45 99
46 48
46 51
46 52
46 53
46 55
46 57
46 58
46 59
46 62
46 65
46 68
46 69
46 74
46 76
46 79
46 81
46 83
46 85
46 86
46 87
46 88
46 92
46 94
46 95
46 96
46 99
47 48
47 49
47 50
47 51
47 52
47 53
47 54
47 56
47 58
47 59
47 64
47 65
47 66
47 67
47 68
47 69
47 70
47 74
47 76
47 78
47 79
47 81
47 82
47 84
47 85
47 89
47 91
47 93
47 94
47 96
47 97
47 98
48 50
48 52
48 53
48 54
48 59
48 60
48 61
48 62
48 66
48 73
48 74
48 77
48 78
48 79
48 80
48 81
48 84
48 86
48 87
48 88
48 89
48 90
48 92
48 93
48 96
48 97
48 98
48 99
49 50
49 51
49 52
49 54
49 55
49 56
49 57
49 59
49 60
49 63
49 67
49 68
49 69
49 70
49 72
49 73
49 74
49 76
49 77
49 81
49 82
49 83
49 84
49 85
49 86
49 87
49 93
49 94
49 95
49 96
49 97
49 99
50 53
50 58
50 62
50 63
50 68
50 69
50 70
50 71
50 74
50 75
50 76
50 77
50 78
50 79
50 80
50 81
50 82
50 83
50 86
50 87
50 89
50 91
50 92
50 93
51 52
51 53
51 54
51 55
51 56
51 57
51 61
51 63
51 66
51 67
51 70
51 72
51 73
51 76
51 77
51 78
51 80
51 81
51 83
51 84
51 87
51 88
51 89
51 90
51 92
51 96
51 99
52 55
52 56
52 60
52 62
52 63
52 65
52 69
52 72
52 78
52 79
52 81
52 82
52 86
52 87
52 92
52 93
52 96
52 99
53 57
53 58
53 59
53 61
53 62
53 63
53 64
53 65
53 68
53 74
53 75
53 76
53 79
53 81
53 83
53 84
53 87
53 89
53 92
53 93
54 55
54 63
54 64
54 65
54 69
54 71
54 73
54 76
54 79
54 83
54 84
54 85
54 88
54 89
54 90
54 92
54 94
54 95
54 96
54 97
54 98
55 56
55 59
55 61
55 62
55 63
55 64
55 65
55 66
55 67
55 68
55 70
55 71
55 73
55 78
55 79
55 81
55 82
55 84
55 88
55 90
55 93
55 95
55 99
56 58
56 60
56 62
56 63
56 64
56 66
56 69
56 70
56 72
56 77
56 80
56 81
56 86
56 88
56 92
56 96
56 97
56 98
56 99
57 58
57 59
57 60
57 63
57 67
57 70
57 71
57 72
57 73
57 76
57 78
57 82
57 83
57 86
57 87
57 89
57 91
57 92
57 93
57 99
58 60
58 61
58 62
58 63
58 67
58 69
58 70
58 71
58 75
58 77
58 78
58 79
58 81
58 85
58 86
58 88
58 92
58 93
58 94
58 97
58 99
59 60
59 61
59 64
59 68
59 69
59 70
59 71
59 74
59 77
59 78
59 79
59 80
59 81
59 83
59 87
59 91
59 92
59 94
59 95
59 97
59 98
59 99
60 62
60 64
60 65
60 67
60 68
60 69
60 72
60 73
60 74
60 75
60 76
60 80
60 81
60 82
60 84
60 85
60 86
60 87
60 88
60 90
60 92
60 93
60 96
61 62
61 63
61 65
61 66
61 68
61 72
61 74
61 75
61 77
61 81
61 82
61 85
61 88
61 91
61 92
61 95
61 98
62 65
62 69
62 71
62 72
62 73
62 74
62 76
62 77
62 78
62 79
62 80
62 84
62 85
62 86
62 87
62 91
62 92
62 93
62 94
62 97
62 98
62 99
63 67
63 68
63 69
63 73
63 75
63 77
63 79
63 80
63 81
63 86
63 89
63 90
63 91
63 92
63 93
63 94
63 97
64 68
64 70
64 71
64 73
64 76
64 77
64 78
64 79
64 80
64 82
64 83
64 84
64 85
64 86
64 87
64 88
64 96
65 66
65 67
65 71
65 72
65 73
65 74
65 76
65 81
65 83
65 85
65 88
65 91
65 94
65 96
65 97
65 98
66 67
66 68
66 70
66 72
66 73
66 74
66 75
66 77
66 78
66 80
66 82
66 85
66 86
66 88
66 89
66 91
66 96
66 98
67 71
67 73
67 75
67 76
67 77
67 78
67 79
67 80
67 81
67 82
67 84
67 88
67 91
67 92
67 93
68 70
68 71
68 72
68 75
68 76
68 77
68 78
68 79
68 82
68 83
68 86
68 88
68 91
68 92
68 93
68 98
68 99
69 70
69 73
69 76
69 78
69 79
69 81
69 82
69 83
69 84
69 86
69 87
69 89
69 90
69 91
69 92
69 93
69 95
69 96
70 74
70 75
70 76
70 77
70 78
70 80
70 85
70 86
70 89
70 92
70 93
70 94
70 95
70 97
71 72
71 75
71 76
71 77
71 79
71 80
71 82
71 83
71 86
71 90
71 91
71 92
71 93
71 96
71 97
71 98
72 75
72 76
72 79
72 80
72 82
72 83
72 84
72 87
72 88
72 90
72 94
72 97
72 99
73 75
73 76
73 77
73 79
73 81
73 82
73 88
73 89
73 90
73 91
73 92
73 95
73 96
73 97
74 75
74 76
74 77
74 78
74 79
74 80
74 81
74 82
74 87
74 88
74 89
74 91
74 94
74 98
75 81
75 84
75 87
75 88
75 89
75 90
75 94
75 96
76 79
76 80
76 81
76 85
76 87
76 88
76 90
76 92
76 94
76 95
76 96
76 97
77 78
77 82
77 83
77 85
77 86
77 87
77 88
77 89
77 90
77 91
77 99
78 79
78 80
78 82
78 83
78 84
78 87
78 90
78 91
78 93
78 94
78 97
78 98
79 80
79 81
79 82
79 87
79 89
79 90
79 92
79 94
79 97
79 98
79 99
80 83
80 90
80 93
80 98
80 99
81 82
81 83
81 84
81 86
81 88
81 89
81 90
81 91
81 92
81 93
81 96
81 98
81 99
82 83
82 86
82 90
82 91
82 93
82 94
82 97
82 99
83 84
83 87
83 88
83 89
83 92
83 94
83 97
83 98
83 99
84 85
84 86
84 87
84 88
84 89
84 92
84 93
84 95
84 98
84 99
85 88
85 90
85 91
85 93
85 95
85 96
85 97
85 98
86 87
86 88
86 89
86 90
86 93
86 94
86 96
86 98
86 99
87 90
87 93
87 95
87 96
87 98
87 99
88 89
88 91
88 94
88 97
88 99
89 90
89 92
89 94
89 95
89 97
89 98
90 91
90 93
90 97
90 98
90 99
91 92
91 93
91 95
91 99
92 93
92 94
92 96
92 98
93 94
93 96
93 98
94 95
94 96
94 97
95 96
95 98
95 99
97 98
98 99
