0 2
0 3
0 4
0 5
0 6
0 10
0 11
0 14
0 17
0 18
0 19
0 23
0 24
0 26
0 28
0 31
0 33
0 34
0 35
0 36
0 41
0 45
0 47
0 50
0 51
0 53
0 54
0 56
0 58
0 60
0 61
0 62
0 64
0 65
0 70
0 73
0 74
0 75
0 76
0 77
0 78
0 79
0 83
0 84
0 87
0 89
0 90
0 93
0 95
1 2
1 4
1 5
1 7
1 8
1 10
1 15
1 17
1 18
1 20
1 21
1 23
1 24
1 25
1 26
1 29
1 31
1 33
1 36
1 38
1 40
1 42
1 43
1 46
1 49
1 50
1 52
1 55
1 59
1 61
1 62
1 63
1 65
1 66
1 67
1 70
1 73
1 76
1 77
1 80
1 81
1 82
1 83
1 85
1 87
1 93
1 96
1 98
2 3
2 4
2 5
2 6
2 8
2 9
2 11
2 13
2 14
2 16
2 17
2 18
2 22
2 24
2 25
2 26
2 27
2 28
2 30
2 31
2 33
2 36
2 38
2 40
2 41
2 42
2 44
2 46
2 47
2 48
2 49
2 52
2 53
2 54
2 56
2 57
2 58
2 64
2 65
2 68
2 70
2 71
2 72
2 73
2 74
2 75
2 79
2 81
2 82
2 84
2 86
2 87
2 92
2 93
2 95
2 96
3 5
3 7
3 8
3 12
3 13
3 15
3 16
3 18
3 19
3 20
3 22
3 23
3 27
3 28
3 29
3 31
3 32
3 34
3 36
3 39
3 43
3 46
3 47
3 51
3 52
3 55
3 57
3 59
3 60
3 61
3 64
3 68
3 69
3 71
3 72
3 75
3 80
3 81
3 82
3 88
3 89
3 90
3 94
4 5
4 6
4 7
4 13
4 14
4 15
4 17
4 19
4 20
4 23
4 24
4 25
4 27
4 29
4 30
4 32
4 33
4 34
4 35
4 36
4 40
4 45
4 48
4 49
4 51
4 53
4 56
4 59
4 61
4 62
4 63
4 66
4 69
4 71
4 72
4 77
4 79
4 80
4 81
4 83
4 84
4 93
4 95
4 96
4 98
5 9
5 10
5 11
5 15
5 18
5 21
5 22
5 24
5 28
5 31
5 36
5 37
5 38
5 40
5 44
5 45
5 49
5 51
5 52
5 55
5 56
5 57
5 58
5 61
5 64
5 65
5 67
5 69
5 71
5 73
5 74
5 77
5 78
5 81
5 82
5 85
5 86
5 87
5 88
5 96
5 98
6 7
6 8
6 10
6 11
6 13
6 14
6 15
6 16
6 17
6 18
6 19
6 21
6 24
6 27
6 30
6 32
6 33
6 34
6 37
6 39
6 40
6 41
6 42
6 47
6 51
6 52
6 57
6 58
6 60
6 62
6 63
6 67
6 68
6 70
6 73
6 74
6 77
6 79
6 80
6 83
6 85
6 86
6 89
6 91
6 92
6 93
6 97
7 9
7 10
7 16
7 17
7 18
7 22
7 23
7 24
7 25
7 26
7 29
7 30
7 31
7 33
7 35
7 38
7 39
7 40
7 43
7 50
7 52
7 61
7 63
7 64
7 67
7 68
7 70
7 71
7 72
7 73
7 75
7 78
7 80
7 82
7 83
7 87
7 88
7 90
7 92
7 94
7 95
7 97
7 98
7 99
8 10
8 11
8 13
8 22
8 23
8 24
8 25
8 26
8 30
8 31
8 32
8 34
8 36
8 38
8 43
8 44
8 46
8 47
8 52
8 55
8 56
8 57
8 62
8 64
8 66
8 71
8 72
8 77
8 78
8 79
8 81
8 82
8 83
8 84
8 85
8 92
8 93
8 94
8 96
9 10
9 11
9 12
9 13
9 18
9 20
9 21
9 22
9 24
9 26
9 29
9 30
9 32
9 34
9 35
9 37
9 39
9 41
9 42
9 46
9 48
9 49
9 52
9 57
9 59
9 63
9 64
9 67
9 71
9 72
9 75
9 76
9 77
9 79
9 84
9 90
9 93
9 95
9 96
9 99
10 11
10 12
10 14
10 15
10 16
10 17
10 18
10 20
10 21
10 23
10 25
10 26
10 28
10 31
10 36
10 39
10 41
10 43
10 45
10 47
10 49
10 50
10 52
10 53
10 56
10 58
10 59
10 60
10 63
10 69
10 70
10 71
10 78
10 79
10 80
10 81
10 82
10 83
10 84
10 87
10 91
10 92
10 93
10 94
10 95
10 96
10 97
11 12
11 15
11 17
11 18
11 19
11 23
11 24
11 29
11 30
11 31
11 35
11 38
11 45
11 46
11 47
11 49
11 52
11 54
11 56
11 57
11 58
11 61
11 66
11 67
11 69
11 71
11 74
11 75
11 76
11 77
11 80
11 84
11 85
11 86
11 88
11 90
11 92
11 93
11 94
11 99
12 14
12 15
12 16
12 17
12 21
12 23
12 27
12 31
12 33
12 35
12 38
12 39
12 42
12 44
12 45
12 47
12 50
12 51
12 53
12 56
12 58
12 59
12 60
12 62
12 65
12 66
12 67
12 68
12 69
12 70
12 72
12 74
12 75
12 76
12 78
12 79
12 82
12 83
12 85
12 87
12 88
12 89
12 91
12 96
12 97
12 98
13 19
13 22
13 23
13 25
13 26
13 28
13 29
13 30
13 32
13 34
13 35
13 38
13 42
13 44
13 46
13 48
13 54
13 56
13 57
13 58
13 61
13 63
13 64
13 67
13 69
13 70
13 72
13 73
13 74
13 76
13 78
13 82
13 84
13 88
13 89
13 91
13 92
13 98
14 15
14 16
14 18
14 25
14 26
14 28
14 32
14 34
14 38
14 39
14 41
14 42
14 44
14 49
14 57
14 60
14 64
14 65
14 67
14 69
14 76
14 78
14 79
14 81
14 82
14 84
14 87
14 88
14 89
14 90
14 95
14 96
14 97
15 16
15 22
15 25
15 26
15 27
15 30
15 31
15 32
15 39
15 40
15 41
15 42
15 43
15 44
15 45
15 46
15 47
15 49
15 50
15 51
15 52
15 53
15 54
15 55
15 56
15 57
15 60
15 61
15 62
15 63
15 65
15 69
15 70
15 73
15 74
15 75
15 76
15 77
15 78
15 80
15 81
15 82
15 84
15 85
15 86
15 87
15 89
15 90
15 92
15 97
15 98
16 19
16 20
16 24
16 25
16 27
16 29
16 30
16 31
16 32
16 34
16 36
16 37
16 38
16 42
16 44
16 45
16 48
16 49
16 50
16 51
16 52
16 54
16 59
16 63
16 67
16 70
16 71
16 73
16 76
16 80
16 81
16 83
16 84
16 87
16 88
16 90
16 91
16 92
16 93
16 96
16 97
16 98
16 99
17 20
17 21
17 22
17 25
17 27
17 28
17 31
17 33
17 34
17 36
17 38
17 40
17 42
17 43
17 44
17 45
17 46
17 48
17 49
17 50
17 51
17 56
17 60
17 63
17 64
17 65
17 70
17 75
17 79
17 80
17 81
17 82
17 84
17 85
17 86
17 89
17 91
17 92
17 96
17 97
18 19
18 20
18 21
18 22
18 25
18 27
18 29
18 30
18 31
18 32
18 34
18 35
18 36
18 38
18 41
18 42
18 44
18 46
18 47
18 48
18 49
18 55
18 56
18 57
18 74
18 75
18 78
18 79
18 80
18 81
18 82
18 83
18 84
18 85
18 86
18 88
18 90
18 92
18 93
18 95
18 98
19 24
19 25
19 26
19 27
19 28
19 29
19 32
19 34
19 35
19 37
19 39
19 40
19 41
19 43
19 47
19 48
19 49
19 51
19 52
19 53
19 55
19 59
19 61
19 63
19 65
19 67
19 69
19 70
19 71
19 72
19 75
19 76
19 78
19 79
19 81
19 82
19 83
19 86
19 90
19 91
19 92
19 93
19 94
19 96
19 97
20 21
20 25
20 30
20 32
20 33
20 34
20 38
20 40
20 41
20 43
20 44
20 45
20 49
20 50
20 51
20 55
20 57
20 59
20 63
20 66
20 67
20 68
20 69
20 74
20 77
20 78
20 81
20 82
20 86
20 90
20 91
20 92
20 93
20 94
20 96
20 97
21 22
21 23
21 25
21 26
21 27
21 29
21 30
21 35
21 37
21 41
21 42
21 43
21 45
21 46
21 48
21 53
21 56
21 57
21 58
21 59
21 60
21 63
21 66
21 68
21 73
21 74
21 76
21 77
21 82
21 86
21 88
21 92
21 93
21 94
21 95
21 98
22 23
22 24
22 26
22 27
22 35
22 40
22 41
22 43
22 44
22 45
22 48
22 49
22 51
22 54
22 58
22 59
22 60
22 62
22 63
22 64
22 67
22 70
22 82
22 83
22 84
22 85
22 86
22 88
22 89
22 92
22 93
22 95
22 96
22 97
22 98
23 25
23 26
23 27
23 28
23 30
23 33
23 34
23 35
23 37
23 40
23 41
23 43
23 45
23 46
23 47
23 48
23 50
23 51
23 52
23 55
23 61
23 62
23 64
23 65
23 67
23 71
23 73
23 75
23 78
23 81
23 84
23 87
23 89
23 92
23 94
23 95
23 96
23 97
23 98
23 99
24 27
24 30
24 32
24 34
24 35
24 37
24 38
24 40
24 42
24 45
24 46
24 48
24 49
24 51
24 53
24 56
24 57
24 59
24 61
24 63
24 64
24 66
24 68
24 71
24 75
24 76
24 77
24 78
24 79
24 80
24 85
24 86
24 89
24 91
24 92
24 93
24 94
24 95
25 26
25 27
25 28
25 29
25 31
25 32
25 33
25 35
25 36
25 38
25 40
25 42
25 43
25 44
25 45
25 50
25 52
25 57
25 62
25 63
25 65
25 66
25 67
25 68
25 71
25 72
25 73
25 74
25 75
25 76
25 77
25 78
25 80
25 81
25 82
25 84
25 85
25 86
25 87
25 88
25 90
25 91
25 93
25 95
25 96
25 99
26 28
26 29
26 32
26 34
26 37
26 39
26 42
26 45
26 46
26 48
26 50
26 53
26 54
26 56
26 59
26 60
26 62
26 65
26 71
26 72
26 77
26 79
26 82
26 83
26 84
26 87
26 88
26 89
26 91
26 98
27 28
27 29
27 35
27 36
27 39
27 40
27 41
27 42
27 44
27 47
27 48
27 54
27 56
27 57
27 58
27 59
27 63
27 68
27 69
27 71
27 72
27 73
27 74
27 75
27 78
27 79
27 80
27 81
27 82
27 87
27 90
27 92
27 94
27 95
27 96
27 97
27 99
28 29
28 30
28 32
28 34
28 38
28 40
28 41
28 46
28 47
28 49
28 50
28 52
28 56
28 62
28 67
28 68
28 69
28 70
28 74
28 78
28 81
28 84
28 88
28 91
28 92
28 95
28 97
28 98
29 34
29 35
29 37
29 40
29 41
29 42
29 43
29 44
29 47
29 48
29 49
29 50
29 53
29 54
29 64
29 66
29 67
29 69
29 70
29 71
29 72
29 73
29 74
29 76
29 79
29 86
29 87
29 89
29 92
29 94
29 95
30 31
30 32
30 34
30 36
30 39
30 40
30 41
30 44
30 45
30 48
30 49
30 50
30 52
30 56
30 58
30 61
30 62
30 63
30 67
30 68
30 69
30 70
30 71
30 72
30 73
30 75
30 79
30 82
30 85
30 88
30 89
30 90
30 91
30 96
30 97
30 99
31 32
31 34
31 36
31 37
31 39
31 43
31 46
31 48
31 49
31 51
31 52
31 57
31 58
31 60
31 62
31 63
31 64
31 65
31 67
31 69
31 70
31 71
31 75
31 76
31 77
31 78
31 80
31 82
31 83
31 84
31 85
31 86
31 87
31 88
31 89
31 93
31 95
31 96
31 98
31 99
32 33
32 35
32 40
32 41
32 42
32 43
32 44
32 46
32 47
32 49
32 51
32 52
32 54
32 57
32 58
32 59
32 60
32 61
32 62
32 63
32 66
32 68
32 70
32 75
32 76
32 78
32 81
32 84
32 85
32 86
32 88
32 89
32 90
32 92
32 95
33 34
33 35
33 37
33 39
33 40
33 41
33 42
33 45
33 51
33 52
33 53
33 55
33 56
33 64
33 65
33 67
33 68
33 69
33 70
33 71
33 72
33 77
33 78
33 80
33 82
33 84
33 87
33 88
33 89
33 90
33 91
33 94
33 97
33 99
34 39
34 45
34 46
34 47
34 49
34 50
34 51
34 52
34 54
34 56
34 58
34 59
34 60
34 61
34 62
34 63
34 67
34 68
34 69
34 72
34 73
34 74
34 82
34 83
34 84
34 87
34 94
34 96
34 97
34 99
35 36
35 38
35 39
35 40
35 44
35 45
35 46
35 47
35 50
35 52
35 55
35 56
35 58
35 64
35 65
35 67
35 69
35 70
35 72
35 73
35 83
35 84
35 86
35 88
35 89
35 90
35 91
35 92
35 95
35 96
36 38
36 41
36 43
36 47
36 49
36 50
36 52
36 55
36 58
36 62
36 63
36 64
36 65
36 68
36 69
36 70
36 71
36 72
36 73
36 74
36 78
36 80
36 81
36 82
36 89
36 90
36 92
36 94
36 95
36 97
36 98
36 99
37 40
37 41
37 43
37 44
37 50
37 51
37 52
37 53
37 54
37 57
37 58
37 60
37 61
37 62
37 63
37 65
37 66
37 68
37 72
37 74
37 75
37 76
37 81
37 83
37 84
37 85
37 88
37 89
37 94
37 95
37 96
37 97
38 39
38 41
38 42
38 43
38 44
38 45
38 46
38 47
38 50
38 52
38 53
38 54
38 57
38 61
38 63
38 66
38 67
38 72
38 73
38 74
38 75
38 76
38 79
38 82
38 85
38 86
38 87
38 88
38 89
38 90
38 91
38 94
38 95
38 96
38 97
38 98
39 43
39 47
39 48
39 50
39 51
39 59
39 60
39 66
39 69
39 70
39 71
39 75
39 76
39 79
39 83
39 85
39 86
39 88
39 90
39 92
39 93
39 96
39 97
39 98
40 41
40 42
40 43
40 45
40 46
40 47
40 48
40 49
40 51
40 56
40 57
40 58
40 60
40 62
40 63
40 64
40 66
40 72
40 73
40 74
40 75
40 77
40 78
40 79
40 82
40 84
40 88
40 89
40 90
40 91
40 97
40 99
41 42
41 43
41 44
41 49
41 50
41 51
41 52
41 53
41 55
41 58
41 59
41 60
41 62
41 64
41 66
41 67
41 69
41 72
41 73
41 74
41 76
41 77
41 78
41 83
41 84
41 85
41 89
41 90
41 91
41 92
41 94
41 97
41 98
41 99
42 43
42 47
42 51
42 53
42 55
42 58
42 59
42 60
42 61
42 63
42 64
42 65
42 74
42 75
42 76
42 77
42 78
42 79
42 81
42 85
42 86
42 87
42 88
42 89
42 90
42 91
42 92
42 94
42 95
42 96
42 97
42 98
42 99
43 47
43 48
43 49
43 50
43 52
43 53
43 54
43 55
43 57
43 60
43 61
43 63
43 64
43 66
43 69
43 70
43 71
43 75
43 81
43 84
43 89
43 93
43 95
43 99
44 46
44 47
44 49
44 51
44 52
44 53
44 60
44 61
44 63
44 64
44 67
44 68
44 69
44 72
44 75
44 81
44 82
44 83
44 84
44 86
44 89
44 90
44 91
44 93
44 95
44 97
44 99
45 46
45 47
45 49
45 51
45 52
45 55
45 57
45 58
45 59
45 65
45 67
45 68
45 69
45 70
45 71
45 73
45 76
45 78
45 79
45 81
45 83
45 84
45 85
45 87
45 90
45 94
45 95
45 97
45 98
45 99
46 47
46 48
46 49
46 55
46 56
46 58
46 60
46 61
46 62
46 65
46 66
46 67
46 68
46 69
46 70
46 71
46 75
46 77
46 78
46 80
46 81
46 82
46 84
46 87
46 91
46 93
46 94
46 95
46 96
46 97
46 98
47 48
47 49
47 50
47 51
47 53
47 54
47 57
47 58
47 59
47 60
47 64
47 65
47 66
47 67
47 68
47 72
47 74
47 76
47 79
47 81
47 84
47 85
47 87
47 88
47 90
47 91
47 95
47 98
47 99
48 50
48 51
48 52
48 53
48 56
48 57
48 58
48 61
48 63
48 69
48 72
48 74
48 75
48 79
48 80
48 82
48 84
48 87
48 88
48 90
48 92
48 93
48 95
49 51
49 52
49 53
49 54
49 55
49 60
49 62
49 63
49 65
49 67
49 68
49 70
49 71
49 72
49 75
49 80
49 82
49 83
49 86
49 88
49 89
49 91
49 93
49 96
49 98
49 99
50 51
50 53
50 57
50 61
50 63
50 64
50 65
50 73
50 74
50 75
50 76
50 81
50 82
50 83
50 84
50 86
50 87
50 89
50 91
50 92
50 94
51 52
51 55
51 56
51 57
51 58
51 60
51 61
51 63
51 65
51 66
51 69
51 71
51 72
51 76
51 79
51 81
51 85
51 87
51 88
51 89
51 91
51 92
51 97
51 98
52 54
52 57
52 60
52 61
52 62
52 63
52 64
52 66
52 67
52 68
52 69
52 71
52 72
52 74
52 75
52 76
52 77
52 78
52 80
52 81
52 87
52 91
52 92
52 93
52 97
52 98
52 99
53 54
53 55
53 58
53 64
53 67
53 68
53 69
53 70
53 73
53 74
53 77
53 79
53 80
53 82
53 83
53 88
53 90
53 91
53 92
53 93
53 94
53 95
53 97
53 99
54 55
54 56
54 59
54 60
54 61
54 63
54 64
54 65
54 67
54 70
54 71
54 73
54 74
54 75
54 77
54 79
54 81
54 83
54 84
54 86
54 87
54 90
54 92
54 93
54 94
54 98
55 57
55 58
55 59
55 60
55 61
55 62
55 63
55 65
55 67
55 71
55 72
55 74
55 75
55 76
55 77
55 78
55 79
55 81
55 82
55 85
55 86
55 88
55 93
55 94
55 96
55 98
55 99
56 57
56 59
56 60
56 62
56 63
56 64
56 66
56 68
56 72
56 79
56 80
56 81
56 83
56 86
56 87
56 88
56 89
56 92
56 95
56 97
56 99
57 58
57 59
57 62
57 65
57 66
57 70
57 71
57 72
57 78
57 80
57 81
57 85
57 91
57 93
57 95
57 98
57 99
58 66
58 68
58 69
58 70
58 71
58 72
58 75
58 78
58 79
58 82
58 84
58 85
58 88
58 89
58 90
58 91
58 92
58 95
58 96
58 98
59 60
59 61
59 63
59 64
59 65
59 68
59 69
59 70
59 71
59 74
59 75
59 76
59 80
59 81
59 82
59 84
59 85
59 86
59 88
59 89
59 90
59 93
59 94
59 97
59 98
59 99
60 61
60 62
60 64
60 65
60 67
60 69
60 70
60 71
60 73
60 74
60 76
60 78
60 79
60 81
60 82
60 84
60 88
60 89
60 90
60 93
60 99
61 62
61 64
61 65
61 67
61 68
61 73
61 74
61 76
61 77
61 81
61 83
61 86
61 87
61 88
61 93
61 96
61 97
61 98
61 99
62 63
62 64
62 65
62 68
62 69
62 72
62 76
62 79
62 80
62 81
62 85
62 87
62 90
62 91
62 92
62 93
62 95
62 96
63 64
63 65
63 66
63 70
63 72
63 73
63 74
63 78
63 80
63 82
63 83
63 84
63 87
63 91
63 92
63 93
63 94
63 99
64 67
64 68
64 70
64 72
64 74
64 79
64 82
64 86
64 87
64 90
64 92
64 94
64 95
64 97
64 98
64 99
65 66
65 67
65 72
65 74
65 75
65 76
65 80
65 85
65 88
65 91
65 92
65 95
65 96
65 97
66 67
66 68
66 72
66 73
66 74
66 75
66 76
66 77
66 78
66 79
66 81
66 82
66 86
66 87
66 89
66 90
66 94
66 96
66 99
67 69
67 71
67 73
67 76
67 78
67 80
67 81
67 82
67 83
67 88
67 89
67 90
67 91
67 92
67 94
67 95
67 97
67 98
68 69
68 70
68 71
68 76
68 77
68 78
68 80
68 84
68 85
68 87
68 90
68 93
68 96
68 99
69 70
69 72
69 74
69 79
69 82
69 83
69 88
69 90
69 91
69 92
69 93
69 94
69 95
69 96
69 97
69 98
70 71
70 74
70 75
70 78
70 79
70 80
70 81
70 83
70 88
70 90
70 92
70 94
70 96
70 97
71 74
71 76
71 79
71 80
71 82
71 84
71 85
71 87
71 89
71 90
71 91
71 92
71 94
71 96
71 99
72 73
72 74
72 75
72 76
72 77
72 80
72 87
72 88
72 89
72 91
72 92
72 94
72 95
72 96
72 97
72 99
73 75
73 76
73 78
73 80
73 81
73 82
73 83
73 85
73 86
73 88
73 89
73 91
73 92
73 94
73 96
73 98
73 99
74 75
74 79
74 81
74 82
74 84
74 86
74 89
74 91
74 92
74 93
74 94
74 95
75 76
75 78
75 80
75 81
75 84
75 87
75 89
75 90
75 93
76 77
76 79
76 84
76 85
76 88
76 91
76 92
76 93
76 94
76 95
76 97
76 98
77 79
77 85
77 86
77 88
77 89
77 90
77 92
77 93
77 94
77 95
77 96
78 79
78 81
78 84
78 85
78 86
78 90
78 91
78 93
78 95
78 96
78 97
78 98
79 82
79 83
79 84
79 85
79 86
79 90
79 92
79 95
79 98
79 99
80 81
80 83
80 84
80 87
80 88
80 90
80 93
80 95
80 96
80 98
80 99
81 82
81 83
81 84
81 86
81 91
81 92
81 93
81 94
81 95
81 96
81 99
82 84
82 86
82 87
82 88
82 89
82 90
82 94
82 95
82 96
83 84
83 86
83 87
83 88
83 89
83 90
83 93
83 95
83 99
84 87
84 91
84 92
84 93
84 95
85 87
85 89
85 93
85 94
85 97
86 88
86 93
86 98
87 89
87 90
87 91
87 92
87 93
87 94
87 95
88 90
88 92
88 96
88 97
88 99
89 95
89 99
90 95
90 97
90 99
91 92
91 93
91 94
91 95
91 96
91 97
91 98
92 93
92 94
92 95
92 96
92 97
92 99
93 94
93 96
93 97
93 98
94 95
94 97
94 98
95 96
95 99
96 99
97 99
