0 2
0 3
0 8
0 9
0 10
0 11
0 12
0 14
0 16
0 18
0 21
0 22
0 23
0 24
0 25
0 27
0 28
0 29
0 31
0 34
0 35
0 36
0 39
0 41
0 43
0 44
0 45
0 49
0 51
0 53
0 54
0 59
0 61
0 65
0 66
0 68
0 69
0 71
0 72
0 74
0 76
0 79
0 81
0 82
0 83
0 85
0 88
0 91
0 92
0 93
0 96
0 97
0 99
1 2
1 3
1 4
1 5
1 7
1 8
1 11
1 13
1 15
1 16
1 19
1 20
1 23
1 24
1 26
1 27
1 28
1 30
1 31
1 33
1 36
1 37
1 40
1 42
1 44
1 45
1 46
1 48
1 49
1 51
1 53
1 54
1 55
1 57
1 62
1 63
1 66
1 70
1 73
1 76
1 79
1 80
1 81
1 83
1 84
1 85
1 86
1 87
1 88
1 89
1 90
1 92
1 94
1 96
1 97
1 98
2 3
2 4
2 5
2 6
2 8
2 9
2 10
2 12
2 15
2 20
2 21
2 22
2 26
2 27
2 32
2 34
2 40
2 43
2 44
2 46
2 48
2 50
2 52
2 54
2 57
2 59
2 61
2 63
2 64
2 66
2 67
2 68
2 70
2 71
2 73
2 74
2 76
2 77
2 78
2 80
2 81
2 82
2 84
2 85
2 86
2 92
2 94
2 95
2 97
3 4
3 5
3 10
3 11
3 13
3 16
3 17
3 18
3 20
3 21
3 24
3 25
3 26
3 27
3 28
3 29
3 31
3 36
3 37
3 39
3 41
3 42
3 43
3 44
3 45
3 49
3 52
3 55
3 57
3 58
3 64
3 66
3 68
3 69
3 71
3 74
3 82
3 83
3 85
3 86
3 87
3 90
3 92
3 94
3 96
3 97
3 98
4 5
4 8
4 9
4 10
4 14
4 18
4 19
4 21
4 23
4 25
4 27
4 28
4 31
4 36
4 38
4 39
4 42
4 43
4 47
4 49
4 51
4 53
4 56
4 60
4 61
4 62
4 63
4 67
4 68
4 69
4 70
4 71
4 74
4 77
4 78
4 79
4 80
4 83
4 84
4 86
4 88
4 89
4 91
4 92
4 94
4 95
4 96
4 97
4 99
5 7
5 8
5 9
5 11
5 12
5 13
5 16
5 22
5 23
5 25
5 28
5 29
5 36
5 38
5 41
5 42
5 44
5 45
5 48
5 49
5 50
5 53
5 55
5 57
5 58
5 63
5 64
5 70
5 72
5 73
5 74
5 76
5 77
5 78
5 80
5 83
5 85
5 86
5 90
5 92
5 93
5 94
5 95
5 98
6 7
6 9
6 10
6 11
6 16
6 22
6 27
6 30
6 31
6 32
6 33
6 34
6 35
6 36
6 39
6 40
6 41
6 42
6 44
6 47
6 49
6 50
6 52
6 53
6 55
6 56
6 58
6 61
6 65
6 66
6 69
6 70
6 71
6 72
6 75
6 78
6 79
6 81
6 83
6 84
6 85
6 86
6 87
6 89
6 91
6 94
6 96
6 97
6 98
6 99
7 9
7 10
7 11
7 12
7 13
7 16
7 19
7 20
7 22
7 23
7 24
7 27
7 29
7 31
7 32
7 33
7 36
7 37
7 39
7 41
7 42
7 43
7 44
7 45
7 51
7 55
7 56
7 58
7 59
7 60
7 61
7 64
7 66
7 68
7 69
7 73
7 74
7 76
7 78
7 80
7 83
7 84
7 85
7 90
7 91
7 92
7 98
7 99
8 9
8 13
8 14
8 15
8 16
8 19
8 20
8 21
8 23
8 24
8 26
8 28
8 29
8 30
8 31
8 32
8 33
8 34
8 37
8 38
8 39
8 40
8 42
8 43
8 44
8 47
8 50
8 52
8 55
8 58
8 63
8 66
8 67
8 69
8 70
8 71
8 74
8 75
8 76
8 78
8 79
8 81
8 83
8 88
8 91
8 93
8 96
8 98
8 99
9 10
9 11
9 12
9 13
9 14
9 15
9 17
9 18
9 20
9 21
9 23
9 24
9 27
9 28
9 34
9 35
9 43
9 44
9 47
9 48
9 49
9 50
9 51
9 52
9 53
9 54
9 57
9 58
9 59
9 60
9 61
9 68
9 70
9 71
9 72
9 76
9 78
9 79
9 85
9 89
9 90
9 93
9 94
9 96
9 99
10 13
10 17
10 19
10 21
10 23
10 24
10 26
10 27
10 34
10 36
10 38
10 41
10 42
10 46
10 47
10 48
10 52
10 54
10 56
10 57
10 59
10 63
10 64
10 65
10 66
10 67
10 69
10 71
10 72
10 76
10 79
10 82
10 85
10 86
10 87
10 89
10 90
10 91
10 93
10 94
10 96
10 97
10 98
11 12
11 13
11 15
11 20
11 23
11 25
11 28
11 30
11 32
11 40
11 41
11 44
11 45
11 46
11 49
11 51
11 54
11 57
11 58
11 59
11 60
11 61
11 63
11 65
11 66
11 67
11 69
11 70
11 72
11 73
11 75
11 76
11 81
11 82
11 84
11 87
11 88
11 90
11 91
11 92
11 93
11 95
11 99
12 13
12 15
12 17
12 19
12 21
12 23
12 24
12 30
12 32
12 33
12 34
12 38
12 40
12 42
12 43
12 44
12 49
12 50
12 51
12 52
12 55
12 58
12 61
12 62
12 63
12 66
12 68
12 70
12 72
12 74
12 76
12 78
12 79
12 83
12 85
12 88
12 89
12 90
12 91
12 92
12 94
12 96
12 99
13 14
13 17
13 20
13 21
13 22
13 24
13 26
13 28
13 29
13 35
13 36
13 39
13 40
13 43
13 47
13 49
13 52
13 53
13 54
13 55
13 56
13 57
13 59
13 60
13 61
13 63
13 66
13 70
13 71
13 76
13 79
13 81
13 84
13 85
13 87
13 88
13 90
13 91
13 93
13 94
13 96
13 98
14 15
14 16
14 21
14 22
14 24
14 26
14 28
14 29
14 31
14 34
14 36
14 37
14 38
14 39
14 40
14 42
14 43
14 44
14 45
14 46
14 49
14 53
14 55
14 59
14 60
14 61
14 64
14 68
14 70
14 72
14 73
14 74
14 76
14 77
14 78
14 79
14 80
14 81
14 82
14 85
14 86
14 87
14 91
14 94
14 95
14 98
14 99
15 18
15 21
15 22
15 25
15 26
15 27
15 28
15 29
15 31
15 36
15 38
15 39
15 40
15 46
15 49
15 54
15 55
15 59
15 60
15 64
15 65
15 67
15 68
15 70
15 73
15 76
15 79
15 81
15 83
15 84
15 86
15 88
15 90
15 91
15 95
15 97
15 98
15 99
16 17
16 18
16 19
16 20
16 21
16 22
16 23
16 24
16 26
16 27
16 28
16 29
16 30
16 31
16 32
16 34
16 35
16 36
16 38
16 40
16 41
16 45
16 46
16 47
16 55
16 58
16 59
16 60
16 62
16 63
16 64
16 68
16 72
16 73
16 74
16 75
16 76
16 77
16 78
16 79
16 80
16 84
16 85
16 87
16 89
16 94
16 95
16 98
17 19
17 20
17 22
17 24
17 26
17 27
17 29
17 31
17 32
17 34
17 35
17 37
17 39
17 41
17 43
17 44
17 48
17 49
17 50
17 53
17 54
17 55
17 57
17 58
17 59
17 60
17 61
17 62
17 67
17 68
17 70
17 72
17 74
17 75
17 76
17 77
17 82
17 83
17 84
17 85
17 86
17 89
17 90
17 91
17 92
17 93
17 94
17 95
17 97
17 99
18 19
18 20
18 22
18 23
18 25
18 29
18 30
18 31
18 32
18 33
18 34
18 35
18 39
18 40
18 42
18 45
18 47
18 48
18 51
18 52
18 59
18 60
18 64
18 66
18 67
18 68
18 72
18 73
18 77
18 78
18 79
18 83
18 84
18 89
18 91
18 92
18 93
18 98
18 99
19 21
19 24
19 25
19 26
19 27
19 28
19 29
19 31
19 35
19 36
19 37
19 38
19 39
19 41
19 42
19 44
19 48
19 50
19 53
19 56
19 57
19 58
19 59
19 61
19 62
19 64
19 66
19 68
19 69
19 71
19 75
19 78
19 79
19 82
19 84
19 86
19 88
19 89
19 91
19 92
19 94
19 95
19 98
19 99
20 21
20 22
20 25
20 26
20 28
20 30
20 32
20 33
20 34
20 37
20 38
20 43
20 45
20 48
20 51
20 53
20 54
20 55
20 56
20 59
20 60
20 61
20 67
20 69
20 71
20 72
20 73
20 74
20 75
20 79
20 80
20 81
20 83
20 84
20 86
20 88
20 89
20 91
20 92
20 96
20 97
20 98
21 22
21 27
21 30
21 31
21 32
21 33
21 39
21 41
21 43
21 50
21 51
21 56
21 57
21 60
21 64
21 68
21 69
21 70
21 72
21 75
21 76
21 77
21 79
21 80
21 82
21 83
21 86
21 87
21 91
21 96
21 97
21 98
21 99
22 23
22 27
22 29
22 30
22 31
22 34
22 36
22 38
22 39
22 45
22 46
22 50
22 52
22 53
22 54
22 57
22 58
22 59
22 64
22 65
22 66
22 69
22 70
22 71
22 73
22 74
22 75
22 76
22 84
22 85
22 89
22 90
22 93
22 94
22 95
23 27
23 28
23 31
23 34
23 35
23 36
23 37
23 39
23 43
23 44
23 45
23 46
23 47
23 50
23 51
23 53
23 55
23 56
23 57
23 58
23 59
23 60
23 62
23 63
23 65
23 67
23 69
23 70
23 71
23 72
23 78
23 79
23 82
23 85
23 87
23 88
23 89
23 90
23 92
23 93
23 94
23 96
23 97
23 99
24 28
24 30
24 33
24 34
24 36
24 37
24 38
24 41
24 42
24 45
24 47
24 48
24 50
24 51
24 53
24 55
24 56
24 58
24 60
24 62
24 65
24 68
24 70
24 73
24 76
24 80
24 82
24 83
24 85
24 86
24 92
24 97
24 99
25 26
25 27
25 29
25 30
25 32
25 34
25 40
25 42
25 44
25 46
25 48
25 50
25 53
25 55
25 57
25 58
25 60
25 63
25 66
25 67
25 72
25 74
25 75
25 80
25 82
25 83
25 84
25 85
25 88
25 90
25 92
25 93
25 97
25 98
26 27
26 29
26 35
26 36
26 37
26 39
26 40
26 41
26 43
26 44
26 46
26 47
26 49
26 53
26 54
26 56
26 59
26 66
26 68
26 75
26 78
26 85
26 87
26 88
26 91
26 93
26 94
26 96
26 97
26 98
26 99
27 28
27 31
27 35
27 38
27 39
27 40
27 42
27 46
27 48
27 52
27 56
27 59
27 62
27 63
27 65
27 66
27 68
27 69
27 71
27 72
27 75
27 76
27 77
27 78
27 80
27 82
27 85
27 87
27 90
27 92
27 94
27 95
27 96
27 97
27 98
27 99
28 29
28 30
28 32
28 33
28 35
28 37
28 38
28 41
28 46
28 47
28 48
28 49
28 50
28 53
28 56
28 57
28 58
28 60
28 62
28 65
28 66
28 71
28 72
28 74
28 82
28 85
28 86
28 87
28 88
28 89
28 95
28 98
28 99
29 31
29 33
29 35
29 37
29 39
29 44
29 45
29 46
29 47
29 50
29 51
29 54
29 56
29 57
29 58
29 67
29 71
29 72
29 74
29 81
29 84
29 85
29 89
29 92
29 99
30 31
30 32
30 33
30 34
30 35
30 36
30 40
30 47
30 48
30 49
30 51
30 55
30 57
30 58
30 61
30 62
30 63
30 65
30 66
30 67
30 68
30 69
30 70
30 79
30 80
30 81
30 83
30 84
30 86
30 88
30 89
30 91
30 92
30 93
30 97
30 98
30 99
31 34
31 36
31 40
31 41
31 43
31 45
31 46
31 50
31 52
31 53
31 54
31 56
31 60
31 61
31 62
31 64
31 67
31 69
31 70
31 71
31 72
31 74
31 75
31 78
31 84
31 85
31 88
31 90
31 93
31 95
31 96
31 97
31 98
32 39
32 44
32 47
32 48
32 49
32 53
32 54
32 55
32 56
32 58
32 60
32 63
32 64
32 65
32 66
32 67
32 71
32 72
32 76
32 84
32 87
32 88
32 89
32 90
32 97
32 98
33 35
33 38
33 42
33 44
33 48
33 55
33 57
33 58
33 60
33 61
33 62
33 63
33 64
33 65
33 66
33 68
33 69
33 72
33 75
33 76
33 77
33 79
33 80
33 81
33 82
33 83
33 84
33 85
33 87
33 88
33 90
33 92
33 94
33 97
33 99
34 35
34 38
34 40
34 42
34 43
34 45
34 48
34 49
34 54
34 55
34 59
34 60
34 66
34 68
34 70
34 72
34 76
34 78
34 80
34 81
34 82
34 84
34 85
34 86
34 89
34 91
34 93
34 94
34 98
34 99
35 36
35 38
35 40
35 42
35 43
35 46
35 47
35 48
35 49
35 50
35 51
35 52
35 54
35 59
35 60
35 62
35 63
35 65
35 67
35 69
35 70
35 71
35 74
35 75
35 76
35 78
35 81
35 82
35 84
35 85
35 86
35 87
35 88
35 89
35 93
35 95
36 38
36 39
36 40
36 42
36 43
36 44
36 46
36 51
36 52
36 54
36 58
36 59
36 61
36 68
36 69
36 70
36 71
36 73
36 75
36 76
36 77
36 78
36 81
36 83
36 85
36 88
36 96
36 97
37 38
37 39
37 40
37 42
37 43
37 45
37 49
37 50
37 51
37 52
37 53
37 57
37 59
37 60
37 61
37 64
37 71
37 72
37 75
37 76
37 77
37 78
37 79
37 80
37 81
37 82
37 83
37 84
37 86
37 87
37 88
37 90
37 91
37 92
37 93
37 94
37 95
37 98
37 99
38 39
38 43
38 44
38 46
38 47
38 48
38 49
38 50
38 53
38 54
38 58
38 60
38 61
38 64
38 67
38 68
38 71
38 72
38 73
38 75
38 77
38 79
38 80
38 83
38 84
38 87
38 88
38 90
38 95
38 96
38 97
38 98
38 99
39 41
39 45
39 46
39 47
39 48
39 51
39 53
39 59
39 62
39 63
39 64
39 65
39 68
39 69
39 71
39 72
39 75
39 77
39 78
39 79
39 80
39 82
39 83
39 84
39 85
39 88
39 91
39 95
40 43
40 45
40 48
40 49
40 50
40 51
40 52
40 53
40 54
40 57
40 58
40 59
40 62
40 63
40 65
40 66
40 67
40 71
40 72
40 73
40 74
40 75
40 78
40 79
40 82
40 86
40 90
40 97
41 42
41 43
41 45
41 46
41 49
41 50
41 51
41 53
41 54
41 55
41 56
41 57
41 58
41 60
41 61
41 65
41 66
41 68
41 75
41 76
41 86
41 87
41 88
41 90
41 94
41 95
41 97
41 98
41 99
42 44
42 50
42 52
42 55
42 58
42 59
42 60
42 61
42 62
42 63
42 64
42 65
42 66
42 69
42 70
42 72
42 74
42 77
42 85
42 86
42 89
42 91
42 92
42 94
42 95
42 96
42 97
42 98
42 99
43 47
43 48
43 50
43 51
43 54
43 55
43 56
43 60
43 61
43 62
43 63
43 67
43 68
43 70
43 75
43 78
43 80
43 81
43 82
43 83
43 84
43 86
43 88
43 89
43 93
43 96
43 99
44 48
44 50
44 54
44 55
44 56
44 61
44 63
44 66
44 72
44 73
44 74
44 75
44 77
44 78
44 80
44 81
44 82
44 84
44 85
44 86
44 87
44 88
44 89
44 94
44 96
44 99
45 51
45 52
45 53
45 55
45 56
45 58
45 59
45 61
45 62
45 63
45 66
45 68
45 69
45 73
45 74
45 75
45 76
45 77
45 78
45 79
45 83
45 85
45 86
45 87
45 89
45 90
45 91
45 94
45 96
46 48
46 51
46 53
46 54
46 55
46 57
46 58
46 59
46 60
46 61
46 63
46 66
46 67
46 69
46 71
46 72
46 74
46 76
46 77
46 78
46 79
46 81
46 82
46 83
46 84
46 85
46 87
46 88
46 89
46 90
46 93
46 94
46 98
46 99
47 50
47 52
47 54
47 63
47 64
47 68
47 69
47 71
47 74
47 75
47 76
47 78
47 79
47 80
47 84
47 85
47 86
47 87
47 92
47 93
47 95
47 96
47 97
47 98
48 51
48 52
48 53
48 54
48 55
48 56
48 57
48 59
48 60
48 65
48 67
48 69
48 70
48 71
48 77
48 79
48 80
48 82
48 83
48 84
48 85
48 86
48 88
48 89
48 90
48 93
48 94
48 95
48 97
48 98
49 52
49 54
49 55
49 58
49 59
49 60
49 61
49 62
49 63
49 64
49 65
49 66
49 68
49 70
49 72
49 73
49 75
49 76
49 82
49 83
49 84
49 85
49 87
49 88
49 90
49 91
49 94
49 99
50 51
50 52
50 55
50 57
50 58
50 59
50 60
50 62
50 63
50 64
50 65
50 67
50 68
50 69
50 71
50 72
50 74
50 75
50 76
50 77
50 79
50 80
50 82
50 84
50 86
50 88
50 90
50 92
50 93
50 97
51 52
51 53
51 55
51 56
51 58
51 59
51 61
51 65
51 68
51 70
51 71
51 72
51 73
51 74
51 77
51 78
51 81
51 83
51 87
51 91
51 94
51 96
52 54
52 55
52 57
52 59
52 60
52 61
52 62
52 65
52 68
52 70
52 72
52 73
52 75
52 76
52 77
52 80
52 83
52 84
52 85
52 86
52 88
52 93
52 97
53 55
53 58
53 60
53 64
53 66
53 67
53 70
53 73
53 74
53 76
53 81
53 83
53 85
53 87
53 88
53 90
53 91
53 92
53 98
54 55
54 56
54 57
54 60
54 62
54 63
54 65
54 66
54 67
54 72
54 74
54 76
54 79
54 80
54 83
54 85
54 88
54 90
54 91
54 92
54 95
54 97
54 98
54 99
55 56
55 60
55 61
55 64
55 65
55 67
55 68
55 72
55 73
55 80
55 81
55 82
55 85
55 86
55 88
55 89
55 90
55 91
55 92
55 93
55 94
55 99
56 61
56 64
56 66
56 76
56 77
56 82
56 83
56 84
56 85
56 88
56 89
56 90
56 92
56 96
56 97
56 99
57 59
57 61
57 64
57 71
57 72
57 77
57 79
57 80
57 81
57 82
57 83
57 84
57 86
57 88
57 89
57 90
57 91
57 92
57 93
57 94
57 95
57 97
58 59
58 60
58 62
58 64
58 66
58 67
58 68
58 70
58 72
58 75
58 78
58 79
58 80
58 88
58 94
58 96
58 97
58 98
59 61
59 65
59 71
59 73
59 74
59 77
59 80
59 81
59 83
59 84
59 86
59 87
59 88
59 89
59 90
59 91
59 92
59 93
59 94
59 99
60 61
60 63
60 64
60 66
60 70
60 72
60 75
60 77
60 78
60 79
60 87
60 88
60 89
60 90
60 93
60 95
60 96
60 98
60 99
61 63
61 67
61 71
61 72
61 74
61 76
61 78
61 79
61 83
61 84
61 88
61 89
61 93
61 95
61 96
61 98
62 64
62 65
62 68
62 70
62 74
62 75
62 76
62 78
62 82
62 85
62 86
62 87
62 89
62 90
62 92
62 94
62 96
62 97
62 98
63 68
63 69
63 70
63 71
63 74
63 76
63 77
63 78
63 79
63 84
63 85
63 88
63 89
63 94
63 96
63 97
63 99
64 65
64 67
64 69
64 70
64 73
64 75
64 81
64 83
64 84
64 86
64 87
64 90
64 93
64 95
64 98
64 99
65 66
65 68
65 70
65 72
65 73
65 80
65 81
65 83
65 84
65 85
65 86
65 87
65 88
65 89
65 91
65 92
65 93
65 97
65 98
65 99
66 67
66 69
66 72
66 74
66 75
66 77
66 78
66 79
66 83
66 84
66 85
66 86
66 87
66 88
66 89
66 90
66 92
66 94
66 96
66 97
66 98
66 99
67 68
67 69
67 72
67 73
67 77
67 79
67 81
67 82
67 83
67 86
67 87
67 93
67 94
67 96
67 97
68 71
68 74
68 76
68 79
68 84
68 85
68 89
68 90
68 94
68 98
69 70
69 76
69 79
69 80
69 82
69 83
69 84
69 85
69 86
69 89
69 91
69 94
69 95
70 76
70 80
70 81
70 82
70 84
70 89
70 91
70 92
70 97
70 99
71 72
71 74
71 75
71 76
71 80
71 81
71 82
71 83
71 86
71 89
71 90
71 94
71 95
71 96
72 75
72 80
72 81
72 82
72 86
72 87
72 88
72 94
72 95
72 96
72 97
73 76
73 78
73 79
73 82
73 86
73 89
73 91
73 93
73 94
73 95
73 99
74 75
74 77
74 80
74 81
74 82
74 83
74 86
74 87
74 88
74 89
74 90
74 93
74 97
74 98
75 77
75 78
75 79
75 81
75 82
75 86
75 87
75 89
75 90
75 91
75 92
75 93
75 97
75 98
76 77
76 78
76 79
76 80
76 82
76 83
76 87
76 90
76 91
76 96
76 98
77 82
77 83
77 84
77 86
77 87
77 89
77 90
77 91
77 92
77 93
77 95
77 98
78 79
78 80
78 82
78 87
78 88
78 89
78 91
78 92
78 93
78 98
79 81
79 82
79 84
79 89
79 90
79 91
79 92
79 94
79 95
79 96
80 83
80 86
80 87
80 91
80 93
80 94
80 99
81 83
81 85
81 87
81 88
81 89
81 90
81 91
81 94
81 95
81 97
82 84
82 85
82 86
82 88
82 91
82 93
82 96
83 86
83 87
83 91
83 93
83 96
83 97
84 85
84 86
84 88
84 89
84 93
84 97
85 86
85 92
85 93
85 94
85 95
85 97
86 87
86 89
86 90
86 92
86 93
86 94
86 97
86 98
87 91
87 94
87 95
87 96
87 97
87 98
87 99
88 89
88 92
88 94
88 96
88 97
88 99
89 90
89 91
89 93
89 98
89 99
90 93
90 94
90 95
90 99
91 96
91 97
91 98
91 99
92 93
92 96
92 97
92 98
92 99
93 94
93 95
93 97
93 98
94 95
94 98
95 96
95 97
95 99
97 98
97 99
