0 1
0 6
0 7
0 10
0 15
0 16
0 20
0 22
0 25
0 32
0 34
0 40
0 41
0 43
0 45
0 46
0 51
0 53
0 56
0 58
0 59
0 63
0 64
0 65
0 66
0 67
0 68
0 76
0 77
0 79
0 81
0 82
0 83
0 85
0 89
0 90
0 91
0 94
0 95
0 96
0 97
1 5
1 6
1 7
1 8
1 9
1 10
1 13
1 16
1 17
1 18
1 19
1 20
1 22
1 23
1 26
1 27
1 29
1 30
1 31
1 36
1 38
1 41
1 43
1 46
1 47
1 48
1 49
1 50
1 54
1 56
1 58
1 61
1 63
1 66
1 67
1 69
1 73
1 76
1 78
1 79
1 80
1 81
1 83
1 84
1 86
1 87
1 88
1 89
1 91
1 97
1 99
2 3
2 6
2 9
2 10
2 12
2 14
2 15
2 16
2 19
2 25
2 28
2 31
2 33
2 34
2 38
2 39
2 42
2 43
2 46
2 48
2 49
2 50
2 51
2 53
2 57
2 58
2 61
2 63
2 64
2 66
2 67
2 69
2 72
2 74
2 75
2 78
2 79
2 80
2 81
2 83
2 85
2 86
2 89
2 91
2 93
2 94
2 96
2 97
3 6
3 7
3 8
3 9
3 12
3 13
3 16
3 17
3 18
3 21
3 23
3 24
3 25
3 26
3 27
3 28
3 29
3 30
3 32
3 33
3 37
3 39
3 40
3 41
3 42
3 44
3 46
3 47
3 51
3 56
3 58
3 59
3 61
3 65
3 67
3 68
3 70
3 71
3 72
3 74
3 80
3 81
3 82
3 83
3 86
3 88
3 89
3 91
3 93
3 94
3 97
3 98
3 99
4 7
4 8
4 9
4 11
4 13
4 14
4 18
4 19
4 21
4 22
4 23
4 26
4 29
4 30
4 31
4 32
4 33
4 36
4 37
4 38
4 39
4 41
4 44
4 45
4 46
4 47
4 49
4 50
4 52
4 54
4 55
4 56
4 59
4 64
4 65
4 66
4 69
4 70
4 71
4 73
4 74
4 75
4 77
4 79
4 83
4 84
4 86
4 87
4 88
4 89
4 90
4 91
4 93
4 94
4 95
4 96
5 6
5 7
5 9
5 10
5 11
5 14
5 15
5 16
5 17
5 18
5 20
5 24
5 26
5 27
5 31
5 32
5 45
5 48
5 49
5 50
5 51
5 52
5 58
5 59
5 62
5 65
5 68
5 69
5 70
5 71
5 73
5 79
5 81
5 82
5 85
5 87
5 91
5 92
5 94
5 96
5 99
6 7
6 9
6 12
6 13
6 14
6 15
6 17
6 18
6 21
6 22
6 23
6 27
6 28
6 30
6 31
6 37
6 38
6 39
6 40
6 43
6 49
6 50
6 51
6 52
6 54
6 56
6 59
6 60
6 61
6 65
6 66
6 67
6 68
6 72
6 76
6 79
6 83
6 84
6 87
6 88
6 90
6 91
6 92
6 95
7 9
7 10
7 11
7 17
7 20
7 21
7 22
7 23
7 25
7 26
7 27
7 28
7 30
7 31
7 33
7 38
7 40
7 43
7 44
7 46
7 48
7 50
7 54
7 56
7 58
7 60
7 64
7 65
7 66
7 68
7 69
7 70
7 74
7 75
7 84
7 87
7 89
7 90
7 92
7 94
7 96
8 10
8 14
8 15
8 16
8 17
8 19
8 24
8 28
8 31
8 32
8 35
8 36
8 40
8 42
8 49
8 50
8 51
8 52
8 54
8 56
8 57
8 65
8 66
8 67
8 68
8 69
8 72
8 77
8 78
8 79
8 80
8 84
8 86
8 89
8 90
8 91
8 93
8 94
8 95
8 97
8 99
9 12
9 14
9 15
9 16
9 17
9 18
9 19
9 21
9 24
9 25
9 26
9 27
9 29
9 30
9 31
9 32
9 35
9 36
9 38
9 39
9 40
9 41
9 42
9 43
9 44
9 46
9 47
9 49
9 51
9 52
9 53
9 56
9 57
9 59
9 60
9 65
9 69
9 70
9 71
9 72
9 73
9 74
9 81
9 85
9 86
9 87
9 93
9 94
9 96
9 99
10 11
10 13
10 14
10 18
10 22
10 23
10 24
10 25
10 26
10 29
10 30
10 33
10 34
10 36
10 39
10 40
10 43
10 44
10 46
10 47
10 48
10 50
10 51
10 54
10 55
10 56
10 57
10 58
10 60
10 63
10 64
10 65
10 67
10 68
10 69
10 72
10 73
10 74
10 75
10 77
10 79
10 80
10 83
10 84
10 86
10 88
10 92
10 93
10 97
10 98
10 99
11 12
11 13
11 16
11 18
11 19
11 23
11 27
11 33
11 34
11 35
11 36
11 37
11 38
11 39
11 41
11 42
11 44
11 50
11 51
11 52
11 56
11 57
11 58
11 60
11 62
11 63
11 64
11 68
11 69
11 72
11 73
11 75
11 77
11 79
11 82
11 84
11 85
11 89
11 91
11 92
11 93
11 95
12 17
12 18
12 19
12 20
12 21
12 22
12 26
12 35
12 36
12 38
12 41
12 43
12 44
12 46
12 48
12 49
12 50
12 52
12 56
12 59
12 60
12 61
12 62
12 69
12 70
12 74
12 76
12 77
12 78
12 79
12 80
12 82
12 83
12 86
12 89
12 90
12 92
12 96
12 97
13 16
13 20
13 21
13 22
13 27
13 30
13 31
13 32
13 35
13 36
13 37
13 38
13 39
13 42
13 43
13 44
13 45
13 46
13 48
13 49
13 51
13 52
13 55
13 57
13 59
13 60
13 61
13 62
13 63
13 66
13 67
13 68
13 69
13 70
13 71
13 73
13 77
13 78
13 83
13 84
13 86
13 89
13 91
13 92
13 93
13 94
14 15
14 16
14 17
14 20
14 21
14 26
14 29
14 30
14 34
14 36
14 39
14 40
14 44
14 45
14 46
14 48
14 49
14 50
14 58
14 59
14 60
14 61
14 62
14 64
14 66
14 67
14 68
14 70
14 72
14 73
14 74
14 75
14 76
14 79
14 87
14 88
14 89
14 91
14 92
14 93
14 94
14 99
15 17
15 26
15 29
15 31
15 32
15 33
15 34
15 36
15 37
15 38
15 43
15 45
15 48
15 49
15 51
15 53
15 57
15 58
15 63
15 65
15 70
15 71
15 73
15 75
15 76
15 84
15 85
15 87
15 88
15 90
15 93
15 94
15 95
15 96
15 97
15 99
16 18
16 19
16 21
16 22
16 23
16 24
16 27
16 28
16 32
16 35
16 37
16 39
16 43
16 44
16 45
16 46
16 47
16 57
16 61
16 62
16 67
16 69
16 71
16 73
16 74
16 75
16 76
16 77
16 78
16 79
16 81
16 82
16 85
16 87
16 89
16 90
16 93
16 97
17 21
17 23
17 28
17 30
17 33
17 34
17 35
17 36
17 38
17 40
17 42
17 43
17 44
17 47
17 49
17 50
17 52
17 57
17 59
17 62
17 64
17 66
17 68
17 69
17 71
17 73
17 74
17 75
17 76
17 77
17 81
17 84
17 86
17 88
17 89
17 90
17 91
17 93
17 94
17 95
17 96
17 97
17 98
18 22
18 23
18 27
18 28
18 29
18 30
18 33
18 34
18 35
18 37
18 38
18 42
18 43
18 44
18 47
18 49
18 50
18 51
18 53
18 55
18 57
18 60
18 61
18 66
18 67
18 70
18 73
18 74
18 78
18 79
18 81
18 84
18 86
18 88
18 89
18 91
18 94
18 95
18 96
18 98
19 20
19 22
19 24
19 25
19 26
19 27
19 28
19 30
19 31
19 32
19 34
19 39
19 43
19 46
19 49
19 54
19 58
19 59
19 60
19 61
19 63
19 69
19 70
19 71
19 72
19 74
19 76
19 80
19 81
19 85
19 88
19 93
19 94
20 22
20 26
20 27
20 28
20 29
20 31
20 34
20 36
20 43
20 44
20 52
20 54
20 56
20 58
20 61
20 64
20 65
20 66
20 68
20 72
20 77
20 78
20 79
20 80
20 81
20 84
20 85
20 86
20 91
20 93
20 94
20 95
20 96
20 97
20 99
21 22
21 23
21 24
21 26
21 29
21 31
21 36
21 37
21 38
21 39
21 41
21 42
21 43
21 44
21 46
21 47
21 48
21 50
21 52
21 53
21 55
21 56
21 57
21 58
21 59
21 60
21 64
21 65
21 66
21 67
21 68
21 69
21 70
21 71
21 72
21 73
21 77
21 78
21 80
21 81
21 83
21 84
21 85
21 86
21 87
21 88
21 89
21 90
21 91
21 92
21 93
21 95
21 96
21 99
22 24
22 26
22 27
22 28
22 29
22 30
22 31
22 34
22 35
22 36
22 37
22 38
22 39
22 40
22 41
22 43
22 44
22 45
22 49
22 51
22 54
22 55
22 57
22 58
22 59
22 60
22 61
22 63
22 64
22 66
22 69
22 70
22 71
22 75
22 76
22 81
22 83
22 84
22 85
22 86
23 25
23 26
23 27
23 29
23 30
23 31
23 33
23 34
23 35
23 37
23 38
23 39
23 40
23 41
23 42
23 45
23 47
23 48
23 56
23 57
23 62
23 66
23 68
23 70
23 73
23 74
23 78
23 79
23 80
23 83
23 86
23 88
23 89
23 90
23 92
23 93
23 94
23 95
23 96
23 97
23 98
23 99
24 25
24 28
24 29
24 30
24 31
24 33
24 34
24 36
24 42
24 43
24 45
24 46
24 48
24 51
24 53
24 55
24 56
24 57
24 60
24 63
24 64
24 65
24 67
24 68
24 69
24 72
24 73
24 74
24 75
24 79
24 81
24 82
24 83
24 84
24 87
24 88
24 91
24 94
24 96
24 99
25 27
25 28
25 29
25 30
25 31
25 32
25 33
25 36
25 37
25 38
25 40
25 41
25 42
25 43
25 45
25 47
25 51
25 52
25 54
25 55
25 56
25 58
25 60
25 62
25 64
25 66
25 67
25 68
25 69
25 71
25 75
25 78
25 79
25 81
25 82
25 83
25 84
25 86
25 96
25 97
25 99
26 27
26 28
26 31
26 33
26 37
26 38
26 44
26 47
26 48
26 50
26 54
26 56
26 58
26 59
26 63
26 64
26 65
26 68
26 69
26 74
26 75
26 77
26 81
26 85
26 87
26 90
26 93
26 94
26 95
26 96
26 97
26 98
26 99
27 28
27 29
27 32
27 33
27 34
27 35
27 36
27 37
27 38
27 39
27 41
27 42
27 48
27 51
27 53
27 55
27 59
27 60
27 64
27 66
27 71
27 76
27 80
27 81
27 85
27 86
27 89
27 91
27 92
27 93
27 94
28 29
28 30
28 32
28 33
28 36
28 37
28 38
28 40
28 41
28 48
28 49
28 51
28 55
28 56
28 59
28 63
28 64
28 67
28 68
28 70
28 71
28 72
28 76
28 78
28 79
28 81
28 82
28 83
28 87
28 90
28 93
28 94
28 95
28 96
28 99
29 37
29 38
29 39
29 41
29 42
29 43
29 45
29 46
29 49
29 53
29 54
29 57
29 63
29 64
29 65
29 66
29 68
29 69
29 72
29 73
29 74
29 77
29 78
29 79
29 81
29 86
29 95
29 96
29 97
29 98
30 31
30 36
30 37
30 38
30 39
30 47
30 50
30 52
30 55
30 56
30 57
30 58
30 61
30 64
30 65
30 70
30 72
30 73
30 74
30 79
30 80
30 81
30 83
30 86
30 87
30 88
30 89
30 91
30 92
30 93
31 32
31 34
31 38
31 39
31 41
31 45
31 47
31 48
31 49
31 51
31 52
31 54
31 58
31 59
31 62
31 69
31 70
31 71
31 72
31 77
31 78
31 79
31 81
31 85
31 87
31 91
31 92
31 95
31 99
32 35
32 38
32 39
32 40
32 42
32 43
32 44
32 45
32 46
32 47
32 49
32 51
32 54
32 55
32 57
32 59
32 60
32 61
32 66
32 69
32 71
32 72
32 73
32 75
32 79
32 81
32 82
32 83
32 85
32 90
32 93
32 94
32 96
32 97
32 98
33 34
33 35
33 36
33 39
33 40
33 42
33 51
33 53
33 54
33 55
33 58
33 60
33 62
33 64
33 65
33 67
33 69
33 71
33 76
33 77
33 82
33 83
33 84
33 87
33 88
33 93
33 95
33 96
33 98
34 36
34 37
34 38
34 39
34 40
34 41
34 42
34 45
34 48
34 50
34 51
34 52
34 53
34 54
34 55
34 57
34 58
34 63
34 65
34 66
34 67
34 69
34 70
34 74
34 78
34 80
34 81
34 82
34 86
34 87
34 91
34 92
34 99
35 36
35 37
35 38
35 41
35 43
35 46
35 50
35 52
35 54
35 55
35 56
35 59
35 60
35 61
35 63
35 64
35 68
35 69
35 70
35 75
35 76
35 77
35 78
35 83
35 85
35 86
35 87
35 88
35 90
35 91
35 92
35 93
35 96
35 97
35 98
35 99
36 39
36 40
36 41
36 42
36 43
36 44
36 45
36 46
36 47
36 50
36 52
36 54
36 56
36 57
36 58
36 62
36 63
36 65
36 68
36 69
36 71
36 72
36 74
36 75
36 77
36 79
36 80
36 81
36 82
36 85
36 87
36 88
36 89
36 90
36 92
36 95
36 97
36 99
37 38
37 40
37 41
37 44
37 45
37 46
37 49
37 50
37 51
37 53
37 58
37 59
37 62
37 63
37 65
37 68
37 70
37 71
37 73
37 74
37 76
37 77
37 79
37 86
37 87
37 88
37 91
37 93
37 95
37 96
37 98
38 39
38 41
38 43
38 45
38 47
38 49
38 50
38 53
38 54
38 58
38 60
38 61
38 62
38 64
38 66
38 70
38 71
38 72
38 73
38 74
38 79
38 82
38 83
38 86
38 87
38 88
38 89
38 90
38 91
38 92
38 95
38 96
38 97
38 99
39 40
39 42
39 44
39 45
39 47
39 48
39 49
39 50
39 51
39 54
39 55
39 56
39 58
39 61
39 62
39 68
39 73
39 74
39 75
39 76
39 77
39 80
39 81
39 82
39 83
39 85
39 89
39 90
39 94
39 98
40 44
40 45
40 46
40 47
40 49
40 51
40 52
40 53
40 55
40 57
40 58
40 59
40 61
40 62
40 66
40 67
40 72
40 74
40 75
40 76
40 77
40 78
40 79
40 81
40 82
40 83
40 86
40 90
40 91
40 92
40 93
40 94
40 96
40 98
41 42
41 43
41 45
41 46
41 47
41 48
41 49
41 50
41 51
41 52
41 53
41 57
41 61
41 64
41 67
41 68
41 70
41 71
41 72
41 74
41 76
41 82
41 83
41 84
41 85
41 86
41 87
41 93
41 97
41 98
41 99
42 43
42 44
42 45
42 47
42 48
42 50
42 52
42 53
42 57
42 60
42 61
42 66
42 70
42 71
42 72
42 75
42 76
42 77
42 79
42 82
42 91
42 92
42 93
42 94
42 99
43 45
43 46
43 47
43 48
43 50
43 52
43 54
43 57
43 61
43 62
43 65
43 66
43 67
43 68
43 69
43 70
43 73
43 74
43 82
43 83
43 85
43 86
43 88
43 90
43 91
43 93
43 95
43 96
43 97
43 98
44 45
44 46
44 47
44 48
44 50
44 51
44 52
44 54
44 57
44 59
44 61
44 65
44 66
44 69
44 70
44 71
44 72
44 76
44 77
44 79
44 82
44 84
44 85
44 86
44 88
44 92
44 93
44 94
44 95
44 97
44 98
44 99
45 47
45 48
45 49
45 50
45 53
45 57
45 59
45 60
45 63
45 64
45 65
45 67
45 68
45 70
45 73
45 74
45 75
45 76
45 77
45 81
45 84
45 87
45 88
45 89
45 93
45 94
45 97
45 99
46 48
46 50
46 54
46 56
46 57
46 59
46 60
46 61
46 66
46 67
46 69
46 70
46 73
46 74
46 82
46 84
46 85
46 87
46 88
46 90
46 91
46 93
46 95
47 50
47 52
47 53
47 55
47 56
47 57
47 58
47 60
47 61
47 62
47 64
47 68
47 69
47 70
47 72
47 73
47 74
47 77
47 78
47 79
47 82
47 86
47 89
47 90
47 95
47 97
47 98
48 49
48 59
48 60
48 63
48 67
48 68
48 69
48 72
48 73
48 74
48 75
48 77
48 78
48 79
48 82
48 86
48 88
48 94
48 97
48 98
49 55
49 59
49 61
49 63
49 64
49 65
49 66
49 68
49 69
49 71
49 72
49 73
49 77
49 79
49 80
49 82
49 83
49 86
49 87
49 88
49 89
49 93
49 96
49 99
50 52
50 53
50 55
50 56
50 59
50 60
50 61
50 62
50 64
50 65
50 66
50 68
50 69
50 70
50 72
50 73
50 76
50 79
50 80
50 82
50 83
50 85
50 86
50 87
50 93
50 96
50 97
50 99
51 52
51 53
51 57
51 59
51 61
51 62
51 63
51 64
51 65
51 66
51 69
51 71
51 74
51 75
51 81
51 83
51 89
51 90
51 91
51 94
51 95
51 96
51 98
52 54
52 56
52 57
52 58
52 59
52 60
52 62
52 67
52 69
52 70
52 71
52 73
52 75
52 78
52 79
52 80
52 82
52 84
52 89
52 90
52 91
52 94
53 54
53 56
53 58
53 60
53 61
53 62
53 66
53 67
53 72
53 74
53 76
53 79
53 81
53 82
53 85
53 87
53 89
53 94
53 95
53 96
53 98
53 99
54 55
54 56
54 57
54 58
54 65
54 67
54 72
54 73
54 76
54 79
54 89
54 91
54 92
54 94
54 96
54 97
54 99
55 56
55 57
55 59
55 60
55 61
55 64
55 65
55 66
55 68
55 73
55 74
55 76
55 81
55 86
55 87
55 88
55 90
55 92
55 95
55 96
55 97
55 98
55 99
56 57
56 58
56 59
56 60
56 62
56 63
56 64
56 67
56 71
56 73
56 74
56 75
56 77
56 78
56 80
56 81
56 84
56 86
56 90
56 91
56 93
56 95
56 96
56 98
57 58
57 59
57 60
57 61
57 63
57 64
57 66
57 69
57 71
57 72
57 80
57 82
57 84
57 85
57 89
57 92
57 97
57 98
58 59
58 60
58 66
58 67
58 68
58 70
58 71
58 72
58 75
58 76
58 77
58 78
58 81
58 84
58 85
58 86
58 87
58 93
58 95
58 99
59 60
59 61
59 63
59 66
59 70
59 72
59 73
59 74
59 75
59 78
59 79
59 80
59 81
59 82
59 84
59 88
59 93
59 94
59 95
59 97
60 61
60 63
60 64
60 65
60 67
60 69
60 73
60 77
60 80
60 81
60 82
60 83
60 86
60 88
60 89
60 91
60 93
60 94
60 95
60 96
60 99
61 63
61 64
61 65
61 66
61 67
61 68
61 69
61 72
61 73
61 75
61 76
61 80
61 81
61 82
61 83
61 85
61 86
61 88
61 95
61 96
61 97
62 63
62 66
62 67
62 68
62 70
62 71
62 72
62 73
62 74
62 75
62 77
62 78
62 79
62 81
62 83
62 86
62 87
62 89
62 91
62 93
62 94
62 95
62 96
62 97
63 64
63 68
63 70
63 71
63 73
63 75
63 76
63 78
63 82
63 83
63 87
63 91
63 92
63 94
63 95
63 97
63 98
64 66
64 72
64 74
64 75
64 78
64 80
64 81
64 82
64 83
64 85
64 87
64 88
64 90
64 93
64 94
64 96
64 97
65 66
65 67
65 69
65 71
65 72
65 74
65 76
65 78
65 83
65 86
65 89
65 90
65 92
65 93
65 94
65 95
65 96
65 97
65 98
66 67
66 68
66 70
66 71
66 72
66 74
66 77
66 79
66 81
66 83
66 84
66 85
66 86
66 89
66 90
66 93
66 94
66 97
66 99
67 68
67 73
67 77
67 78
67 79
67 82
67 84
67 85
67 88
67 90
67 91
67 93
67 94
67 95
67 96
67 98
68 71
68 74
68 75
68 76
68 77
68 83
68 86
68 87
68 89
68 90
68 91
68 92
68 93
68 94
68 95
68 97
68 98
68 99
69 75
69 78
69 84
69 85
69 87
69 88
69 89
69 90
69 91
69 93
69 94
70 71
70 72
70 73
70 76
70 77
70 79
70 80
70 81
70 82
70 86
70 87
70 90
70 91
70 94
70 95
70 96
70 97
70 98
70 99
71 72
71 75
71 79
71 80
71 82
71 85
71 88
71 90
71 91
71 93
71 94
71 97
71 98
71 99
72 74
72 75
72 76
72 77
72 78
72 79
72 80
72 81
72 82
72 83
72 84
72 87
72 89
72 91
72 94
72 97
72 99
73 75
73 81
73 85
73 88
73 90
73 92
73 96
74 77
74 79
74 89
74 91
74 94
74 95
74 97
74 98
75 78
75 81
75 82
75 83
75 85
75 86
75 91
75 93
75 95
75 96
75 97
75 99
76 77
76 80
76 81
76 82
76 87
76 88
76 91
76 93
76 95
76 96
76 97
76 98
77 78
77 80
77 84
77 86
77 90
77 96
77 97
77 98
78 79
78 88
78 89
78 90
78 93
78 95
78 96
78 99
79 80
79 81
79 82
79 84
79 87
79 88
79 89
79 90
79 92
79 93
79 94
79 99
80 81
80 84
80 86
80 88
80 89
80 92
80 95
80 96
80 97
80 98
81 86
81 88
81 89
81 91
81 92
81 94
81 96
82 84
82 85
82 86
82 89
82 91
82 92
82 95
82 96
82 97
82 98
83 84
83 85
83 88
83 89
83 92
83 93
83 95
83 96
83 97
84 85
84 86
84 89
84 90
84 93
84 94
84 95
84 96
84 97
84 98
84 99
85 88
85 89
85 90
85 91
85 92
85 95
85 97
86 92
86 93
86 97
86 98
86 99
87 88
87 89
87 90
87 91
87 93
87 95
87 96
87 97
87 99
88 90
88 91
88 93
88 94
88 96
89 90
89 93
89 96
89 98
89 99
90 91
90 93
90 94
90 95
90 97
90 98
90 99
91 92
91 96
91 98
91 99
92 94
92 96
93 94
93 95
93 97
93 98
94 95
95 96
95 97
96 98
