0 1
0 2
0 4
0 7
0 8
0 10
0 12
0 17
0 18
0 20
0 21
0 22
0 23
0 26
0 27
0 30
0 31
0 34
0 35
0 36
0 38
0 39
0 40
0 42
0 43
0 47
0 48
0 49
0 54
0 55
0 57
0 58
0 59
0 60
0 61
0 63
0 65
0 66
0 67
0 68
0 73
0 77
0 79
0 85
0 88
0 89
0 92
1 2
1 4
1 6
1 10
1 11
1 12
1 13
1 20
1 21
1 22
1 25
1 26
1 27
1 28
1 29
1 31
1 33
1 34
1 35
1 37
1 39
1 40
1 44
1 48
1 51
1 52
1 53
1 54
1 55
1 56
1 58
1 60
1 63
1 65
1 67
1 69
1 71
1 72
1 73
1 75
1 80
1 82
1 85
1 87
1 88
1 89
1 92
1 93
1 96
1 98
1 99
2 3
2 7
2 8
2 9
2 11
2 13
2 14
2 17
2 20
2 22
2 24
2 25
2 26
2 27
2 29
2 31
2 35
2 38
2 40
2 42
2 43
2 44
2 48
2 49
2 52
2 53
2 54
2 55
2 59
2 60
2 61
2 62
2 64
2 65
2 67
2 70
2 72
2 75
2 78
2 79
2 80
2 84
2 86
2 87
2 88
2 89
2 95
2 99
3 5
3 6
3 7
3 8
3 16
3 19
3 21
3 23
3 24
3 26
3 30
3 32
3 34
3 35
3 36
3 37
3 40
3 42
3 46
3 47
3 50
3 53
3 56
3 57
3 61
3 62
3 63
3 65
3 67
3 68
3 69
3 71
3 72
3 73
3 74
3 75
3 79
3 80
3 81
3 82
3 83
3 84
3 85
3 86
3 87
3 89
3 92
3 95
3 96
3 99
4 7
4 8
4 9
4 11
4 13
4 14
4 15
4 17
4 21
4 22
4 26
4 29
4 34
4 35
4 37
4 38
4 39
4 40
4 42
4 43
4 44
4 46
4 47
4 49
4 50
4 51
4 53
4 54
4 57
4 59
4 60
4 61
4 62
4 63
4 65
4 66
4 68
4 71
4 74
4 80
4 81
4 82
4 84
4 87
4 89
4 92
4 93
4 94
4 95
4 97
5 9
5 12
5 18
5 22
5 23
5 24
5 25
5 27
5 28
5 32
5 34
5 35
5 36
5 37
5 43
5 44
5 46
5 48
5 49
5 50
5 51
5 52
5 53
5 54
5 57
5 58
5 61
5 64
5 66
5 67
5 68
5 69
5 70
5 71
5 76
5 77
5 78
5 81
5 82
5 83
5 84
5 85
5 88
5 91
5 92
5 97
5 98
6 8
6 9
6 10
6 23
6 24
6 26
6 27
6 30
6 35
6 36
6 38
6 39
6 42
6 43
6 44
6 45
6 46
6 48
6 54
6 59
6 60
6 62
6 63
6 65
6 66
6 68
6 70
6 72
6 73
6 74
6 76
6 77
6 78
6 82
6 84
6 89
6 90
6 93
6 94
6 98
6 99
7 9
7 10
7 12
7 13
7 14
7 16
7 17
7 24
7 28
7 29
7 32
7 34
7 35
7 38
7 41
7 42
7 44
7 45
7 46
7 51
7 52
7 53
7 54
7 55
7 56
7 57
7 61
7 63
7 67
7 68
7 69
7 74
7 75
7 77
7 78
7 80
7 81
7 84
7 85
7 90
7 91
7 92
7 96
7 98
8 10
8 11
8 13
8 16
8 19
8 20
8 23
8 26
8 27
8 30
8 32
8 36
8 37
8 39
8 41
8 43
8 45
8 46
8 48
8 49
8 53
8 54
8 55
8 56
8 57
8 59
8 60
8 61
8 62
8 66
8 68
8 71
8 72
8 73
8 74
8 75
8 76
8 80
8 81
8 84
8 86
8 88
8 90
8 91
8 92
8 93
8 94
8 96
8 97
9 10
9 12
9 15
9 16
9 17
9 18
9 21
9 22
9 23
9 25
9 29
9 30
9 32
9 33
9 35
9 36
9 38
9 39
9 40
9 41
9 45
9 46
9 47
9 49
9 50
9 53
9 54
9 55
9 56
9 57
9 58
9 62
9 63
9 64
9 65
9 66
9 69
9 71
9 72
9 73
9 74
9 75
9 76
9 77
9 78
9 81
9 83
9 84
9 86
9 88
9 89
9 94
9 96
9 97
9 99
10 11
10 13
10 15
10 17
10 18
10 19
10 20
10 22
10 24
10 28
10 29
10 30
10 31
10 32
10 33
10 35
10 36
10 37
10 41
10 42
10 43
10 45
10 49
10 51
10 55
10 57
10 59
10 61
10 62
10 65
10 73
10 74
10 75
10 76
10 78
10 79
10 84
10 86
10 88
10 90
10 91
10 93
10 94
10 96
10 97
11 12
11 15
11 17
11 18
11 19
11 21
11 24
11 25
11 27
11 37
11 39
11 40
11 41
11 42
11 45
11 46
11 47
11 49
11 51
11 55
11 57
11 58
11 60
11 67
11 68
11 69
11 70
11 74
11 75
11 76
11 80
11 82
11 85
11 86
11 90
11 92
11 93
11 95
11 96
11 97
12 14
12 21
12 25
12 27
12 32
12 33
12 35
12 42
12 44
12 46
12 48
12 49
12 52
12 53
12 54
12 56
12 58
12 60
12 64
12 68
12 69
12 71
12 72
12 73
12 74
12 75
12 76
12 77
12 78
12 83
12 86
12 89
12 90
12 93
12 96
12 98
13 14
13 15
13 17
13 23
13 24
13 25
13 26
13 27
13 28
13 29
13 31
13 33
13 34
13 35
13 39
13 40
13 41
13 42
13 44
13 45
13 48
13 50
13 51
13 54
13 55
13 56
13 57
13 59
13 60
13 61
13 62
13 65
13 66
13 67
13 71
13 74
13 75
13 77
13 78
13 79
13 85
13 86
13 87
13 88
13 89
13 91
13 93
13 95
13 96
13 98
14 15
14 16
14 18
14 23
14 24
14 25
14 27
14 29
14 31
14 33
14 37
14 40
14 42
14 44
14 45
14 46
14 54
14 58
14 60
14 62
14 63
14 65
14 69
14 70
14 72
14 73
14 75
14 77
14 78
14 79
14 80
14 81
14 84
14 85
14 88
14 94
15 18
15 19
15 22
15 23
15 25
15 26
15 27
15 29
15 36
15 39
15 40
15 41
15 42
15 43
15 44
15 48
15 49
15 50
15 51
15 53
15 54
15 56
15 57
15 59
15 60
15 61
15 63
15 67
15 68
15 70
15 71
15 72
15 73
15 76
15 77
15 78
15 79
15 80
15 82
15 85
15 87
15 89
15 91
15 92
15 94
15 95
15 96
15 97
15 98
15 99
16 20
16 25
16 26
16 28
16 29
16 31
16 32
16 33
16 34
16 35
16 37
16 38
16 39
16 45
16 46
16 48
16 50
16 52
16 54
16 56
16 58
16 59
16 61
16 62
16 67
16 70
16 71
16 73
16 74
16 76
16 77
16 78
16 80
16 81
16 82
16 83
16 84
16 88
16 89
16 90
16 94
16 95
16 96
16 98
17 19
17 21
17 23
17 25
17 26
17 28
17 31
17 34
17 35
17 37
17 39
17 41
17 43
17 44
17 45
17 46
17 47
17 48
17 50
17 52
17 55
17 57
17 58
17 61
17 63
17 64
17 67
17 69
17 70
17 71
17 73
17 74
17 75
17 76
17 78
17 84
17 85
17 86
17 87
17 89
17 90
17 91
17 92
17 93
17 94
17 95
17 96
17 97
17 98
18 21
18 22
18 23
18 25
18 26
18 28
18 30
18 32
18 33
18 39
18 40
18 41
18 43
18 44
18 47
18 48
18 50
18 52
18 53
18 55
18 58
18 61
18 65
18 66
18 71
18 76
18 78
18 79
18 83
18 87
18 90
18 91
18 93
18 94
18 96
18 97
18 99
19 23
19 26
19 27
19 29
19 31
19 34
19 35
19 38
19 39
19 40
19 43
19 44
19 45
19 46
19 47
19 48
19 49
19 54
19 56
19 59
19 61
19 62
19 63
19 68
19 69
19 72
19 73
19 78
19 79
19 80
19 81
19 84
19 85
19 86
19 87
19 89
19 91
19 95
19 96
19 99
20 33
20 34
20 35
20 38
20 42
20 43
20 46
20 48
20 53
20 56
20 60
20 62
20 65
20 69
20 70
20 73
20 76
20 77
20 81
20 82
20 84
20 85
20 86
20 87
20 88
20 89
20 90
20 93
20 96
20 97
21 22
21 23
21 25
21 29
21 31
21 32
21 33
21 37
21 38
21 39
21 40
21 41
21 43
21 44
21 47
21 50
21 51
21 52
21 55
21 56
21 59
21 60
21 61
21 62
21 64
21 68
21 70
21 75
21 77
21 78
21 80
21 81
21 84
21 88
21 89
21 94
21 96
21 99
22 26
22 28
22 31
22 32
22 33
22 37
22 38
22 41
22 46
22 48
22 49
22 50
22 51
22 52
22 53
22 54
22 58
22 59
22 61
22 63
22 64
22 68
22 70
22 72
22 73
22 74
22 75
22 79
22 81
22 84
22 85
22 86
22 88
22 90
22 92
22 95
22 96
22 97
22 98
23 27
23 33
23 34
23 35
23 36
23 37
23 41
23 44
23 45
23 46
23 47
23 48
23 51
23 58
23 59
23 61
23 65
23 69
23 70
23 73
23 75
23 76
23 77
23 78
23 80
23 81
23 83
23 88
23 89
23 91
23 92
23 94
23 96
23 99
24 27
24 29
24 30
24 31
24 32
24 33
24 35
24 36
24 37
24 38
24 43
24 46
24 47
24 48
24 49
24 50
24 51
24 52
24 53
24 55
24 56
24 61
24 62
24 64
24 66
24 67
24 68
24 70
24 71
24 72
24 75
24 76
24 77
24 82
24 86
24 87
24 88
24 91
24 92
24 93
24 95
24 96
25 26
25 27
25 29
25 31
25 32
25 33
25 37
25 38
25 39
25 43
25 50
25 52
25 53
25 54
25 55
25 59
25 60
25 61
25 65
25 68
25 70
25 72
25 73
25 76
25 77
25 79
25 80
25 82
25 85
25 86
25 87
25 88
25 90
25 91
25 93
25 94
25 99
26 27
26 28
26 30
26 31
26 32
26 34
26 36
26 37
26 38
26 39
26 40
26 42
26 44
26 45
26 49
26 51
26 53
26 57
26 58
26 59
26 60
26 61
26 67
26 68
26 69
26 70
26 72
26 73
26 77
26 79
26 82
26 86
26 88
26 90
26 92
26 93
26 94
27 29
27 30
27 32
27 33
27 35
27 39
27 40
27 41
27 45
27 46
27 49
27 52
27 53
27 54
27 59
27 63
27 64
27 65
27 69
27 70
27 71
27 72
27 73
27 75
27 77
27 82
27 83
27 84
27 85
27 86
27 87
27 88
27 89
27 91
27 92
27 93
27 94
27 98
28 29
28 31
28 33
28 37
28 38
28 42
28 44
28 45
28 46
28 49
28 55
28 58
28 59
28 61
28 66
28 71
28 72
28 73
28 80
28 81
28 83
28 85
28 86
28 88
28 89
28 90
28 91
28 93
28 94
28 95
29 30
29 31
29 37
29 38
29 39
29 44
29 45
29 46
29 49
29 52
29 53
29 54
29 56
29 57
29 58
29 59
29 62
29 63
29 64
29 66
29 67
29 68
29 69
29 70
29 71
29 72
29 75
29 77
29 78
29 80
29 83
29 86
29 87
29 88
29 90
29 92
29 93
29 94
29 96
29 97
29 99
30 32
30 34
30 35
30 36
30 37
30 38
30 42
30 44
30 45
30 46
30 47
30 51
30 52
30 54
30 55
30 57
30 58
30 59
30 62
30 63
30 64
30 66
30 67
30 69
30 71
30 73
30 74
30 75
30 76
30 78
30 80
30 81
30 82
30 83
30 84
30 85
30 88
30 89
30 91
30 92
30 94
30 95
30 97
30 98
30 99
31 34
31 35
31 37
31 39
31 40
31 46
31 49
31 52
31 54
31 55
31 57
31 58
31 59
31 61
31 63
31 64
31 67
31 68
31 69
31 72
31 73
31 76
31 77
31 78
31 83
31 84
31 85
31 86
31 87
31 88
31 90
31 91
31 93
31 94
31 95
31 98
32 38
32 39
32 50
32 52
32 53
32 54
32 57
32 60
32 62
32 67
32 68
32 70
32 71
32 73
32 75
32 77
32 78
32 80
32 81
32 84
32 86
32 87
32 89
32 90
32 92
32 93
32 94
32 95
32 99
33 37
33 38
33 39
33 40
33 42
33 44
33 45
33 47
33 48
33 49
33 50
33 51
33 52
33 53
33 54
33 55
33 57
33 61
33 62
33 64
33 66
33 71
33 73
33 74
33 80
33 81
33 84
33 86
33 88
33 91
33 92
33 93
33 95
33 98
34 35
34 37
34 41
34 43
34 49
34 50
34 52
34 53
34 54
34 56
34 57
34 59
34 60
34 64
34 66
34 68
34 69
34 70
34 72
34 73
34 75
34 77
34 85
34 87
34 90
34 91
34 93
34 96
34 99
35 43
35 44
35 50
35 51
35 52
35 53
35 56
35 57
35 58
35 59
35 63
35 64
35 65
35 67
35 70
35 71
35 72
35 73
35 74
35 76
35 77
35 79
35 80
35 82
35 85
35 86
35 88
35 90
35 93
35 94
35 95
35 96
35 99
36 38
36 41
36 43
36 45
36 46
36 47
36 48
36 51
36 52
36 54
36 57
36 58
36 60
36 63
36 64
36 65
36 67
36 68
36 71
36 72
36 73
36 74
36 75
36 76
36 78
36 82
36 86
36 90
36 91
36 92
36 93
36 94
36 95
36 98
36 99
37 38
37 44
37 47
37 50
37 51
37 52
37 54
37 56
37 57
37 61
37 62
37 67
37 68
37 70
37 72
37 73
37 74
37 76
37 77
37 80
37 81
37 82
37 87
37 89
37 90
37 91
37 92
37 93
37 96
37 97
37 99
38 39
38 44
38 46
38 47
38 49
38 50
38 51
38 60
38 62
38 63
38 64
38 65
38 66
38 68
38 70
38 71
38 72
38 74
38 75
38 78
38 79
38 80
38 81
38 84
38 86
38 89
38 90
38 91
38 93
38 95
38 97
39 40
39 45
39 47
39 49
39 52
39 54
39 56
39 59
39 60
39 64
39 66
39 67
39 69
39 70
39 71
39 73
39 74
39 76
39 78
39 79
39 80
39 81
39 82
39 84
39 87
39 88
39 90
39 91
39 92
39 93
39 94
39 95
39 97
39 98
39 99
40 43
40 44
40 45
40 46
40 47
40 52
40 54
40 55
40 57
40 61
40 63
40 64
40 70
40 74
40 75
40 76
40 77
40 82
40 83
40 84
40 86
40 87
40 88
40 90
40 93
40 95
40 98
41 42
41 44
41 45
41 46
41 50
41 51
41 52
41 54
41 56
41 61
41 66
41 67
41 70
41 72
41 77
41 78
41 80
41 81
41 83
41 84
41 85
41 86
41 87
41 88
41 90
41 91
41 94
41 95
41 97
42 43
42 46
42 47
42 48
42 53
42 56
42 60
42 62
42 63
42 65
42 72
42 74
42 80
42 81
42 82
42 84
42 85
42 86
42 88
42 89
42 90
42 91
42 92
42 97
42 98
42 99
43 44
43 51
43 55
43 58
43 60
43 63
43 71
43 72
43 74
43 75
43 76
43 80
43 81
43 82
43 83
43 85
43 86
43 88
43 89
43 95
43 97
43 99
44 45
44 48
44 56
44 58
44 59
44 61
44 62
44 63
44 64
44 65
44 66
44 68
44 69
44 72
44 74
44 75
44 76
44 78
44 79
44 81
44 82
44 83
44 85
44 86
44 91
44 92
44 94
44 95
44 96
44 98
44 99
45 46
45 47
45 48
45 49
45 50
45 52
45 53
45 54
45 55
45 57
45 60
45 64
45 66
45 67
45 68
45 70
45 75
45 76
45 78
45 80
45 81
45 87
45 89
45 90
45 91
45 92
45 96
45 99
46 51
46 53
46 55
46 58
46 59
46 61
46 62
46 63
46 64
46 68
46 69
46 70
46 71
46 72
46 74
46 75
46 76
46 77
46 78
46 79
46 80
46 82
46 84
46 86
46 90
46 91
46 92
46 95
46 96
46 98
47 48
47 50
47 52
47 53
47 54
47 56
47 58
47 60
47 61
47 62
47 63
47 65
47 66
47 67
47 71
47 73
47 75
47 79
47 80
47 81
47 82
47 83
47 84
47 85
47 86
47 87
47 88
47 89
47 90
47 91
47 95
47 96
47 98
48 49
48 51
48 56
48 58
48 59
48 60
48 63
48 65
48 66
48 67
48 69
48 70
48 73
48 75
48 76
48 78
48 81
48 82
48 83
48 84
48 89
48 91
48 92
48 93
48 95
48 96
48 97
48 98
49 50
49 51
49 53
49 65
49 66
49 67
49 68
49 77
49 78
49 79
49 80
49 82
49 83
49 84
49 85
49 88
49 91
49 94
49 95
49 97
50 52
50 53
50 60
50 62
50 64
50 65
50 69
50 75
50 78
50 79
50 80
50 82
50 84
50 87
50 90
50 94
50 96
50 97
50 98
50 99
51 52
51 53
51 55
51 60
51 61
51 64
51 66
51 67
51 69
51 70
51 72
51 73
51 75
51 80
51 82
51 85
51 86
51 88
51 90
51 96
51 98
51 99
52 53
52 54
52 56
52 59
52 60
52 62
52 63
52 66
52 70
52 72
52 73
52 74
52 78
52 79
52 81
52 82
52 83
52 85
52 86
52 87
52 88
52 89
52 90
52 92
52 93
52 95
52 96
52 97
52 98
53 56
53 57
53 58
53 65
53 68
53 69
53 70
53 71
53 72
53 74
53 76
53 77
53 78
53 80
53 81
53 82
53 84
53 89
53 94
53 96
53 98
53 99
54 55
54 58
54 59
54 61
54 63
54 67
54 68
54 74
54 81
54 83
54 84
54 85
54 87
54 88
54 89
54 90
54 91
54 92
54 93
54 95
54 96
54 98
54 99
55 56
55 57
55 58
55 59
55 60
55 63
55 64
55 65
55 66
55 67
55 68
55 69
55 72
55 75
55 78
55 79
55 85
55 86
55 87
55 91
55 94
55 95
55 96
55 97
56 60
56 61
56 63
56 66
56 67
56 68
56 72
56 73
56 75
56 76
56 77
56 80
56 85
56 87
56 88
56 89
56 92
56 93
56 95
56 96
57 59
57 60
57 62
57 63
57 64
57 65
57 68
57 70
57 72
57 73
57 76
57 77
57 78
57 79
57 80
57 81
57 82
57 83
57 84
57 89
57 90
57 91
57 94
57 96
57 97
58 59
58 60
58 61
58 67
58 68
58 71
58 77
58 79
58 80
58 81
58 82
58 83
58 84
58 88
58 89
58 90
58 91
58 92
58 93
58 94
58 95
58 96
58 98
58 99
59 60
59 61
59 62
59 65
59 66
59 70
59 71
59 73
59 75
59 77
59 78
59 80
59 84
59 85
59 87
59 88
59 90
59 91
59 92
59 94
59 96
59 97
59 98
59 99
60 61
60 65
60 67
60 68
60 70
60 74
60 75
60 76
60 78
60 80
60 81
60 82
60 86
60 87
60 90
60 94
60 95
60 97
60 98
61 62
61 63
61 65
61 66
61 70
61 72
61 74
61 78
61 79
61 83
61 85
61 91
61 92
61 94
61 95
61 96
61 97
61 98
62 63
62 65
62 67
62 69
62 71
62 73
62 75
62 76
62 77
62 79
62 80
62 81
62 83
62 84
62 85
62 87
62 89
62 90
62 94
63 65
63 68
63 69
63 75
63 76
63 78
63 80
63 84
63 86
63 87
63 88
63 89
63 92
63 94
63 95
63 96
63 97
64 67
64 68
64 70
64 72
64 73
64 76
64 77
64 78
64 79
64 89
64 90
64 92
64 93
64 94
64 95
64 96
64 97
64 98
65 69
65 71
65 72
65 76
65 77
65 82
65 83
65 86
65 90
65 91
65 92
65 95
65 99
66 68
66 70
66 71
66 74
66 76
66 77
66 81
66 82
66 84
66 86
66 90
66 92
66 94
66 95
66 96
66 98
67 69
67 71
67 72
67 76
67 77
67 78
67 79
67 81
67 89
67 90
67 94
67 96
67 97
68 69
68 70
68 77
68 80
68 81
68 82
68 86
68 87
68 89
68 91
68 92
68 94
68 95
68 97
68 98
69 72
69 73
69 75
69 76
69 77
69 78
69 79
69 80
69 81
69 83
69 84
69 85
69 86
69 87
69 89
69 90
69 91
69 93
69 94
69 95
69 96
70 71
70 72
70 73
70 74
70 75
70 77
70 78
70 81
70 83
70 84
70 87
70 89
70 91
70 93
70 94
70 96
70 97
70 98
70 99
71 74
71 77
71 81
71 86
71 87
71 88
71 92
71 93
71 94
71 95
71 97
72 76
72 81
72 82
72 86
72 88
72 95
72 96
72 97
72 99
73 75
73 78
73 80
73 81
73 82
73 84
73 85
73 86
73 88
73 89
73 91
73 92
73 95
73 98
74 75
74 76
74 77
74 78
74 81
74 82
74 84
74 85
74 92
74 93
74 95
75 79
75 80
75 87
75 88
75 89
75 93
75 95
75 97
76 81
76 83
76 89
76 90
76 94
76 95
76 96
77 78
77 82
77 83
77 84
77 85
77 86
77 87
77 88
77 91
77 96
77 98
78 82
78 84
78 86
78 88
78 90
78 91
78 92
78 93
78 96
78 98
79 82
79 83
79 84
79 85
79 89
79 91
79 92
79 94
79 95
79 96
79 98
80 81
80 82
80 83
80 85
80 86
80 87
80 88
80 92
80 93
80 96
80 97
80 99
81 83
81 85
81 86
81 87
81 88
81 90
81 94
81 95
81 96
81 98
82 87
82 88
82 89
82 91
82 92
82 93
82 94
82 95
82 96
82 97
82 98
82 99
83 84
83 88
83 89
83 90
83 91
83 94
83 95
83 96
83 97
83 98
84 86
84 87
84 89
84 90
84 92
84 94
84 95
84 96
84 97
84 99
85 88
85 89
85 90
85 91
85 92
85 95
85 97
86 87
86 89
86 91
86 94
86 95
86 98
86 99
87 88
87 90
87 96
87 97
87 98
87 99
88 89
88 90
88 94
88 97
88 98
89 90
89 91
89 92
89 97
89 98
89 99
90 92
90 93
90 97
90 98
91 95
91 97
91 98
91 99
92 94
92 98
92 99
93 94
93 96
93 97
93 98
93 99
94 96
94 97
94 99
95 96
95 97
95 99
96 99
98 99
