0 1
0 4
0 9
0 14
0 15
0 16
0 19
0 24
0 26
0 31
0 32
0 33
0 35
0 36
0 40
0 42
0 43
0 45
0 48
0 50
0 55
0 56
0 58
0 61
0 62
0 64
0 65
0 68
0 71
0 75
0 77
0 81
0 82
0 83
0 85
0 86
0 92
0 95
1 2
1 3
1 6
1 7
1 8
1 9
1 10
1 12
1 15
1 16
1 17
1 18
1 19
1 20
1 22
1 23
1 24
1 26
1 29
1 30
1 31
1 33
1 35
1 38
1 41
1 44
1 45
1 46
1 48
1 50
1 51
1 53
1 55
1 58
1 60
1 62
1 63
1 64
1 65
1 66
1 67
1 69
1 70
1 71
1 73
1 74
1 75
1 76
1 81
1 82
1 84
1 85
1 86
1 88
1 91
1 92
1 94
1 97
1 98
2 4
2 5
2 6
2 7
2 8
2 12
2 13
2 14
2 15
2 16
2 22
2 24
2 25
2 28
2 29
2 33
2 35
2 36
2 38
2 39
2 40
2 41
2 42
2 43
2 44
2 45
2 49
2 52
2 54
2 55
2 56
2 58
2 59
2 60
2 66
2 67
2 68
2 71
2 72
2 75
2 76
2 80
2 81
2 82
2 89
2 90
2 94
2 95
2 96
2 98
3 4
3 8
3 9
3 10
3 12
3 13
3 17
3 18
3 20
3 24
3 25
3 28
3 29
3 32
3 42
3 43
3 45
3 46
3 48
3 50
3 53
3 55
3 56
3 57
3 59
3 60
3 61
3 62
3 63
3 64
3 67
3 68
3 72
3 73
3 74
3 76
3 78
3 79
3 81
3 82
3 84
3 85
3 86
3 89
3 93
3 94
3 96
3 97
4 5
4 6
4 7
4 8
4 12
4 13
4 16
4 21
4 22
4 23
4 26
4 30
4 31
4 39
4 48
4 50
4 52
4 53
4 54
4 56
4 57
4 58
4 60
4 63
4 65
4 66
4 67
4 68
4 70
4 72
4 73
4 76
4 79
4 82
4 83
4 84
4 86
4 87
4 88
4 89
4 90
4 95
4 96
4 97
4 99
5 7
5 9
5 13
5 16
5 17
5 18
5 19
5 20
5 22
5 23
5 24
5 26
5 27
5 31
5 37
5 38
5 39
5 42
5 44
5 45
5 48
5 50
5 51
5 53
5 54
5 55
5 56
5 57
5 58
5 60
5 61
5 64
5 65
5 69
5 71
5 72
5 73
5 76
5 79
5 80
5 83
5 90
5 92
5 93
5 96
5 99
6 7
6 8
6 9
6 10
6 11
6 17
6 19
6 21
6 23
6 25
6 27
6 28
6 29
6 31
6 32
6 33
6 34
6 38
6 39
6 40
6 43
6 46
6 48
6 49
6 51
6 52
6 54
6 55
6 56
6 57
6 59
6 61
6 64
6 66
6 68
6 69
6 72
6 74
6 77
6 79
6 80
6 81
6 82
6 83
6 85
6 86
6 87
6 89
6 92
6 94
6 95
6 97
6 98
7 8
7 11
7 14
7 17
7 20
7 25
7 26
7 27
7 28
7 31
7 33
7 34
7 39
7 42
7 43
7 46
7 47
7 49
7 51
7 52
7 53
7 54
7 57
7 62
7 64
7 67
7 68
7 69
7 70
7 72
7 76
7 77
7 78
7 80
7 82
7 84
7 86
7 89
7 92
7 93
7 98
8 10
8 11
8 14
8 17
8 18
8 20
8 21
8 22
8 24
8 25
8 27
8 28
8 29
8 31
8 32
8 33
8 34
8 38
8 39
8 40
8 41
8 44
8 45
8 48
8 51
8 53
8 54
8 57
8 59
8 62
8 65
8 66
8 70
8 72
8 75
8 76
8 78
8 79
8 81
8 83
8 86
8 90
8 91
8 93
8 94
8 95
8 98
9 11
9 12
9 13
9 16
9 19
9 21
9 22
9 23
9 24
9 25
9 26
9 27
9 30
9 31
9 32
9 34
9 35
9 38
9 39
9 40
9 43
9 44
9 45
9 47
9 48
9 52
9 53
9 54
9 55
9 56
9 57
9 58
9 62
9 65
9 66
9 67
9 69
9 71
9 72
9 73
9 74
9 76
9 77
9 78
9 80
9 81
9 83
9 84
9 85
9 87
9 89
9 90
9 93
9 95
9 98
10 12
10 13
10 14
10 15
10 17
10 18
10 19
10 22
10 23
10 25
10 26
10 30
10 31
10 32
10 35
10 37
10 38
10 40
10 41
10 42
10 43
10 45
10 46
10 47
10 48
10 49
10 52
10 53
10 55
10 56
10 57
10 59
10 60
10 64
10 65
10 66
10 69
10 71
10 72
10 74
10 75
10 76
10 80
10 84
10 85
10 86
10 87
10 89
10 91
10 94
10 95
10 96
10 99
11 12
11 13
11 14
11 15
11 19
11 20
11 22
11 26
11 27
11 28
11 29
11 32
11 33
11 35
11 37
11 38
11 40
11 42
11 44
11 45
11 48
11 51
11 52
11 54
11 55
11 56
11 58
11 63
11 69
11 70
11 71
11 73
11 74
11 75
11 76
11 78
11 84
11 85
11 86
11 87
11 88
11 90
11 92
11 93
11 94
11 96
11 98
12 14
12 23
12 24
12 28
12 36
12 37
12 38
12 40
12 41
12 45
12 47
12 48
12 50
12 52
12 53
12 54
12 56
12 58
12 63
12 66
12 67
12 68
12 69
12 74
12 75
12 76
12 77
12 79
12 83
12 86
12 87
12 88
12 91
12 95
13 14
13 17
13 18
13 19
13 22
13 25
13 27
13 28
13 32
13 33
13 34
13 35
13 36
13 37
13 39
13 41
13 42
13 43
13 44
13 46
13 47
13 48
13 49
13 51
13 52
13 53
13 54
13 55
13 60
13 61
13 62
13 63
13 66
13 68
13 73
13 75
13 77
13 79
13 80
13 84
13 86
13 88
13 95
13 96
13 97
14 15
14 16
14 23
14 24
14 25
14 28
14 31
14 32
14 34
14 35
14 36
14 40
14 43
14 44
14 45
14 47
14 53
14 54
14 55
14 57
14 60
14 61
14 64
14 67
14 68
14 74
14 76
14 77
14 80
14 82
14 83
14 84
14 85
14 87
14 92
14 93
14 94
14 95
14 97
14 99
15 17
15 19
15 20
15 22
15 23
15 24
15 25
15 28
15 30
15 31
15 34
15 36
15 38
15 39
15 40
15 42
15 45
15 46
15 48
15 49
15 54
15 58
15 59
15 61
15 62
15 64
15 68
15 69
15 70
15 73
15 77
15 78
15 79
15 80
15 82
15 84
15 91
15 92
15 95
15 96
15 99
16 17
16 19
16 22
16 24
16 26
16 29
16 30
16 32
16 33
16 38
16 42
16 45
16 46
16 47
16 48
16 49
16 50
16 51
16 52
16 55
16 57
16 58
16 59
16 60
16 61
16 63
16 66
16 69
16 70
16 71
16 75
16 77
16 78
16 79
16 81
16 86
16 87
16 89
16 94
16 96
16 97
16 98
17 20
17 21
17 22
17 23
17 25
17 26
17 29
17 30
17 31
17 32
17 33
17 35
17 36
17 38
17 39
17 40
17 41
17 42
17 46
17 47
17 48
17 49
17 51
17 52
17 53
17 60
17 61
17 63
17 65
17 67
17 68
17 69
17 73
17 74
17 75
17 77
17 78
17 79
17 81
17 82
17 85
17 86
17 89
17 91
17 95
17 97
18 24
18 25
18 28
18 30
18 33
18 34
18 35
18 36
18 39
18 40
18 45
18 49
18 51
18 60
18 64
18 67
18 70
18 71
18 72
18 73
18 74
18 76
18 77
18 78
18 79
18 80
18 87
18 90
18 92
18 93
18 96
18 97
18 98
19 21
19 23
19 24
19 26
19 28
19 29
19 32
19 34
19 40
19 43
19 47
19 48
19 55
19 56
19 61
19 62
19 64
19 65
19 66
19 68
19 69
19 71
19 72
19 77
19 79
19 80
19 84
19 85
19 86
19 87
19 90
19 91
19 92
19 93
19 95
19 96
19 97
20 24
20 28
20 29
20 33
20 34
20 35
20 36
20 37
20 40
20 41
20 44
20 45
20 46
20 47
20 48
20 50
20 51
20 52
20 55
20 56
20 59
20 60
20 61
20 68
20 69
20 74
20 75
20 77
20 83
20 86
20 87
20 88
20 91
20 95
20 98
20 99
21 22
21 23
21 28
21 31
21 35
21 37
21 40
21 41
21 42
21 43
21 45
21 46
21 47
21 48
21 49
21 52
21 55
21 56
21 58
21 59
21 60
21 62
21 67
21 70
21 72
21 73
21 74
21 78
21 80
21 81
21 83
21 90
21 91
21 96
21 99
22 25
22 27
22 28
22 30
22 31
22 32
22 33
22 34
22 36
22 41
22 46
22 50
22 51
22 53
22 59
22 62
22 64
22 65
22 66
22 68
22 70
22 71
22 74
22 75
22 76
22 78
22 79
22 80
22 82
22 83
22 84
22 85
22 86
22 88
22 89
22 90
22 92
22 93
22 95
22 98
22 99
23 24
23 25
23 26
23 27
23 29
23 30
23 31
23 32
23 33
23 37
23 43
23 44
23 47
23 48
23 50
23 52
23 53
23 54
23 57
23 59
23 60
23 61
23 62
23 66
23 67
23 68
23 71
23 72
23 75
23 78
23 79
23 81
23 83
23 84
23 85
23 87
23 88
23 93
23 94
23 96
23 97
23 99
24 28
24 32
24 33
24 34
24 35
24 39
24 40
24 41
24 46
24 47
24 48
24 49
24 52
24 53
24 54
24 56
24 60
24 63
24 64
24 66
24 68
24 70
24 71
24 73
24 74
24 75
24 77
24 78
24 81
24 82
24 83
24 86
24 88
24 89
24 90
24 92
24 93
24 94
24 95
24 96
24 98
25 28
25 30
25 31
25 32
25 33
25 34
25 37
25 39
25 43
25 46
25 49
25 50
25 51
25 53
25 56
25 57
25 60
25 61
25 64
25 66
25 67
25 68
25 69
25 72
25 74
25 76
25 77
25 82
25 85
25 88
25 89
25 90
25 92
25 94
25 97
25 98
26 28
26 33
26 36
26 37
26 39
26 40
26 42
26 43
26 44
26 45
26 46
26 47
26 48
26 51
26 52
26 54
26 59
26 60
26 62
26 64
26 66
26 67
26 72
26 75
26 76
26 82
26 83
26 84
26 86
26 90
26 93
26 95
26 97
26 98
27 30
27 32
27 33
27 34
27 35
27 40
27 41
27 43
27 46
27 47
27 48
27 49
27 52
27 53
27 54
27 56
27 58
27 59
27 60
27 64
27 65
27 70
27 71
27 72
27 74
27 76
27 77
27 78
27 79
27 81
27 82
27 83
27 84
27 85
27 87
27 93
27 95
27 96
27 97
28 29
28 30
28 35
28 37
28 40
28 43
28 44
28 47
28 48
28 49
28 50
28 51
28 53
28 55
28 61
28 66
28 67
28 69
28 70
28 71
28 73
28 74
28 75
28 76
28 79
28 80
28 81
28 86
28 87
28 88
28 90
28 93
28 94
28 98
29 31
29 32
29 33
29 35
29 39
29 42
29 43
29 46
29 47
29 50
29 51
29 53
29 54
29 55
29 58
29 59
29 64
29 66
29 67
29 68
29 69
29 70
29 71
29 74
29 79
29 80
29 81
29 84
29 85
29 86
29 91
29 94
29 96
29 97
29 98
29 99
30 31
30 32
30 33
30 35
30 37
30 38
30 39
30 41
30 44
30 47
30 48
30 49
30 51
30 52
30 53
30 54
30 55
30 58
30 59
30 60
30 61
30 63
30 64
30 65
30 66
30 68
30 71
30 72
30 75
30 77
30 78
30 83
30 84
30 85
30 88
30 89
30 90
30 92
30 93
30 94
30 96
30 98
31 34
31 37
31 41
31 45
31 46
31 52
31 53
31 54
31 56
31 57
31 58
31 59
31 60
31 61
31 62
31 63
31 64
31 65
31 66
31 67
31 68
31 69
31 75
31 82
31 83
31 87
31 89
31 91
31 92
31 93
31 95
31 96
31 97
31 98
31 99
32 33
32 35
32 36
32 37
32 38
32 39
32 41
32 42
32 43
32 46
32 48
32 49
32 50
32 51
32 52
32 53
32 54
32 56
32 57
32 59
32 62
32 64
32 68
32 69
32 70
32 71
32 72
32 78
32 79
32 83
32 86
32 87
32 89
32 95
32 96
32 97
32 98
33 36
33 38
33 39
33 42
33 44
33 45
33 46
33 47
33 49
33 51
33 52
33 53
33 55
33 56
33 60
33 61
33 62
33 65
33 67
33 69
33 70
33 71
33 76
33 77
33 78
33 79
33 81
33 82
33 83
33 84
33 89
33 91
33 95
33 97
33 98
34 35
34 38
34 40
34 41
34 42
34 46
34 47
34 51
34 53
34 55
34 56
34 60
34 62
34 67
34 68
34 70
34 71
34 73
34 76
34 77
34 79
34 81
34 84
34 86
34 87
34 88
34 94
34 95
34 96
34 99
35 39
35 40
35 42
35 44
35 45
35 46
35 49
35 51
35 52
35 55
35 56
35 58
35 66
35 70
35 71
35 72
35 74
35 76
35 79
35 80
35 84
35 90
35 91
35 92
35 93
35 94
35 95
35 97
35 99
36 37
36 38
36 40
36 41
36 43
36 45
36 47
36 50
36 52
36 54
36 56
36 57
36 61
36 63
36 64
36 67
36 70
36 72
36 73
36 74
36 76
36 78
36 82
36 83
36 84
36 85
36 86
36 90
36 93
36 94
36 97
37 39
37 43
37 44
37 45
37 47
37 48
37 50
37 57
37 58
37 60
37 61
37 62
37 63
37 65
37 66
37 68
37 69
37 70
37 73
37 77
37 78
37 80
37 81
37 82
37 83
37 84
37 85
37 86
37 87
37 88
37 89
37 91
37 93
37 97
37 98
37 99
38 39
38 41
38 44
38 46
38 47
38 50
38 51
38 53
38 54
38 56
38 57
38 63
38 66
38 69
38 70
38 71
38 73
38 74
38 75
38 77
38 79
38 81
38 82
38 83
38 85
38 88
38 89
38 90
38 92
38 93
38 95
38 98
38 99
39 41
39 42
39 43
39 44
39 45
39 48
39 50
39 51
39 53
39 56
39 57
39 61
39 65
39 66
39 67
39 68
39 69
39 70
39 71
39 72
39 73
39 74
39 78
39 79
39 84
39 85
39 87
39 88
39 89
39 91
39 92
39 93
39 94
39 97
39 98
40 41
40 42
40 53
40 57
40 59
40 60
40 62
40 63
40 67
40 70
40 71
40 72
40 74
40 80
40 82
40 84
40 86
40 93
40 97
41 43
41 48
41 50
41 52
41 55
41 56
41 58
41 59
41 60
41 61
41 64
41 65
41 66
41 71
41 73
41 74
41 76
41 77
41 79
41 81
41 83
41 87
41 88
41 93
41 94
41 97
41 98
42 43
42 44
42 45
42 46
42 47
42 53
42 54
42 56
42 57
42 58
42 60
42 62
42 63
42 72
42 73
42 74
42 75
42 82
42 85
42 88
42 90
42 91
42 94
43 51
43 52
43 53
43 54
43 57
43 60
43 61
43 62
43 63
43 66
43 67
43 69
43 71
43 72
43 73
43 74
43 75
43 79
43 80
43 82
43 86
43 87
43 89
43 93
43 94
43 95
43 96
43 98
44 46
44 47
44 48
44 51
44 53
44 54
44 55
44 56
44 57
44 59
44 62
44 64
44 65
44 67
44 70
44 71
44 74
44 75
44 76
44 77
44 80
44 81
44 82
44 89
44 90
44 94
44 95
44 97
45 48
45 50
45 52
45 53
45 55
45 56
45 57
45 59
45 60
45 62
45 63
45 65
45 66
45 67
45 68
45 69
45 76
45 78
45 79
45 80
45 85
45 86
45 87
45 88
45 89
45 93
45 95
45 96
45 97
46 48
46 50
46 51
46 52
46 53
46 55
46 59
46 62
46 64
46 65
46 66
46 67
46 68
46 69
46 72
46 73
46 74
46 81
46 82
46 83
46 84
46 86
46 88
46 90
46 94
46 95
46 96
46 97
46 98
47 50
47 51
47 54
47 55
47 56
47 57
47 60
47 61
47 62
47 64
47 65
47 69
47 70
47 71
47 77
47 78
47 79
47 80
47 81
47 83
47 84
47 88
47 89
47 90
47 92
47 95
48 49
48 51
48 54
48 55
48 56
48 60
48 62
48 63
48 64
48 68
48 71
48 72
48 77
48 78
48 82
48 83
48 84
48 85
48 86
48 88
48 93
48 94
48 95
48 97
48 98
49 53
49 58
49 60
49 61
49 63
49 65
49 70
49 73
49 74
49 80
49 81
49 82
49 83
49 85
49 86
49 87
49 89
49 91
49 94
49 95
49 96
49 97
49 99
50 52
50 53
50 54
50 58
50 60
50 62
50 63
50 66
50 67
50 68
50 70
50 72
50 73
50 74
50 75
50 79
50 85
50 86
50 88
50 91
50 92
50 93
50 95
50 96
50 98
51 53
51 54
51 56
51 57
51 59
51 69
51 72
51 73
51 77
51 80
51 82
51 84
51 85
51 87
51 88
51 90
51 91
51 92
51 96
51 97
51 98
52 53
52 57
52 59
52 60
52 65
52 66
52 67
52 68
52 69
52 71
52 72
52 74
52 77
52 78
52 79
52 80
52 81
52 82
52 83
52 87
52 88
52 89
52 91
52 92
52 93
52 95
52 98
53 55
53 56
53 57
53 60
53 61
53 65
53 66
53 69
53 76
53 80
53 83
53 85
53 87
53 88
53 89
53 90
53 91
53 94
53 97
53 98
54 57
54 58
54 59
54 60
54 61
54 62
54 64
54 65
54 67
54 71
54 74
54 77
54 78
54 79
54 80
54 81
54 83
54 85
54 89
54 90
54 91
54 92
55 58
55 62
55 63
55 66
55 69
55 72
55 73
55 74
55 75
55 76
55 77
55 80
55 82
55 84
55 87
55 88
55 90
55 92
55 95
55 96
55 97
55 99
56 57
56 58
56 60
56 61
56 62
56 68
56 73
56 74
56 76
56 77
56 78
56 79
56 83
56 84
56 85
56 86
56 88
56 89
56 91
56 92
56 97
57 58
57 59
57 62
57 63
57 64
57 65
57 66
57 68
57 69
57 71
57 76
57 77
57 81
57 82
57 83
57 85
57 86
57 87
57 88
57 91
57 92
57 93
57 94
57 98
57 99
58 59
58 66
58 67
58 69
58 70
58 71
58 73
58 74
58 76
58 77
58 80
58 81
58 82
58 83
58 86
58 88
58 89
58 93
58 95
58 98
59 60
59 61
59 66
59 68
59 69
59 70
59 72
59 74
59 75
59 76
59 78
59 79
59 88
59 89
59 92
59 93
59 95
59 98
59 99
60 61
60 62
60 63
60 66
60 68
60 71
60 74
60 77
60 78
60 80
60 81
60 82
60 83
60 85
60 88
60 89
60 90
60 91
60 92
60 95
60 98
61 65
61 66
61 67
61 68
61 69
61 74
61 75
61 76
61 78
61 79
61 81
61 83
61 85
61 86
61 89
61 90
61 92
61 95
61 96
61 97
61 98
61 99
62 63
62 66
62 67
62 68
62 70
62 73
62 75
62 76
62 79
62 80
62 81
62 82
62 83
62 84
62 86
62 92
62 94
62 95
62 96
62 97
63 65
63 66
63 67
63 68
63 71
63 72
63 73
63 74
63 76
63 79
63 80
63 82
63 83
63 89
63 90
63 93
63 94
63 96
63 98
64 68
64 70
64 73
64 74
64 80
64 81
64 82
64 83
64 85
64 86
64 90
64 92
64 96
65 66
65 67
65 68
65 70
65 79
65 80
65 83
65 85
65 86
65 87
65 90
65 91
65 92
65 93
65 97
65 99
66 67
66 68
66 70
66 71
66 72
66 75
66 76
66 77
66 78
66 79
66 80
66 85
66 90
66 91
66 93
66 94
66 95
66 99
67 69
67 71
67 73
67 74
67 76
67 77
67 79
67 80
67 82
67 86
67 88
67 89
67 90
67 92
67 93
67 94
67 98
67 99
68 69
68 70
68 71
68 72
68 73
68 74
68 75
68 78
68 79
68 81
68 83
68 84
68 87
68 89
68 90
68 91
68 93
68 95
68 97
68 98
68 99
69 70
69 71
69 72
69 79
69 82
69 83
69 85
69 86
69 87
69 89
69 95
69 98
70 75
70 77
70 78
70 79
70 83
70 84
70 87
70 88
70 91
70 92
70 95
71 72
71 73
71 74
71 75
71 78
71 82
71 85
71 86
71 87
71 91
71 96
71 97
72 73
72 74
72 75
72 76
72 77
72 78
72 80
72 82
72 83
72 91
72 92
72 93
72 95
72 97
72 98
73 74
73 76
73 77
73 79
73 80
73 83
73 84
73 86
73 87
73 89
73 90
73 93
73 98
73 99
74 75
74 77
74 80
74 83
74 84
74 85
74 88
74 89
74 90
74 91
74 92
74 93
74 96
74 97
74 99
75 77
75 78
75 79
75 81
75 82
75 83
75 87
75 88
75 89
75 90
75 94
75 95
75 96
76 78
76 81
76 83
76 85
76 87
76 88
76 90
76 93
76 94
76 98
76 99
77 78
77 81
77 84
77 85
77 87
77 89
77 90
77 91
77 93
78 80
78 82
78 85
78 88
78 89
78 91
78 92
78 93
78 94
78 95
78 99
79 80
79 81
79 82
79 86
79 87
79 89
79 98
79 99
80 81
80 82
80 84
80 89
80 90
80 93
80 94
80 96
80 97
80 98
81 83
81 87
81 92
81 97
81 98
82 85
82 89
82 91
82 92
82 93
82 95
82 96
82 97
82 98
82 99
83 84
83 85
83 86
83 87
83 88
83 90
83 93
83 94
83 96
83 97
83 98
83 99
84 86
84 91
84 96
84 97
84 98
85 86
85 87
85 91
85 93
85 98
86 88
86 89
86 93
86 97
86 99
87 91
87 92
87 96
87 97
87 98
88 89
88 96
88 97
88 99
89 93
89 94
89 95
89 97
89 99
90 91
90 92
90 94
90 97
90 98
91 94
91 95
91 97
92 93
92 94
92 97
92 98
92 99
93 95
93 96
93 97
93 98
93 99
94 96
95 97
95 98
95 99
96 98
97 98
98 99
