0 3
0 4
0 6
0 8
0 10
0 12
0 14
0 15
0 17
0 18
0 19
0 20
0 21
0 23
0 24
0 26
0 27
0 28
0 30
0 31
0 34
0 35
0 36
0 37
0 38
0 41
0 42
0 44
0 46
0 48
0 49
0 50
0 53
0 55
0 56
0 57
0 58
0 59
0 60
0 61
0 62
0 63
0 64
0 67
0 68
0 69
0 71
0 73
0 74
0 78
0 80
0 82
0 83
0 86
0 87
0 88
0 90
0 92
0 95
0 96
0 97
0 98
1 4
1 6
1 9
1 11
1 13
1 16
1 17
1 21
1 22
1 23
1 26
1 27
1 29
1 30
1 31
1 32
1 33
1 34
1 35
1 40
1 41
1 44
1 47
1 51
1 54
1 55
1 57
1 60
1 61
1 62
1 64
1 67
1 68
1 69
1 70
1 71
1 72
1 73
1 79
1 80
1 81
1 82
1 84
1 85
1 87
1 88
1 89
1 91
1 93
2 8
2 9
2 11
2 14
2 18
2 24
2 27
2 29
2 30
2 32
2 34
2 35
2 37
2 38
2 39
2 41
2 42
2 43
2 45
2 46
2 48
2 49
2 51
2 52
2 53
2 55
2 57
2 58
2 59
2 62
2 65
2 67
2 70
2 71
2 72
2 73
2 74
2 77
2 78
2 80
2 81
2 82
2 83
2 84
2 86
2 88
2 89
2 90
2 91
2 92
2 93
2 94
2 95
2 97
2 98
2 99
3 5
3 6
3 8
3 13
3 15
3 17
3 18
3 21
3 25
3 26
3 28
3 29
3 32
3 33
3 34
3 38
3 42
3 43
3 44
3 45
3 46
3 47
3 52
3 53
3 54
3 55
3 57
3 59
3 61
3 62
3 63
3 65
3 66
3 68
3 69
3 71
3 72
3 73
3 75
3 77
3 81
3 83
3 84
3 87
3 89
3 90
3 91
3 93
3 94
3 97
4 7
4 8
4 10
4 11
4 12
4 14
4 16
4 19
4 20
4 21
4 25
4 27
4 28
4 29
4 30
4 32
4 34
4 35
4 36
4 37
4 39
4 40
4 48
4 49
4 50
4 52
4 53
4 54
4 56
4 57
4 61
4 62
4 63
4 64
4 66
4 67
4 69
4 70
4 76
4 77
4 78
4 80
4 82
4 83
4 86
4 87
4 88
4 91
4 93
4 94
4 95
4 96
5 6
5 7
5 8
5 10
5 12
5 13
5 14
5 19
5 21
5 24
5 28
5 31
5 33
5 34
5 37
5 38
5 39
5 40
5 42
5 43
5 45
5 48
5 49
5 50
5 51
5 52
5 53
5 54
5 55
5 56
5 57
5 62
5 63
5 65
5 70
5 74
5 75
5 76
5 77
5 78
5 79
5 80
5 83
5 84
5 85
5 88
5 91
5 94
5 95
5 98
5 99
6 7
6 9
6 11
6 12
6 13
6 17
6 19
6 20
6 22
6 24
6 27
6 28
6 31
6 32
6 33
6 34
6 37
6 38
6 40
6 41
6 42
6 44
6 45
6 46
6 47
6 49
6 50
6 53
6 55
6 56
6 57
6 58
6 59
6 60
6 63
6 67
6 68
6 70
6 71
6 74
6 78
6 88
6 89
6 90
6 91
7 9
7 11
7 12
7 15
7 16
7 20
7 23
7 24
7 25
7 26
7 27
7 28
7 29
7 30
7 36
7 37
7 39
7 40
7 41
7 42
7 44
7 46
7 48
7 50
7 51
7 55
7 59
7 60
7 62
7 63
7 64
7 65
7 66
7 68
7 71
7 74
7 75
7 77
7 78
7 79
7 81
7 83
7 85
7 87
7 90
7 92
7 95
7 96
7 98
8 11
8 19
8 22
8 24
8 25
8 26
8 27
8 28
8 29
8 30
8 31
8 32
8 33
8 34
8 40
8 41
8 43
8 45
8 46
8 48
8 49
8 54
8 55
8 56
8 63
8 64
8 66
8 68
8 75
8 77
8 78
8 79
8 80
8 82
8 83
8 84
8 87
8 89
8 91
8 92
8 93
8 94
8 95
8 97
8 99
9 12
9 13
9 15
9 16
9 17
9 19
9 22
9 23
9 25
9 28
9 30
9 31
9 32
9 34
9 38
9 40
9 42
9 45
9 46
9 49
9 51
9 53
9 54
9 55
9 57
9 59
9 60
9 61
9 62
9 63
9 64
9 66
9 67
9 69
9 70
9 71
9 74
9 79
9 80
9 81
9 83
9 85
9 87
9 91
9 93
9 94
9 96
9 99
10 13
10 14
10 19
10 22
10 23
10 26
10 32
10 33
10 34
10 35
10 38
10 40
10 41
10 43
10 44
10 45
10 47
10 48
10 50
10 52
10 54
10 55
10 56
10 60
10 64
10 66
10 67
10 69
10 71
10 76
10 78
10 79
10 84
10 88
10 90
10 91
10 93
10 94
11 12
11 14
11 15
11 18
11 20
11 22
11 24
11 25
11 26
11 28
11 30
11 34
11 37
11 41
11 42
11 44
11 45
11 46
11 49
11 50
11 52
11 53
11 55
11 56
11 57
11 58
11 60
11 63
11 65
11 68
11 73
11 75
11 76
11 77
11 80
11 81
11 84
11 85
11 87
11 89
11 90
11 91
11 95
11 96
11 98
11 99
12 13
12 14
12 15
12 16
12 17
12 18
12 19
12 20
12 21
12 25
12 27
12 31
12 32
12 33
12 34
12 35
12 39
12 40
12 42
12 44
12 45
12 47
12 49
12 50
12 52
12 53
12 56
12 59
12 61
12 64
12 67
12 68
12 72
12 74
12 77
12 78
12 80
12 84
12 85
12 86
12 91
12 92
12 98
12 99
13 14
13 15
13 16
13 17
13 18
13 21
13 22
13 23
13 24
13 28
13 29
13 30
13 31
13 33
13 34
13 36
13 37
13 38
13 41
13 45
13 48
13 49
13 53
13 56
13 61
13 66
13 67
13 70
13 71
13 74
13 75
13 83
13 84
13 86
13 87
13 91
13 92
13 94
14 16
14 20
14 22
14 24
14 25
14 27
14 29
14 30
14 32
14 34
14 35
14 37
14 40
14 41
14 42
14 50
14 53
14 59
14 60
14 61
14 63
14 64
14 65
14 67
14 69
14 72
14 73
14 74
14 79
14 80
14 85
14 88
14 89
14 90
14 92
14 95
14 96
15 16
15 17
15 18
15 19
15 21
15 27
15 29
15 30
15 36
15 37
15 38
15 41
15 42
15 45
15 46
15 48
15 49
15 53
15 55
15 56
15 58
15 60
15 69
15 70
15 71
15 72
15 75
15 78
15 79
15 80
15 81
15 82
15 83
15 84
15 85
15 86
15 88
15 89
15 90
15 92
15 93
15 94
15 95
15 96
15 99
16 17
16 18
16 19
16 21
16 22
16 23
16 26
16 27
16 28
16 30
16 32
16 33
16 34
16 39
16 45
16 47
16 48
16 52
16 53
16 55
16 56
16 57
16 58
16 59
16 61
16 64
16 65
16 66
16 67
16 68
16 69
16 70
16 71
16 72
16 75
16 76
16 77
16 78
16 79
16 80
16 85
16 86
16 87
16 89
16 91
16 94
16 96
17 18
17 19
17 21
17 22
17 23
17 24
17 25
17 28
17 29
17 31
17 34
17 36
17 40
17 41
17 42
17 45
17 49
17 51
17 53
17 54
17 60
17 66
17 68
17 69
17 71
17 73
17 74
17 75
17 77
17 79
17 85
17 86
17 87
17 88
17 89
17 90
17 92
17 93
17 94
17 95
17 96
17 98
17 99
18 20
18 23
18 24
18 25
18 26
18 28
18 29
18 31
18 32
18 34
18 36
18 37
18 40
18 41
18 42
18 43
18 44
18 45
18 46
18 48
18 51
18 57
18 59
18 66
18 69
18 71
18 75
18 77
18 83
18 86
18 93
18 94
18 95
18 99
19 22
19 23
19 28
19 30
19 31
19 34
19 35
19 39
19 40
19 41
19 43
19 44
19 46
19 48
19 50
19 51
19 56
19 57
19 58
19 60
19 62
19 64
19 65
19 66
19 68
19 69
19 71
19 72
19 74
19 76
19 78
19 79
19 81
19 87
19 88
19 89
19 93
19 95
19 97
19 98
20 21
20 23
20 24
20 25
20 26
20 28
20 29
20 30
20 32
20 33
20 37
20 40
20 42
20 44
20 45
20 49
20 55
20 58
20 59
20 60
20 61
20 64
20 65
20 66
20 67
20 71
20 73
20 74
20 75
20 79
20 80
20 82
20 83
20 84
20 88
20 90
20 94
20 95
20 97
20 98
20 99
21 23
21 25
21 26
21 27
21 29
21 32
21 39
21 40
21 41
21 43
21 46
21 49
21 54
21 57
21 58
21 59
21 62
21 64
21 65
21 67
21 68
21 70
21 73
21 75
21 76
21 77
21 78
21 79
21 81
21 82
21 83
21 84
21 87
21 88
21 90
21 91
21 92
21 93
21 99
22 24
22 26
22 27
22 29
22 32
22 34
22 35
22 36
22 37
22 38
22 39
22 40
22 41
22 45
22 46
22 49
22 50
22 54
22 55
22 56
22 57
22 59
22 60
22 62
22 63
22 64
22 65
22 68
22 69
22 71
22 77
22 78
22 80
22 81
22 83
22 84
22 85
22 90
22 91
22 93
22 95
22 96
22 97
22 99
23 24
23 28
23 29
23 30
23 31
23 32
23 33
23 35
23 38
23 40
23 41
23 42
23 43
23 44
23 45
23 47
23 49
23 50
23 52
23 54
23 55
23 58
23 60
23 61
23 66
23 67
23 68
23 73
23 74
23 75
23 76
23 79
23 81
23 82
23 87
23 89
23 91
23 94
23 95
23 96
23 98
24 25
24 26
24 27
24 31
24 35
24 41
24 42
24 44
24 45
24 47
24 49
24 51
24 52
24 54
24 55
24 56
24 57
24 58
24 62
24 64
24 66
24 67
24 70
24 71
24 73
24 74
24 87
24 88
24 94
24 96
24 97
24 99
25 27
25 30
25 31
25 33
25 34
25 37
25 39
25 40
25 44
25 45
25 46
25 47
25 48
25 49
25 52
25 57
25 60
25 62
25 63
25 64
25 65
25 66
25 69
25 74
25 75
25 76
25 81
25 93
25 96
26 28
26 29
26 30
26 31
26 35
26 36
26 42
26 43
26 47
26 49
26 50
26 51
26 52
26 53
26 54
26 55
26 56
26 57
26 59
26 60
26 64
26 66
26 70
26 73
26 74
26 75
26 76
26 77
26 78
26 79
26 80
26 81
26 82
26 83
26 84
26 85
26 86
26 87
26 89
26 92
26 93
26 94
26 95
26 96
27 29
27 31
27 32
27 35
27 37
27 39
27 41
27 42
27 45
27 47
27 48
27 54
27 55
27 56
27 57
27 58
27 66
27 67
27 68
27 69
27 70
27 75
27 78
27 81
27 83
27 85
27 86
27 87
27 89
27 91
27 92
27 93
28 30
28 31
28 33
28 34
28 35
28 40
28 42
28 43
28 45
28 46
28 47
28 49
28 51
28 52
28 55
28 58
28 61
28 62
28 63
28 66
28 67
28 68
28 72
28 73
28 74
28 75
28 81
28 83
28 85
28 91
28 94
29 30
29 31
29 32
29 34
29 35
29 37
29 38
29 39
29 41
29 42
29 43
29 44
29 45
29 49
29 56
29 57
29 58
29 59
29 60
29 63
29 64
29 65
29 66
29 68
29 72
29 73
29 75
29 76
29 78
29 80
29 81
29 82
29 84
29 86
29 88
29 91
29 93
29 97
30 32
30 35
30 36
30 37
30 43
30 44
30 45
30 46
30 47
30 48
30 49
30 51
30 58
30 59
30 62
30 63
30 69
30 70
30 71
30 73
30 76
30 77
30 78
30 79
30 80
30 81
30 83
30 84
30 86
30 87
30 93
30 95
30 96
30 97
31 34
31 40
31 41
31 43
31 44
31 45
31 48
31 53
31 54
31 56
31 57
31 60
31 61
31 63
31 65
31 68
31 69
31 72
31 73
31 76
31 77
31 78
31 79
31 80
31 82
31 83
31 84
31 85
31 86
31 88
31 90
31 92
31 94
31 95
32 35
32 36
32 41
32 43
32 46
32 47
32 48
32 49
32 50
32 55
32 56
32 58
32 60
32 61
32 68
32 69
32 72
32 73
32 76
32 79
32 81
32 82
32 84
32 86
32 87
32 88
32 89
32 90
32 92
32 93
32 94
32 97
33 36
33 37
33 40
33 43
33 44
33 46
33 48
33 49
33 50
33 51
33 53
33 54
33 55
33 57
33 58
33 63
33 65
33 66
33 67
33 70
33 71
33 73
33 80
33 82
33 83
33 86
33 87
33 89
33 91
33 92
33 96
33 98
34 35
34 37
34 39
34 40
34 41
34 46
34 47
34 48
34 49
34 50
34 54
34 56
34 59
34 67
34 68
34 69
34 70
34 72
34 73
34 77
34 80
34 83
34 84
34 86
34 92
34 94
34 96
35 40
35 41
35 43
35 45
35 46
35 48
35 50
35 51
35 57
35 60
35 62
35 63
35 66
35 72
35 73
35 74
35 75
35 76
35 81
35 83
35 84
35 88
35 89
35 90
35 91
35 92
35 94
35 95
35 96
35 97
35 99
36 39
36 43
36 44
36 45
36 46
36 52
36 55
36 56
36 57
36 58
36 60
36 61
36 65
36 70
36 72
36 74
36 76
36 79
36 81
36 83
36 84
36 86
36 90
36 91
36 92
36 93
36 94
36 95
36 96
36 97
37 39
37 40
37 42
37 44
37 45
37 48
37 49
37 50
37 51
37 54
37 55
37 56
37 58
37 61
37 62
37 68
37 72
37 73
37 74
37 77
37 79
37 80
37 81
37 84
37 85
37 86
37 87
37 90
37 91
37 96
37 98
38 40
38 42
38 43
38 44
38 45
38 47
38 49
38 51
38 52
38 55
38 56
38 58
38 59
38 60
38 62
38 64
38 67
38 69
38 71
38 73
38 75
38 77
38 79
38 80
38 81
38 83
38 84
38 85
38 86
38 87
38 89
38 92
38 94
38 95
38 96
38 98
38 99
39 46
39 47
39 48
39 49
39 50
39 55
39 56
39 58
39 59
39 61
39 62
39 65
39 67
39 68
39 69
39 70
39 71
39 72
39 73
39 74
39 76
39 77
39 79
39 82
39 83
39 84
39 86
39 88
39 94
39 95
39 96
39 97
40 45
40 47
40 51
40 53
40 54
40 57
40 59
40 60
40 61
40 62
40 63
40 69
40 72
40 77
40 78
40 79
40 80
40 82
40 84
40 85
40 87
40 91
40 92
40 94
40 95
40 98
41 42
41 45
41 46
41 49
41 50
41 51
41 52
41 54
41 56
41 58
41 61
41 64
41 65
41 67
41 68
41 75
41 76
41 78
41 79
41 82
41 84
41 86
41 88
41 91
41 93
41 94
41 95
41 98
41 99
42 46
42 48
42 49
42 51
42 52
42 53
42 55
42 56
42 62
42 66
42 69
42 70
42 73
42 76
42 78
42 79
42 81
42 82
42 86
42 89
42 90
42 93
42 96
42 97
43 47
43 52
43 54
43 57
43 58
43 60
43 61
43 62
43 65
43 66
43 68
43 70
43 71
43 73
43 78
43 79
43 80
43 81
43 84
43 86
43 87
43 88
43 90
43 92
43 96
44 45
44 48
44 51
44 52
44 53
44 55
44 56
44 57
44 58
44 59
44 61
44 63
44 66
44 67
44 71
44 72
44 74
44 76
44 77
44 78
44 79
44 82
44 85
44 88
44 89
44 91
44 92
44 94
44 96
44 98
44 99
45 46
45 48
45 49
45 50
45 52
45 54
45 57
45 58
45 63
45 64
45 65
45 66
45 67
45 69
45 70
45 71
45 74
45 75
45 77
45 78
45 80
45 85
45 90
45 91
45 97
45 98
45 99
46 51
46 52
46 53
46 54
46 56
46 62
46 63
46 65
46 68
46 70
46 71
46 72
46 73
46 75
46 77
46 79
46 83
46 85
46 88
46 89
46 90
46 93
46 94
46 98
47 49
47 52
47 53
47 55
47 56
47 57
47 58
47 59
47 61
47 62
47 63
47 64
47 67
47 68
47 72
47 74
47 75
47 76
47 82
47 83
47 84
47 85
47 88
47 90
47 91
47 93
47 97
47 99
48 50
48 55
48 56
48 58
48 60
48 61
48 69
48 70
48 71
48 73
48 76
48 77
48 79
48 81
48 82
48 83
48 84
48 87
48 88
48 89
48 91
48 92
48 93
48 94
48 95
48 97
48 98
49 50
49 52
49 54
49 55
49 56
49 57
49 60
49 61
49 65
49 68
49 70
49 77
49 79
49 81
49 82
49 83
49 88
49 89
49 90
49 92
49 93
49 97
49 98
49 99
50 52
50 53
50 58
50 59
50 60
50 61
50 63
50 65
50 67
50 68
50 71
50 73
50 76
50 78
50 82
50 86
50 87
50 92
50 93
50 95
50 97
50 98
51 52
51 53
51 56
51 59
51 60
51 66
51 67
51 68
51 69
51 70
51 72
51 74
51 75
51 76
51 78
51 79
51 81
51 82
51 84
51 85
51 88
51 90
51 91
51 92
51 94
51 98
51 99
52 53
52 55
52 57
52 58
52 60
52 62
52 63
52 66
52 67
52 70
52 71
52 73
52 77
52 79
52 81
52 83
52 84
52 87
52 89
52 90
52 91
52 92
52 94
52 96
52 97
52 99
53 54
53 55
53 56
53 57
53 60
53 61
53 62
53 64
53 67
53 68
53 69
53 70
53 74
53 75
53 76
53 80
53 81
53 83
53 84
53 85
53 89
53 90
53 91
53 92
53 94
53 95
53 96
53 98
53 99
54 55
54 61
54 62
54 63
54 69
54 71
54 73
54 77
54 78
54 79
54 80
54 81
54 82
54 83
54 86
54 87
54 88
54 90
54 94
54 96
54 98
55 56
55 59
55 64
55 65
55 66
55 68
55 69
55 72
55 73
55 77
55 78
55 79
55 81
55 83
55 84
55 85
55 86
55 87
55 88
55 91
55 92
55 96
55 99
56 58
56 59
56 60
56 61
56 62
56 63
56 64
56 65
56 67
56 68
56 72
56 73
56 77
56 78
56 80
56 82
56 83
56 84
56 86
56 87
56 91
56 95
56 96
56 98
57 58
57 59
57 61
57 63
57 64
57 65
57 66
57 67
57 69
57 71
57 72
57 73
57 76
57 77
57 79
57 81
57 83
57 84
57 86
57 87
57 89
57 90
57 93
57 95
57 96
57 98
58 59
58 60
58 62
58 66
58 69
58 76
58 77
58 79
58 87
58 90
58 92
58 94
58 96
58 97
58 99
59 62
59 64
59 67
59 68
59 69
59 71
59 72
59 76
59 77
59 78
59 83
59 86
59 89
59 90
59 91
59 98
59 99
60 61
60 62
60 64
60 66
60 67
60 70
60 72
60 77
60 83
60 86
60 87
60 90
60 91
60 92
60 94
60 96
60 97
60 98
60 99
61 66
61 68
61 69
61 70
61 71
61 75
61 79
61 81
61 82
61 84
61 85
61 87
61 88
61 89
61 91
61 92
61 93
61 94
61 95
61 96
61 97
61 98
62 63
62 68
62 69
62 70
62 73
62 80
62 81
62 84
62 87
62 90
62 91
62 96
62 98
63 64
63 66
63 67
63 68
63 70
63 74
63 75
63 76
63 77
63 79
63 87
63 91
63 94
63 95
63 97
63 98
64 65
64 66
64 68
64 70
64 72
64 73
64 75
64 76
64 77
64 78
64 79
64 81
64 89
64 90
64 92
64 94
64 95
64 99
65 66
65 67
65 70
65 72
65 73
65 77
65 81
65 85
65 86
65 88
65 89
65 90
65 94
65 95
65 96
65 99
66 68
66 69
66 70
66 74
66 76
66 77
66 78
66 81
66 83
66 84
66 86
66 87
66 90
66 92
66 94
66 97
67 68
67 71
67 73
67 76
67 77
67 85
67 86
67 89
67 90
67 91
67 92
67 93
67 96
67 97
68 69
68 71
68 77
68 78
68 79
68 83
68 84
68 85
68 86
68 87
68 89
68 90
68 99
69 71
69 77
69 78
69 79
69 84
69 85
69 87
69 88
69 91
69 92
69 93
69 94
69 95
69 96
69 98
70 74
70 75
70 77
70 78
70 79
70 81
70 82
70 85
70 87
70 88
70 89
70 93
70 94
70 97
70 98
70 99
71 73
71 75
71 79
71 80
71 81
71 85
71 87
71 88
71 90
71 91
71 94
71 96
71 97
71 99
72 74
72 75
72 77
72 80
72 81
72 83
72 85
72 86
72 87
72 90
72 94
72 98
72 99
73 75
73 76
73 77
73 81
73 83
73 84
73 85
73 86
73 87
73 89
73 90
73 91
73 93
73 96
73 99
74 76
74 77
74 82
74 83
74 84
74 85
74 88
74 89
74 90
74 92
74 94
74 95
74 96
74 97
74 98
74 99
75 76
75 82
75 86
75 87
75 88
75 90
75 92
75 94
75 96
75 97
75 99
76 78
76 79
76 80
76 81
76 82
76 85
76 86
76 88
76 89
76 93
76 94
76 95
76 98
77 79
77 80
77 85
77 87
77 88
77 94
77 95
77 96
77 98
78 81
78 82
78 84
78 85
78 87
78 88
78 89
78 90
78 91
78 92
78 94
78 95
78 96
78 97
78 98
78 99
79 81
79 83
79 87
79 89
79 90
79 91
79 94
79 95
79 96
79 97
80 88
80 89
80 91
80 93
80 95
80 96
80 97
80 98
80 99
81 82
81 85
81 90
81 91
81 93
81 96
81 97
81 99
82 85
82 88
82 91
82 97
82 98
82 99
83 86
83 87
83 89
83 90
83 91
83 93
83 94
83 95
83 97
83 99
84 87
84 90
84 91
84 93
84 96
84 98
85 87
85 90
85 91
85 92
85 93
85 96
85 97
86 88
86 89
86 91
86 92
86 97
86 98
86 99
87 88
87 89
87 92
87 95
87 96
87 98
87 99
88 89
88 92
88 93
88 94
88 95
88 96
88 97
88 99
89 90
89 92
89 93
89 95
89 96
89 97
89 98
90 92
90 95
90 96
91 93
91 95
91 96
92 93
92 95
92 97
93 95
93 98
93 99
94 95
94 97
94 98
94 99
95 96
96 97
96 98
96 99
97 98
