0 2
0 4
0 6
0 7
0 11
0 16
0 18
0 19
0 20
0 21
0 23
0 26
0 27
0 28
0 30
0 35
0 40
0 41
0 44
0 47
0 48
0 49
0 50
0 51
0 52
0 55
0 56
0 58
0 59
0 63
0 65
0 67
0 68
0 69
0 73
0 74
0 77
0 78
0 81
0 82
0 83
0 84
0 91
0 96
0 97
1 3
1 4
1 6
1 9
1 11
1 12
1 14
1 16
1 17
1 18
1 20
1 21
1 26
1 27
1 28
1 29
1 31
1 33
1 44
1 45
1 46
1 47
1 48
1 49
1 50
1 52
1 53
1 54
1 55
1 57
1 60
1 61
1 65
1 66
1 69
1 71
1 72
1 74
1 76
1 77
1 78
1 79
1 80
1 82
1 83
1 86
1 89
1 94
1 97
2 5
2 8
2 9
2 11
2 12
2 14
2 20
2 21
2 23
2 25
2 28
2 30
2 31
2 36
2 37
2 38
2 40
2 41
2 43
2 47
2 48
2 49
2 50
2 51
2 55
2 56
2 59
2 61
2 63
2 64
2 65
2 66
2 67
2 68
2 69
2 72
2 74
2 75
2 76
2 79
2 80
2 85
2 93
2 96
2 98
3 5
3 9
3 10
3 11
3 12
3 14
3 15
3 17
3 19
3 20
3 21
3 23
3 24
3 25
3 26
3 28
3 29
3 31
3 32
3 33
3 34
3 35
3 36
3 38
3 39
3 40
3 42
3 43
3 44
3 47
3 48
3 50
3 51
3 52
3 54
3 55
3 56
3 59
3 60
3 62
3 63
3 65
3 66
3 70
3 72
3 75
3 76
3 80
3 81
3 82
3 85
3 86
3 89
3 90
3 95
3 96
3 97
4 6
4 8
4 9
4 12
4 13
4 14
4 15
4 17
4 19
4 21
4 26
4 28
4 29
4 31
4 32
4 33
4 35
4 36
4 37
4 38
4 41
4 42
4 43
4 44
4 45
4 46
4 48
4 50
4 52
4 54
4 56
4 66
4 67
4 68
4 70
4 72
4 73
4 76
4 78
4 81
4 82
4 83
4 85
4 86
4 89
4 92
4 94
4 95
4 96
4 98
5 8
5 12
5 14
5 15
5 17
5 18
5 19
5 20
5 21
5 22
5 23
5 26
5 27
5 28
5 29
5 31
5 32
5 33
5 34
5 36
5 37
5 38
5 39
5 40
5 41
5 42
5 44
5 46
5 47
5 49
5 51
5 52
5 53
5 56
5 61
5 64
5 65
5 66
5 68
5 69
5 70
5 72
5 73
5 75
5 76
5 77
5 79
5 81
5 82
5 86
5 88
5 90
5 91
5 94
5 95
5 97
5 99
6 8
6 9
6 15
6 17
6 20
6 21
6 22
6 24
6 25
6 28
6 30
6 32
6 33
6 34
6 36
6 38
6 39
6 40
6 41
6 43
6 45
6 46
6 51
6 53
6 56
6 57
6 58
6 59
6 61
6 63
6 65
6 66
6 70
6 75
6 80
6 82
6 84
6 85
6 86
6 87
6 88
6 91
6 92
6 93
7 9
7 12
7 13
7 15
7 16
7 18
7 19
7 20
7 23
7 24
7 26
7 28
7 29
7 32
7 35
7 36
7 40
7 41
7 42
7 43
7 44
7 46
7 47
7 49
7 50
7 51
7 54
7 55
7 56
7 57
7 60
7 61
7 63
7 64
7 67
7 68
7 71
7 72
7 76
7 78
7 81
7 85
7 86
7 90
7 91
7 92
7 94
7 95
7 98
7 99
8 10
8 12
8 13
8 14
8 15
8 18
8 20
8 27
8 28
8 31
8 32
8 35
8 36
8 38
8 39
8 40
8 41
8 42
8 43
8 44
8 47
8 48
8 49
8 51
8 53
8 54
8 56
8 57
8 60
8 62
8 63
8 64
8 65
8 66
8 67
8 68
8 70
8 72
8 74
8 75
8 81
8 82
8 84
8 85
8 86
8 87
8 88
8 89
8 94
8 95
8 99
9 11
9 12
9 14
9 18
9 19
9 21
9 22
9 23
9 24
9 28
9 32
9 33
9 34
9 35
9 36
9 37
9 39
9 42
9 43
9 44
9 45
9 47
9 49
9 50
9 54
9 55
9 57
9 60
9 61
9 68
9 69
9 70
9 72
9 75
9 76
9 77
9 86
9 90
9 91
9 92
9 93
9 96
9 99
10 12
10 13
10 15
10 18
10 23
10 25
10 26
10 29
10 30
10 31
10 32
10 33
10 37
10 38
10 40
10 42
10 45
10 46
10 52
10 58
10 59
10 60
10 61
10 62
10 63
10 64
10 65
10 68
10 74
10 76
10 80
10 89
11 12
11 13
11 18
11 20
11 21
11 22
11 24
11 26
11 27
11 29
11 30
11 32
11 33
11 34
11 37
11 38
11 39
11 40
11 41
11 42
11 45
11 46
11 50
11 52
11 57
11 58
11 60
11 61
11 63
11 66
11 68
11 73
11 75
11 76
11 78
11 79
11 80
11 81
11 82
11 83
11 86
11 87
11 89
11 93
11 94
11 96
12 18
12 20
12 21
12 22
12 23
12 24
12 26
12 27
12 28
12 29
12 31
12 35
12 36
12 37
12 38
12 39
12 40
12 42
12 43
12 44
12 46
12 49
12 50
12 52
12 53
12 54
12 55
12 56
12 58
12 59
12 60
12 61
12 62
12 71
12 72
12 82
12 83
12 86
12 97
13 14
13 15
13 17
13 19
13 20
13 23
13 24
13 25
13 27
13 29
13 30
13 32
13 33
13 36
13 37
13 39
13 41
13 44
13 45
13 47
13 48
13 49
13 50
13 53
13 54
13 55
13 59
13 60
13 64
13 66
13 71
13 72
13 74
13 76
13 77
13 78
13 79
13 80
13 81
13 83
13 84
13 86
13 88
13 92
13 94
13 98
13 99
14 19
14 20
14 22
14 25
14 26
14 28
14 29
14 30
14 32
14 34
14 35
14 36
14 37
14 42
14 46
14 50
14 51
14 54
14 58
14 59
14 63
14 64
14 65
14 66
14 68
14 69
14 71
14 73
14 75
14 76
14 78
14 79
14 80
14 86
14 88
14 91
14 98
14 99
15 16
15 17
15 18
15 21
15 22
15 24
15 29
15 30
15 32
15 33
15 35
15 37
15 38
15 39
15 42
15 47
15 49
15 50
15 51
15 52
15 53
15 55
15 56
15 59
15 62
15 65
15 66
15 67
15 68
15 69
15 76
15 78
15 81
15 84
15 88
15 89
15 90
15 91
15 92
15 93
15 94
15 95
15 97
15 98
16 17
16 18
16 19
16 20
16 21
16 22
16 23
16 27
16 31
16 32
16 33
16 35
16 38
16 39
16 40
16 41
16 42
16 43
16 44
16 46
16 48
16 51
16 53
16 55
16 59
16 60
16 63
16 64
16 65
16 67
16 69
16 70
16 72
16 74
16 77
16 78
16 81
16 83
16 84
16 85
16 87
16 90
16 91
16 95
16 97
16 98
17 18
17 22
17 24
17 26
17 27
17 28
17 32
17 38
17 40
17 41
17 42
17 46
17 47
17 49
17 50
17 51
17 55
17 56
17 58
17 60
17 61
17 62
17 64
17 65
17 66
17 67
17 69
17 70
17 72
17 75
17 79
17 84
17 87
17 89
17 91
17 94
17 95
17 99
18 19
18 20
18 22
18 23
18 24
18 27
18 29
18 32
18 34
18 39
18 41
18 43
18 47
18 49
18 50
18 55
18 59
18 61
18 62
18 64
18 65
18 66
18 67
18 68
18 69
18 71
18 72
18 73
18 74
18 75
18 76
18 77
18 79
18 86
18 91
18 93
18 95
18 96
18 97
18 98
19 22
19 26
19 28
19 30
19 31
19 32
19 34
19 35
19 37
19 39
19 43
19 44
19 46
19 49
19 51
19 53
19 54
19 55
19 57
19 58
19 59
19 60
19 61
19 63
19 64
19 65
19 66
19 69
19 72
19 73
19 75
19 77
19 78
19 80
19 81
19 82
19 85
19 87
19 89
19 90
19 91
19 92
19 94
19 95
20 21
20 24
20 27
20 28
20 30
20 32
20 34
20 36
20 38
20 40
20 41
20 44
20 47
20 48
20 53
20 56
20 57
20 58
20 59
20 61
20 63
20 64
20 66
20 67
20 69
20 70
20 75
20 78
20 79
20 80
20 83
20 84
20 85
20 86
20 87
20 88
20 90
20 92
20 95
20 97
21 22
21 24
21 26
21 34
21 35
21 38
21 40
21 46
21 48
21 49
21 52
21 53
21 54
21 55
21 56
21 57
21 64
21 68
21 70
21 71
21 72
21 74
21 75
21 78
21 82
21 84
21 86
21 91
21 93
21 95
21 96
21 98
21 99
22 24
22 27
22 29
22 31
22 33
22 36
22 37
22 39
22 40
22 43
22 44
22 45
22 48
22 53
22 55
22 57
22 58
22 59
22 62
22 63
22 65
22 67
22 69
22 70
22 71
22 76
22 77
22 78
22 79
22 80
22 81
22 83
22 85
22 86
22 88
22 89
22 90
22 97
22 98
23 26
23 27
23 29
23 30
23 31
23 32
23 34
23 35
23 36
23 38
23 42
23 47
23 48
23 52
23 54
23 55
23 60
23 61
23 62
23 64
23 65
23 66
23 67
23 72
23 81
23 82
23 84
23 85
23 89
23 91
23 95
23 97
23 99
24 26
24 27
24 31
24 32
24 34
24 35
24 36
24 38
24 40
24 41
24 43
24 44
24 48
24 49
24 51
24 52
24 54
24 56
24 57
24 59
24 62
24 66
24 69
24 74
24 75
24 82
24 83
24 84
24 85
24 86
24 92
24 93
24 94
24 96
24 98
25 26
25 27
25 29
25 30
25 32
25 33
25 36
25 37
25 38
25 40
25 41
25 42
25 43
25 44
25 45
25 46
25 47
25 48
25 49
25 52
25 56
25 62
25 64
25 69
25 70
25 72
25 75
25 78
25 82
25 84
25 85
25 89
25 90
25 93
25 94
25 96
25 99
26 28
26 30
26 36
26 39
26 40
26 41
26 42
26 43
26 45
26 46
26 47
26 49
26 50
26 53
26 57
26 58
26 60
26 63
26 64
26 70
26 72
26 74
26 77
26 78
26 79
26 80
26 81
26 83
26 84
26 85
26 87
26 89
26 91
26 94
26 96
26 98
26 99
27 28
27 29
27 31
27 32
27 36
27 38
27 39
27 41
27 42
27 44
27 46
27 48
27 49
27 51
27 52
27 53
27 55
27 56
27 57
27 58
27 60
27 62
27 63
27 65
27 67
27 68
27 69
27 70
27 71
27 75
27 78
27 79
27 83
27 86
27 87
27 88
27 89
27 92
27 94
27 98
28 30
28 32
28 33
28 37
28 39
28 44
28 47
28 49
28 51
28 56
28 57
28 58
28 59
28 66
28 67
28 68
28 69
28 72
28 74
28 77
28 81
28 82
28 83
28 85
28 86
28 89
28 90
28 91
28 92
28 93
28 97
28 99
29 30
29 33
29 34
29 35
29 37
29 42
29 43
29 47
29 49
29 55
29 56
29 57
29 59
29 60
29 62
29 66
29 77
29 78
29 79
29 80
29 81
29 82
29 85
29 86
29 87
29 88
29 92
29 96
29 97
29 99
30 33
30 34
30 37
30 38
30 41
30 44
30 45
30 46
30 52
30 54
30 56
30 57
30 58
30 60
30 63
30 65
30 69
30 72
30 74
30 77
30 78
30 79
30 80
30 81
30 82
30 86
30 88
30 90
30 93
30 94
30 97
30 98
30 99
31 32
31 33
31 34
31 35
31 39
31 40
31 50
31 51
31 52
31 53
31 56
31 58
31 60
31 61
31 62
31 63
31 64
31 67
31 70
31 71
31 73
31 74
31 75
31 77
31 80
31 81
31 84
31 85
31 87
31 88
31 89
31 91
31 92
31 95
31 97
31 98
31 99
32 36
32 43
32 44
32 46
32 47
32 53
32 57
32 58
32 60
32 62
32 63
32 66
32 68
32 69
32 70
32 71
32 72
32 74
32 77
32 78
32 79
32 80
32 83
32 85
32 86
32 87
32 88
32 91
32 92
32 94
32 98
33 34
33 36
33 37
33 38
33 40
33 44
33 45
33 46
33 47
33 49
33 50
33 51
33 53
33 55
33 56
33 58
33 59
33 60
33 61
33 62
33 63
33 64
33 66
33 69
33 75
33 78
33 80
33 83
33 84
33 87
33 88
33 91
33 94
33 95
33 96
33 97
34 35
34 36
34 38
34 39
34 40
34 43
34 44
34 47
34 49
34 50
34 55
34 57
34 59
34 60
34 61
34 63
34 66
34 67
34 68
34 72
34 73
34 75
34 77
34 81
34 83
34 86
34 88
34 91
34 92
34 93
34 95
34 97
35 40
35 41
35 42
35 43
35 44
35 47
35 50
35 51
35 52
35 54
35 55
35 56
35 61
35 63
35 64
35 66
35 67
35 69
35 70
35 71
35 76
35 78
35 79
35 80
35 81
35 84
35 86
35 87
35 89
35 90
35 93
35 94
35 95
35 96
35 97
36 38
36 42
36 43
36 47
36 53
36 55
36 58
36 59
36 60
36 62
36 63
36 69
36 70
36 72
36 73
36 75
36 76
36 78
36 80
36 87
36 89
36 90
36 92
36 93
36 94
36 98
36 99
37 38
37 39
37 40
37 41
37 43
37 47
37 48
37 50
37 51
37 56
37 57
37 58
37 60
37 61
37 63
37 65
37 67
37 69
37 70
37 72
37 76
37 77
37 81
37 82
37 83
37 84
37 87
37 88
37 89
37 92
37 93
37 95
37 96
37 97
38 43
38 44
38 46
38 50
38 52
38 53
38 55
38 56
38 58
38 59
38 60
38 61
38 63
38 64
38 65
38 67
38 68
38 69
38 73
38 75
38 76
38 77
38 81
38 82
38 83
38 84
38 85
38 89
38 96
38 99
39 41
39 42
39 44
39 46
39 47
39 49
39 50
39 51
39 52
39 53
39 58
39 59
39 61
39 67
39 68
39 69
39 70
39 71
39 72
39 73
39 75
39 78
39 80
39 81
39 87
39 88
39 89
39 91
39 93
39 94
39 95
39 96
39 97
39 98
40 44
40 45
40 47
40 48
40 49
40 50
40 59
40 60
40 62
40 68
40 74
40 78
40 80
40 81
40 83
40 84
40 86
40 87
40 88
40 91
40 96
40 98
40 99
41 45
41 47
41 49
41 50
41 51
41 52
41 53
41 54
41 55
41 58
41 59
41 60
41 61
41 62
41 63
41 65
41 67
41 68
41 70
41 72
41 74
41 79
41 81
41 82
41 83
41 84
41 85
41 86
41 87
41 89
41 94
41 97
41 99
42 47
42 49
42 50
42 51
42 53
42 54
42 55
42 56
42 57
42 58
42 61
42 62
42 63
42 64
42 68
42 70
42 71
42 74
42 75
42 77
42 79
42 81
42 85
42 86
42 87
42 88
42 91
42 92
42 99
43 45
43 46
43 47
43 51
43 52
43 54
43 57
43 58
43 60
43 61
43 62
43 63
43 64
43 65
43 67
43 69
43 70
43 71
43 72
43 75
43 76
43 78
43 80
43 83
43 85
43 86
43 87
43 88
43 91
43 94
43 95
43 97
43 98
43 99
44 45
44 46
44 48
44 51
44 52
44 53
44 54
44 55
44 56
44 60
44 65
44 69
44 76
44 77
44 79
44 80
44 81
44 82
44 83
44 84
44 85
44 86
44 90
44 91
44 94
44 95
44 98
45 49
45 54
45 55
45 57
45 60
45 61
45 64
45 65
45 69
45 70
45 74
45 77
45 78
45 80
45 82
45 84
45 88
45 89
45 90
45 91
45 92
45 95
45 96
46 47
46 48
46 49
46 50
46 52
46 53
46 54
46 55
46 57
46 58
46 59
46 61
46 65
46 69
46 70
46 71
46 72
46 75
46 76
46 77
46 78
46 80
46 84
46 85
46 86
46 88
46 89
46 90
46 91
46 94
46 96
46 98
47 48
47 51
47 52
47 55
47 56
47 58
47 59
47 60
47 64
47 65
47 66
47 68
47 72
47 74
47 77
47 78
47 79
47 82
47 83
47 86
47 87
47 89
47 90
47 93
47 94
47 98
47 99
48 50
48 53
48 56
48 57
48 61
48 64
48 66
48 68
48 70
48 73
48 76
48 79
48 80
48 82
48 85
48 89
48 90
48 91
48 92
48 94
48 95
48 96
48 97
48 99
49 54
49 58
49 59
49 61
49 62
49 64
49 65
49 66
49 67
49 71
49 72
49 73
49 77
49 78
49 79
49 88
49 89
49 90
49 92
49 93
49 96
49 99
50 52
50 53
50 54
50 55
50 58
50 65
50 70
50 71
50 74
50 77
50 80
50 81
50 82
50 83
50 85
50 88
50 89
50 90
50 92
50 93
50 96
50 97
50 98
50 99
51 56
51 57
51 59
51 60
51 66
51 69
51 76
51 77
51 81
51 84
51 85
51 88
51 89
51 91
51 92
51 94
52 54
52 55
52 56
52 57
52 58
52 59
52 60
52 62
52 63
52 64
52 66
52 67
52 68
52 69
52 70
52 71
52 72
52 73
52 75
52 76
52 78
52 81
52 84
52 85
52 89
52 95
52 96
52 97
52 98
53 55
53 58
53 59
53 61
53 62
53 65
53 68
53 70
53 71
53 72
53 73
53 74
53 75
53 77
53 79
53 80
53 82
53 83
53 84
53 86
53 87
53 92
53 93
53 95
53 98
53 99
54 55
54 56
54 58
54 59
54 60
54 61
54 62
54 64
54 67
54 68
54 70
54 73
54 75
54 77
54 78
54 79
54 80
54 81
54 82
54 83
54 85
54 89
54 91
54 92
54 94
54 95
54 97
54 98
55 57
55 58
55 59
55 65
55 67
55 70
55 72
55 73
55 77
55 78
55 81
55 85
55 86
55 90
55 91
55 93
55 95
55 96
55 97
55 98
56 57
56 59
56 60
56 63
56 64
56 65
56 67
56 70
56 72
56 74
56 75
56 77
56 80
56 81
56 82
56 84
56 87
56 88
56 89
56 90
56 91
56 92
56 93
56 95
56 97
56 98
56 99
57 58
57 60
57 61
57 62
57 63
57 65
57 66
57 67
57 71
57 73
57 76
57 77
57 80
57 84
57 85
57 89
57 90
57 92
57 94
57 96
57 97
57 98
58 59
58 61
58 63
58 64
58 66
58 67
58 69
58 70
58 71
58 74
58 75
58 76
58 80
58 84
58 85
58 86
58 87
58 89
58 90
58 92
58 93
58 94
58 97
58 98
58 99
59 61
59 62
59 63
59 64
59 65
59 66
59 68
59 69
59 71
59 72
59 73
59 76
59 79
59 80
59 81
59 82
59 86
59 90
59 91
59 93
59 94
59 98
59 99
60 61
60 63
60 64
60 66
60 67
60 69
60 70
60 72
60 75
60 76
60 79
60 80
60 82
60 86
60 90
60 93
60 95
60 97
60 98
61 66
61 69
61 70
61 71
61 72
61 74
61 76
61 78
61 80
61 81
61 82
61 83
61 84
61 85
61 88
61 95
61 98
61 99
62 63
62 65
62 67
62 70
62 72
62 74
62 79
62 80
62 81
62 83
62 85
62 95
63 66
63 68
63 69
63 71
63 72
63 75
63 76
63 78
63 79
63 80
63 81
63 83
63 84
63 86
63 89
63 90
63 91
63 93
63 94
63 95
63 97
63 99
64 66
64 68
64 69
64 71
64 72
64 75
64 77
64 79
64 81
64 84
64 87
64 88
64 89
64 92
64 93
64 94
64 98
65 66
65 70
65 73
65 75
65 77
65 79
65 82
65 87
65 93
65 94
65 95
66 69
66 72
66 76
66 79
66 80
66 83
66 84
66 85
66 86
66 87
66 88
66 89
66 90
66 91
66 93
66 94
66 95
66 96
66 97
67 69
67 71
67 72
67 75
67 76
67 77
67 79
67 81
67 84
67 87
67 88
67 90
67 91
67 94
67 98
68 69
68 71
68 72
68 73
68 74
68 75
68 78
68 79
68 80
68 81
68 82
68 84
68 85
68 86
68 87
68 88
68 91
68 94
68 96
68 97
68 98
69 71
69 72
69 73
69 74
69 75
69 78
69 80
69 82
69 84
69 85
69 86
69 88
69 90
69 92
69 94
69 99
70 75
70 77
70 80
70 81
70 82
70 83
70 84
70 85
70 86
70 87
70 90
70 92
70 94
70 95
70 98
70 99
71 72
71 73
71 75
71 76
71 78
71 80
71 81
71 82
71 83
71 85
71 88
71 89
71 91
71 92
71 96
71 99
72 74
72 78
72 80
72 81
72 86
72 88
72 89
72 91
72 93
72 96
73 74
73 75
73 76
73 77
73 79
73 81
73 84
73 85
73 89
73 90
73 93
73 94
73 95
74 76
74 78
74 79
74 80
74 81
74 84
74 88
74 89
74 90
74 97
74 99
75 76
75 77
75 78
75 83
75 84
75 86
75 93
75 95
75 96
75 97
76 79
76 80
76 81
76 85
76 87
76 89
76 92
76 93
76 94
76 99
77 78
77 81
77 82
77 83
77 84
77 87
77 88
77 90
77 91
77 92
77 93
77 94
77 95
77 96
77 97
77 99
78 79
78 81
78 82
78 83
78 84
78 87
78 89
78 90
78 91
78 93
78 94
78 96
78 97
78 98
78 99
79 80
79 82
79 83
79 84
79 85
79 86
79 90
79 91
79 92
79 93
79 94
79 96
79 97
79 98
80 87
80 88
80 90
80 91
80 92
80 94
80 98
81 82
81 85
81 87
81 92
81 94
81 95
81 99
82 83
82 84
82 86
82 89
82 90
82 91
82 92
82 94
82 95
82 98
82 99
83 84
83 85
83 86
83 87
83 88
83 91
83 94
83 96
84 85
84 92
84 98
85 86
85 89
85 90
85 93
85 99
86 89
86 92
86 93
86 95
86 96
86 97
87 90
87 92
87 94
87 96
87 97
88 90
88 91
88 92
88 93
88 95
88 96
88 98
89 90
89 91
89 93
89 95
89 97
90 92
90 93
90 97
91 93
91 96
92 94
92 96
92 97
92 98
93 94
93 95
93 96
94 95
94 97
95 97
95 98
95 99
96 97
96 99
98 99
