0 1
0 6
0 7
0 8
0 9
0 10
0 12
0 16
0 17
0 19
0 21
0 24
0 25
0 30
0 34
0 35
0 37
0 38
0 40
0 41
0 42
0 43
0 44
0 45
0 48
0 50
0 51
0 54
0 55
0 56
0 57
0 58
0 59
0 60
0 62
0 63
0 65
0 67
0 68
0 69
0 70
0 71
0 77
0 80
0 82
0 84
0 86
0 89
0 92
0 96
0 98
0 99
1 2
1 8
1 17
1 19
1 25
1 28
1 29
1 30
1 33
1 34
1 36
1 39
1 40
1 45
1 46
1 47
1 51
1 52
1 53
1 56
1 57
1 58
1 60
1 62
1 63
1 65
1 66
1 68
1 69
1 70
1 71
1 73
1 74
1 78
1 80
1 81
1 82
1 83
1 89
1 92
1 93
1 94
1 98
2 3
2 4
2 6
2 7
2 8
2 9
2 11
2 13
2 16
2 18
2 19
2 21
2 23
2 24
2 27
2 30
2 31
2 32
2 34
2 35
2 37
2 38
2 39
2 40
2 42
2 47
2 48
2 50
2 51
2 53
2 54
2 55
2 56
2 57
2 61
2 62
2 64
2 68
2 69
2 71
2 73
2 74
2 75
2 77
2 78
2 79
2 83
2 84
2 85
2 88
2 93
2 95
2 96
2 98
2 99
3 4
3 6
3 8
3 11
3 12
3 15
3 16
3 18
3 19
3 20
3 22
3 24
3 26
3 27
3 29
3 30
3 33
3 34
3 35
3 39
3 40
3 43
3 45
3 46
3 47
3 48
3 53
3 54
3 55
3 58
3 60
3 61
3 64
3 70
3 71
3 72
3 74
3 78
3 79
3 80
3 82
3 86
3 87
3 89
3 96
3 97
3 98
4 5
4 6
4 14
4 15
4 16
4 18
4 19
4 20
4 21
4 22
4 23
4 25
4 26
4 27
4 28
4 29
4 30
4 31
4 35
4 37
4 38
4 39
4 41
4 46
4 50
4 51
4 53
4 55
4 56
4 57
4 58
4 60
4 62
4 64
4 65
4 66
4 68
4 69
4 70
4 72
4 75
4 77
4 78
4 80
4 81
4 83
4 84
4 89
4 91
4 92
4 93
4 94
4 97
5 7
5 10
5 13
5 15
5 16
5 17
5 18
5 20
5 21
5 22
5 24
5 25
5 26
5 28
5 29
5 34
5 35
5 38
5 40
5 41
5 45
5 48
5 49
5 50
5 51
5 54
5 55
5 58
5 60
5 61
5 62
5 64
5 65
5 66
5 67
5 70
5 73
5 77
5 79
5 80
5 81
5 82
5 83
5 85
5 86
5 88
5 89
5 90
5 92
5 96
5 97
5 99
6 7
6 10
6 11
6 12
6 13
6 14
6 17
6 19
6 20
6 24
6 27
6 31
6 32
6 37
6 38
6 39
6 40
6 44
6 48
6 51
6 52
6 57
6 60
6 61
6 62
6 67
6 68
6 70
6 71
6 72
6 74
6 78
6 79
6 80
6 81
6 83
6 84
6 85
6 86
6 88
6 91
6 92
6 93
6 95
6 96
6 98
6 99
7 8
7 9
7 10
7 18
7 19
7 22
7 24
7 26
7 27
7 29
7 30
7 33
7 34
7 35
7 38
7 39
7 41
7 44
7 45
7 46
7 48
7 50
7 51
7 53
7 54
7 58
7 62
7 65
7 66
7 67
7 69
7 74
7 77
7 78
7 79
7 80
7 82
7 83
7 86
7 87
7 88
7 89
7 90
7 91
7 92
7 93
7 94
7 95
7 96
7 97
7 98
8 9
8 10
8 11
8 12
8 13
8 16
8 18
8 19
8 20
8 21
8 23
8 25
8 26
8 28
8 31
8 32
8 33
8 35
8 37
8 38
8 39
8 40
8 46
8 50
8 51
8 53
8 55
8 58
8 59
8 62
8 63
8 65
8 68
8 69
8 70
8 71
8 73
8 75
8 77
8 78
8 82
8 86
8 87
8 91
8 92
8 93
8 96
8 99
9 10
9 12
9 13
9 14
9 16
9 17
9 19
9 24
9 26
9 27
9 29
9 32
9 36
9 40
9 41
9 45
9 46
9 48
9 52
9 54
9 56
9 57
9 62
9 67
9 69
9 73
9 74
9 76
9 78
9 79
9 81
9 82
9 84
9 87
9 88
9 89
9 91
9 93
9 97
9 98
9 99
10 12
10 13
10 15
10 20
10 21
10 22
10 24
10 28
10 29
10 31
10 32
10 33
10 34
10 37
10 38
10 39
10 41
10 42
10 43
10 44
10 45
10 46
10 47
10 48
10 49
10 50
10 51
10 54
10 55
10 57
10 60
10 62
10 64
10 66
10 69
10 73
10 74
10 76
10 77
10 79
10 82
10 84
10 85
10 88
10 89
10 90
10 91
10 94
10 96
10 97
10 98
10 99
11 12
11 13
11 14
11 16
11 19
11 20
11 21
11 22
11 23
11 24
11 25
11 27
11 29
11 32
11 33
11 37
11 39
11 40
11 42
11 43
11 44
11 46
11 47
11 52
11 55
11 56
11 57
11 61
11 62
11 65
11 67
11 68
11 69
11 72
11 73
11 74
11 76
11 77
11 78
11 80
11 81
11 82
11 85
11 87
11 88
11 91
11 93
11 94
11 96
11 97
11 98
12 13
12 16
12 18
12 19
12 21
12 22
12 24
12 26
12 27
12 28
12 30
12 32
12 34
12 35
12 36
12 38
12 39
12 40
12 44
12 46
12 49
12 50
12 52
12 53
12 54
12 56
12 57
12 61
12 63
12 65
12 66
12 68
12 69
12 71
12 76
12 82
12 86
12 92
12 95
12 96
12 98
12 99
13 19
13 21
13 24
13 26
13 28
13 29
13 30
13 31
13 34
13 35
13 36
13 38
13 40
13 41
13 42
13 47
13 49
13 51
13 55
13 56
13 59
13 66
13 75
13 76
13 78
13 79
13 81
13 84
13 86
13 88
13 91
13 93
13 95
13 97
13 99
14 15
14 17
14 18
14 22
14 24
14 28
14 29
14 30
14 31
14 32
14 33
14 34
14 35
14 36
14 37
14 39
14 40
14 41
14 43
14 44
14 45
14 46
14 47
14 48
14 50
14 51
14 53
14 54
14 55
14 56
14 57
14 59
14 63
14 64
14 65
14 66
14 69
14 70
14 71
14 73
14 75
14 79
14 81
14 83
14 85
14 86
14 88
14 91
14 93
14 94
14 96
14 97
14 99
15 17
15 20
15 22
15 24
15 27
15 29
15 32
15 34
15 36
15 37
15 39
15 40
15 44
15 45
15 47
15 49
15 50
15 51
15 55
15 58
15 59
15 60
15 61
15 62
15 64
15 69
15 70
15 71
15 73
15 75
15 76
15 79
15 80
15 83
15 84
15 89
15 90
15 92
15 93
15 94
15 95
15 96
15 98
15 99
16 18
16 20
16 23
16 26
16 28
16 29
16 33
16 34
16 35
16 36
16 37
16 38
16 39
16 40
16 42
16 43
16 45
16 46
16 47
16 48
16 49
16 52
16 53
16 55
16 56
16 57
16 60
16 61
16 64
16 65
16 68
16 69
16 73
16 75
16 76
16 77
16 83
16 84
16 85
16 89
16 93
16 94
16 96
16 97
16 98
17 20
17 21
17 22
17 24
17 25
17 26
17 28
17 29
17 31
17 32
17 33
17 35
17 37
17 38
17 40
17 41
17 42
17 45
17 46
17 47
17 48
17 49
17 50
17 54
17 56
17 57
17 58
17 59
17 60
17 61
17 63
17 65
17 67
17 68
17 69
17 70
17 71
17 72
17 74
17 75
17 77
17 83
17 85
17 89
17 90
17 92
17 94
17 96
17 97
17 98
17 99
18 20
18 23
18 24
18 25
18 29
18 39
18 40
18 43
18 45
18 46
18 47
18 48
18 49
18 53
18 54
18 57
18 58
18 60
18 61
18 63
18 66
18 67
18 68
18 70
18 72
18 73
18 75
18 79
18 82
18 84
18 95
18 96
19 21
19 22
19 23
19 24
19 28
19 29
19 30
19 31
19 39
19 40
19 46
19 49
19 50
19 52
19 53
19 55
19 56
19 57
19 59
19 62
19 63
19 64
19 65
19 67
19 68
19 69
19 70
19 71
19 72
19 75
19 78
19 80
19 81
19 82
19 84
19 85
19 86
19 90
19 93
19 94
19 95
19 98
19 99
20 22
20 23
20 26
20 29
20 30
20 33
20 36
20 41
20 44
20 47
20 50
20 51
20 53
20 55
20 56
20 57
20 59
20 61
20 62
20 65
20 67
20 70
20 72
20 74
20 76
20 79
20 80
20 82
20 83
20 85
20 86
20 88
20 89
20 91
20 94
20 96
20 97
21 23
21 24
21 27
21 28
21 41
21 44
21 45
21 48
21 51
21 52
21 53
21 54
21 59
21 60
21 61
21 62
21 64
21 66
21 68
21 71
21 72
21 73
21 75
21 76
21 78
21 79
21 80
21 82
21 83
21 84
21 86
21 89
21 90
21 91
21 94
21 96
21 99
22 23
22 26
22 30
22 31
22 32
22 36
22 38
22 39
22 40
22 41
22 43
22 44
22 47
22 50
22 51
22 52
22 53
22 55
22 56
22 57
22 58
22 60
22 63
22 65
22 66
22 68
22 77
22 80
22 89
22 92
22 94
22 97
22 98
23 27
23 28
23 29
23 30
23 32
23 33
23 36
23 38
23 41
23 42
23 46
23 51
23 55
23 57
23 61
23 63
23 65
23 66
23 67
23 69
23 76
23 78
23 81
23 85
23 87
23 89
23 91
23 92
23 93
23 94
23 99
24 27
24 29
24 30
24 31
24 34
24 35
24 37
24 45
24 46
24 47
24 48
24 49
24 52
24 55
24 58
24 60
24 64
24 67
24 69
24 71
24 72
24 75
24 77
24 78
24 79
24 81
24 87
24 88
24 90
24 92
24 94
24 96
24 97
25 26
25 28
25 29
25 31
25 36
25 38
25 39
25 40
25 41
25 42
25 43
25 47
25 48
25 51
25 53
25 54
25 55
25 59
25 60
25 61
25 63
25 64
25 65
25 66
25 67
25 68
25 69
25 76
25 78
25 80
25 84
25 85
25 87
25 89
25 90
25 91
25 94
25 95
25 96
25 97
25 98
26 28
26 29
26 32
26 35
26 39
26 41
26 45
26 47
26 48
26 53
26 56
26 57
26 58
26 59
26 62
26 64
26 65
26 67
26 70
26 71
26 73
26 75
26 76
26 78
26 80
26 81
26 83
26 85
26 90
26 91
26 92
26 94
26 96
26 97
26 99
27 29
27 30
27 33
27 35
27 39
27 40
27 41
27 42
27 43
27 49
27 50
27 51
27 56
27 57
27 58
27 60
27 62
27 64
27 66
27 68
27 70
27 71
27 72
27 74
27 76
27 78
27 79
27 80
27 82
27 83
27 86
27 90
27 95
27 97
28 29
28 32
28 34
28 36
28 37
28 40
28 43
28 44
28 47
28 49
28 50
28 54
28 55
28 58
28 59
28 60
28 62
28 63
28 64
28 65
28 66
28 67
28 68
28 70
28 71
28 77
28 78
28 79
28 82
28 83
28 84
28 91
28 94
28 95
28 96
28 97
28 99
29 32
29 36
29 37
29 39
29 40
29 41
29 42
29 44
29 46
29 49
29 50
29 52
29 54
29 55
29 56
29 58
29 59
29 60
29 61
29 62
29 63
29 64
29 66
29 68
29 70
29 74
29 75
29 77
29 79
29 80
29 81
29 82
29 83
29 84
29 85
29 88
29 92
29 93
29 97
29 98
29 99
30 31
30 33
30 36
30 37
30 39
30 42
30 45
30 47
30 49
30 52
30 53
30 54
30 56
30 59
30 60
30 61
30 66
30 68
30 70
30 72
30 73
30 75
30 77
30 79
30 80
30 81
30 82
30 83
30 84
30 85
30 88
30 91
30 94
30 95
30 99
31 32
31 33
31 35
31 38
31 39
31 40
31 42
31 45
31 46
31 47
31 48
31 49
31 50
31 51
31 52
31 57
31 63
31 65
31 70
31 71
31 72
31 75
31 76
31 77
31 78
31 80
31 82
31 83
31 84
31 86
31 87
31 88
31 92
31 93
31 94
31 95
31 96
31 97
31 98
31 99
32 34
32 35
32 36
32 39
32 41
32 43
32 45
32 46
32 48
32 49
32 51
32 55
32 56
32 58
32 59
32 62
32 63
32 65
32 68
32 69
32 70
32 73
32 75
32 76
32 78
32 80
32 83
32 84
32 85
32 91
32 93
32 96
32 97
33 36
33 38
33 40
33 41
33 43
33 44
33 47
33 48
33 49
33 50
33 51
33 52
33 54
33 57
33 59
33 60
33 61
33 62
33 65
33 66
33 67
33 68
33 69
33 70
33 72
33 73
33 77
33 81
33 84
33 85
33 87
33 88
33 91
33 93
33 96
33 97
33 99
34 35
34 36
34 37
34 40
34 43
34 46
34 47
34 48
34 49
34 50
34 53
34 57
34 58
34 59
34 60
34 63
34 64
34 65
34 70
34 73
34 75
34 78
34 80
34 81
34 82
34 88
34 92
34 93
34 96
34 97
34 99
35 37
35 38
35 41
35 44
35 45
35 46
35 51
35 52
35 53
35 58
35 59
35 60
35 61
35 63
35 65
35 66
35 67
35 69
35 70
35 72
35 74
35 77
35 78
35 79
35 82
35 83
35 85
35 86
35 87
35 90
35 91
35 93
35 95
35 96
35 97
35 98
36 38
36 40
36 41
36 42
36 45
36 47
36 48
36 52
36 54
36 55
36 58
36 59
36 60
36 62
36 65
36 68
36 72
36 73
36 74
36 75
36 79
36 82
36 83
36 84
36 86
36 88
36 89
36 91
36 92
36 93
36 96
36 97
37 38
37 40
37 41
37 42
37 43
37 44
37 46
37 47
37 48
37 49
37 50
37 52
37 54
37 56
37 57
37 58
37 59
37 62
37 63
37 65
37 68
37 72
37 74
37 76
37 77
37 79
37 80
37 82
37 84
37 85
37 88
37 90
37 91
37 92
37 93
37 95
37 96
37 98
38 42
38 43
38 48
38 50
38 52
38 55
38 56
38 57
38 61
38 63
38 64
38 65
38 79
38 82
38 85
38 89
38 90
38 91
38 93
38 98
38 99
39 40
39 42
39 44
39 47
39 49
39 57
39 58
39 59
39 61
39 62
39 63
39 64
39 65
39 68
39 70
39 71
39 72
39 74
39 76
39 77
39 78
39 81
39 83
39 86
39 87
39 88
39 89
39 90
39 91
39 93
39 94
39 98
39 99
40 44
40 49
40 50
40 53
40 57
40 60
40 63
40 66
40 68
40 69
40 70
40 71
40 74
40 78
40 79
40 83
40 84
40 85
40 86
40 87
40 89
40 93
40 97
40 98
41 42
41 43
41 47
41 51
41 52
41 53
41 55
41 57
41 58
41 60
41 61
41 62
41 64
41 67
41 69
41 72
41 74
41 75
41 76
41 77
41 78
41 81
41 85
41 88
41 89
41 90
41 91
41 93
41 96
41 97
41 99
42 44
42 46
42 47
42 48
42 49
42 53
42 55
42 57
42 59
42 64
42 65
42 67
42 69
42 71
42 73
42 76
42 81
42 82
42 85
42 88
42 89
42 91
42 92
42 93
42 95
42 97
42 99
43 47
43 48
43 50
43 55
43 59
43 62
43 63
43 64
43 66
43 72
43 73
43 76
43 78
43 80
43 82
43 86
43 88
43 89
43 90
43 91
43 97
44 45
44 51
44 54
44 56
44 57
44 62
44 64
44 66
44 69
44 70
44 71
44 72
44 74
44 76
44 77
44 84
44 85
44 86
44 89
44 90
44 92
44 93
44 99
45 46
45 47
45 50
45 51
45 56
45 57
45 60
45 64
45 65
45 66
45 68
45 69
45 74
45 76
45 78
45 79
45 84
45 86
45 88
45 90
45 94
45 95
45 98
46 49
46 50
46 54
46 56
46 62
46 63
46 65
46 66
46 76
46 80
46 83
46 84
46 86
46 88
46 90
46 93
46 98
46 99
47 48
47 50
47 54
47 56
47 58
47 60
47 61
47 62
47 64
47 65
47 66
47 67
47 70
47 76
47 80
47 83
47 84
47 85
47 87
47 88
47 89
47 90
47 92
47 98
48 49
48 50
48 52
48 53
48 54
48 55
48 57
48 58
48 59
48 61
48 62
48 63
48 64
48 65
48 68
48 69
48 70
48 72
48 73
48 74
48 75
48 78
48 79
48 82
48 84
48 85
48 86
48 87
48 88
48 89
48 95
48 99
49 51
49 55
49 56
49 58
49 59
49 60
49 61
49 62
49 63
49 64
49 65
49 68
49 73
49 74
49 75
49 76
49 79
49 80
49 82
49 84
49 85
49 92
49 93
49 94
49 95
49 96
49 99
50 51
50 52
50 53
50 54
50 55
50 58
50 59
50 63
50 64
50 65
50 67
50 68
50 73
50 74
50 75
50 78
50 81
50 85
50 86
50 87
50 88
50 90
50 91
50 94
50 95
50 97
50 98
50 99
51 52
51 55
51 56
51 57
51 58
51 62
51 63
51 64
51 66
51 67
51 68
51 69
51 71
51 72
51 73
51 78
51 80
51 81
51 84
51 91
51 92
51 96
51 97
52 56
52 59
52 64
52 65
52 66
52 67
52 68
52 69
52 70
52 72
52 73
52 76
52 77
52 78
52 79
52 80
52 81
52 85
52 86
52 89
52 90
52 92
52 94
52 97
52 99
53 55
53 60
53 61
53 63
53 64
53 66
53 73
53 74
53 76
53 77
53 80
53 81
53 83
53 84
53 88
53 90
53 91
53 92
53 93
53 94
54 56
54 57
54 59
54 61
54 62
54 71
54 73
54 74
54 75
54 82
54 84
54 85
54 86
54 87
54 88
54 90
54 92
54 93
54 96
54 99
55 58
55 59
55 60
55 63
55 64
55 65
55 68
55 69
55 72
55 75
55 76
55 80
55 81
55 82
55 83
55 84
55 85
55 86
55 87
55 90
55 91
55 92
55 96
56 59
56 60
56 61
56 63
56 67
56 68
56 69
56 70
56 73
56 75
56 76
56 77
56 78
56 82
56 84
56 90
56 93
56 94
56 96
56 97
56 99
57 58
57 59
57 61
57 62
57 64
57 65
57 67
57 68
57 71
57 75
57 77
57 78
57 80
57 81
57 82
57 83
57 93
57 98
57 99
58 61
58 62
58 64
58 65
58 66
58 68
58 74
58 75
58 78
58 79
58 82
58 83
58 85
58 86
58 88
58 89
58 91
58 92
58 95
58 98
59 60
59 61
59 64
59 67
59 68
59 69
59 70
59 71
59 73
59 74
59 75
59 78
59 83
59 84
59 85
59 88
59 89
59 92
59 93
59 98
59 99
60 61
60 62
60 63
60 65
60 66
60 67
60 69
60 74
60 75
60 77
60 79
60 80
60 87
60 88
60 91
60 92
60 93
60 98
61 64
61 68
61 69
61 71
61 74
61 75
61 76
61 78
61 80
61 81
61 82
61 84
61 85
61 87
61 89
61 90
61 95
61 96
61 97
61 98
62 65
62 67
62 68
62 70
62 71
62 72
62 76
62 80
62 81
62 82
62 84
62 85
62 86
62 87
62 90
62 93
62 95
62 96
62 98
62 99
63 64
63 67
63 69
63 70
63 71
63 73
63 74
63 77
63 79
63 83
63 84
63 86
63 94
63 96
63 97
64 68
64 70
64 72
64 74
64 75
64 77
64 78
64 79
64 81
64 83
64 84
64 85
64 86
64 87
64 90
64 91
64 96
64 98
64 99
65 67
65 68
65 71
65 72
65 74
65 76
65 78
65 79
65 80
65 81
65 83
65 84
65 85
65 88
65 90
65 91
65 94
65 95
65 96
65 98
66 68
66 69
66 72
66 78
66 79
66 80
66 83
66 87
66 89
66 91
66 99
67 68
67 69
67 70
67 71
67 72
67 73
67 74
67 75
67 79
67 82
67 85
67 87
67 89
67 91
67 92
67 93
67 95
67 96
67 98
68 69
68 70
68 71
68 73
68 74
68 75
68 76
68 78
68 79
68 80
68 82
68 83
68 84
68 86
68 87
68 89
68 90
68 92
68 94
68 95
68 96
68 98
68 99
69 75
69 76
69 78
69 80
69 81
69 82
69 84
69 90
69 92
69 96
69 98
69 99
70 74
70 75
70 76
70 77
70 80
70 81
70 82
70 83
70 84
70 85
70 86
70 90
70 93
70 95
70 97
70 99
71 72
71 73
71 75
71 76
71 77
71 81
71 82
71 83
71 85
71 86
71 88
71 89
71 91
71 93
71 94
71 99
72 73
72 78
72 80
72 82
72 83
72 87
72 88
72 89
72 90
72 93
72 94
72 95
72 97
72 98
73 78
73 80
73 82
73 83
73 85
73 87
73 88
73 89
73 95
73 98
74 76
74 78
74 80
74 82
74 84
74 86
74 91
74 92
74 94
74 96
74 98
75 76
75 80
75 81
75 82
75 90
75 95
75 97
75 99
76 77
76 78
76 81
76 82
76 84
76 86
76 87
76 90
76 91
76 93
76 94
76 96
76 98
76 99
77 78
77 79
77 80
77 81
77 83
77 85
77 93
77 94
77 96
77 97
77 98
78 82
78 83
78 85
78 91
78 95
78 98
79 84
79 85
79 94
79 96
79 97
80 81
80 83
80 84
80 85
80 87
80 88
80 90
80 91
80 92
80 95
80 99
81 82
81 84
81 87
81 92
81 93
81 94
82 86
82 87
82 88
82 89
82 93
82 94
82 95
82 96
82 97
82 99
83 85
83 87
83 88
83 89
83 91
83 97
83 98
83 99
84 89
84 90
84 94
84 95
84 99
85 87
85 91
85 93
85 96
85 97
86 87
86 89
86 90
86 92
86 93
86 94
86 97
86 98
87 88
87 93
87 94
87 97
88 89
88 92
88 95
88 96
88 97
88 99
89 91
89 92
89 97
89 99
90 94
90 96
90 97
91 92
91 97
91 99
92 94
92 95
92 96
92 97
92 98
93 96
93 97
93 98
93 99
94 96
94 97
94 98
95 97
96 98
97 98
97 99
