0 2
0 3
0 5
0 6
0 7
0 10
0 16
0 17
0 18
0 19
0 20
0 21
0 23
0 25
0 27
0 28
0 30
0 32
0 35
0 42
0 45
0 48
0 50
0 53
0 54
0 55
0 56
0 59
0 60
0 61
0 65
0 66
0 67
0 70
0 71
0 76
0 80
0 81
0 83
0 84
0 88
0 94
0 95
0 96
0 97
0 99
1 2
1 3
1 7
1 10
1 11
1 13
1 15
1 20
1 21
1 23
1 24
1 25
1 27
1 29
1 30
1 35
1 39
1 43
1 44
1 46
1 47
1 49
1 51
1 52
1 53
1 56
1 57
1 59
1 62
1 63
1 68
1 70
1 72
1 74
1 75
1 77
1 78
1 79
1 80
1 81
1 82
1 84
1 85
1 89
1 90
1 92
1 94
1 97
1 99
2 4
2 6
2 9
2 12
2 14
2 15
2 17
2 19
2 20
2 23
2 24
2 25
2 26
2 28
2 30
2 33
2 34
2 37
2 39
2 40
2 42
2 45
2 46
2 48
2 49
2 51
2 52
2 53
2 56
2 59
2 61
2 62
2 64
2 65
2 66
2 69
2 70
2 71
2 73
2 77
2 79
2 80
2 81
2 82
2 83
2 84
2 85
2 87
2 89
2 90
2 93
2 97
3 7
3 8
3 14
3 15
3 17
3 20
3 23
3 25
3 26
3 28
3 32
3 35
3 36
3 38
3 39
3 41
3 42
3 47
3 53
3 55
3 57
3 58
3 59
3 62
3 66
3 67
3 68
3 69
3 73
3 75
3 83
3 84
3 85
3 88
3 89
3 91
3 92
3 94
3 95
3 96
3 98
3 99
4 5
4 10
4 11
4 12
4 15
4 17
4 18
4 19
4 22
4 24
4 28
4 31
4 32
4 33
4 35
4 37
4 39
4 40
4 42
4 43
4 48
4 49
4 52
4 53
4 54
4 55
4 56
4 58
4 60
4 62
4 63
4 66
4 67
4 68
4 69
4 70
4 72
4 75
4 76
4 77
4 78
4 83
4 85
4 89
4 90
4 91
4 93
4 95
4 96
5 7
5 8
5 9
5 12
5 14
5 16
5 17
5 19
5 20
5 23
5 24
5 25
5 26
5 32
5 33
5 38
5 45
5 46
5 47
5 49
5 50
5 52
5 53
5 54
5 58
5 59
5 62
5 63
5 64
5 65
5 66
5 67
5 68
5 69
5 75
5 76
5 77
5 78
5 79
5 80
5 83
5 85
5 88
5 89
5 92
5 93
5 96
5 97
6 11
6 13
6 14
6 15
6 18
6 19
6 20
6 21
6 22
6 24
6 25
6 27
6 32
6 33
6 34
6 35
6 38
6 39
6 41
6 47
6 49
6 50
6 52
6 53
6 54
6 56
6 59
6 60
6 61
6 62
6 63
6 64
6 69
6 70
6 75
6 76
6 77
6 81
6 82
6 83
6 87
6 91
6 93
6 94
6 95
6 96
6 97
6 98
7 8
7 9
7 12
7 17
7 20
7 22
7 23
7 26
7 28
7 29
7 34
7 35
7 36
7 37
7 38
7 39
7 42
7 43
7 54
7 58
7 59
7 61
7 64
7 69
7 72
7 74
7 75
7 77
7 79
7 82
7 83
7 85
7 86
7 87
7 94
7 96
7 97
7 98
8 9
8 10
8 11
8 12
8 16
8 17
8 19
8 20
8 21
8 24
8 26
8 27
8 31
8 32
8 33
8 40
8 41
8 45
8 46
8 47
8 49
8 50
8 53
8 54
8 55
8 56
8 58
8 61
8 62
8 63
8 64
8 65
8 66
8 68
8 71
8 74
8 75
8 77
8 78
8 79
8 82
8 83
8 85
8 89
8 90
8 91
8 92
8 94
8 95
8 98
9 10
9 11
9 12
9 13
9 14
9 17
9 18
9 19
9 20
9 21
9 23
9 24
9 25
9 27
9 28
9 29
9 32
9 33
9 35
9 36
9 38
9 39
9 40
9 42
9 43
9 45
9 48
9 50
9 52
9 54
9 56
9 58
9 60
9 61
9 63
9 64
9 65
9 66
9 67
9 69
9 71
9 74
9 76
9 78
9 82
9 84
9 85
9 88
9 89
9 90
9 92
9 94
9 95
9 96
9 97
9 98
10 11
10 13
10 15
10 16
10 17
10 18
10 20
10 23
10 24
10 27
10 28
10 29
10 31
10 34
10 35
10 37
10 38
10 39
10 40
10 41
10 42
10 44
10 45
10 47
10 48
10 50
10 52
10 55
10 57
10 58
10 59
10 60
10 64
10 65
10 66
10 71
10 73
10 75
10 76
10 77
10 83
10 87
10 88
10 91
10 92
10 93
10 95
10 96
10 97
10 98
10 99
11 15
11 16
11 17
11 19
11 20
11 21
11 23
11 27
11 29
11 30
11 33
11 37
11 39
11 40
11 42
11 43
11 47
11 53
11 54
11 56
11 57
11 59
11 60
11 62
11 65
11 66
11 67
11 73
11 74
11 76
11 78
11 82
11 83
11 85
11 87
11 90
11 91
11 93
11 94
11 95
11 99
12 13
12 17
12 22
12 25
12 27
12 30
12 33
12 35
12 37
12 41
12 42
12 43
12 44
12 49
12 52
12 53
12 54
12 55
12 56
12 57
12 58
12 59
12 61
12 62
12 64
12 65
12 66
12 69
12 71
12 72
12 76
12 80
12 83
12 84
12 85
12 86
12 87
12 89
12 93
12 94
12 95
12 97
12 98
12 99
13 15
13 18
13 19
13 21
13 23
13 26
13 30
13 37
13 38
13 40
13 41
13 43
13 44
13 50
13 52
13 54
13 59
13 61
13 62
13 63
13 64
13 66
13 70
13 73
13 74
13 76
13 78
13 79
13 82
13 83
13 84
13 85
13 86
13 87
13 88
13 89
13 90
13 91
13 95
14 15
14 17
14 19
14 20
14 24
14 25
14 26
14 27
14 29
14 30
14 33
14 39
14 43
14 44
14 46
14 49
14 50
14 51
14 53
14 54
14 56
14 57
14 58
14 59
14 60
14 64
14 67
14 68
14 69
14 71
14 72
14 76
14 77
14 78
14 80
14 82
14 85
14 89
14 90
14 91
14 92
14 94
14 98
14 99
15 18
15 19
15 20
15 24
15 25
15 26
15 27
15 29
15 31
15 32
15 33
15 35
15 36
15 38
15 41
15 47
15 48
15 50
15 52
15 55
15 57
15 59
15 60
15 62
15 63
15 65
15 74
15 76
15 77
15 84
15 85
15 87
15 90
15 91
15 93
15 94
15 97
16 17
16 19
16 20
16 21
16 24
16 25
16 26
16 30
16 33
16 34
16 36
16 38
16 39
16 40
16 42
16 43
16 44
16 45
16 47
16 49
16 51
16 52
16 57
16 59
16 62
16 63
16 64
16 66
16 67
16 68
16 72
16 74
16 75
16 78
16 83
16 84
16 85
16 90
16 91
16 95
16 98
17 18
17 19
17 21
17 22
17 23
17 26
17 29
17 30
17 34
17 35
17 37
17 38
17 39
17 40
17 41
17 46
17 47
17 49
17 51
17 52
17 53
17 55
17 62
17 64
17 66
17 71
17 72
17 76
17 77
17 79
17 80
17 83
17 84
17 85
17 87
17 89
17 90
17 92
17 94
17 95
17 99
18 20
18 22
18 26
18 27
18 29
18 31
18 32
18 33
18 34
18 36
18 38
18 43
18 44
18 45
18 47
18 49
18 50
18 51
18 52
18 54
18 55
18 56
18 57
18 59
18 64
18 65
18 66
18 67
18 69
18 72
18 73
18 74
18 76
18 77
18 79
18 80
18 81
18 83
18 86
18 88
18 89
18 90
18 94
18 95
18 96
18 97
19 20
19 22
19 23
19 26
19 27
19 28
19 29
19 35
19 39
19 46
19 49
19 51
19 52
19 53
19 56
19 57
19 59
19 60
19 61
19 62
19 64
19 66
19 67
19 70
19 73
19 74
19 75
19 77
19 79
19 80
19 82
19 84
19 86
19 89
19 90
19 92
19 96
19 97
20 24
20 25
20 27
20 28
20 29
20 31
20 36
20 38
20 39
20 42
20 43
20 44
20 46
20 49
20 50
20 51
20 54
20 56
20 57
20 58
20 65
20 67
20 70
20 71
20 73
20 74
20 76
20 79
20 80
20 82
20 83
20 85
20 86
20 87
20 89
20 91
20 93
20 96
20 98
20 99
21 23
21 24
21 26
21 27
21 28
21 29
21 30
21 33
21 35
21 37
21 38
21 40
21 44
21 45
21 46
21 51
21 52
21 53
21 54
21 55
21 57
21 58
21 61
21 66
21 67
21 68
21 70
21 73
21 74
21 79
21 80
21 81
21 82
21 83
21 86
21 89
21 90
21 93
21 95
21 98
21 99
22 26
22 27
22 28
22 29
22 31
22 33
22 34
22 36
22 38
22 40
22 45
22 48
22 49
22 51
22 52
22 56
22 57
22 58
22 63
22 67
22 72
22 73
22 74
22 76
22 77
22 81
22 82
22 84
22 86
22 87
22 90
22 91
22 92
22 95
22 98
23 25
23 29
23 32
23 36
23 37
23 38
23 44
23 49
23 50
23 51
23 52
23 54
23 55
23 59
23 61
23 64
23 66
23 67
23 69
23 70
23 72
23 73
23 78
23 82
23 83
23 86
23 87
23 88
23 90
23 92
23 93
23 94
23 96
24 25
24 26
24 28
24 31
24 32
24 34
24 38
24 39
24 41
24 43
24 45
24 48
24 49
24 50
24 51
24 55
24 56
24 62
24 64
24 65
24 66
24 67
24 68
24 69
24 70
24 73
24 75
24 76
24 78
24 81
24 83
24 85
24 87
24 88
24 90
24 92
24 93
24 94
24 98
24 99
25 26
25 27
25 34
25 36
25 38
25 39
25 41
25 42
25 43
25 45
25 46
25 47
25 49
25 50
25 52
25 53
25 54
25 55
25 57
25 58
25 60
25 61
25 62
25 63
25 68
25 70
25 71
25 72
25 74
25 75
25 76
25 77
25 78
25 79
25 80
25 81
25 85
25 86
25 89
25 90
25 91
25 92
25 94
25 95
25 98
25 99
26 32
26 33
26 36
26 38
26 41
26 42
26 48
26 51
26 54
26 58
26 61
26 62
26 64
26 67
26 70
26 71
26 74
26 76
26 77
26 78
26 82
26 86
26 87
26 88
26 89
26 92
26 95
26 96
27 28
27 34
27 35
27 37
27 38
27 40
27 41
27 42
27 45
27 46
27 49
27 53
27 55
27 57
27 58
27 59
27 62
27 63
27 64
27 66
27 70
27 72
27 76
27 77
27 81
27 83
27 84
27 87
27 88
27 96
27 97
28 29
28 32
28 33
28 36
28 37
28 39
28 41
28 45
28 46
28 47
28 48
28 51
28 53
28 55
28 56
28 58
28 59
28 60
28 61
28 62
28 63
28 64
28 65
28 67
28 68
28 69
28 70
28 72
28 73
28 74
28 76
28 78
28 79
28 82
28 83
28 84
28 86
28 87
28 90
28 92
28 96
28 99
29 30
29 33
29 34
29 35
29 36
29 39
29 40
29 41
29 44
29 46
29 48
29 49
29 50
29 52
29 53
29 55
29 58
29 60
29 66
29 68
29 71
29 72
29 73
29 76
29 78
29 82
29 83
29 85
29 88
29 92
29 93
29 95
29 96
29 97
29 99
30 32
30 35
30 38
30 39
30 43
30 46
30 47
30 48
30 50
30 51
30 52
30 53
30 57
30 59
30 61
30 67
30 68
30 71
30 75
30 77
30 79
30 80
30 81
30 82
30 83
30 86
30 87
30 88
30 90
30 91
30 93
30 97
31 34
31 35
31 37
31 38
31 42
31 44
31 48
31 50
31 54
31 56
31 58
31 61
31 62
31 65
31 67
31 71
31 72
31 73
31 74
31 76
31 79
31 81
31 84
31 85
31 88
31 89
31 90
31 92
31 94
31 95
31 97
31 98
31 99
32 33
32 34
32 38
32 40
32 47
32 50
32 51
32 53
32 54
32 57
32 58
32 66
32 68
32 72
32 73
32 74
32 75
32 77
32 79
32 80
32 85
32 86
32 87
32 89
32 91
32 92
32 95
32 96
32 97
32 99
33 36
33 38
33 39
33 41
33 44
33 45
33 48
33 49
33 50
33 53
33 54
33 56
33 57
33 59
33 61
33 62
33 66
33 68
33 69
33 70
33 75
33 76
33 78
33 79
33 82
33 83
33 84
33 85
33 87
33 89
33 92
33 95
33 96
33 97
34 35
34 36
34 37
34 42
34 45
34 49
34 50
34 52
34 53
34 59
34 60
34 63
34 65
34 67
34 68
34 71
34 72
34 73
34 75
34 77
34 81
34 82
34 84
34 87
34 90
34 91
34 93
34 96
34 97
34 98
35 36
35 40
35 41
35 44
35 52
35 53
35 54
35 56
35 57
35 60
35 62
35 63
35 67
35 70
35 71
35 73
35 79
35 80
35 81
35 82
35 83
35 84
35 85
35 86
35 87
35 88
35 91
35 92
35 93
35 94
35 95
35 97
35 98
35 99
36 38
36 39
36 42
36 43
36 44
36 45
36 48
36 49
36 53
36 55
36 57
36 60
36 63
36 64
36 65
36 66
36 68
36 73
36 74
36 75
36 76
36 78
36 80
36 83
36 84
36 87
36 88
36 89
36 93
36 94
36 95
36 96
36 98
36 99
37 39
37 40
37 41
37 42
37 43
37 45
37 48
37 49
37 50
37 52
37 54
37 55
37 56
37 57
37 59
37 61
37 62
37 63
37 66
37 69
37 70
37 72
37 73
37 78
37 79
37 80
37 81
37 88
37 89
37 90
37 94
37 99
38 39
38 40
38 41
38 43
38 44
38 47
38 48
38 50
38 51
38 53
38 57
38 58
38 60
38 63
38 65
38 66
38 67
38 74
38 84
38 85
38 87
38 88
38 91
38 92
38 94
38 95
39 41
39 44
39 46
39 47
39 49
39 51
39 53
39 55
39 58
39 61
39 63
39 64
39 65
39 66
39 67
39 69
39 72
39 76
39 77
39 81
39 87
39 89
39 92
39 94
39 96
39 99
40 43
40 44
40 45
40 49
40 50
40 51
40 52
40 54
40 55
40 56
40 57
40 58
40 59
40 60
40 61
40 62
40 67
40 70
40 72
40 75
40 76
40 79
40 82
40 83
40 84
40 85
40 89
40 91
40 92
40 93
40 97
40 98
41 42
41 43
41 45
41 46
41 47
41 48
41 50
41 52
41 54
41 57
41 58
41 61
41 62
41 63
41 65
41 66
41 68
41 72
41 74
41 76
41 80
41 81
41 83
41 84
41 85
41 87
41 88
41 90
41 94
41 95
41 96
41 97
41 98
41 99
42 44
42 46
42 48
42 49
42 50
42 51
42 53
42 55
42 58
42 60
42 61
42 62
42 64
42 65
42 67
42 70
42 77
42 78
42 80
42 81
42 82
42 83
42 84
42 85
42 87
42 89
42 91
42 93
42 94
42 96
42 97
43 47
43 48
43 49
43 50
43 53
43 55
43 57
43 63
43 65
43 66
43 67
43 73
43 76
43 78
43 79
43 80
43 84
43 85
43 86
43 87
43 88
43 89
43 90
43 93
43 95
43 96
44 45
44 46
44 47
44 48
44 49
44 51
44 53
44 55
44 57
44 58
44 60
44 61
44 62
44 63
44 67
44 68
44 72
44 75
44 76
44 77
44 78
44 79
44 81
44 82
44 84
44 85
44 86
44 88
44 89
44 91
44 94
44 95
44 96
45 46
45 48
45 52
45 55
45 57
45 60
45 62
45 63
45 64
45 66
45 68
45 69
45 70
45 71
45 73
45 74
45 75
45 77
45 78
45 80
45 81
45 82
45 83
45 84
45 85
45 86
45 87
45 88
45 91
45 97
45 98
46 47
46 49
46 50
46 52
46 55
46 57
46 59
46 61
46 62
46 63
46 66
46 68
46 69
46 71
46 72
46 76
46 78
46 80
46 82
46 84
46 85
46 86
46 90
46 92
46 94
46 95
46 96
46 97
46 98
47 49
47 51
47 53
47 56
47 58
47 59
47 63
47 65
47 67
47 70
47 71
47 75
47 76
47 78
47 79
47 80
47 83
47 84
47 85
47 86
47 89
47 90
47 91
47 94
47 95
47 96
47 97
47 98
48 49
48 52
48 53
48 54
48 56
48 58
48 59
48 60
48 61
48 67
48 68
48 70
48 72
48 75
48 77
48 79
48 80
48 81
48 83
48 88
48 89
48 91
48 92
48 95
48 96
48 97
48 98
49 50
49 51
49 55
49 58
49 60
49 62
49 63
49 66
49 67
49 69
49 70
49 74
49 76
49 77
49 83
49 84
49 87
49 91
49 93
49 94
49 95
49 98
49 99
50 51
50 52
50 53
50 54
50 55
50 56
50 60
50 62
50 63
50 64
50 65
50 70
50 72
50 73
50 75
50 76
50 77
50 79
50 80
50 83
50 85
50 86
50 87
50 91
50 92
50 93
50 95
50 96
50 99
51 52
51 53
51 54
51 55
51 57
51 58
51 59
51 60
51 61
51 63
51 64
51 66
51 70
51 73
51 74
51 76
51 78
51 82
51 84
51 88
51 89
51 90
51 91
51 92
51 97
51 99
52 54
52 56
52 57
52 61
52 62
52 63
52 64
52 65
52 67
52 68
52 69
52 72
52 73
52 75
52 76
52 77
52 81
52 82
52 85
52 86
52 88
52 90
52 91
52 92
52 93
52 95
52 97
52 98
53 54
53 55
53 58
53 59
53 60
53 62
53 63
53 67
53 68
53 73
53 74
53 77
53 78
53 80
53 83
53 84
53 85
53 86
53 88
53 89
54 57
54 61
54 62
54 63
54 64
54 65
54 67
54 70
54 73
54 76
54 77
54 78
54 83
54 85
54 86
54 87
54 90
54 91
54 92
54 93
54 97
54 98
55 56
55 58
55 59
55 63
55 64
55 66
55 67
55 70
55 71
55 73
55 75
55 77
55 80
55 81
55 82
55 84
55 85
55 90
55 92
55 93
55 95
56 58
56 59
56 61
56 65
56 66
56 69
56 71
56 73
56 78
56 80
56 81
56 82
56 83
56 84
56 86
56 87
56 90
56 92
56 93
56 95
56 97
57 58
57 66
57 68
57 71
57 72
57 77
57 81
57 83
57 86
57 87
57 92
57 93
57 94
57 95
57 97
57 98
57 99
58 59
58 63
58 64
58 65
58 66
58 69
58 70
58 71
58 73
58 75
58 80
58 81
58 83
58 84
58 86
58 87
58 92
58 93
58 95
58 97
58 98
59 60
59 62
59 63
59 65
59 66
59 67
59 68
59 73
59 74
59 78
59 80
59 82
59 85
59 86
59 87
59 89
59 91
59 93
59 94
59 96
59 98
60 66
60 69
60 70
60 71
60 74
60 75
60 76
60 77
60 79
60 80
60 83
60 84
60 85
60 86
60 91
60 93
60 95
60 98
60 99
61 65
61 68
61 69
61 70
61 71
61 73
61 74
61 75
61 78
61 85
61 88
61 89
61 91
61 95
61 96
61 97
61 99
62 66
62 68
62 69
62 70
62 71
62 72
62 74
62 77
62 78
62 79
62 81
62 82
62 84
62 86
62 88
62 93
62 94
62 96
62 99
63 65
63 68
63 69
63 70
63 73
63 75
63 77
63 78
63 79
63 80
63 81
63 82
63 85
63 86
63 87
63 89
63 90
63 91
63 93
63 95
63 97
63 98
64 65
64 66
64 67
64 70
64 71
64 72
64 74
64 76
64 77
64 78
64 79
64 80
64 82
64 84
64 86
64 89
64 90
64 91
64 93
64 94
64 95
64 96
64 97
64 99
65 66
65 69
65 71
65 74
65 77
65 78
65 79
65 80
65 81
65 84
65 89
65 92
65 94
65 97
66 68
66 71
66 74
66 76
66 77
66 78
66 80
66 83
66 85
66 93
66 94
66 96
66 97
66 99
67 68
67 70
67 73
67 74
67 75
67 77
67 80
67 81
67 82
67 84
67 86
67 88
67 92
67 93
67 94
67 95
67 97
67 98
67 99
68 70
68 72
68 74
68 76
68 77
68 78
68 84
68 85
68 88
68 89
68 90
68 93
68 94
68 96
68 99
69 72
69 73
69 74
69 76
69 77
69 78
69 80
69 81
69 82
69 83
69 84
69 85
69 86
69 87
69 89
69 94
69 96
69 99
70 71
70 76
70 81
70 83
70 84
70 89
70 90
70 92
70 93
70 97
70 99
71 73
71 74
71 75
71 77
71 78
71 80
71 81
71 83
71 85
71 86
71 89
71 90
71 93
71 94
71 95
71 96
71 99
72 77
72 78
72 80
72 82
72 83
72 85
72 86
72 88
72 90
72 92
72 93
72 94
72 97
73 74
73 75
73 79
73 81
73 83
73 86
73 90
73 91
73 93
73 95
73 96
73 97
73 98
73 99
74 75
74 78
74 80
74 81
74 82
74 83
74 84
74 85
74 89
74 90
74 92
74 93
74 96
74 97
74 98
74 99
75 77
75 80
75 81
75 82
75 84
75 86
75 88
75 89
75 92
75 93
75 94
75 95
75 96
76 77
76 78
76 80
76 81
76 82
76 84
76 85
76 90
76 91
76 93
76 94
76 95
76 97
76 99
77 80
77 82
77 83
77 85
77 86
77 87
77 89
77 90
77 91
77 92
77 96
77 97
77 98
77 99
78 79
78 81
78 82
78 83
78 84
78 86
78 88
78 89
78 93
78 94
78 95
78 97
79 82
79 83
79 87
79 93
79 94
80 83
80 85
80 86
80 88
80 89
80 91
80 92
80 94
80 96
80 97
81 82
81 84
81 85
81 88
81 90
81 91
81 96
81 98
81 99
82 88
82 89
82 90
82 92
82 93
82 95
82 97
82 99
83 92
83 96
83 97
83 98
83 99
84 85
84 87
84 88
84 90
84 91
84 92
84 93
84 97
84 99
85 86
85 88
85 91
85 92
85 95
85 96
85 97
85 98
86 88
86 89
86 91
86 92
86 95
86 97
86 98
87 88
87 90
87 91
87 92
87 94
87 95
87 96
88 91
88 92
88 93
88 95
88 97
88 99
89 90
89 93
89 94
89 95
89 96
89 97
90 91
90 93
90 98
90 99
91 93
91 94
91 95
91 97
93 96
93 98
94 96
94 97
94 99
95 96
95 97
95 99
97 98
98 99
