0 1
0 3
0 5
0 10
0 11
0 14
0 15
0 16
0 18
0 19
0 22
0 24
0 26
0 28
0 29
0 31
0 32
0 33
0 34
0 36
0 37
0 38
0 39
0 42
0 43
0 46
0 47
0 48
0 50
0 54
0 56
0 58
0 60
0 65
0 70
0 74
0 75
0 76
0 78
0 80
0 85
0 87
0 89
0 90
0 92
0 93
0 94
0 99
1 2
1 4
1 5
1 10
1 12
1 13
1 15
1 16
1 17
1 20
1 21
1 23
1 26
1 27
1 28
1 29
1 31
1 34
1 35
1 39
1 40
1 41
1 42
1 44
1 45
1 50
1 53
1 54
1 55
1 60
1 63
1 66
1 67
1 69
1 71
1 77
1 78
1 79
1 80
1 83
1 85
1 87
1 88
1 89
1 92
1 94
1 97
1 98
2 5
2 8
2 10
2 13
2 14
2 19
2 23
2 24
2 25
2 27
2 29
2 31
2 32
2 34
2 35
2 36
2 38
2 39
2 40
2 42
2 43
2 45
2 48
2 50
2 51
2 53
2 55
2 60
2 62
2 63
2 65
2 67
2 68
2 69
2 71
2 73
2 74
2 75
2 76
2 77
2 78
2 79
2 81
2 85
2 86
2 87
2 88
2 89
2 91
2 94
2 95
2 99
3 4
3 8
3 9
3 10
3 11
3 12
3 13
3 16
3 17
3 19
3 21
3 23
3 24
3 26
3 27
3 29
3 30
3 34
3 35
3 37
3 40
3 41
3 44
3 45
3 48
3 51
3 52
3 53
3 60
3 62
3 63
3 65
3 66
3 69
3 71
3 72
3 73
3 74
3 80
3 84
3 85
3 87
3 88
3 89
3 91
3 92
3 98
4 5
4 7
4 14
4 15
4 16
4 18
4 19
4 21
4 23
4 24
4 25
4 28
4 29
4 32
4 33
4 35
4 36
4 41
4 44
4 50
4 52
4 54
4 55
4 56
4 58
4 59
4 60
4 62
4 64
4 65
4 68
4 74
4 79
4 81
4 85
4 86
4 87
4 92
4 93
4 95
4 96
4 97
4 98
5 8
5 9
5 11
5 13
5 17
5 19
5 21
5 22
5 23
5 26
5 27
5 29
5 33
5 34
5 35
5 37
5 38
5 39
5 40
5 42
5 43
5 44
5 45
5 46
5 48
5 50
5 52
5 54
5 55
5 58
5 61
5 63
5 67
5 69
5 70
5 71
5 72
5 76
5 78
5 79
5 80
5 82
5 83
5 84
5 86
5 89
5 90
5 92
5 94
5 96
5 97
5 98
5 99
6 7
6 11
6 12
6 14
6 18
6 19
6 22
6 23
6 25
6 27
6 29
6 30
6 32
6 34
6 35
6 40
6 43
6 50
6 52
6 53
6 54
6 55
6 57
6 58
6 59
6 60
6 61
6 62
6 63
6 64
6 65
6 67
6 68
6 69
6 70
6 71
6 72
6 74
6 75
6 82
6 85
6 89
6 90
6 91
6 92
6 95
6 96
6 98
6 99
7 9
7 10
7 14
7 15
7 19
7 21
7 22
7 23
7 25
7 30
7 33
7 34
7 36
7 37
7 39
7 40
7 48
7 49
7 51
7 53
7 54
7 56
7 57
7 59
7 63
7 66
7 70
7 71
7 74
7 77
7 82
7 83
7 86
7 87
7 88
7 89
7 90
7 91
7 94
7 95
7 96
7 97
8 10
8 14
8 17
8 21
8 22
8 26
8 27
8 31
8 32
8 34
8 36
8 42
8 46
8 48
8 49
8 50
8 54
8 55
8 59
8 60
8 61
8 63
8 64
8 68
8 69
8 71
8 72
8 73
8 78
8 79
8 83
8 87
8 88
8 89
8 91
8 92
8 93
8 94
9 12
9 13
9 22
9 26
9 27
9 28
9 35
9 38
9 40
9 41
9 46
9 47
9 48
9 51
9 52
9 53
9 54
9 55
9 57
9 59
9 62
9 64
9 68
9 69
9 72
9 73
9 74
9 75
9 76
9 78
9 82
9 83
9 84
9 85
9 86
9 87
9 88
9 91
9 92
9 94
9 97
10 13
10 14
10 16
10 19
10 21
10 22
10 26
10 28
10 29
10 37
10 38
10 39
10 42
10 45
10 48
10 51
10 54
10 55
10 57
10 58
10 60
10 65
10 67
10 77
10 78
10 79
10 83
10 84
10 85
10 86
10 87
10 89
10 90
10 91
10 92
11 12
11 14
11 15
11 16
11 17
11 21
11 22
11 24
11 25
11 26
11 28
11 32
11 33
11 34
11 35
11 41
11 43
11 47
11 48
11 49
11 50
11 54
11 55
11 56
11 57
11 62
11 64
11 66
11 69
11 70
11 71
11 72
11 73
11 74
11 75
11 77
11 78
11 80
11 81
11 82
11 83
11 84
11 85
11 86
11 87
11 94
12 13
12 17
12 18
12 20
12 25
12 27
12 33
12 34
12 39
12 40
12 41
12 42
12 45
12 48
12 51
12 52
12 54
12 55
12 57
12 60
12 61
12 63
12 64
12 65
12 67
12 70
12 71
12 75
12 76
12 77
12 80
12 82
12 83
12 86
12 95
12 96
12 97
13 15
13 16
13 17
13 19
13 21
13 23
13 24
13 29
13 30
13 31
13 33
13 35
13 36
13 42
13 44
13 45
13 49
13 50
13 52
13 54
13 60
13 61
13 62
13 65
13 68
13 71
13 72
13 74
13 75
13 76
13 77
13 79
13 80
13 82
13 84
13 85
13 86
13 88
13 89
13 91
13 93
13 94
13 95
13 97
13 98
14 16
14 19
14 22
14 23
14 24
14 25
14 27
14 28
14 29
14 30
14 31
14 32
14 34
14 36
14 37
14 42
14 43
14 46
14 47
14 49
14 50
14 51
14 52
14 53
14 54
14 58
14 59
14 61
14 64
14 65
14 67
14 71
14 72
14 80
14 83
14 84
14 87
14 88
14 90
14 92
14 93
14 98
14 99
15 16
15 18
15 19
15 21
15 23
15 25
15 27
15 33
15 35
15 38
15 41
15 45
15 47
15 48
15 50
15 52
15 53
15 58
15 59
15 60
15 61
15 64
15 66
15 67
15 68
15 72
15 73
15 74
15 78
15 80
15 82
15 85
15 86
15 90
15 93
15 94
15 95
15 96
15 98
15 99
16 17
16 19
16 20
16 21
16 22
16 24
16 25
16 27
16 30
16 32
16 41
16 43
16 48
16 49
16 53
16 54
16 55
16 56
16 59
16 61
16 62
16 63
16 64
16 67
16 71
16 73
16 74
16 75
16 76
16 80
16 84
16 87
16 89
16 90
16 91
16 92
16 94
16 96
16 98
16 99
17 21
17 23
17 24
17 26
17 28
17 29
17 31
17 32
17 33
17 34
17 35
17 36
17 38
17 44
17 45
17 46
17 48
17 49
17 50
17 51
17 52
17 53
17 54
17 57
17 58
17 61
17 62
17 63
17 68
17 69
17 71
17 74
17 75
17 76
17 78
17 80
17 81
17 82
17 83
17 84
17 86
17 87
17 88
17 90
17 91
17 92
17 96
17 99
18 20
18 21
18 22
18 23
18 24
18 27
18 29
18 30
18 31
18 32
18 33
18 34
18 39
18 43
18 44
18 45
18 47
18 53
18 54
18 56
18 65
18 67
18 69
18 72
18 74
18 76
18 77
18 79
18 80
18 81
18 83
18 84
18 85
18 86
18 87
18 91
18 92
18 96
18 97
18 98
19 20
19 21
19 23
19 27
19 34
19 35
19 38
19 48
19 49
19 50
19 51
19 52
19 53
19 54
19 55
19 59
19 60
19 61
19 62
19 63
19 64
19 67
19 69
19 70
19 73
19 77
19 82
19 84
19 88
19 89
19 90
19 91
19 92
19 93
19 94
19 95
19 98
20 24
20 28
20 29
20 32
20 33
20 36
20 37
20 38
20 44
20 47
20 50
20 51
20 54
20 55
20 57
20 59
20 64
20 67
20 71
20 72
20 74
20 75
20 77
20 79
20 80
20 81
20 84
20 86
20 91
20 92
20 95
20 97
20 98
20 99
21 22
21 23
21 27
21 29
21 31
21 33
21 34
21 35
21 36
21 39
21 41
21 44
21 45
21 46
21 47
21 49
21 51
21 52
21 53
21 57
21 58
21 59
21 61
21 63
21 65
21 66
21 67
21 68
21 69
21 71
21 75
21 76
21 79
21 80
21 81
21 82
21 84
21 85
21 86
21 88
21 90
21 92
21 93
22 25
22 28
22 29
22 30
22 33
22 36
22 39
22 40
22 41
22 42
22 47
22 49
22 51
22 52
22 53
22 54
22 56
22 58
22 59
22 60
22 61
22 63
22 66
22 67
22 71
22 72
22 74
22 75
22 79
22 80
22 81
22 82
22 83
22 84
22 85
22 87
22 88
22 91
22 93
22 94
22 95
22 97
22 98
22 99
23 24
23 25
23 27
23 28
23 29
23 31
23 32
23 33
23 34
23 36
23 37
23 40
23 43
23 46
23 52
23 53
23 54
23 56
23 57
23 59
23 60
23 62
23 63
23 66
23 68
23 69
23 70
23 73
23 74
23 77
23 80
23 89
23 90
23 92
23 93
23 94
23 96
23 97
23 98
23 99
24 25
24 27
24 28
24 29
24 31
24 34
24 36
24 38
24 42
24 47
24 49
24 51
24 53
24 55
24 56
24 59
24 64
24 66
24 67
24 69
24 71
24 72
24 75
24 76
24 77
24 79
24 82
24 85
24 87
24 90
24 91
24 94
24 95
24 96
24 98
24 99
25 26
25 27
25 28
25 30
25 32
25 36
25 39
25 40
25 41
25 43
25 44
25 45
25 46
25 48
25 51
25 55
25 59
25 60
25 61
25 65
25 68
25 69
25 71
25 72
25 73
25 75
25 77
25 80
25 86
25 88
25 90
25 91
25 93
25 98
25 99
26 27
26 29
26 31
26 32
26 33
26 37
26 41
26 46
26 47
26 49
26 50
26 51
26 53
26 54
26 57
26 58
26 60
26 61
26 62
26 64
26 66
26 68
26 70
26 72
26 73
26 76
26 77
26 78
26 80
26 82
26 83
26 84
26 85
26 86
26 88
26 90
26 95
26 96
26 97
26 99
27 28
27 33
27 35
27 36
27 38
27 43
27 44
27 45
27 48
27 51
27 53
27 54
27 55
27 56
27 57
27 60
27 62
27 63
27 65
27 67
27 68
27 71
27 72
27 75
27 76
27 77
27 79
27 81
27 82
27 83
27 85
27 87
27 91
27 92
27 93
27 94
27 98
28 31
28 34
28 36
28 38
28 40
28 46
28 47
28 49
28 50
28 51
28 52
28 54
28 55
28 56
28 57
28 62
28 63
28 64
28 67
28 68
28 70
28 71
28 72
28 77
28 80
28 82
28 84
28 85
28 90
28 94
28 95
28 98
28 99
29 31
29 33
29 37
29 38
29 39
29 40
29 41
29 42
29 43
29 46
29 49
29 50
29 52
29 56
29 57
29 59
29 61
29 62
29 64
29 65
29 66
29 67
29 68
29 69
29 74
29 76
29 77
29 78
29 79
29 85
29 86
29 87
29 89
29 90
29 91
29 93
29 94
29 97
30 31
30 35
30 37
30 38
30 40
30 43
30 44
30 45
30 48
30 51
30 53
30 54
30 55
30 60
30 61
30 62
30 63
30 64
30 68
30 70
30 72
30 73
30 74
30 77
30 78
30 80
30 81
30 83
30 87
30 88
30 89
30 91
30 92
30 96
30 97
30 99
31 33
31 35
31 42
31 46
31 48
31 50
31 52
31 53
31 54
31 55
31 56
31 58
31 59
31 63
31 64
31 65
31 66
31 70
31 76
31 78
31 79
31 82
31 83
31 91
31 93
31 96
31 98
31 99
32 33
32 34
32 35
32 37
32 38
32 39
32 41
32 42
32 43
32 44
32 48
32 49
32 50
32 53
32 54
32 55
32 56
32 58
32 59
32 60
32 62
32 64
32 67
32 71
32 72
32 75
32 76
32 77
32 80
32 81
32 84
32 89
32 90
32 92
32 95
32 98
32 99
33 34
33 35
33 37
33 41
33 42
33 43
33 46
33 48
33 49
33 50
33 51
33 54
33 57
33 60
33 61
33 62
33 63
33 65
33 71
33 74
33 75
33 77
33 79
33 82
33 83
33 84
33 85
33 89
33 93
33 96
34 36
34 37
34 38
34 39
34 42
34 46
34 49
34 55
34 57
34 60
34 62
34 64
34 67
34 71
34 73
34 74
34 75
34 76
34 77
34 82
34 83
34 86
34 87
34 88
34 92
34 95
34 96
34 97
35 36
35 38
35 39
35 40
35 43
35 46
35 47
35 48
35 49
35 51
35 53
35 54
35 55
35 56
35 57
35 59
35 61
35 63
35 65
35 69
35 70
35 74
35 75
35 76
35 78
35 80
35 81
35 82
35 84
35 85
35 86
35 87
35 88
35 89
35 93
35 94
35 95
35 96
35 97
35 98
35 99
36 38
36 39
36 41
36 43
36 44
36 45
36 46
36 47
36 48
36 49
36 50
36 51
36 52
36 53
36 54
36 56
36 60
36 62
36 65
36 69
36 70
36 72
36 74
36 77
36 80
36 81
36 86
36 89
36 90
36 91
36 93
36 95
36 96
36 98
37 40
37 41
37 44
37 46
37 47
37 50
37 55
37 56
37 58
37 63
37 64
37 65
37 67
37 68
37 69
37 72
37 77
37 81
37 82
37 84
37 85
37 86
37 96
38 40
38 41
38 43
38 44
38 48
38 51
38 52
38 54
38 55
38 56
38 58
38 60
38 68
38 69
38 75
38 78
38 80
38 82
38 83
38 88
38 91
38 94
38 96
38 97
38 98
39 43
39 50
39 51
39 52
39 54
39 57
39 58
39 59
39 60
39 61
39 66
39 69
39 71
39 72
39 81
39 83
39 84
39 87
39 89
39 90
39 92
39 93
39 94
39 95
39 97
39 98
39 99
40 42
40 46
40 47
40 48
40 51
40 54
40 57
40 61
40 63
40 64
40 65
40 66
40 69
40 76
40 77
40 79
40 80
40 81
40 83
40 85
40 86
40 87
40 88
40 93
40 96
40 97
41 42
41 45
41 47
41 49
41 53
41 55
41 56
41 58
41 59
41 61
41 62
41 63
41 66
41 70
41 71
41 74
41 76
41 82
41 83
41 84
41 85
41 88
41 89
41 90
41 91
41 92
41 93
41 94
41 96
42 44
42 49
42 50
42 51
42 53
42 55
42 58
42 60
42 61
42 64
42 65
42 67
42 70
42 71
42 72
42 74
42 75
42 78
42 79
42 80
42 83
42 86
42 88
42 91
42 96
42 97
42 98
43 44
43 47
43 48
43 49
43 51
43 52
43 56
43 64
43 65
43 66
43 68
43 69
43 70
43 73
43 75
43 76
43 77
43 78
43 79
43 80
43 86
43 87
43 88
43 90
43 91
43 92
43 93
43 97
43 98
44 45
44 47
44 49
44 51
44 53
44 55
44 59
44 60
44 63
44 64
44 65
44 66
44 67
44 70
44 72
44 75
44 76
44 77
44 80
44 81
44 84
44 87
44 88
44 92
44 94
44 95
45 47
45 49
45 50
45 53
45 54
45 55
45 58
45 60
45 61
45 67
45 68
45 71
45 74
45 76
45 77
45 78
45 81
45 84
45 85
45 86
45 89
45 90
45 91
45 94
45 96
45 97
45 98
45 99
46 47
46 48
46 50
46 52
46 53
46 58
46 60
46 61
46 62
46 63
46 67
46 68
46 69
46 70
46 71
46 74
46 75
46 77
46 78
46 79
46 83
46 85
46 90
46 91
46 92
46 95
46 96
47 48
47 52
47 53
47 54
47 55
47 58
47 60
47 61
47 62
47 63
47 65
47 67
47 69
47 71
47 75
47 76
47 78
47 79
47 80
47 83
47 86
47 87
47 88
47 90
47 93
47 96
47 97
47 98
48 50
48 52
48 54
48 55
48 57
48 59
48 60
48 61
48 63
48 64
48 67
48 69
48 72
48 76
48 77
48 78
48 81
48 82
48 84
48 85
48 86
48 88
48 89
48 90
48 92
48 95
48 97
49 52
49 54
49 56
49 58
49 60
49 62
49 67
49 69
49 70
49 72
49 73
49 74
49 76
49 77
49 79
49 83
49 85
49 90
49 91
49 92
49 95
49 99
50 51
50 52
50 53
50 55
50 56
50 57
50 58
50 59
50 61
50 65
50 66
50 67
50 68
50 69
50 70
50 71
50 74
50 76
50 80
50 83
50 86
50 87
50 89
50 92
50 93
50 94
50 99
51 52
51 53
51 54
51 59
51 62
51 64
51 66
51 67
51 69
51 70
51 71
51 72
51 73
51 75
51 77
51 78
51 80
51 81
51 85
51 87
51 88
51 90
51 95
51 98
52 53
52 56
52 59
52 65
52 70
52 72
52 73
52 77
52 78
52 79
52 80
52 82
52 84
52 87
52 89
52 91
52 92
52 94
52 95
52 99
53 60
53 61
53 62
53 65
53 69
53 72
53 74
53 76
53 77
53 79
53 80
53 81
53 82
53 83
53 84
53 86
53 88
53 90
53 94
54 55
54 56
54 57
54 62
54 64
54 66
54 67
54 68
54 73
54 75
54 78
54 81
54 82
54 84
54 86
54 92
54 95
54 96
54 97
54 98
55 57
55 58
55 61
55 62
55 66
55 67
55 69
55 70
55 71
55 72
55 76
55 78
55 80
55 84
55 86
55 87
55 88
55 89
55 90
55 92
55 93
55 96
55 99
56 58
56 64
56 65
56 67
56 68
56 70
56 80
56 81
56 85
56 86
56 87
56 88
56 89
56 95
56 96
56 98
57 59
57 62
57 63
57 64
57 67
57 68
57 72
57 73
57 76
57 77
57 79
57 80
57 82
57 83
57 87
57 89
57 92
57 94
57 95
57 97
57 98
57 99
58 59
58 60
58 64
58 65
58 66
58 67
58 68
58 71
58 72
58 74
58 76
58 78
58 79
58 87
58 91
58 92
58 93
58 95
58 96
58 98
59 60
59 61
59 64
59 66
59 67
59 70
59 71
59 72
59 74
59 75
59 76
59 79
59 80
59 88
59 90
59 92
59 94
59 95
59 96
59 97
59 98
59 99
60 61
60 64
60 66
60 69
60 70
60 72
60 74
60 76
60 80
60 82
60 83
60 85
60 88
60 90
60 93
60 94
60 95
60 96
60 97
60 98
61 62
61 63
61 64
61 65
61 69
61 71
61 72
61 77
61 78
61 79
61 83
61 85
61 86
61 87
61 89
61 93
61 94
61 96
61 99
62 63
62 64
62 66
62 67
62 68
62 69
62 72
62 73
62 74
62 78
62 81
62 85
62 87
62 88
62 89
62 90
62 92
62 94
62 99
63 65
63 70
63 71
63 79
63 81
63 82
63 84
63 86
63 88
63 90
63 91
63 92
63 93
63 94
63 99
64 68
64 69
64 70
64 72
64 74
64 76
64 77
64 78
64 80
64 82
64 84
64 86
64 88
64 94
64 97
64 98
65 66
65 67
65 68
65 71
65 72
65 73
65 74
65 75
65 76
65 77
65 80
65 82
65 87
65 90
65 93
65 95
66 67
66 68
66 69
66 70
66 71
66 74
66 78
66 82
66 83
66 84
66 85
66 86
66 87
66 90
66 91
66 92
66 93
66 94
66 95
66 96
66 97
66 99
67 68
67 69
67 70
67 71
67 72
67 73
67 74
67 79
67 81
67 85
67 87
67 88
67 89
67 90
67 91
67 92
67 93
67 94
67 95
67 97
67 98
68 69
68 70
68 72
68 75
68 76
68 79
68 80
68 81
68 82
68 84
68 85
68 87
68 88
68 89
68 90
68 91
68 92
68 93
68 97
69 70
69 71
69 73
69 76
69 79
69 81
69 84
69 88
69 90
69 91
69 92
69 93
69 95
69 96
69 97
70 72
70 76
70 77
70 79
70 81
70 83
70 84
70 87
70 88
70 89
70 91
70 92
70 93
70 95
70 96
70 98
70 99
71 72
71 76
71 78
71 83
71 84
71 85
71 89
71 94
71 95
71 96
72 78
72 79
72 83
72 84
72 85
72 89
72 92
72 94
72 95
72 96
72 97
73 74
73 76
73 80
73 82
73 83
73 86
73 88
73 89
73 92
73 99
74 75
74 76
74 80
74 82
74 84
74 86
74 88
74 90
74 91
74 95
74 97
74 99
75 77
75 79
75 80
75 81
75 82
75 86
75 88
75 95
75 96
75 99
76 78
76 80
76 83
76 84
76 85
76 87
76 88
76 90
76 91
76 94
76 96
76 97
77 78
77 79
77 80
77 81
77 83
77 86
77 87
77 88
77 89
77 90
77 91
77 94
77 95
77 96
77 97
77 98
78 79
78 82
78 83
78 84
78 86
78 87
78 89
78 90
78 92
78 93
78 95
78 97
79 83
79 86
79 87
79 88
79 89
79 90
79 91
79 97
79 98
79 99
80 81
80 83
80 84
80 85
80 87
80 88
80 93
80 94
80 95
80 96
80 98
80 99
81 83
81 84
81 87
81 88
81 90
81 91
81 93
81 96
81 97
81 98
82 83
82 85
82 91
82 92
82 93
82 97
82 99
83 87
83 89
83 93
83 94
83 96
84 85
84 86
84 87
84 88
84 89
84 90
84 92
84 93
84 96
84 98
84 99
85 86
85 93
85 97
86 89
86 90
86 92
86 94
86 95
86 96
86 97
86 98
87 88
87 91
87 93
87 94
87 98
87 99
88 89
88 90
88 91
88 92
88 94
88 95
89 91
89 94
89 96
89 97
89 99
90 96
90 97
90 98
90 99
91 93
91 95
91 96
91 98
92 93
92 96
92 97
92 98
92 99
93 94
93 95
93 97
93 98
93 99
95 96
96 97
97 99
