0 3
0 4
0 5
0 6
0 7
0 11
0 14
0 16
0 17
0 19
0 20
0 21
0 22
0 24
0 26
0 27
0 30
0 31
0 34
0 36
0 37
0 38
0 41
0 43
0 44
0 45
0 46
0 47
0 49
0 50
0 53
0 54
0 55
0 56
0 57
0 58
0 60
0 61
0 62
0 63
0 68
0 70
0 74
0 77
0 79
0 80
0 81
0 82
0 84
0 85
0 87
0 90
0 92
0 93
0 94
0 96
0 99
1 3
1 4
1 5
1 6
1 7
1 8
1 9
1 10
1 11
1 14
1 15
1 17
1 18
1 21
1 22
1 25
1 28
1 30
1 32
1 34
1 35
1 36
1 37
1 42
1 43
1 44
1 45
1 48
1 49
1 50
1 51
1 52
1 53
1 56
1 58
1 59
1 60
1 61
1 62
1 64
1 66
1 67
1 70
1 71
1 73
1 77
1 78
1 79
1 81
1 84
1 85
1 87
1 88
1 90
1 92
1 94
1 97
2 3
2 5
2 8
2 10
2 12
2 13
2 14
2 16
2 19
2 21
2 22
2 24
2 26
2 29
2 32
2 34
2 35
2 37
2 38
2 41
2 42
2 43
2 44
2 45
2 48
2 51
2 52
2 54
2 55
2 59
2 61
2 62
2 69
2 70
2 75
2 76
2 77
2 84
2 85
2 87
2 90
2 91
2 93
2 94
2 95
2 96
2 98
3 10
3 14
3 15
3 16
3 19
3 24
3 25
3 27
3 28
3 29
3 30
3 32
3 34
3 36
3 37
3 38
3 41
3 45
3 46
3 48
3 50
3 54
3 56
3 60
3 61
3 62
3 64
3 65
3 67
3 68
3 72
3 73
3 77
3 81
3 82
3 83
3 84
3 86
3 87
3 94
3 95
3 96
4 5
4 6
4 8
4 9
4 10
4 11
4 15
4 18
4 19
4 20
4 23
4 26
4 28
4 29
4 30
4 31
4 35
4 38
4 40
4 43
4 45
4 46
4 47
4 50
4 51
4 55
4 56
4 57
4 59
4 60
4 64
4 71
4 72
4 73
4 74
4 77
4 79
4 80
4 81
4 83
4 85
4 87
4 92
4 94
4 96
4 98
5 6
5 7
5 10
5 13
5 14
5 15
5 16
5 17
5 25
5 26
5 27
5 28
5 29
5 31
5 34
5 37
5 39
5 41
5 42
5 46
5 48
5 54
5 57
5 58
5 61
5 62
5 63
5 66
5 67
5 71
5 73
5 76
5 78
5 80
5 81
5 83
5 84
5 85
5 86
5 87
5 91
5 93
5 96
5 97
6 8
6 12
6 13
6 14
6 18
6 19
6 20
6 22
6 23
6 26
6 28
6 29
6 34
6 36
6 37
6 38
6 42
6 45
6 47
6 48
6 49
6 50
6 51
6 53
6 54
6 60
6 61
6 62
6 64
6 65
6 66
6 67
6 68
6 69
6 70
6 71
6 72
6 73
6 74
6 75
6 76
6 77
6 95
6 96
6 97
6 98
6 99
7 12
7 13
7 16
7 17
7 18
7 24
7 26
7 27
7 29
7 33
7 35
7 37
7 40
7 42
7 43
7 46
7 48
7 49
7 50
7 53
7 56
7 59
7 60
7 64
7 66
7 67
7 68
7 71
7 72
7 74
7 76
7 77
7 80
7 82
7 83
7 84
7 85
7 86
7 87
7 88
7 89
7 90
7 91
7 96
7 98
8 9
8 12
8 18
8 19
8 20
8 21
8 23
8 24
8 30
8 32
8 33
8 35
8 36
8 37
8 38
8 43
8 45
8 49
8 52
8 55
8 59
8 60
8 63
8 65
8 66
8 67
8 68
8 69
8 73
8 75
8 77
8 78
8 79
8 81
8 83
8 85
8 89
8 91
8 93
8 95
8 96
8 97
8 99
9 10
9 12
9 13
9 16
9 20
9 22
9 24
9 26
9 29
9 30
9 31
9 34
9 35
9 38
9 40
9 43
9 44
9 45
9 46
9 48
9 50
9 52
9 53
9 54
9 55
9 57
9 60
9 61
9 62
9 71
9 72
9 76
9 78
9 79
9 81
9 84
9 88
9 91
9 94
9 97
10 14
10 15
10 17
10 19
10 21
10 22
10 23
10 25
10 27
10 33
10 38
10 39
10 40
10 42
10 43
10 44
10 45
10 47
10 48
10 49
10 51
10 54
10 55
10 59
10 60
10 65
10 66
10 67
10 68
10 73
10 76
10 77
10 78
10 79
10 81
10 83
10 84
10 85
10 86
10 87
10 88
10 89
10 90
10 93
10 94
10 95
10 96
10 97
10 98
11 13
11 14
11 15
11 17
11 18
11 19
11 20
11 21
11 27
11 28
11 29
11 32
11 34
11 35
11 37
11 38
11 40
11 41
11 42
11 43
11 44
11 46
11 47
11 49
11 52
11 53
11 55
11 56
11 58
11 62
11 64
11 66
11 67
11 68
11 72
11 73
11 74
11 75
11 77
11 80
11 81
11 82
11 88
11 89
11 90
11 92
11 94
11 95
11 99
12 13
12 18
12 19
12 21
12 25
12 27
12 28
12 29
12 31
12 34
12 39
12 45
12 46
12 49
12 52
12 54
12 55
12 56
12 58
12 61
12 63
12 65
12 69
12 70
12 71
12 72
12 75
12 76
12 80
12 81
12 82
12 83
12 84
12 87
12 88
12 89
12 91
12 93
12 94
12 95
12 96
12 97
13 15
13 17
13 18
13 19
13 23
13 25
13 26
13 27
13 28
13 31
13 33
13 34
13 35
13 37
13 38
13 39
13 40
13 41
13 44
13 45
13 46
13 48
13 50
13 51
13 53
13 55
13 56
13 59
13 61
13 62
13 63
13 64
13 65
13 66
13 69
13 70
13 72
13 76
13 78
13 79
13 82
13 83
13 85
13 89
13 90
13 92
13 94
13 97
14 15
14 17
14 18
14 19
14 20
14 21
14 22
14 23
14 24
14 25
14 28
14 29
14 38
14 42
14 44
14 45
14 48
14 49
14 50
14 51
14 52
14 54
14 55
14 57
14 58
14 60
14 62
14 63
14 64
14 66
14 67
14 71
14 72
14 73
14 75
14 77
14 78
14 80
14 81
14 85
14 87
14 89
14 91
14 92
14 93
14 95
14 96
14 98
15 18
15 19
15 23
15 24
15 25
15 26
15 27
15 28
15 29
15 31
15 32
15 34
15 36
15 37
15 38
15 39
15 40
15 41
15 43
15 45
15 46
15 47
15 48
15 51
15 56
15 58
15 59
15 60
15 63
15 67
15 68
15 74
15 75
15 77
15 78
15 79
15 81
15 84
15 88
15 89
15 91
15 93
15 98
16 19
16 21
16 22
16 23
16 26
16 27
16 29
16 30
16 31
16 32
16 34
16 36
16 38
16 39
16 40
16 46
16 47
16 49
16 50
16 51
16 53
16 55
16 56
16 57
16 59
16 60
16 61
16 63
16 65
16 66
16 67
16 68
16 69
16 73
16 76
16 77
16 83
16 84
16 86
16 89
16 90
16 92
16 93
16 94
16 97
16 99
17 21
17 22
17 25
17 27
17 28
17 30
17 33
17 35
17 37
17 39
17 41
17 42
17 43
17 44
17 45
17 50
17 51
17 54
17 57
17 61
17 62
17 63
17 64
17 65
17 67
17 68
17 69
17 70
17 71
17 72
17 73
17 79
17 82
17 86
17 87
17 90
17 91
17 93
17 94
17 96
17 98
18 20
18 21
18 22
18 23
18 24
18 25
18 27
18 28
18 32
18 34
18 35
18 36
18 37
18 40
18 41
18 47
18 48
18 51
18 54
18 56
18 57
18 58
18 59
18 63
18 64
18 65
18 66
18 72
18 73
18 75
18 76
18 77
18 78
18 82
18 83
18 84
18 85
18 87
18 88
18 89
18 91
18 94
18 95
18 99
19 21
19 23
19 26
19 27
19 28
19 29
19 32
19 33
19 36
19 37
19 39
19 45
19 46
19 47
19 48
19 53
19 54
19 55
19 56
19 57
19 59
19 60
19 63
19 64
19 65
19 66
19 68
19 70
19 72
19 73
19 74
19 81
19 83
19 85
19 86
19 89
19 90
19 95
19 97
19 98
19 99
20 23
20 24
20 25
20 28
20 30
20 34
20 35
20 37
20 40
20 41
20 42
20 43
20 44
20 47
20 48
20 50
20 51
20 52
20 53
20 55
20 56
20 57
20 58
20 59
20 60
20 61
20 66
20 68
20 71
20 72
20 74
20 76
20 79
20 80
20 81
20 84
20 85
20 88
20 89
20 93
20 99
21 22
21 24
21 25
21 26
21 27
21 29
21 31
21 32
21 33
21 36
21 37
21 41
21 42
21 44
21 49
21 50
21 52
21 53
21 54
21 55
21 58
21 60
21 61
21 62
21 65
21 68
21 69
21 72
21 73
21 74
21 75
21 76
21 78
21 79
21 80
21 81
21 82
21 83
21 84
21 86
21 87
21 92
21 94
21 95
21 98
21 99
22 25
22 26
22 33
22 34
22 35
22 37
22 38
22 40
22 42
22 52
22 55
22 56
22 58
22 59
22 62
22 64
22 65
22 66
22 68
22 69
22 70
22 72
22 74
22 75
22 76
22 77
22 78
22 80
22 82
22 86
22 87
22 89
22 92
22 93
22 94
22 95
22 96
22 97
22 98
22 99
23 24
23 25
23 26
23 27
23 29
23 30
23 32
23 34
23 37
23 38
23 39
23 44
23 45
23 49
23 50
23 54
23 55
23 57
23 58
23 59
23 61
23 63
23 64
23 73
23 76
23 77
23 82
23 83
23 85
23 86
23 89
23 90
23 93
23 95
23 97
23 99
24 25
24 28
24 29
24 32
24 34
24 35
24 37
24 38
24 39
24 42
24 44
24 45
24 46
24 48
24 51
24 52
24 54
24 58
24 59
24 63
24 70
24 71
24 73
24 75
24 77
24 78
24 79
24 80
24 81
24 82
24 83
24 85
24 88
24 89
24 93
24 95
24 97
25 26
25 28
25 29
25 30
25 35
25 37
25 38
25 40
25 41
25 45
25 47
25 48
25 51
25 52
25 53
25 54
25 57
25 59
25 60
25 63
25 68
25 69
25 70
25 73
25 76
25 77
25 78
25 79
25 80
25 82
25 84
25 85
25 86
25 87
25 89
25 91
25 93
25 94
25 95
25 96
25 97
25 99
26 27
26 29
26 30
26 33
26 34
26 37
26 40
26 41
26 42
26 48
26 50
26 51
26 53
26 54
26 55
26 57
26 59
26 60
26 62
26 64
26 67
26 69
26 70
26 71
26 76
26 78
26 80
26 85
26 86
26 88
26 89
26 90
26 91
26 93
26 96
26 98
26 99
27 28
27 29
27 34
27 35
27 36
27 39
27 41
27 45
27 46
27 47
27 49
27 50
27 51
27 53
27 55
27 62
27 63
27 66
27 67
27 69
27 76
27 77
27 78
27 83
27 86
27 87
27 88
27 90
27 96
27 98
27 99
28 29
28 30
28 32
28 33
28 35
28 37
28 38
28 40
28 41
28 43
28 50
28 51
28 52
28 53
28 55
28 56
28 57
28 60
28 61
28 62
28 63
28 64
28 65
28 66
28 67
28 73
28 74
28 80
28 83
28 84
28 89
28 90
28 91
28 93
28 97
29 30
29 33
29 36
29 37
29 39
29 40
29 44
29 45
29 46
29 47
29 49
29 50
29 54
29 56
29 60
29 61
29 63
29 64
29 65
29 66
29 68
29 72
29 74
29 75
29 76
29 77
29 79
29 80
29 81
29 85
29 86
29 88
29 90
29 94
29 96
29 97
29 98
29 99
30 35
30 37
30 39
30 40
30 41
30 42
30 46
30 47
30 48
30 52
30 54
30 59
30 60
30 61
30 63
30 66
30 67
30 68
30 70
30 71
30 73
30 75
30 79
30 80
30 82
30 83
30 85
30 86
30 89
30 92
30 94
30 95
30 96
31 32
31 34
31 35
31 37
31 38
31 40
31 41
31 42
31 43
31 44
31 45
31 46
31 47
31 48
31 49
31 50
31 51
31 53
31 54
31 55
31 56
31 59
31 60
31 61
31 64
31 66
31 67
31 68
31 70
31 71
31 72
31 73
31 75
31 80
31 81
31 83
31 84
31 85
31 86
31 87
31 89
31 90
31 93
31 94
31 95
31 98
31 99
32 33
32 39
32 40
32 42
32 44
32 46
32 47
32 48
32 49
32 50
32 54
32 55
32 56
32 57
32 59
32 60
32 62
32 68
32 69
32 72
32 73
32 74
32 75
32 76
32 77
32 78
32 79
32 81
32 82
32 83
32 84
32 85
32 86
32 91
32 94
32 96
32 98
33 35
33 36
33 37
33 39
33 42
33 44
33 48
33 50
33 53
33 54
33 56
33 57
33 58
33 60
33 61
33 63
33 66
33 67
33 71
33 72
33 75
33 78
33 79
33 81
33 83
33 84
33 90
33 92
33 93
33 95
33 96
33 97
33 99
34 37
34 38
34 39
34 40
34 42
34 43
34 44
34 46
34 48
34 50
34 51
34 54
34 55
34 56
34 57
34 61
34 64
34 67
34 68
34 70
34 73
34 74
34 76
34 77
34 78
34 79
34 82
34 86
34 87
34 92
34 93
34 94
34 97
34 98
34 99
35 39
35 40
35 42
35 45
35 46
35 50
35 52
35 53
35 56
35 57
35 60
35 62
35 66
35 67
35 68
35 70
35 71
35 72
35 74
35 76
35 79
35 81
35 92
35 93
35 94
35 95
35 97
35 99
36 38
36 40
36 44
36 46
36 47
36 48
36 50
36 51
36 52
36 53
36 56
36 58
36 62
36 66
36 69
36 70
36 71
36 72
36 75
36 76
36 77
36 78
36 79
36 83
36 84
36 85
36 91
36 92
36 94
36 98
37 38
37 43
37 46
37 49
37 55
37 59
37 60
37 64
37 67
37 70
37 71
37 73
37 74
37 75
37 77
37 78
37 79
37 81
37 82
37 83
37 84
37 85
37 87
37 89
37 90
37 93
37 94
37 95
37 98
38 40
38 44
38 45
38 46
38 50
38 59
38 60
38 62
38 63
38 66
38 67
38 69
38 71
38 73
38 75
38 76
38 81
38 82
38 85
38 86
38 87
38 90
38 91
38 92
38 95
38 97
38 98
39 40
39 41
39 42
39 46
39 47
39 50
39 51
39 52
39 56
39 59
39 60
39 61
39 66
39 70
39 71
39 72
39 74
39 77
39 80
39 83
39 87
39 91
39 92
39 95
39 98
40 41
40 44
40 46
40 47
40 48
40 50
40 51
40 53
40 54
40 56
40 59
40 64
40 65
40 66
40 67
40 70
40 71
40 73
40 76
40 80
40 83
40 84
40 85
40 86
40 87
40 89
40 90
40 91
40 93
40 95
40 97
40 98
40 99
41 44
41 47
41 48
41 51
41 53
41 54
41 57
41 58
41 59
41 60
41 64
41 65
41 66
41 68
41 69
41 72
41 75
41 76
41 77
41 78
41 81
41 83
41 85
41 86
41 87
41 88
41 92
41 95
41 96
41 97
42 51
42 56
42 58
42 62
42 63
42 65
42 66
42 69
42 70
42 72
42 76
42 77
42 79
42 80
42 83
42 84
42 85
42 86
42 87
42 89
42 91
42 95
42 96
42 97
42 98
43 44
43 47
43 48
43 51
43 52
43 54
43 57
43 58
43 59
43 60
43 61
43 62
43 63
43 67
43 68
43 71
43 72
43 73
43 77
43 78
43 80
43 82
43 84
43 86
43 87
43 88
43 89
43 91
43 94
43 96
43 98
44 45
44 46
44 47
44 51
44 52
44 53
44 56
44 58
44 59
44 62
44 64
44 68
44 71
44 75
44 77
44 79
44 80
44 81
44 82
44 83
44 88
44 90
44 91
44 92
44 96
44 97
45 49
45 50
45 51
45 52
45 54
45 56
45 57
45 58
45 61
45 62
45 64
45 67
45 68
45 71
45 73
45 74
45 75
45 76
45 77
45 81
45 82
45 83
45 84
45 87
45 94
45 95
45 96
46 50
46 52
46 55
46 57
46 61
46 62
46 64
46 66
46 67
46 68
46 69
46 70
46 72
46 75
46 81
46 82
46 84
46 86
46 87
46 88
46 89
46 90
46 95
46 96
46 98
47 50
47 51
47 54
47 55
47 56
47 58
47 61
47 64
47 66
47 67
47 68
47 73
47 74
47 75
47 76
47 77
47 78
47 79
47 81
47 82
47 83
47 87
47 88
47 90
47 92
47 93
47 95
47 97
48 49
48 51
48 55
48 60
48 61
48 62
48 64
48 66
48 68
48 71
48 76
48 78
48 80
48 81
48 87
48 89
48 91
48 92
48 93
48 94
48 97
48 99
49 51
49 53
49 56
49 57
49 58
49 59
49 60
49 61
49 63
49 68
49 69
49 70
49 74
49 77
49 79
49 80
49 83
49 84
49 85
49 86
49 90
49 92
49 93
49 94
49 95
49 96
49 98
50 51
50 54
50 57
50 61
50 63
50 64
50 65
50 66
50 68
50 69
50 71
50 73
50 74
50 75
50 76
50 78
50 79
50 82
50 88
50 90
50 91
50 93
50 96
50 97
50 98
51 52
51 54
51 59
51 61
51 65
51 75
51 77
51 78
51 79
51 84
51 85
51 86
51 88
51 90
51 91
51 92
51 93
51 95
51 96
51 98
51 99
52 53
52 54
52 55
52 58
52 59
52 61
52 65
52 69
52 70
52 72
52 73
52 75
52 76
52 79
52 80
52 81
52 86
52 87
52 89
52 90
52 92
52 93
52 95
52 97
52 98
53 54
53 55
53 60
53 66
53 68
53 69
53 70
53 71
53 72
53 75
53 76
53 77
53 78
53 84
53 86
53 87
53 89
53 90
53 93
53 95
53 96
53 97
54 56
54 58
54 59
54 60
54 65
54 66
54 67
54 68
54 72
54 73
54 74
54 75
54 76
54 77
54 78
54 80
54 81
54 84
54 86
54 88
54 92
54 93
54 95
54 98
55 56
55 59
55 60
55 62
55 63
55 66
55 73
55 74
55 79
55 84
55 85
55 88
55 89
55 90
55 91
55 92
55 94
55 97
56 57
56 58
56 60
56 62
56 63
56 70
56 75
56 76
56 77
56 86
56 91
57 58
57 61
57 62
57 64
57 67
57 68
57 73
57 78
57 79
57 82
57 83
57 84
57 87
57 92
57 94
57 95
57 97
57 98
58 59
58 60
58 64
58 65
58 66
58 67
58 70
58 73
58 74
58 76
58 77
58 78
58 86
58 88
58 89
58 91
58 92
58 93
58 94
58 98
58 99
59 60
59 61
59 62
59 64
59 65
59 66
59 69
59 70
59 73
59 75
59 76
59 78
59 79
59 80
59 81
59 83
59 84
59 86
59 88
59 89
59 90
59 91
59 92
59 95
60 69
60 71
60 72
60 73
60 74
60 75
60 76
60 78
60 81
60 82
60 83
60 84
60 87
60 88
60 91
60 94
60 95
60 96
60 99
61 64
61 65
61 67
61 68
61 71
61 75
61 81
61 84
61 87
61 89
61 91
61 93
61 94
61 95
61 96
61 97
61 98
61 99
62 63
62 64
62 66
62 69
62 70
62 72
62 73
62 74
62 76
62 79
62 81
62 82
62 84
62 87
62 88
62 89
62 92
62 93
62 94
62 95
62 98
62 99
63 64
63 65
63 67
63 74
63 75
63 77
63 79
63 80
63 83
63 84
63 85
63 88
63 92
63 99
64 65
64 66
64 67
64 69
64 70
64 72
64 73
64 76
64 77
64 78
64 79
64 80
64 82
64 83
64 84
64 87
64 88
64 89
64 90
64 92
64 93
64 94
64 97
64 98
65 69
65 71
65 73
65 74
65 76
65 84
65 86
65 87
65 88
65 90
65 91
65 93
65 96
65 97
65 98
65 99
66 68
66 70
66 73
66 76
66 83
66 87
66 90
66 92
66 95
66 96
67 68
67 69
67 72
67 73
67 74
67 75
67 77
67 82
67 84
67 85
67 86
67 88
67 90
67 91
67 92
67 98
67 99
68 69
68 72
68 73
68 74
68 75
68 78
68 80
68 81
68 82
68 83
68 86
68 92
68 93
68 95
68 96
69 70
69 72
69 74
69 75
69 79
69 80
69 83
69 84
69 85
69 87
69 88
69 89
69 93
69 94
69 95
69 96
69 98
70 73
70 76
70 77
70 78
70 79
70 80
70 81
70 83
70 85
70 86
70 88
70 89
70 90
70 91
70 95
70 96
70 98
71 74
71 76
71 80
71 81
71 83
71 87
71 88
71 89
71 90
71 95
71 96
71 97
71 98
72 73
72 74
72 75
72 80
72 81
72 82
72 88
72 89
72 91
72 92
72 93
72 94
72 95
72 99
73 77
73 80
73 81
73 83
73 86
73 87
73 90
73 91
73 92
73 93
73 98
74 77
74 78
74 82
74 83
74 85
74 86
74 88
74 89
74 91
74 97
74 98
74 99
75 76
75 77
75 78
75 79
75 82
75 83
75 84
75 87
75 90
75 93
75 96
75 99
76 77
76 79
76 82
76 84
76 86
76 89
76 92
76 94
76 98
77 78
77 79
77 80
77 81
77 82
77 84
77 86
77 87
77 88
77 90
77 92
77 96
77 97
77 99
78 79
78 84
78 85
78 86
78 87
78 89
78 92
78 93
78 96
79 82
79 89
79 93
79 94
79 97
80 82
80 83
80 86
80 88
80 93
80 97
80 98
80 99
81 82
81 83
81 84
81 85
81 86
81 87
81 88
81 89
81 90
81 91
81 92
81 94
81 95
81 96
81 97
81 98
81 99
82 83
82 84
82 86
82 88
82 89
82 92
82 94
82 95
82 96
82 98
83 84
83 85
83 86
83 88
83 90
83 91
83 92
83 94
83 95
83 97
83 99
84 86
84 87
84 91
84 92
84 94
85 87
85 90
85 92
85 94
85 99
86 87
86 88
86 89
86 90
86 92
86 97
86 98
86 99
87 89
87 90
87 91
87 92
87 93
87 95
87 98
87 99
88 92
88 93
88 97
88 98
89 90
89 93
89 94
89 96
89 97
89 98
89 99
90 92
90 93
90 98
91 92
91 93
91 96
91 97
91 98
91 99
92 93
92 94
92 95
92 99
93 94
93 95
93 96
93 99
94 95
94 97
94 98
95 97
95 99
96 97
97 98
98 99
