0 1
0 2
0 6
0 8
0 11
0 12
0 13
0 14
0 17
0 18
0 19
0 20
0 21
0 23
0 26
0 35
0 41
0 44
0 45
0 49
0 50
0 51
0 53
0 54
0 55
0 56
0 58
0 59
0 62
0 67
0 68
0 69
0 70
0 72
0 74
0 75
0 77
0 78
0 79
0 80
0 82
0 85
0 89
0 91
0 92
0 97
1 2
1 3
1 5
1 8
1 9
1 10
1 11
1 12
1 13
1 14
1 15
1 16
1 18
1 19
1 20
1 21
1 24
1 25
1 26
1 27
1 28
1 29
1 30
1 35
1 36
1 37
1 40
1 41
1 42
1 43
1 44
1 45
1 46
1 53
1 54
1 56
1 57
1 58
1 62
1 64
1 66
1 71
1 72
1 73
1 75
1 76
1 78
1 79
1 80
1 82
1 83
1 88
1 91
1 92
1 94
1 95
1 96
1 98
1 99
2 4
2 5
2 7
2 8
2 15
2 16
2 17
2 20
2 21
2 22
2 24
2 25
2 26
2 30
2 32
2 34
2 35
2 36
2 40
2 41
2 42
2 43
2 44
2 45
2 46
2 47
2 49
2 52
2 54
2 55
2 56
2 57
2 58
2 59
2 63
2 64
2 65
2 68
2 69
2 70
2 72
2 74
2 75
2 76
2 77
2 78
2 80
2 81
2 90
2 95
2 96
2 98
2 99
3 4
3 5
3 7
3 8
3 13
3 16
3 18
3 19
3 23
3 25
3 33
3 34
3 35
3 37
3 38
3 41
3 46
3 47
3 48
3 49
3 53
3 54
3 55
3 57
3 59
3 67
3 68
3 71
3 74
3 75
3 76
3 77
3 84
3 89
3 93
3 99
4 5
4 6
4 7
4 11
4 12
4 13
4 15
4 18
4 20
4 21
4 24
4 25
4 28
4 29
4 30
4 31
4 32
4 36
4 37
4 39
4 40
4 41
4 46
4 47
4 48
4 50
4 51
4 52
4 55
4 57
4 62
4 64
4 65
4 67
4 68
4 70
4 71
4 74
4 75
4 77
4 78
4 81
4 84
4 86
4 88
4 89
4 93
4 94
4 96
4 99
5 6
5 7
5 10
5 11
5 13
5 17
5 21
5 24
5 29
5 30
5 31
5 34
5 35
5 36
5 37
5 38
5 41
5 43
5 44
5 46
5 49
5 50
5 51
5 52
5 53
5 54
5 56
5 58
5 59
5 60
5 62
5 63
5 64
5 65
5 66
5 67
5 70
5 71
5 73
5 75
5 77
5 82
5 84
5 86
5 89
5 90
5 91
5 93
5 94
5 96
5 98
6 8
6 10
6 11
6 12
6 14
6 16
6 20
6 22
6 24
6 27
6 28
6 29
6 30
6 33
6 34
6 35
6 41
6 42
6 44
6 45
6 49
6 54
6 61
6 63
6 64
6 65
6 67
6 70
6 71
6 76
6 77
6 79
6 80
6 81
6 83
6 84
6 87
6 88
6 89
6 91
6 92
6 94
6 96
6 98
7 8
7 10
7 11
7 13
7 14
7 15
7 16
7 18
7 21
7 23
7 24
7 25
7 28
7 29
7 31
7 33
7 34
7 36
7 41
7 42
7 45
7 51
7 52
7 54
7 59
7 60
7 62
7 64
7 67
7 68
7 70
7 72
7 74
7 75
7 76
7 77
7 78
7 79
7 81
7 83
7 85
7 86
7 87
7 89
7 91
7 93
7 94
7 98
7 99
8 9
8 10
8 14
8 15
8 17
8 20
8 22
8 28
8 30
8 31
8 32
8 38
8 39
8 42
8 43
8 45
8 46
8 48
8 49
8 50
8 51
8 52
8 53
8 55
8 56
8 60
8 64
8 65
8 67
8 68
8 71
8 73
8 74
8 80
8 83
8 85
8 87
8 89
8 91
8 97
8 99
9 11
9 15
9 17
9 19
9 21
9 22
9 23
9 24
9 27
9 28
9 29
9 34
9 36
9 37
9 38
9 40
9 42
9 44
9 48
9 51
9 52
9 53
9 56
9 57
9 58
9 59
9 67
9 70
9 73
9 74
9 76
9 78
9 82
9 83
9 85
9 86
9 87
9 91
9 92
9 94
9 95
10 12
10 14
10 18
10 22
10 23
10 24
10 25
10 29
10 32
10 33
10 36
10 38
10 39
10 40
10 44
10 45
10 46
10 50
10 51
10 52
10 53
10 55
10 57
10 58
10 59
10 60
10 64
10 65
10 68
10 70
10 71
10 72
10 73
10 75
10 76
10 77
10 79
10 80
10 85
10 89
10 93
10 97
10 98
11 12
11 14
11 17
11 18
11 21
11 24
11 25
11 27
11 30
11 32
11 33
11 34
11 35
11 36
11 38
11 41
11 42
11 43
11 47
11 49
11 53
11 57
11 58
11 63
11 64
11 69
11 71
11 74
11 76
11 79
11 82
11 83
11 85
11 86
11 89
11 90
11 93
11 95
11 96
11 98
11 99
12 14
12 16
12 18
12 19
12 20
12 22
12 24
12 25
12 26
12 27
12 31
12 32
12 33
12 34
12 37
12 38
12 39
12 40
12 41
12 42
12 43
12 45
12 48
12 49
12 51
12 52
12 53
12 61
12 64
12 66
12 71
12 72
12 74
12 75
12 76
12 77
12 78
12 80
12 81
12 86
12 91
12 92
12 93
12 94
12 97
12 98
12 99
13 16
13 19
13 21
13 23
13 25
13 26
13 27
13 31
13 34
13 37
13 38
13 41
13 42
13 47
13 48
13 49
13 51
13 55
13 58
13 60
13 64
13 65
13 70
13 75
13 77
13 80
13 83
13 85
13 90
13 93
13 95
13 97
13 99
14 16
14 18
14 19
14 24
14 26
14 27
14 28
14 34
14 39
14 40
14 41
14 42
14 43
14 46
14 50
14 53
14 54
14 55
14 56
14 61
14 62
14 63
14 65
14 66
14 68
14 70
14 73
14 76
14 81
14 84
14 85
14 86
14 87
14 88
14 90
14 95
14 96
14 97
14 99
15 16
15 18
15 19
15 22
15 23
15 29
15 31
15 32
15 33
15 35
15 36
15 37
15 38
15 39
15 45
15 46
15 47
15 49
15 51
15 54
15 55
15 57
15 59
15 60
15 63
15 67
15 68
15 69
15 70
15 71
15 75
15 77
15 83
15 85
15 87
15 89
15 90
15 92
15 95
15 97
16 19
16 20
16 25
16 28
16 31
16 32
16 34
16 35
16 36
16 37
16 40
16 42
16 48
16 52
16 53
16 54
16 56
16 63
16 64
16 65
16 66
16 70
16 71
16 72
16 73
16 74
16 76
16 77
16 79
16 80
16 84
16 86
16 87
16 89
16 90
16 91
16 92
16 95
16 98
17 20
17 21
17 22
17 24
17 26
17 27
17 31
17 32
17 33
17 36
17 37
17 38
17 39
17 42
17 46
17 47
17 53
17 56
17 58
17 62
17 70
17 71
17 72
17 74
17 76
17 77
17 78
17 80
17 81
17 84
17 86
17 87
17 89
17 90
17 92
17 93
17 94
17 95
17 99
18 21
18 23
18 24
18 28
18 32
18 34
18 35
18 37
18 38
18 42
18 46
18 50
18 53
18 54
18 55
18 57
18 58
18 59
18 60
18 64
18 66
18 67
18 68
18 71
18 72
18 73
18 75
18 80
18 83
18 84
18 85
18 86
18 87
18 88
18 89
18 90
18 91
18 92
18 93
18 96
18 97
19 22
19 23
19 24
19 25
19 27
19 30
19 34
19 35
19 37
19 38
19 39
19 41
19 43
19 46
19 48
19 51
19 54
19 56
19 57
19 58
19 59
19 60
19 63
19 64
19 65
19 66
19 69
19 70
19 73
19 77
19 79
19 82
19 83
19 86
19 88
19 89
19 94
19 96
19 97
20 22
20 23
20 27
20 30
20 34
20 35
20 37
20 38
20 43
20 50
20 51
20 53
20 54
20 55
20 59
20 61
20 62
20 65
20 67
20 68
20 70
20 72
20 73
20 75
20 76
20 77
20 80
20 82
20 84
20 85
20 86
20 87
20 88
20 91
20 92
20 96
20 97
21 25
21 28
21 29
21 34
21 36
21 37
21 38
21 39
21 40
21 44
21 46
21 47
21 48
21 50
21 52
21 55
21 57
21 58
21 59
21 61
21 62
21 64
21 65
21 66
21 70
21 71
21 72
21 75
21 76
21 77
21 78
21 79
21 81
21 83
21 85
21 87
21 88
21 91
21 93
21 96
21 98
21 99
22 23
22 24
22 25
22 27
22 29
22 31
22 32
22 34
22 35
22 36
22 37
22 38
22 39
22 40
22 42
22 43
22 44
22 46
22 49
22 50
22 52
22 53
22 54
22 56
22 59
22 60
22 61
22 63
22 66
22 68
22 71
22 72
22 73
22 74
22 75
22 76
22 78
22 79
22 81
22 83
22 87
22 90
22 92
22 94
22 95
22 97
23 24
23 27
23 29
23 30
23 31
23 32
23 35
23 46
23 53
23 54
23 55
23 58
23 61
23 70
23 72
23 73
23 74
23 75
23 76
23 77
23 79
23 80
23 84
23 85
23 86
23 89
23 90
23 91
23 92
23 93
23 95
23 99
24 27
24 28
24 29
24 30
24 31
24 35
24 37
24 41
24 44
24 46
24 50
24 51
24 53
24 54
24 56
24 58
24 59
24 60
24 61
24 63
24 67
24 70
24 71
24 73
24 75
24 76
24 78
24 80
24 81
24 82
24 83
24 85
24 87
24 89
24 90
24 93
24 95
24 96
24 97
24 98
24 99
25 26
25 27
25 28
25 29
25 31
25 32
25 34
25 37
25 40
25 42
25 45
25 48
25 49
25 51
25 52
25 53
25 54
25 55
25 56
25 57
25 58
25 64
25 65
25 66
25 67
25 68
25 72
25 75
25 76
25 81
25 82
25 83
25 87
25 88
25 92
25 93
25 94
25 95
25 98
26 27
26 31
26 32
26 36
26 38
26 40
26 41
26 45
26 49
26 52
26 54
26 59
26 63
26 64
26 65
26 67
26 68
26 70
26 72
26 73
26 74
26 75
26 77
26 78
26 79
26 80
26 82
26 84
26 85
26 86
26 95
26 96
26 97
27 28
27 30
27 31
27 32
27 33
27 36
27 38
27 43
27 47
27 48
27 52
27 53
27 54
27 56
27 57
27 59
27 66
27 68
27 71
27 72
27 73
27 75
27 77
27 78
27 79
27 80
27 81
27 82
27 83
27 84
27 85
27 88
27 92
27 93
27 95
27 96
27 97
28 30
28 31
28 33
28 34
28 36
28 37
28 38
28 40
28 41
28 43
28 44
28 45
28 46
28 47
28 53
28 54
28 55
28 57
28 60
28 62
28 63
28 64
28 65
28 66
28 67
28 73
28 75
28 83
28 84
28 85
28 86
28 87
28 89
28 91
28 94
28 99
29 33
29 38
29 41
29 42
29 43
29 44
29 50
29 54
29 55
29 56
29 57
29 59
29 60
29 62
29 65
29 66
29 67
29 68
29 70
29 72
29 74
29 75
29 76
29 78
29 79
29 80
29 84
29 86
29 90
29 91
29 92
29 95
29 97
29 99
30 35
30 42
30 43
30 44
30 47
30 49
30 50
30 52
30 58
30 59
30 61
30 63
30 66
30 67
30 69
30 75
30 78
30 80
30 82
30 83
30 86
30 87
30 90
30 91
30 93
30 94
30 96
30 97
30 98
30 99
31 33
31 36
31 38
31 45
31 48
31 49
31 56
31 57
31 58
31 59
31 62
31 63
31 68
31 70
31 72
31 73
31 74
31 75
31 76
31 79
31 82
31 84
31 86
31 87
31 91
31 93
31 96
31 97
31 99
32 35
32 36
32 39
32 41
32 43
32 45
32 46
32 48
32 49
32 52
32 54
32 57
32 58
32 59
32 60
32 61
32 62
32 65
32 66
32 67
32 72
32 73
32 74
32 76
32 82
32 85
32 86
32 87
32 89
32 91
32 92
32 96
32 97
32 99
33 36
33 37
33 39
33 41
33 42
33 44
33 47
33 48
33 50
33 52
33 54
33 56
33 57
33 58
33 59
33 61
33 62
33 63
33 67
33 70
33 74
33 75
33 77
33 79
33 81
33 85
33 86
33 90
33 91
33 93
33 95
33 96
33 98
33 99
34 37
34 41
34 42
34 45
34 49
34 50
34 56
34 59
34 60
34 61
34 62
34 63
34 64
34 65
34 70
34 71
34 72
34 75
34 78
34 79
34 82
34 83
34 84
34 85
34 87
34 88
34 89
34 90
34 95
34 96
34 97
34 99
35 40
35 45
35 46
35 48
35 51
35 52
35 53
35 55
35 56
35 58
35 63
35 68
35 69
35 70
35 74
35 78
35 81
35 82
35 85
35 87
35 88
35 89
35 93
35 96
35 97
35 99
36 37
36 38
36 40
36 42
36 44
36 45
36 46
36 48
36 49
36 51
36 53
36 59
36 62
36 63
36 64
36 65
36 69
36 70
36 71
36 73
36 80
36 81
36 83
36 84
36 87
36 88
36 89
36 91
36 94
36 96
36 97
36 98
37 38
37 39
37 42
37 43
37 45
37 47
37 48
37 49
37 50
37 51
37 54
37 55
37 57
37 59
37 60
37 61
37 64
37 65
37 66
37 69
37 70
37 76
37 81
37 82
37 83
37 84
37 87
37 91
37 92
37 96
37 97
37 99
38 39
38 44
38 47
38 48
38 49
38 50
38 51
38 52
38 54
38 56
38 57
38 59
38 63
38 70
38 72
38 76
38 77
38 80
38 84
38 86
38 87
38 91
38 93
38 95
38 98
38 99
39 41
39 44
39 45
39 49
39 50
39 52
39 55
39 57
39 58
39 59
39 60
39 61
39 64
39 66
39 67
39 68
39 69
39 70
39 73
39 76
39 78
39 80
39 82
39 83
39 85
39 86
39 90
39 92
39 94
39 96
39 97
40 42
40 43
40 47
40 48
40 49
40 50
40 51
40 54
40 57
40 58
40 59
40 64
40 66
40 73
40 76
40 77
40 78
40 79
40 80
40 81
40 85
40 86
40 87
40 90
40 91
40 95
40 96
40 98
41 43
41 47
41 50
41 54
41 57
41 60
41 61
41 63
41 68
41 69
41 71
41 72
41 74
41 76
41 78
41 84
41 85
41 87
41 89
41 91
41 93
41 94
41 96
41 97
41 98
42 46
42 49
42 50
42 51
42 52
42 56
42 57
42 58
42 59
42 60
42 61
42 62
42 63
42 69
42 70
42 72
42 73
42 75
42 76
42 77
42 81
42 82
42 83
42 87
42 88
42 90
42 92
42 93
42 98
42 99
43 47
43 49
43 50
43 51
43 52
43 53
43 57
43 60
43 61
43 62
43 63
43 65
43 70
43 71
43 72
43 73
43 74
43 75
43 76
43 77
43 83
43 85
43 86
43 87
43 89
43 90
43 92
43 93
43 94
43 99
44 45
44 46
44 47
44 50
44 51
44 53
44 62
44 66
44 67
44 70
44 73
44 74
44 77
44 79
44 83
44 87
44 88
44 92
44 95
44 97
45 46
45 47
45 50
45 56
45 58
45 59
45 62
45 64
45 67
45 71
45 73
45 74
45 75
45 76
45 79
45 81
45 82
45 83
45 84
45 85
45 86
45 91
45 92
45 94
45 95
45 98
46 47
46 49
46 52
46 54
46 56
46 57
46 58
46 60
46 61
46 62
46 64
46 65
46 66
46 68
46 70
46 73
46 77
46 78
46 80
46 81
46 82
46 83
46 84
46 87
46 89
46 94
46 98
46 99
47 48
47 49
47 50
47 51
47 54
47 57
47 59
47 60
47 61
47 64
47 65
47 66
47 69
47 70
47 72
47 74
47 76
47 77
47 78
47 80
47 81
47 85
47 88
47 89
47 92
47 93
47 97
47 99
48 51
48 55
48 57
48 58
48 59
48 62
48 64
48 65
48 67
48 69
48 71
48 72
48 73
48 74
48 76
48 79
48 80
48 83
48 84
48 85
48 86
48 88
48 89
48 91
48 92
48 96
48 98
49 52
49 54
49 56
49 57
49 58
49 61
49 63
49 65
49 66
49 71
49 72
49 73
49 74
49 78
49 79
49 81
49 82
49 88
49 89
49 90
49 91
49 96
49 98
49 99
50 52
50 54
50 56
50 57
50 61
50 62
50 66
50 68
50 69
50 70
50 71
50 72
50 74
50 75
50 81
50 84
50 85
50 86
50 87
50 88
50 90
50 92
50 97
50 98
51 55
51 56
51 57
51 58
51 61
51 63
51 64
51 66
51 67
51 68
51 69
51 70
51 73
51 74
51 79
51 80
51 83
51 85
51 88
51 90
51 92
51 93
51 97
51 98
51 99
52 57
52 58
52 59
52 60
52 63
52 66
52 70
52 71
52 72
52 73
52 76
52 78
52 79
52 85
52 89
52 92
53 55
53 56
53 58
53 59
53 60
53 62
53 66
53 68
53 69
53 71
53 73
53 74
53 75
53 77
53 78
53 79
53 80
53 89
53 91
53 92
53 95
53 98
53 99
54 57
54 59
54 60
54 64
54 66
54 67
54 69
54 73
54 79
54 80
54 81
54 83
54 84
54 85
54 86
54 88
54 95
54 97
55 57
55 58
55 59
55 60
55 62
55 63
55 64
55 66
55 69
55 71
55 72
55 75
55 76
55 78
55 79
55 81
55 82
55 83
55 88
55 89
55 90
55 91
55 95
55 96
55 97
55 99
56 58
56 61
56 62
56 64
56 66
56 68
56 70
56 71
56 72
56 73
56 75
56 76
56 77
56 78
56 79
56 81
56 82
56 83
56 86
56 88
56 89
56 91
56 94
56 96
56 97
57 58
57 59
57 61
57 63
57 64
57 69
57 70
57 74
57 77
57 79
57 80
57 81
57 82
57 83
57 87
57 89
57 91
57 93
58 59
58 60
58 61
58 63
58 70
58 72
58 73
58 75
58 76
58 77
58 79
58 80
58 82
58 83
58 91
58 95
58 98
58 99
59 64
59 65
59 66
59 68
59 69
59 70
59 71
59 72
59 73
59 74
59 75
59 76
59 77
59 78
59 79
59 81
59 85
59 87
59 89
59 90
59 93
59 94
59 96
59 98
59 99
60 62
60 64
60 66
60 67
60 68
60 69
60 71
60 72
60 75
60 78
60 80
60 82
60 84
60 85
60 87
60 88
60 89
60 90
60 93
60 95
60 98
60 99
61 63
61 64
61 67
61 68
61 69
61 70
61 72
61 74
61 79
61 82
61 83
61 89
61 90
61 94
61 95
62 63
62 64
62 65
62 66
62 67
62 69
62 70
62 71
62 73
62 77
62 78
62 80
62 84
62 85
62 89
62 90
62 92
62 93
62 94
62 95
62 98
62 99
63 64
63 66
63 69
63 72
63 73
63 74
63 76
63 77
63 78
63 80
63 82
63 83
63 84
63 85
63 86
63 90
63 95
63 97
63 99
64 66
64 67
64 68
64 72
64 75
64 77
64 78
64 79
64 81
64 82
64 85
64 87
64 88
64 89
64 90
64 93
65 66
65 68
65 70
65 72
65 74
65 75
65 76
65 78
65 79
65 82
65 84
65 88
65 90
65 91
65 93
65 94
65 96
65 97
65 99
66 67
66 69
66 71
66 72
66 74
66 75
66 78
66 79
66 86
66 87
66 88
66 99
67 69
67 71
67 72
67 75
67 76
67 80
67 81
67 84
67 85
67 87
67 89
67 91
67 92
67 94
67 97
67 98
67 99
68 77
68 83
68 84
68 85
68 86
68 88
68 90
68 91
68 92
68 94
68 95
68 97
68 98
69 72
69 73
69 74
69 76
69 79
69 80
69 83
69 85
69 86
69 89
69 96
70 71
70 72
70 75
70 76
70 78
70 80
70 81
70 84
70 88
70 90
70 91
70 93
70 96
70 99
71 74
71 76
71 78
71 79
71 80
71 81
71 85
71 86
71 87
71 88
71 89
71 90
71 91
71 94
71 95
71 97
71 98
72 77
72 81
72 82
72 83
72 84
72 86
72 87
72 88
72 89
72 90
72 91
72 92
72 94
72 95
72 96
72 97
72 99
73 75
73 76
73 80
73 81
73 83
73 85
73 87
73 90
73 94
73 95
73 96
73 98
74 75
74 76
74 77
74 78
74 80
74 83
74 85
74 87
74 88
74 91
74 95
74 97
75 77
75 78
75 79
75 81
75 82
75 84
75 86
75 87
75 89
75 90
75 93
75 96
75 97
76 77
76 78
76 80
76 82
76 83
76 84
76 86
76 87
76 88
76 90
76 93
76 97
77 78
77 80
77 81
77 84
77 85
77 89
77 90
77 91
77 94
78 79
78 81
78 83
78 84
78 85
78 87
78 90
78 94
78 99
79 88
79 91
79 93
79 94
79 96
79 97
79 98
79 99
80 84
80 86
80 88
80 91
80 92
80 93
80 95
80 97
80 99
81 82
81 83
81 84
81 90
81 91
81 95
81 97
81 99
82 84
82 86
82 87
82 90
82 91
82 94
82 95
82 98
82 99
83 85
83 86
83 87
83 89
83 91
83 93
83 94
83 95
83 96
83 97
84 91
84 92
84 94
84 95
84 97
85 89
85 90
85 92
85 93
85 96
85 97
85 98
86 87
86 88
86 89
86 91
86 94
86 97
86 99
87 89
87 91
87 94
87 96
87 97
88 89
88 90
88 94
89 91
89 92
89 93
89 94
89 95
89 97
89 98
90 91
90 92
90 98
90 99
91 92
91 96
91 97
92 95
92 96
92 97
93 95
93 96
93 97
93 98
93 99
94 95
94 98
94 99
95 96
95 97
96 97
96 99
97 98
97 99
98 99
