0 1
0 3
0 7
0 8
0 9
0 11
0 16
0 19
0 22
0 24
0 25
0 26
0 27
0 33
0 36
0 38
0 42
0 43
0 44
0 46
0 48
0 50
0 51
0 52
0 53
0 55
0 56
0 57
0 61
0 63
0 64
0 65
0 66
0 69
0 71
0 74
0 76
0 78
0 79
0 81
0 84
0 85
0 87
0 91
0 94
0 97
0 99
1 4
1 5
1 6
1 7
1 8
1 9
1 10
1 12
1 15
1 16
1 17
1 19
1 22
1 26
1 27
1 30
1 31
1 32
1 33
1 35
1 36
1 37
1 39
1 41
1 42
1 43
1 44
1 45
1 47
1 48
1 50
1 52
1 53
1 55
1 60
1 64
1 66
1 69
1 70
1 71
1 75
1 76
1 79
1 80
1 83
1 85
1 88
1 89
1 90
1 94
1 96
1 99
2 3
2 4
2 6
2 12
2 14
2 16
2 20
2 21
2 25
2 26
2 27
2 29
2 32
2 35
2 41
2 43
2 44
2 47
2 50
2 51
2 52
2 53
2 54
2 55
2 58
2 63
2 64
2 67
2 68
2 71
2 75
2 77
2 80
2 85
2 86
2 87
2 90
2 91
2 95
2 98
2 99
3 4
3 5
3 7
3 8
3 9
3 10
3 13
3 15
3 16
3 19
3 21
3 22
3 23
3 24
3 27
3 33
3 35
3 36
3 38
3 39
3 40
3 42
3 43
3 45
3 47
3 49
3 54
3 57
3 58
3 60
3 61
3 62
3 64
3 65
3 68
3 69
3 70
3 74
3 76
3 77
3 79
3 83
3 84
3 85
3 86
3 87
3 89
3 95
3 96
3 97
3 98
3 99
4 5
4 6
4 7
4 9
4 10
4 11
4 12
4 13
4 17
4 19
4 24
4 31
4 32
4 33
4 34
4 35
4 36
4 38
4 40
4 41
4 43
4 48
4 50
4 51
4 54
4 56
4 57
4 61
4 62
4 63
4 65
4 67
4 68
4 70
4 71
4 74
4 77
4 78
4 79
4 80
4 81
4 83
4 87
4 88
4 90
4 91
4 94
4 95
4 98
4 99
5 8
5 9
5 10
5 12
5 13
5 14
5 15
5 17
5 20
5 21
5 22
5 23
5 24
5 25
5 26
5 30
5 35
5 41
5 45
5 46
5 50
5 51
5 53
5 54
5 55
5 56
5 60
5 61
5 62
5 64
5 65
5 66
5 68
5 73
5 74
5 80
5 83
5 84
5 89
5 93
5 94
5 95
5 98
6 7
6 10
6 13
6 14
6 16
6 17
6 20
6 22
6 23
6 24
6 25
6 27
6 29
6 32
6 33
6 34
6 37
6 38
6 41
6 42
6 43
6 45
6 46
6 47
6 49
6 51
6 52
6 53
6 54
6 55
6 61
6 62
6 64
6 65
6 66
6 67
6 68
6 70
6 71
6 72
6 75
6 77
6 78
6 79
6 81
6 84
6 85
6 90
6 91
6 92
6 94
6 95
6 97
6 98
7 9
7 16
7 17
7 18
7 19
7 20
7 21
7 22
7 24
7 25
7 27
7 28
7 30
7 31
7 32
7 33
7 34
7 36
7 37
7 38
7 40
7 41
7 43
7 45
7 47
7 48
7 49
7 50
7 54
7 61
7 62
7 64
7 65
7 66
7 69
7 73
7 74
7 75
7 76
7 77
7 78
7 79
7 80
7 81
7 82
7 83
7 84
7 85
7 86
7 88
7 89
7 90
7 91
7 93
7 94
7 95
7 96
7 97
7 98
8 9
8 12
8 14
8 17
8 19
8 20
8 21
8 23
8 30
8 34
8 38
8 41
8 42
8 44
8 46
8 47
8 50
8 52
8 53
8 55
8 56
8 59
8 60
8 61
8 68
8 70
8 74
8 79
8 80
8 88
8 89
8 94
8 96
8 97
9 11
9 14
9 16
9 18
9 23
9 25
9 26
9 27
9 28
9 31
9 33
9 35
9 37
9 38
9 42
9 45
9 46
9 47
9 50
9 53
9 56
9 57
9 59
9 60
9 62
9 65
9 66
9 68
9 70
9 72
9 73
9 75
9 76
9 77
9 81
9 84
9 86
9 87
9 88
9 90
9 92
9 94
9 97
9 98
10 12
10 16
10 18
10 20
10 23
10 24
10 26
10 29
10 30
10 31
10 33
10 36
10 38
10 40
10 41
10 44
10 46
10 48
10 49
10 52
10 53
10 54
10 56
10 57
10 58
10 59
10 60
10 61
10 63
10 64
10 66
10 67
10 69
10 70
10 73
10 75
10 77
10 79
10 81
10 82
10 83
10 85
10 86
10 94
10 95
10 96
10 97
10 99
11 12
11 15
11 16
11 17
11 18
11 19
11 22
11 23
11 25
11 26
11 27
11 28
11 30
11 31
11 36
11 37
11 39
11 41
11 43
11 44
11 45
11 50
11 52
11 54
11 61
11 62
11 64
11 66
11 68
11 71
11 72
11 74
11 76
11 77
11 78
11 79
11 84
11 85
11 86
11 87
11 90
11 91
11 92
11 97
12 13
12 14
12 18
12 19
12 20
12 25
12 27
12 28
12 32
12 36
12 37
12 39
12 40
12 42
12 43
12 44
12 45
12 47
12 50
12 51
12 52
12 53
12 54
12 55
12 57
12 58
12 59
12 61
12 62
12 64
12 66
12 67
12 68
12 70
12 73
12 76
12 78
12 85
12 87
12 90
12 92
12 96
12 97
13 17
13 19
13 20
13 21
13 27
13 30
13 32
13 35
13 36
13 39
13 41
13 47
13 48
13 49
13 51
13 52
13 53
13 57
13 59
13 61
13 64
13 66
13 67
13 72
13 73
13 74
13 75
13 78
13 81
13 82
13 83
13 84
13 86
13 88
13 89
13 90
13 97
14 20
14 21
14 22
14 29
14 30
14 31
14 33
14 35
14 36
14 38
14 40
14 41
14 42
14 43
14 44
14 45
14 46
14 48
14 50
14 53
14 56
14 57
14 58
14 62
14 64
14 69
14 71
14 72
14 73
14 75
14 76
14 77
14 78
14 83
14 86
14 91
14 92
14 93
14 97
14 98
14 99
15 16
15 17
15 20
15 23
15 24
15 25
15 28
15 29
15 30
15 31
15 35
15 36
15 37
15 40
15 41
15 42
15 44
15 46
15 51
15 53
15 55
15 59
15 62
15 65
15 67
15 69
15 71
15 72
15 73
15 75
15 78
15 80
15 81
15 84
15 85
15 86
15 87
15 88
15 91
15 92
15 93
15 95
15 96
15 98
16 17
16 19
16 20
16 22
16 26
16 28
16 29
16 32
16 34
16 36
16 38
16 40
16 42
16 46
16 48
16 52
16 56
16 58
16 62
16 63
16 64
16 65
16 66
16 67
16 68
16 69
16 70
16 72
16 73
16 75
16 76
16 77
16 78
16 80
16 81
16 83
16 85
16 87
16 90
16 93
16 94
16 95
16 96
16 97
17 18
17 19
17 22
17 23
17 24
17 25
17 26
17 28
17 29
17 35
17 36
17 37
17 39
17 40
17 41
17 43
17 47
17 48
17 51
17 53
17 54
17 55
17 56
17 58
17 59
17 62
17 63
17 65
17 70
17 71
17 72
17 74
17 76
17 79
17 80
17 82
17 85
17 88
17 90
17 92
17 93
17 96
17 98
18 19
18 20
18 23
18 24
18 26
18 27
18 29
18 31
18 35
18 37
18 38
18 39
18 50
18 59
18 60
18 61
18 62
18 65
18 66
18 67
18 68
18 69
18 76
18 77
18 78
18 81
18 82
18 84
18 86
18 88
18 89
18 91
18 92
18 93
18 94
18 96
18 97
18 98
19 20
19 21
19 23
19 28
19 31
19 35
19 36
19 37
19 38
19 40
19 44
19 46
19 51
19 56
19 59
19 62
19 64
19 65
19 73
19 74
19 75
19 79
19 81
19 82
19 84
19 86
19 87
19 88
19 90
19 93
19 95
19 98
20 21
20 22
20 23
20 24
20 25
20 29
20 30
20 33
20 35
20 39
20 40
20 42
20 47
20 51
20 53
20 54
20 55
20 57
20 60
20 62
20 63
20 65
20 68
20 69
20 70
20 72
20 75
20 76
20 77
20 78
20 80
20 81
20 82
20 83
20 85
20 87
20 89
20 91
20 92
20 94
20 96
20 97
21 22
21 24
21 25
21 28
21 29
21 30
21 34
21 37
21 38
21 40
21 42
21 44
21 45
21 49
21 50
21 51
21 52
21 53
21 54
21 56
21 57
21 58
21 60
21 61
21 62
21 63
21 64
21 66
21 67
21 71
21 74
21 76
21 79
21 80
21 82
21 83
21 85
21 87
21 90
21 94
21 95
21 96
21 97
21 99
22 24
22 25
22 26
22 27
22 28
22 29
22 30
22 33
22 34
22 35
22 37
22 38
22 39
22 41
22 45
22 48
22 49
22 50
22 52
22 54
22 55
22 56
22 57
22 58
22 60
22 61
22 63
22 64
22 65
22 66
22 68
22 71
22 74
22 77
22 78
22 79
22 84
22 85
22 86
22 87
22 88
22 90
22 91
22 92
22 93
22 94
22 96
23 25
23 26
23 28
23 34
23 38
23 39
23 40
23 42
23 44
23 49
23 50
23 53
23 55
23 56
23 58
23 63
23 70
23 71
23 73
23 74
23 75
23 77
23 78
23 79
23 80
23 82
23 83
23 84
23 89
23 90
23 93
23 94
23 95
23 98
23 99
24 28
24 30
24 31
24 33
24 36
24 37
24 38
24 41
24 42
24 44
24 45
24 47
24 49
24 50
24 53
24 54
24 57
24 59
24 60
24 63
24 65
24 66
24 71
24 73
24 75
24 76
24 77
24 79
24 80
24 82
24 85
24 86
24 88
24 89
24 91
24 92
24 93
24 94
24 95
24 97
24 98
24 99
25 27
25 28
25 29
25 31
25 32
25 33
25 34
25 35
25 38
25 40
25 41
25 44
25 46
25 47
25 48
25 49
25 54
25 59
25 60
25 63
25 64
25 65
25 72
25 74
25 75
25 76
25 78
25 79
25 80
25 82
25 83
25 86
25 89
25 90
25 91
25 93
25 95
25 97
26 29
26 33
26 37
26 38
26 39
26 40
26 41
26 42
26 44
26 45
26 50
26 51
26 52
26 57
26 58
26 59
26 61
26 64
26 66
26 69
26 71
26 72
26 73
26 79
26 80
26 86
26 87
26 90
26 91
26 93
26 95
26 98
26 99
27 28
27 30
27 33
27 35
27 36
27 38
27 39
27 41
27 43
27 44
27 48
27 50
27 52
27 55
27 56
27 57
27 60
27 62
27 63
27 64
27 67
27 71
27 72
27 74
27 77
27 79
27 81
27 82
27 83
27 86
27 89
27 91
27 92
27 93
27 96
27 97
28 29
28 32
28 35
28 40
28 43
28 45
28 49
28 50
28 52
28 54
28 56
28 57
28 58
28 60
28 62
28 63
28 64
28 65
28 68
28 69
28 70
28 71
28 72
28 73
28 76
28 80
28 81
28 82
28 84
28 85
28 86
28 87
28 91
28 92
28 98
29 31
29 33
29 36
29 37
29 38
29 39
29 43
29 47
29 48
29 51
29 52
29 55
29 56
29 57
29 62
29 63
29 65
29 67
29 68
29 71
29 72
29 74
29 76
29 78
29 79
29 80
29 81
29 83
29 85
29 88
29 92
29 93
29 96
29 97
29 98
30 34
30 36
30 39
30 40
30 43
30 46
30 48
30 49
30 53
30 54
30 55
30 56
30 57
30 58
30 60
30 62
30 64
30 65
30 69
30 71
30 72
30 75
30 77
30 79
30 80
30 81
30 82
30 83
30 86
30 87
30 88
30 91
30 94
30 96
31 32
31 33
31 34
31 35
31 37
31 38
31 39
31 42
31 47
31 49
31 50
31 51
31 52
31 53
31 55
31 57
31 58
31 59
31 62
31 65
31 67
31 70
31 71
31 75
31 76
31 77
31 80
31 81
31 82
31 83
31 84
31 85
31 88
31 91
31 92
31 93
31 95
31 97
32 35
32 37
32 38
32 40
32 41
32 43
32 45
32 47
32 51
32 53
32 55
32 57
32 58
32 59
32 61
32 62
32 63
32 68
32 69
32 70
32 71
32 76
32 77
32 79
32 83
32 86
32 87
32 89
32 92
32 94
32 95
32 96
32 98
33 35
33 40
33 42
33 43
33 44
33 46
33 49
33 50
33 51
33 52
33 53
33 58
33 59
33 60
33 61
33 62
33 63
33 64
33 65
33 66
33 67
33 68
33 74
33 76
33 77
33 78
33 79
33 80
33 81
33 84
33 88
33 93
33 96
33 98
34 35
34 36
34 37
34 38
34 41
34 42
34 43
34 44
34 46
34 47
34 48
34 49
34 50
34 51
34 53
34 54
34 55
34 57
34 58
34 59
34 62
34 65
34 67
34 68
34 71
34 72
34 74
34 75
34 76
34 77
34 78
34 79
34 80
34 81
34 82
34 83
34 89
35 38
35 44
35 50
35 51
35 53
35 54
35 58
35 59
35 60
35 61
35 63
35 66
35 67
35 68
35 69
35 70
35 72
35 73
35 74
35 81
35 82
35 83
35 84
35 86
35 92
35 93
35 94
35 96
35 97
35 98
36 37
36 39
36 40
36 41
36 44
36 45
36 46
36 47
36 49
36 50
36 52
36 54
36 56
36 59
36 60
36 61
36 63
36 64
36 65
36 66
36 67
36 68
36 71
36 73
36 78
36 79
36 81
36 82
36 83
36 84
36 85
36 87
36 89
36 91
36 92
36 93
36 94
36 96
36 99
37 40
37 45
37 47
37 51
37 52
37 53
37 57
37 60
37 62
37 63
37 66
37 70
37 73
37 76
37 77
37 80
37 82
37 83
37 84
37 85
37 86
37 90
37 91
37 92
37 93
37 94
37 96
37 97
38 39
38 41
38 42
38 44
38 45
38 47
38 48
38 49
38 52
38 55
38 56
38 57
38 58
38 61
38 62
38 63
38 64
38 66
38 67
38 71
38 75
38 80
38 83
38 86
38 87
38 92
38 95
38 97
39 40
39 44
39 47
39 48
39 50
39 51
39 52
39 53
39 56
39 58
39 59
39 66
39 67
39 68
39 69
39 73
39 74
39 78
39 79
39 80
39 81
39 83
39 84
39 87
39 88
39 90
39 91
39 92
39 95
39 96
39 97
39 99
40 41
40 42
40 43
40 45
40 51
40 52
40 56
40 57
40 59
40 60
40 61
40 62
40 66
40 67
40 68
40 70
40 72
40 73
40 74
40 79
40 80
40 81
40 87
40 89
40 90
40 93
40 94
40 98
41 42
41 44
41 48
41 53
41 55
41 56
41 58
41 61
41 62
41 63
41 66
41 67
41 70
41 71
41 72
41 73
41 75
41 76
41 78
41 80
41 82
41 85
41 86
41 88
41 89
41 90
41 92
41 94
41 97
42 44
42 45
42 47
42 48
42 49
42 52
42 53
42 54
42 55
42 56
42 58
42 59
42 61
42 63
42 64
42 65
42 66
42 67
42 68
42 71
42 75
42 77
42 78
42 80
42 81
42 82
42 86
42 88
42 90
42 92
42 93
42 94
42 97
42 98
42 99
43 49
43 50
43 52
43 53
43 56
43 58
43 59
43 60
43 61
43 62
43 65
43 68
43 70
43 71
43 74
43 75
43 76
43 78
43 79
43 80
43 81
43 86
43 87
43 88
43 90
43 91
43 92
43 96
43 98
43 99
44 51
44 52
44 53
44 55
44 56
44 57
44 58
44 59
44 61
44 62
44 63
44 64
44 65
44 68
44 70
44 71
44 73
44 76
44 77
44 80
44 81
44 83
44 85
44 86
44 87
44 89
44 91
44 93
44 94
44 95
44 96
44 97
45 46
45 47
45 53
45 59
45 64
45 65
45 66
45 68
45 69
45 71
45 73
45 79
45 86
45 90
45 93
45 95
46 47
46 51
46 53
46 55
46 56
46 57
46 58
46 59
46 60
46 61
46 62
46 63
46 65
46 66
46 67
46 68
46 73
46 74
46 76
46 82
46 83
46 84
46 86
46 93
46 94
46 95
47 50
47 51
47 52
47 53
47 54
47 55
47 56
47 57
47 58
47 60
47 63
47 64
47 65
47 67
47 69
47 73
47 74
47 78
47 81
47 84
47 85
47 86
47 90
47 91
47 94
47 98
47 99
48 50
48 53
48 55
48 56
48 60
48 61
48 62
48 63
48 64
48 66
48 67
48 69
48 73
48 74
48 75
48 78
48 79
48 83
48 84
48 85
48 87
48 89
48 96
48 98
49 50
49 51
49 52
49 53
49 55
49 58
49 64
49 65
49 66
49 69
49 72
49 74
49 76
49 79
49 83
49 84
49 87
49 89
49 93
49 95
49 97
49 99
50 52
50 53
50 55
50 56
50 57
50 58
50 61
50 64
50 65
50 66
50 67
50 69
50 74
50 75
50 77
50 82
50 83
50 85
50 86
50 88
50 93
50 94
50 96
51 52
51 54
51 55
51 57
51 58
51 59
51 62
51 64
51 67
51 68
51 69
51 70
51 71
51 72
51 74
51 76
51 79
51 81
51 82
51 84
51 87
51 88
51 92
51 94
51 96
51 97
51 98
51 99
52 54
52 56
52 58
52 61
52 62
52 63
52 65
52 67
52 68
52 71
52 73
52 74
52 76
52 77
52 79
52 80
52 83
52 84
52 85
52 88
52 90
52 91
52 92
52 93
52 94
52 97
53 54
53 56
53 57
53 58
53 59
53 61
53 66
53 68
53 71
53 73
53 74
53 75
53 76
53 78
53 79
53 85
53 87
53 90
53 91
53 96
53 97
53 99
54 58
54 60
54 63
54 64
54 65
54 69
54 70
54 73
54 77
54 79
54 82
54 83
54 85
54 87
54 89
54 91
54 92
54 94
54 96
54 99
55 56
55 57
55 58
55 59
55 60
55 62
55 63
55 64
55 65
55 66
55 72
55 76
55 77
55 78
55 80
55 82
55 84
55 86
55 87
55 88
55 90
55 93
55 97
56 57
56 59
56 60
56 66
56 67
56 69
56 70
56 71
56 76
56 80
56 81
56 82
56 83
56 84
56 87
56 89
56 90
56 93
56 94
56 98
56 99
57 58
57 59
57 60
57 61
57 62
57 66
57 71
57 72
57 74
57 75
57 77
57 78
57 79
57 82
57 83
57 84
57 87
57 95
57 96
57 97
57 98
57 99
58 59
58 62
58 66
58 67
58 70
58 72
58 74
58 76
58 77
58 78
58 79
58 80
58 82
58 86
58 87
58 93
58 96
58 97
58 98
58 99
59 63
59 64
59 72
59 73
59 74
59 76
59 79
59 80
59 84
59 85
59 86
59 89
59 91
59 95
59 96
59 99
60 61
60 62
60 63
60 69
60 71
60 72
60 73
60 77
60 81
60 82
60 83
60 85
60 87
60 88
60 89
60 91
60 93
60 94
60 97
60 99
61 65
61 66
61 69
61 70
61 74
61 75
61 76
61 77
61 78
61 79
61 80
61 81
61 82
61 83
61 84
61 85
61 86
61 88
61 89
61 92
61 93
61 97
62 63
62 64
62 65
62 67
62 69
62 77
62 78
62 79
62 81
62 83
62 85
62 86
62 87
62 90
62 91
62 93
63 65
63 67
63 69
63 70
63 71
63 72
63 74
63 75
63 79
63 80
63 84
63 86
63 88
63 89
63 91
63 93
63 94
63 95
63 97
63 98
64 67
64 70
64 72
64 75
64 76
64 77
64 78
64 79
64 80
64 81
64 84
64 85
64 87
64 88
64 91
64 98
64 99
65 68
65 70
65 71
65 72
65 73
65 76
65 77
65 79
65 80
65 81
65 83
65 84
65 86
65 87
65 88
65 90
65 94
65 97
65 99
66 72
66 78
66 79
66 83
66 84
66 88
66 89
66 91
66 94
66 98
67 68
67 71
67 72
67 73
67 75
67 76
67 78
67 79
67 80
67 81
67 83
67 84
67 87
67 89
67 94
67 96
67 98
67 99
68 69
68 72
68 76
68 77
68 80
68 82
68 83
68 85
68 86
68 87
68 88
68 89
68 90
68 91
68 92
68 95
69 77
69 79
69 80
69 83
69 86
69 87
69 88
69 89
69 91
69 92
69 99
70 73
70 75
70 83
70 89
70 90
70 92
70 97
71 76
71 77
71 79
71 80
71 84
71 87
71 88
71 91
71 92
71 93
71 94
71 97
71 98
72 74
72 77
72 78
72 80
72 81
72 83
72 84
72 85
72 88
72 93
72 94
72 95
72 98
73 74
73 75
73 81
73 83
73 84
73 85
73 86
73 87
73 88
73 90
73 91
73 92
73 94
73 96
73 97
73 98
74 75
74 78
74 79
74 80
74 83
74 85
74 86
74 90
74 91
74 93
74 94
74 97
74 99
75 77
75 78
75 79
75 80
75 82
75 83
75 85
75 86
75 89
75 95
75 97
76 78
76 79
76 82
76 84
76 87
76 88
76 89
76 90
76 91
76 92
76 93
76 94
76 96
77 78
77 79
77 84
77 87
77 90
77 91
77 92
77 93
77 97
77 98
78 80
78 81
78 82
78 84
78 85
78 86
78 88
78 89
78 92
78 93
78 94
78 95
78 96
78 97
78 98
78 99
79 81
79 83
79 84
79 85
79 87
79 88
79 92
79 93
79 94
79 96
79 97
79 98
80 83
80 84
80 85
80 86
80 88
80 89
80 93
80 94
80 96
80 98
81 83
81 84
81 89
81 90
81 91
81 93
81 95
82 84
82 85
82 87
82 90
82 96
82 97
82 99
83 84
83 85
83 87
83 88
83 89
83 90
83 91
83 92
83 93
83 94
83 95
83 96
83 99
84 85
84 87
84 89
84 90
84 92
84 94
84 95
84 97
84 98
85 87
85 89
85 91
85 92
85 94
85 95
85 96
85 98
85 99
86 88
86 92
86 93
86 94
86 97
86 98
87 88
87 89
87 90
87 92
87 93
87 94
87 95
87 96
87 97
88 89
88 90
88 92
88 96
89 91
89 93
89 94
89 95
89 99
90 92
90 93
90 94
90 97
91 92
91 93
91 95
92 93
92 98
93 94
93 95
93 97
94 95
94 96
95 96
95 97
95 98
96 99
97 99
