0 1
0 2
0 3
0 4
0 5
0 6
0 8
0 12
0 13
0 17
0 18
0 19
0 22
0 28
0 33
0 37
0 38
0 39
0 44
0 45
0 47
0 48
0 49
0 50
0 54
0 60
0 61
0 62
0 70
0 71
0 72
0 77
0 79
0 80
0 81
0 83
0 86
0 87
0 88
0 90
0 93
0 94
0 95
0 96
1 8
1 10
1 11
1 13
1 15
1 16
1 20
1 21
1 22
1 24
1 25
1 26
1 28
1 29
1 31
1 32
1 33
1 34
1 35
1 37
1 39
1 40
1 43
1 46
1 47
1 48
1 49
1 52
1 53
1 54
1 57
1 58
1 59
1 64
1 65
1 67
1 69
1 76
1 79
1 81
1 82
1 84
1 87
1 89
1 90
1 91
1 93
1 94
1 95
1 99
2 5
2 7
2 8
2 9
2 10
2 11
2 13
2 15
2 16
2 18
2 19
2 23
2 24
2 26
2 29
2 35
2 36
2 37
2 41
2 43
2 44
2 46
2 48
2 49
2 51
2 55
2 56
2 57
2 61
2 62
2 64
2 66
2 67
2 68
2 69
2 70
2 73
2 74
2 75
2 76
2 77
2 81
2 83
2 84
2 85
2 93
2 94
2 97
2 99
3 6
3 7
3 8
3 11
3 15
3 18
3 19
3 20
3 21
3 22
3 26
3 27
3 30
3 31
3 32
3 33
3 34
3 36
3 37
3 40
3 41
3 42
3 46
3 47
3 50
3 52
3 55
3 59
3 60
3 66
3 67
3 70
3 71
3 72
3 75
3 76
3 80
3 83
3 87
3 91
3 94
3 97
3 98
4 5
4 8
4 10
4 12
4 13
4 15
4 19
4 20
4 22
4 27
4 28
4 31
4 32
4 33
4 35
4 36
4 39
4 40
4 43
4 45
4 46
4 47
4 48
4 49
4 51
4 54
4 55
4 60
4 62
4 63
4 64
4 65
4 66
4 68
4 69
4 70
4 71
4 72
4 75
4 76
4 79
4 83
4 86
4 91
4 92
4 93
4 95
4 96
4 98
5 6
5 9
5 14
5 20
5 22
5 24
5 27
5 30
5 33
5 35
5 36
5 37
5 38
5 39
5 44
5 45
5 46
5 49
5 50
5 52
5 53
5 54
5 55
5 56
5 59
5 60
5 62
5 63
5 64
5 68
5 70
5 72
5 75
5 76
5 77
5 78
5 80
5 83
5 84
5 86
5 87
5 88
5 89
5 92
5 93
5 94
5 96
5 98
6 8
6 12
6 14
6 15
6 16
6 17
6 18
6 19
6 21
6 23
6 25
6 26
6 28
6 29
6 30
6 31
6 32
6 33
6 35
6 36
6 38
6 39
6 43
6 44
6 45
6 46
6 49
6 52
6 53
6 55
6 56
6 59
6 60
6 62
6 63
6 65
6 67
6 70
6 71
6 74
6 77
6 78
6 79
6 80
6 83
6 88
6 89
6 92
6 93
6 94
6 95
6 99
7 8
7 9
7 10
7 11
7 12
7 16
7 18
7 19
7 24
7 27
7 29
7 31
7 36
7 39
7 43
7 45
7 53
7 55
7 56
7 59
7 60
7 66
7 67
7 68
7 69
7 71
7 72
7 73
7 77
7 78
7 79
7 80
7 81
7 84
7 86
7 87
7 92
7 93
7 98
8 9
8 10
8 12
8 14
8 15
8 17
8 19
8 21
8 22
8 23
8 28
8 29
8 30
8 32
8 33
8 34
8 43
8 45
8 46
8 47
8 48
8 50
8 52
8 54
8 58
8 60
8 63
8 64
8 65
8 66
8 67
8 68
8 69
8 72
8 73
8 74
8 76
8 80
8 83
8 84
8 85
8 86
8 88
8 90
8 92
8 94
8 98
8 99
9 10
9 12
9 13
9 15
9 16
9 21
9 22
9 23
9 26
9 27
9 28
9 31
9 32
9 33
9 34
9 35
9 38
9 40
9 41
9 42
9 44
9 45
9 46
9 47
9 49
9 50
9 52
9 54
9 55
9 58
9 59
9 60
9 61
9 62
9 65
9 66
9 67
9 68
9 69
9 71
9 72
9 74
9 75
9 79
9 83
9 85
9 86
9 88
9 91
9 94
9 95
9 99
10 11
10 12
10 20
10 21
10 22
10 23
10 24
10 26
10 28
10 29
10 31
10 33
10 34
10 38
10 39
10 44
10 45
10 46
10 50
10 53
10 54
10 56
10 59
10 60
10 61
10 62
10 64
10 65
10 66
10 67
10 69
10 70
10 71
10 73
10 77
10 78
10 80
10 82
10 83
10 85
10 88
10 89
10 90
10 91
10 95
10 99
11 13
11 15
11 16
11 17
11 19
11 20
11 23
11 25
11 27
11 28
11 35
11 41
11 42
11 43
11 45
11 46
11 55
11 56
11 57
11 58
11 61
11 62
11 65
11 66
11 67
11 68
11 70
11 72
11 74
11 76
11 77
11 79
11 84
11 89
11 90
11 92
11 93
11 94
11 96
11 97
11 99
12 13
12 14
12 17
12 18
12 22
12 23
12 24
12 25
12 26
12 27
12 28
12 31
12 34
12 36
12 37
12 38
12 40
12 42
12 44
12 46
12 50
12 52
12 54
12 59
12 61
12 66
12 72
12 73
12 74
12 76
12 78
12 79
12 82
12 83
12 86
12 91
12 92
12 94
12 97
12 99
13 16
13 19
13 21
13 24
13 29
13 31
13 32
13 34
13 35
13 36
13 37
13 38
13 43
13 45
13 47
13 48
13 49
13 50
13 56
13 57
13 59
13 65
13 67
13 69
13 71
13 77
13 78
13 80
13 81
13 83
13 86
13 88
13 91
13 93
13 95
13 96
13 97
13 98
13 99
14 19
14 20
14 23
14 26
14 27
14 30
14 31
14 32
14 33
14 34
14 35
14 39
14 41
14 42
14 43
14 47
14 48
14 49
14 51
14 52
14 56
14 63
14 64
14 65
14 67
14 69
14 71
14 73
14 74
14 75
14 76
14 78
14 81
14 83
14 84
14 86
14 90
14 92
14 93
14 96
15 16
15 17
15 19
15 20
15 24
15 25
15 28
15 29
15 32
15 33
15 34
15 35
15 37
15 38
15 39
15 40
15 41
15 42
15 48
15 54
15 57
15 59
15 61
15 63
15 65
15 67
15 69
15 70
15 76
15 79
15 81
15 82
15 87
15 89
15 90
15 92
15 94
15 99
16 18
16 20
16 21
16 22
16 23
16 25
16 26
16 30
16 31
16 32
16 34
16 39
16 41
16 42
16 43
16 44
16 45
16 46
16 47
16 50
16 51
16 53
16 55
16 58
16 59
16 61
16 63
16 64
16 67
16 70
16 74
16 75
16 79
16 81
16 83
16 84
16 89
16 95
16 96
16 99
17 21
17 23
17 24
17 25
17 28
17 29
17 30
17 32
17 33
17 35
17 41
17 43
17 44
17 45
17 46
17 47
17 48
17 50
17 54
17 56
17 57
17 58
17 59
17 60
17 64
17 65
17 66
17 67
17 70
17 73
17 74
17 79
17 80
17 83
17 84
17 85
17 86
17 87
17 89
17 92
17 96
18 19
18 21
18 28
18 32
18 36
18 37
18 40
18 43
18 46
18 47
18 51
18 53
18 59
18 61
18 62
18 68
18 70
18 71
18 73
18 75
18 77
18 80
18 84
18 88
18 90
18 91
18 93
18 94
18 95
18 99
19 22
19 29
19 30
19 33
19 34
19 35
19 40
19 41
19 44
19 45
19 48
19 49
19 50
19 51
19 55
19 58
19 61
19 63
19 65
19 67
19 68
19 69
19 71
19 73
19 74
19 75
19 76
19 77
19 81
19 82
19 84
19 85
19 86
19 87
19 89
19 91
19 94
19 96
19 99
20 21
20 25
20 27
20 28
20 29
20 32
20 33
20 35
20 36
20 37
20 39
20 40
20 41
20 42
20 44
20 45
20 47
20 49
20 50
20 51
20 52
20 53
20 55
20 56
20 57
20 58
20 60
20 63
20 65
20 66
20 68
20 70
20 76
20 78
20 79
20 80
20 83
20 89
20 92
20 95
20 97
20 99
21 22
21 24
21 25
21 30
21 32
21 33
21 34
21 40
21 44
21 45
21 46
21 48
21 53
21 54
21 56
21 65
21 68
21 69
21 70
21 71
21 72
21 81
21 83
21 84
21 85
21 86
21 88
21 92
21 93
22 24
22 25
22 27
22 28
22 29
22 30
22 31
22 32
22 34
22 35
22 36
22 37
22 38
22 39
22 41
22 43
22 44
22 47
22 49
22 51
22 55
22 56
22 58
22 59
22 61
22 62
22 64
22 65
22 66
22 67
22 68
22 70
22 74
22 75
22 79
22 80
22 82
22 84
22 86
22 88
22 89
22 92
22 93
22 99
23 26
23 29
23 30
23 31
23 32
23 33
23 35
23 36
23 37
23 41
23 43
23 44
23 50
23 56
23 58
23 60
23 63
23 64
23 65
23 70
23 71
23 72
23 73
23 74
23 75
23 78
23 80
23 81
23 84
23 85
23 88
23 91
23 92
23 95
23 97
24 28
24 35
24 36
24 39
24 41
24 42
24 43
24 45
24 46
24 47
24 48
24 49
24 51
24 52
24 53
24 54
24 55
24 58
24 60
24 61
24 64
24 66
24 67
24 68
24 69
24 71
24 75
24 76
24 78
24 79
24 82
24 83
24 84
24 89
24 91
24 95
25 27
25 28
25 30
25 31
25 33
25 35
25 36
25 37
25 39
25 40
25 41
25 43
25 44
25 46
25 48
25 49
25 50
25 51
25 52
25 53
25 54
25 55
25 56
25 60
25 64
25 66
25 67
25 69
25 71
25 72
25 74
25 76
25 78
25 79
25 80
25 82
25 85
25 87
25 91
25 93
25 94
25 95
25 96
25 98
25 99
26 27
26 28
26 34
26 36
26 37
26 39
26 41
26 42
26 44
26 46
26 47
26 49
26 50
26 53
26 54
26 55
26 56
26 58
26 61
26 68
26 69
26 71
26 74
26 78
26 81
26 83
26 87
26 91
26 93
26 95
26 96
26 97
26 98
27 28
27 29
27 31
27 32
27 35
27 37
27 42
27 45
27 49
27 50
27 51
27 55
27 57
27 58
27 59
27 60
27 62
27 63
27 65
27 68
27 70
27 72
27 73
27 75
27 80
27 82
27 84
27 85
27 88
27 93
27 95
27 98
28 31
28 32
28 33
28 37
28 38
28 39
28 41
28 42
28 43
28 44
28 45
28 52
28 53
28 54
28 59
28 61
28 62
28 65
28 66
28 68
28 70
28 71
28 73
28 74
28 75
28 76
28 77
28 79
28 83
28 84
28 87
28 90
28 91
28 92
28 96
28 98
29 31
29 32
29 33
29 34
29 35
29 36
29 39
29 42
29 43
29 48
29 50
29 54
29 55
29 58
29 59
29 63
29 64
29 66
29 67
29 68
29 69
29 70
29 71
29 74
29 76
29 77
29 78
29 79
29 82
29 85
29 86
29 91
29 92
29 99
30 33
30 34
30 35
30 36
30 37
30 38
30 40
30 42
30 45
30 46
30 49
30 50
30 51
30 52
30 53
30 55
30 56
30 59
30 68
30 70
30 71
30 72
30 73
30 76
30 80
30 81
30 83
30 84
30 85
30 87
30 89
30 90
30 91
30 92
30 94
30 95
30 96
30 98
31 32
31 33
31 36
31 37
31 38
31 39
31 42
31 45
31 46
31 48
31 49
31 50
31 52
31 54
31 55
31 57
31 60
31 61
31 63
31 64
31 67
31 68
31 69
31 72
31 74
31 76
31 77
31 79
31 80
31 82
31 84
31 85
31 86
31 90
31 94
31 95
31 97
31 99
32 33
32 34
32 35
32 36
32 37
32 40
32 46
32 47
32 49
32 50
32 56
32 57
32 59
32 63
32 68
32 69
32 70
32 71
32 75
32 78
32 79
32 84
32 85
32 86
32 88
32 89
32 90
32 91
32 92
32 93
32 95
32 97
32 98
33 36
33 38
33 39
33 40
33 41
33 42
33 43
33 44
33 45
33 47
33 48
33 49
33 50
33 53
33 54
33 55
33 60
33 61
33 62
33 63
33 64
33 65
33 66
33 68
33 71
33 72
33 73
33 74
33 76
33 78
33 79
33 80
33 81
33 82
33 83
33 84
33 86
33 90
33 91
33 92
33 95
33 99
34 41
34 43
34 44
34 46
34 48
34 50
34 52
34 53
34 54
34 57
34 58
34 65
34 66
34 67
34 71
34 73
34 74
34 78
34 81
34 82
34 84
34 86
34 88
34 91
34 95
34 96
34 98
34 99
35 36
35 37
35 38
35 43
35 44
35 45
35 49
35 50
35 53
35 55
35 56
35 57
35 59
35 61
35 64
35 70
35 71
35 72
35 73
35 75
35 76
35 79
35 81
35 85
35 87
35 89
35 92
35 95
35 96
35 97
35 98
36 39
36 43
36 50
36 53
36 54
36 57
36 59
36 64
36 65
36 68
36 73
36 74
36 75
36 78
36 79
36 80
36 82
36 83
36 85
36 88
36 90
36 94
36 95
36 96
36 98
36 99
37 38
37 39
37 45
37 46
37 50
37 51
37 55
37 57
37 61
37 62
37 64
37 66
37 70
37 71
37 73
37 75
37 77
37 79
37 81
37 84
37 86
37 88
37 91
37 92
37 93
37 94
37 95
37 96
37 98
37 99
38 39
38 40
38 41
38 45
38 46
38 49
38 51
38 54
38 56
38 57
38 59
38 60
38 61
38 64
38 65
38 68
38 69
38 73
38 74
38 75
38 76
38 77
38 78
38 79
38 80
38 82
38 84
38 87
38 88
38 89
38 93
38 94
38 97
38 98
38 99
39 43
39 46
39 49
39 50
39 54
39 55
39 57
39 59
39 62
39 63
39 66
39 67
39 69
39 70
39 71
39 74
39 75
39 79
39 84
39 85
39 86
39 88
39 92
39 93
39 94
40 41
40 42
40 43
40 48
40 49
40 50
40 51
40 55
40 57
40 58
40 59
40 62
40 64
40 66
40 68
40 69
40 70
40 74
40 76
40 78
40 79
40 81
40 82
40 83
40 84
40 85
40 86
40 88
40 89
40 90
40 93
40 95
40 98
40 99
41 43
41 44
41 45
41 47
41 51
41 54
41 59
41 61
41 62
41 65
41 68
41 73
41 74
41 77
41 79
41 80
41 82
41 83
41 85
41 88
41 90
41 93
41 94
41 96
41 98
42 46
42 48
42 51
42 54
42 57
42 62
42 64
42 65
42 66
42 69
42 70
42 74
42 76
42 77
42 80
42 81
42 83
42 86
42 87
42 88
42 89
42 90
42 91
42 96
42 98
42 99
43 46
43 48
43 49
43 51
43 52
43 55
43 57
43 58
43 62
43 63
43 64
43 65
43 66
43 67
43 70
43 71
43 73
43 74
43 75
43 76
43 77
43 81
43 83
43 84
43 85
43 86
43 87
43 88
43 90
43 92
43 94
43 96
43 97
43 98
44 45
44 50
44 51
44 52
44 54
44 55
44 59
44 60
44 62
44 63
44 64
44 66
44 68
44 71
44 77
44 79
44 80
44 84
44 87
44 91
44 92
44 93
44 94
44 97
44 99
45 48
45 49
45 50
45 51
45 52
45 55
45 60
45 61
45 62
45 63
45 64
45 66
45 67
45 68
45 69
45 70
45 71
45 72
45 73
45 75
45 77
45 80
45 83
45 84
45 85
45 88
45 89
45 90
45 95
45 97
45 98
45 99
46 51
46 56
46 58
46 59
46 60
46 61
46 63
46 64
46 66
46 67
46 68
46 69
46 70
46 75
46 76
46 77
46 78
46 79
46 83
46 84
46 86
46 87
46 88
46 90
46 91
46 92
46 96
46 97
46 98
47 53
47 57
47 59
47 63
47 64
47 66
47 68
47 69
47 73
47 77
47 80
47 81
47 85
47 86
47 87
47 89
47 92
47 93
47 94
47 95
47 96
47 97
47 98
47 99
48 52
48 54
48 55
48 56
48 58
48 61
48 63
48 65
48 69
48 71
48 73
48 75
48 77
48 86
48 88
48 89
48 90
48 91
48 95
48 96
48 98
49 55
49 56
49 62
49 64
49 65
49 66
49 67
49 68
49 71
49 72
49 73
49 75
49 77
49 80
49 81
49 84
49 87
49 88
49 92
49 96
50 53
50 54
50 56
50 58
50 59
50 60
50 61
50 62
50 65
50 66
50 68
50 69
50 71
50 75
50 76
50 78
50 79
50 80
50 83
50 87
50 91
50 92
50 93
50 97
51 53
51 54
51 55
51 57
51 59
51 61
51 63
51 64
51 65
51 67
51 68
51 71
51 73
51 75
51 76
51 77
51 80
51 84
51 91
51 92
51 94
51 96
51 97
51 98
52 54
52 55
52 56
52 57
52 58
52 59
52 60
52 61
52 62
52 63
52 66
52 68
52 71
52 72
52 75
52 77
52 78
52 82
52 83
52 86
52 88
52 89
52 90
52 92
52 93
52 98
52 99
53 55
53 60
53 61
53 63
53 64
53 66
53 74
53 76
53 79
53 81
53 82
53 83
53 86
53 87
53 88
53 90
53 92
53 93
53 94
53 95
53 97
53 98
54 55
54 57
54 58
54 59
54 61
54 63
54 64
54 65
54 70
54 71
54 72
54 77
54 78
54 79
54 82
54 83
54 84
54 88
54 90
54 92
54 98
55 58
55 59
55 61
55 63
55 65
55 66
55 68
55 69
55 72
55 75
55 76
55 78
55 79
55 80
55 81
55 83
55 88
55 93
55 97
55 99
56 60
56 65
56 68
56 70
56 71
56 72
56 73
56 74
56 76
56 79
56 80
56 82
56 83
56 84
56 85
56 87
56 89
56 92
56 93
56 95
56 97
57 59
57 60
57 62
57 63
57 66
57 70
57 71
57 72
57 74
57 76
57 78
57 81
57 87
57 90
57 99
58 59
58 60
58 61
58 62
58 63
58 65
58 68
58 69
58 71
58 72
58 73
58 76
58 78
58 79
58 81
58 82
58 83
58 84
58 88
58 89
58 90
58 92
58 93
58 94
58 95
58 98
59 60
59 63
59 64
59 67
59 68
59 73
59 76
59 79
59 80
59 84
59 88
59 89
59 93
59 95
59 96
59 97
59 98
60 63
60 64
60 66
60 67
60 68
60 69
60 70
60 71
60 72
60 74
60 76
60 77
60 82
60 83
60 84
60 85
60 87
60 89
60 90
60 91
60 93
60 96
60 99
61 64
61 65
61 66
61 68
61 69
61 70
61 71
61 72
61 73
61 74
61 76
61 77
61 78
61 80
61 82
61 86
61 91
61 93
61 94
61 95
61 97
61 99
62 64
62 65
62 66
62 67
62 68
62 69
62 71
62 72
62 74
62 75
62 78
62 83
62 85
62 87
62 88
62 89
62 91
62 92
62 96
62 97
62 99
63 64
63 65
63 67
63 68
63 70
63 71
63 72
63 73
63 77
63 78
63 79
63 80
63 82
63 89
63 90
63 91
63 94
63 95
63 97
63 99
64 67
64 68
64 70
64 71
64 73
64 74
64 75
64 76
64 77
64 80
64 82
64 84
64 85
64 86
64 89
64 91
64 93
64 95
64 96
64 98
65 66
65 68
65 69
65 71
65 72
65 76
65 77
65 82
65 83
65 84
65 85
65 87
65 89
65 91
65 92
65 94
65 95
65 97
65 99
66 67
66 68
66 70
66 71
66 74
66 78
66 80
66 81
66 84
66 86
66 87
66 88
66 91
66 92
66 93
66 94
66 99
67 70
67 72
67 74
67 75
67 76
67 77
67 78
67 79
67 81
67 83
67 84
67 85
67 87
67 88
67 89
67 92
67 94
67 95
67 97
68 69
68 72
68 76
68 77
68 82
68 84
68 86
68 89
68 94
68 96
68 97
69 71
69 73
69 75
69 76
69 78
69 80
69 85
69 89
69 94
69 96
69 97
69 98
70 74
70 75
70 77
70 78
70 80
70 84
70 86
70 87
70 89
70 90
70 91
70 95
70 96
70 97
70 99
71 74
71 76
71 77
71 79
71 80
71 81
71 83
71 87
71 90
71 91
71 92
71 93
71 94
71 96
71 99
72 75
72 87
72 92
72 93
72 94
72 98
73 77
73 78
73 83
73 88
73 90
73 91
73 92
73 95
73 96
74 75
74 77
74 81
74 82
74 83
74 86
74 88
74 90
74 91
74 93
74 98
75 77
75 82
75 84
75 86
75 90
75 91
75 92
75 94
75 95
75 96
75 97
75 99
76 79
76 84
76 85
76 86
76 87
76 90
76 93
76 95
76 98
77 81
77 84
77 85
77 86
77 89
77 91
77 95
77 96
77 98
78 79
78 81
78 82
78 83
78 85
78 86
78 88
78 92
78 93
78 94
78 95
78 96
78 99
79 80
79 83
79 84
79 86
79 89
79 91
79 92
79 93
79 95
79 98
80 83
80 84
80 87
80 89
80 90
80 91
80 93
80 95
80 98
80 99
81 83
81 84
81 88
81 90
81 91
81 92
81 93
81 94
81 95
81 98
82 83
82 84
82 91
82 96
82 97
82 98
82 99
83 84
83 85
83 86
83 87
83 88
83 90
83 92
83 93
83 96
83 98
83 99
84 88
84 89
84 90
84 91
84 92
84 95
84 97
85 87
85 89
85 90
85 91
85 92
85 94
85 97
86 87
86 91
86 93
86 96
86 97
86 98
86 99
87 88
87 90
87 92
87 93
87 95
87 96
88 91
88 92
88 94
88 99
89 95
89 96
89 97
89 98
90 91
90 92
91 92
91 93
91 95
91 98
91 99
92 93
92 94
92 96
92 97
92 98
93 94
93 95
95 96
95 98
95 99
96 99
97 98
97 99
98 99
