0 2
0 3
0 5
0 6
0 8
0 10
0 11
0 12
0 13
0 15
0 17
0 21
0 22
0 24
0 25
0 26
0 28
0 30
0 33
0 36
0 37
0 38
0 39
0 41
0 42
0 43
0 44
0 45
0 46
0 47
0 48
0 49
0 50
0 51
0 52
0 55
0 57
0 60
0 62
0 64
0 66
0 68
0 79
0 80
0 86
0 89
0 90
0 93
0 95
0 96
0 98
1 2
1 4
1 5
1 6
1 7
1 8
1 9
1 11
1 13
1 14
1 15
1 21
1 22
1 29
1 30
1 32
1 34
1 39
1 40
1 43
1 45
1 48
1 50
1 52
1 54
1 55
1 57
1 58
1 59
1 62
1 64
1 65
1 66
1 70
1 71
1 72
1 73
1 76
1 78
1 80
1 82
1 84
1 87
1 94
1 95
1 97
1 99
2 3
2 6
2 7
2 10
2 12
2 13
2 14
2 15
2 18
2 19
2 24
2 26
2 28
2 30
2 32
2 33
2 35
2 37
2 40
2 42
2 44
2 48
2 49
2 50
2 51
2 53
2 54
2 55
2 58
2 59
2 62
2 63
2 66
2 68
2 69
2 72
2 73
2 75
2 76
2 77
2 78
2 81
2 83
2 84
2 87
2 88
2 89
2 90
2 92
2 93
2 94
2 95
2 96
2 97
2 99
3 4
3 5
3 6
3 8
3 9
3 11
3 12
3 14
3 17
3 21
3 24
3 25
3 26
3 27
3 31
3 32
3 34
3 36
3 37
3 38
3 39
3 40
3 41
3 43
3 46
3 48
3 50
3 51
3 52
3 53
3 56
3 57
3 58
3 59
3 60
3 62
3 63
3 65
3 67
3 68
3 73
3 74
3 75
3 77
3 78
3 80
3 82
3 86
3 87
3 93
3 94
3 95
3 97
3 99
4 9
4 14
4 15
4 16
4 18
4 19
4 21
4 22
4 24
4 25
4 26
4 27
4 28
4 29
4 30
4 31
4 34
4 36
4 38
4 40
4 41
4 42
4 44
4 45
4 47
4 48
4 50
4 51
4 52
4 55
4 58
4 60
4 62
4 64
4 65
4 66
4 68
4 70
4 72
4 73
4 74
4 76
4 87
4 90
4 92
4 93
5 7
5 8
5 9
5 10
5 11
5 13
5 14
5 17
5 18
5 22
5 24
5 25
5 26
5 27
5 28
5 29
5 33
5 35
5 38
5 39
5 40
5 41
5 42
5 44
5 45
5 47
5 48
5 50
5 54
5 61
5 63
5 64
5 65
5 67
5 70
5 72
5 75
5 78
5 79
5 80
5 82
5 83
5 84
5 86
5 87
5 89
5 92
5 93
5 97
5 99
6 7
6 8
6 9
6 10
6 11
6 13
6 16
6 19
6 20
6 23
6 26
6 28
6 30
6 32
6 35
6 36
6 37
6 38
6 39
6 42
6 43
6 45
6 49
6 53
6 55
6 60
6 63
6 65
6 69
6 70
6 72
6 73
6 74
6 79
6 83
6 84
6 88
6 91
6 92
6 95
6 97
6 98
7 11
7 12
7 15
7 17
7 24
7 27
7 29
7 33
7 35
7 37
7 38
7 39
7 40
7 44
7 46
7 51
7 52
7 54
7 55
7 57
7 58
7 61
7 63
7 65
7 66
7 67
7 68
7 69
7 71
7 72
7 74
7 75
7 78
7 81
7 83
7 84
7 85
7 87
7 89
7 90
7 92
7 94
7 96
7 98
8 9
8 12
8 17
8 18
8 19
8 20
8 21
8 23
8 24
8 25
8 26
8 28
8 30
8 31
8 33
8 34
8 36
8 37
8 39
8 40
8 41
8 42
8 44
8 45
8 48
8 52
8 56
8 58
8 59
8 60
8 62
8 63
8 67
8 70
8 71
8 72
8 74
8 75
8 77
8 78
8 79
8 80
8 83
8 92
8 97
9 11
9 13
9 17
9 18
9 19
9 21
9 23
9 24
9 26
9 27
9 28
9 30
9 31
9 32
9 37
9 38
9 43
9 46
9 48
9 49
9 53
9 55
9 57
9 59
9 60
9 63
9 64
9 65
9 69
9 70
9 71
9 72
9 73
9 74
9 76
9 78
9 80
9 81
9 83
9 84
9 86
9 89
9 90
9 91
9 92
9 93
9 95
9 96
9 98
10 12
10 13
10 15
10 16
10 18
10 19
10 20
10 22
10 23
10 25
10 26
10 28
10 32
10 40
10 42
10 48
10 49
10 52
10 54
10 57
10 59
10 63
10 66
10 68
10 71
10 72
10 73
10 75
10 77
10 78
10 79
10 81
10 84
10 85
10 86
10 89
10 91
10 92
10 93
10 94
10 96
10 97
11 13
11 18
11 20
11 21
11 25
11 27
11 29
11 30
11 31
11 32
11 33
11 34
11 35
11 36
11 37
11 39
11 41
11 42
11 43
11 44
11 45
11 48
11 51
11 52
11 62
11 63
11 72
11 75
11 76
11 77
11 79
11 81
11 87
11 89
11 91
11 92
11 93
11 95
11 96
11 97
12 19
12 21
12 23
12 24
12 25
12 26
12 28
12 29
12 32
12 34
12 35
12 36
12 37
12 40
12 41
12 45
12 46
12 47
12 49
12 50
12 51
12 52
12 54
12 56
12 57
12 59
12 60
12 64
12 65
12 66
12 68
12 70
12 73
12 74
12 78
12 79
12 82
12 83
12 86
12 87
12 88
12 89
12 91
12 92
12 94
12 96
12 97
12 98
12 99
13 14
13 16
13 20
13 23
13 28
13 29
13 30
13 32
13 34
13 36
13 37
13 41
13 42
13 43
13 46
13 47
13 48
13 49
13 50
13 51
13 52
13 53
13 55
13 56
13 57
13 58
13 59
13 61
13 63
13 69
13 70
13 74
13 75
13 80
13 83
13 84
13 86
13 87
13 88
13 91
13 93
13 94
13 95
13 96
13 97
14 19
14 24
14 25
14 31
14 33
14 34
14 39
14 44
14 45
14 46
14 50
14 54
14 56
14 57
14 58
14 61
14 62
14 64
14 68
14 70
14 71
14 73
14 74
14 75
14 77
14 79
14 80
14 86
14 89
14 91
14 92
14 97
15 19
15 21
15 22
15 25
15 26
15 27
15 29
15 31
15 36
15 37
15 38
15 41
15 42
15 43
15 44
15 46
15 47
15 50
15 52
15 55
15 56
15 57
15 59
15 66
15 67
15 72
15 73
15 74
15 75
15 76
15 80
15 81
15 82
15 83
15 90
15 91
15 94
15 95
16 17
16 19
16 20
16 21
16 24
16 26
16 28
16 30
16 31
16 32
16 33
16 35
16 36
16 40
16 42
16 43
16 44
16 47
16 48
16 49
16 51
16 52
16 53
16 55
16 56
16 57
16 59
16 60
16 64
16 65
16 66
16 69
16 72
16 73
16 75
16 77
16 79
16 80
16 81
16 83
16 84
16 85
16 86
16 89
16 91
16 95
16 96
16 97
16 99
17 18
17 19
17 20
17 24
17 26
17 27
17 28
17 30
17 37
17 38
17 39
17 41
17 42
17 43
17 44
17 46
17 48
17 49
17 59
17 63
17 65
17 66
17 69
17 71
17 72
17 74
17 75
17 76
17 77
17 78
17 79
17 83
17 84
17 85
17 87
17 88
17 89
17 90
17 91
17 93
17 97
17 98
18 19
18 20
18 22
18 25
18 26
18 30
18 32
18 34
18 37
18 40
18 42
18 43
18 48
18 49
18 50
18 56
18 58
18 59
18 61
18 63
18 66
18 68
18 69
18 73
18 81
18 82
18 83
18 84
18 87
18 89
18 90
18 93
18 96
18 99
19 20
19 21
19 24
19 25
19 27
19 30
19 31
19 32
19 33
19 34
19 36
19 37
19 45
19 46
19 48
19 54
19 55
19 56
19 58
19 60
19 61
19 62
19 63
19 64
19 68
19 69
19 70
19 72
19 77
19 80
19 81
19 84
19 85
19 86
19 87
19 88
19 89
19 90
19 91
19 94
19 96
19 99
20 21
20 23
20 26
20 27
20 29
20 30
20 31
20 32
20 33
20 35
20 38
20 39
20 42
20 44
20 49
20 50
20 51
20 52
20 54
20 55
20 57
20 65
20 66
20 68
20 71
20 75
20 77
20 79
20 84
20 85
20 87
20 88
20 90
20 91
20 92
20 95
20 98
20 99
21 23
21 25
21 26
21 27
21 28
21 32
21 33
21 35
21 36
21 37
21 38
21 40
21 43
21 44
21 49
21 50
21 51
21 53
21 54
21 55
21 60
21 61
21 64
21 66
21 68
21 69
21 70
21 71
21 72
21 74
21 76
21 77
21 79
21 81
21 82
21 91
21 92
21 93
21 96
21 98
21 99
22 24
22 26
22 27
22 28
22 33
22 35
22 37
22 38
22 42
22 43
22 44
22 46
22 47
22 50
22 52
22 53
22 54
22 55
22 59
22 61
22 64
22 65
22 68
22 70
22 71
22 72
22 73
22 75
22 76
22 78
22 81
22 82
22 83
22 85
22 89
22 93
22 95
22 96
22 97
22 98
23 25
23 26
23 27
23 28
23 29
23 32
23 33
23 35
23 38
23 39
23 40
23 41
23 44
23 45
23 47
23 48
23 49
23 50
23 51
23 52
23 53
23 54
23 55
23 59
23 60
23 61
23 62
23 65
23 67
23 68
23 69
23 71
23 72
23 74
23 76
23 77
23 79
23 81
23 82
23 83
23 85
23 87
23 89
23 94
23 99
24 28
24 30
24 32
24 34
24 35
24 36
24 39
24 40
24 43
24 44
24 46
24 49
24 51
24 52
24 53
24 54
24 58
24 59
24 62
24 65
24 66
24 67
24 68
24 69
24 72
24 74
24 81
24 82
24 84
24 86
24 89
24 90
24 92
24 93
24 94
24 95
24 96
24 97
24 98
25 28
25 30
25 32
25 34
25 35
25 36
25 37
25 40
25 41
25 42
25 43
25 48
25 49
25 52
25 57
25 58
25 59
25 60
25 61
25 62
25 63
25 65
25 68
25 73
25 75
25 77
25 79
25 80
25 82
25 83
25 85
25 86
25 87
25 88
25 89
25 90
25 93
25 95
25 97
25 98
26 27
26 28
26 29
26 33
26 35
26 36
26 38
26 41
26 42
26 43
26 45
26 50
26 51
26 52
26 54
26 56
26 60
26 61
26 64
26 65
26 69
26 70
26 71
26 72
26 74
26 75
26 78
26 80
26 82
26 83
26 85
26 87
26 89
26 90
26 91
26 96
26 98
27 29
27 32
27 35
27 38
27 40
27 42
27 43
27 49
27 50
27 51
27 52
27 56
27 59
27 60
27 61
27 65
27 66
27 67
27 68
27 72
27 73
27 76
27 78
27 80
27 82
27 83
27 88
27 89
27 90
27 91
27 92
27 96
27 97
27 98
27 99
28 30
28 31
28 35
28 39
28 40
28 41
28 42
28 50
28 53
28 54
28 55
28 56
28 58
28 60
28 61
28 66
28 67
28 69
28 71
28 72
28 75
28 80
28 83
28 86
28 88
28 89
28 90
28 94
28 95
28 96
28 97
29 31
29 33
29 34
29 37
29 40
29 41
29 42
29 43
29 44
29 49
29 51
29 54
29 56
29 59
29 60
29 61
29 64
29 65
29 67
29 70
29 73
29 74
29 79
29 86
29 91
29 92
29 93
29 95
29 99
30 33
30 35
30 37
30 39
30 40
30 44
30 46
30 47
30 49
30 52
30 54
30 56
30 58
30 61
30 66
30 67
30 69
30 71
30 72
30 73
30 75
30 76
30 79
30 83
30 87
30 89
30 98
30 99
31 34
31 35
31 41
31 44
31 45
31 47
31 49
31 50
31 54
31 56
31 57
31 59
31 60
31 61
31 62
31 65
31 68
31 69
31 70
31 71
31 72
31 76
31 77
31 80
31 82
31 84
31 87
31 89
31 91
31 93
32 33
32 35
32 38
32 41
32 43
32 45
32 47
32 48
32 49
32 50
32 54
32 55
32 56
32 58
32 64
32 65
32 66
32 67
32 68
32 69
32 72
32 73
32 75
32 79
32 83
32 91
32 94
32 96
32 97
32 98
32 99
33 35
33 36
33 37
33 39
33 40
33 42
33 43
33 44
33 45
33 46
33 48
33 49
33 50
33 51
33 52
33 56
33 58
33 59
33 60
33 61
33 62
33 64
33 65
33 66
33 67
33 68
33 71
33 72
33 76
33 78
33 79
33 82
33 83
33 84
33 88
33 93
33 95
33 97
34 40
34 41
34 45
34 47
34 48
34 49
34 50
34 51
34 54
34 56
34 57
34 63
34 72
34 73
34 74
34 75
34 76
34 77
34 79
34 80
34 87
34 88
34 90
34 92
34 93
34 96
34 97
35 38
35 39
35 41
35 44
35 45
35 47
35 50
35 51
35 52
35 53
35 54
35 56
35 59
35 60
35 61
35 63
35 64
35 65
35 66
35 68
35 71
35 73
35 77
35 82
35 83
35 84
35 86
35 87
35 88
35 92
35 93
35 95
35 97
36 38
36 40
36 41
36 42
36 46
36 47
36 48
36 50
36 51
36 55
36 57
36 58
36 61
36 63
36 68
36 73
36 75
36 77
36 80
36 81
36 84
36 85
36 87
36 92
36 94
36 95
36 98
36 99
37 38
37 39
37 43
37 44
37 46
37 49
37 50
37 54
37 55
37 56
37 57
37 61
37 62
37 63
37 71
37 72
37 73
37 75
37 76
37 78
37 82
37 84
37 85
37 86
37 87
37 88
37 95
37 97
37 98
37 99
38 43
38 44
38 45
38 47
38 50
38 51
38 53
38 54
38 55
38 61
38 64
38 67
38 69
38 71
38 72
38 73
38 75
38 80
38 82
38 83
38 84
38 86
38 87
38 89
38 90
38 92
38 94
38 95
38 97
38 98
39 44
39 45
39 46
39 49
39 50
39 51
39 52
39 53
39 54
39 56
39 60
39 64
39 66
39 68
39 69
39 70
39 72
39 73
39 76
39 77
39 78
39 79
39 81
39 85
39 87
39 88
39 90
39 91
39 95
39 96
39 97
39 99
40 41
40 42
40 44
40 45
40 46
40 48
40 49
40 50
40 51
40 57
40 58
40 59
40 60
40 63
40 65
40 66
40 67
40 70
40 71
40 74
40 75
40 78
40 80
40 82
40 85
40 86
40 88
40 90
40 94
40 95
40 97
40 98
41 43
41 48
41 52
41 53
41 56
41 57
41 59
41 60
41 61
41 68
41 69
41 70
41 72
41 73
41 75
41 78
41 79
41 81
41 82
41 83
41 88
41 90
41 91
41 92
41 95
41 97
41 98
41 99
42 43
42 44
42 45
42 49
42 52
42 56
42 58
42 59
42 60
42 64
42 65
42 66
42 70
42 71
42 72
42 73
42 74
42 75
42 78
42 81
42 83
42 86
42 87
42 89
42 91
42 92
42 95
42 98
42 99
43 44
43 45
43 46
43 49
43 52
43 56
43 57
43 58
43 60
43 61
43 62
43 63
43 64
43 67
43 68
43 71
43 74
43 76
43 81
43 84
43 85
43 86
43 87
43 91
43 92
43 93
43 95
43 97
43 99
44 45
44 46
44 47
44 51
44 54
44 55
44 56
44 57
44 59
44 60
44 64
44 65
44 66
44 69
44 70
44 75
44 76
44 80
44 85
44 86
44 89
44 90
44 91
44 93
44 98
44 99
45 48
45 51
45 52
45 53
45 57
45 58
45 61
45 62
45 63
45 64
45 68
45 69
45 70
45 71
45 76
45 77
45 78
45 83
45 84
45 85
45 86
45 87
45 88
45 91
45 94
45 96
45 98
46 49
46 50
46 55
46 56
46 60
46 62
46 63
46 64
46 65
46 66
46 68
46 69
46 70
46 71
46 74
46 75
46 81
46 84
46 86
46 91
46 93
46 94
46 96
46 99
47 49
47 50
47 53
47 55
47 56
47 57
47 58
47 59
47 62
47 63
47 65
47 66
47 67
47 71
47 72
47 73
47 75
47 78
47 80
47 81
47 87
47 88
47 91
47 93
47 94
47 95
47 97
48 49
48 53
48 54
48 55
48 56
48 57
48 59
48 62
48 63
48 65
48 66
48 67
48 68
48 71
48 72
48 73
48 75
48 77
48 79
48 81
48 82
48 83
48 86
48 89
48 91
48 94
48 95
48 97
48 98
48 99
49 53
49 56
49 57
49 59
49 61
49 62
49 63
49 67
49 68
49 69
49 70
49 71
49 74
49 76
49 78
49 80
49 83
49 85
49 86
49 88
49 89
49 91
49 92
49 93
49 94
49 95
49 98
50 54
50 55
50 56
50 58
50 61
50 63
50 64
50 65
50 66
50 67
50 68
50 73
50 74
50 75
50 82
50 83
50 84
50 85
50 87
50 93
50 95
50 98
51 56
51 57
51 58
51 59
51 63
51 64
51 67
51 68
51 70
51 71
51 72
51 73
51 74
51 75
51 77
51 78
51 80
51 84
51 85
51 86
51 87
51 88
51 91
51 92
51 94
51 96
51 99
52 54
52 55
52 58
52 60
52 61
52 62
52 63
52 64
52 66
52 68
52 70
52 71
52 73
52 76
52 77
52 78
52 79
52 84
52 90
52 91
52 92
52 95
52 96
52 97
52 98
52 99
53 54
53 56
53 58
53 63
53 64
53 66
53 67
53 70
53 71
53 72
53 73
53 75
53 77
53 83
53 86
53 87
53 91
53 92
53 95
53 96
53 99
54 55
54 56
54 58
54 59
54 60
54 61
54 62
54 64
54 66
54 67
54 68
54 69
54 70
54 71
54 77
54 79
54 80
54 82
54 85
54 87
54 92
54 93
54 94
54 98
54 99
55 58
55 59
55 60
55 61
55 65
55 68
55 70
55 73
55 77
55 78
55 79
55 81
55 82
55 83
55 85
55 87
55 89
55 92
55 93
55 94
55 95
55 97
55 98
55 99
56 57
56 59
56 60
56 62
56 65
56 66
56 67
56 68
56 69
56 73
56 74
56 81
56 82
56 84
56 92
56 94
56 95
56 99
57 59
57 61
57 62
57 65
57 66
57 67
57 70
57 71
57 72
57 73
57 74
57 75
57 79
57 80
57 81
57 82
57 84
57 85
57 87
57 90
57 91
57 92
57 94
57 95
57 97
57 98
58 61
58 63
58 66
58 67
58 69
58 72
58 75
58 80
58 81
58 83
58 84
58 85
58 89
58 91
58 92
58 95
58 96
58 97
58 98
58 99
59 62
59 64
59 66
59 68
59 72
59 73
59 74
59 75
59 76
59 77
59 78
59 80
59 81
59 83
59 88
59 96
59 97
59 99
60 65
60 66
60 68
60 71
60 72
60 73
60 77
60 79
60 82
60 83
60 84
60 87
60 90
60 91
60 92
60 98
61 63
61 64
61 66
61 68
61 72
61 73
61 78
61 80
61 83
61 84
61 87
61 88
61 93
61 94
61 95
61 99
62 63
62 64
62 66
62 70
62 71
62 72
62 73
62 76
62 80
62 82
62 83
62 84
62 86
62 87
62 88
62 89
62 94
63 64
63 65
63 66
63 68
63 69
63 70
63 74
63 75
63 77
63 78
63 79
63 80
63 83
63 84
63 85
63 86
63 87
63 92
63 94
63 96
63 97
63 98
63 99
64 65
64 66
64 67
64 69
64 70
64 72
64 73
64 75
64 76
64 79
64 84
64 85
64 88
64 90
64 92
64 93
64 95
64 96
64 97
64 98
64 99
65 66
65 67
65 68
65 70
65 73
65 74
65 76
65 77
65 78
65 79
65 81
65 82
65 83
65 85
65 87
65 89
65 91
65 96
66 69
66 74
66 75
66 79
66 80
66 81
66 82
66 87
66 88
66 89
66 91
66 93
66 95
66 99
67 71
67 72
67 74
67 75
67 77
67 78
67 79
67 81
67 82
67 86
67 87
67 89
67 90
67 92
67 93
67 96
67 98
68 74
68 76
68 79
68 80
68 81
68 82
68 84
68 86
68 88
68 89
68 95
68 96
68 97
68 99
69 71
69 73
69 74
69 75
69 77
69 78
69 80
69 81
69 85
69 87
69 89
69 90
69 91
69 92
69 93
70 73
70 74
70 81
70 82
70 83
70 84
70 85
70 86
70 87
70 88
70 89
70 90
70 91
70 94
70 95
70 98
70 99
71 73
71 74
71 77
71 81
71 83
71 87
71 89
71 90
71 91
71 92
71 93
71 94
71 95
71 96
71 98
71 99
72 75
72 77
72 78
72 79
72 83
72 87
72 88
72 89
72 90
72 93
72 96
72 97
72 99
73 74
73 79
73 80
73 81
73 82
73 83
73 84
73 86
73 87
73 88
73 91
73 92
73 94
73 95
73 97
74 76
74 77
74 78
74 79
74 80
74 83
74 88
74 89
74 91
74 94
74 99
75 76
75 80
75 81
75 82
75 84
75 85
75 86
75 87
75 89
75 91
75 93
75 95
75 98
76 78
76 81
76 82
76 92
76 93
76 94
76 95
76 96
76 97
76 99
77 80
77 81
77 86
77 87
77 88
77 91
77 93
77 94
77 97
77 98
78 82
78 85
78 86
78 88
78 94
78 95
78 98
78 99
79 81
79 82
79 84
79 85
79 87
79 88
79 90
79 95
79 99
80 83
80 85
80 87
80 92
80 93
80 94
80 95
80 97
80 98
80 99
81 83
81 84
81 85
81 87
81 88
81 89
81 92
81 99
82 84
82 86
82 87
82 88
82 90
82 91
82 92
82 96
82 97
82 98
82 99
83 85
83 87
83 88
83 89
83 90
83 92
83 93
83 94
83 96
83 98
84 85
84 86
84 88
84 90
84 93
84 95
84 97
84 99
85 86
85 87
85 88
85 90
85 91
85 93
85 95
85 97
86 89
86 91
86 92
86 93
86 95
86 96
86 98
87 88
87 89
87 90
87 93
87 99
88 89
88 90
88 91
88 92
88 93
88 94
88 97
88 99
89 91
89 92
89 93
89 95
89 96
89 97
89 98
89 99
90 96
91 92
91 93
91 94
91 97
91 99
92 94
92 95
93 94
93 95
93 96
93 98
94 95
94 98
95 96
95 99
96 97
96 99
98 99
