0 1
0 3
0 4
0 11
0 14
0 16
0 19
0 20
0 21
0 23
0 25
0 27
0 31
0 32
0 34
0 35
0 41
0 42
0 43
0 46
0 47
0 51
0 52
0 53
0 55
0 58
0 60
0 61
0 63
0 64
0 67
0 68
0 69
0 71
0 72
0 73
0 76
0 77
0 83
0 84
0 85
0 86
0 87
0 90
0 91
0 92
0 93
0 96
0 98
1 2
1 3
1 6
1 7
1 9
1 16
1 17
1 18
1 19
1 21
1 30
1 32
1 37
1 39
1 40
1 42
1 43
1 44
1 45
1 47
1 50
1 51
1 53
1 54
1 55
1 56
1 57
1 58
1 59
1 60
1 61
1 62
1 64
1 65
1 66
1 68
1 69
1 70
1 71
1 72
1 74
1 75
1 76
1 77
1 79
1 81
1 82
1 84
1 85
1 89
1 93
1 94
1 96
1 98
2 6
2 7
2 10
2 11
2 18
2 21
2 23
2 26
2 30
2 31
2 32
2 33
2 35
2 36
2 37
2 38
2 39
2 41
2 43
2 44
2 46
2 47
2 48
2 49
2 50
2 55
2 57
2 59
2 60
2 67
2 73
2 75
2 76
2 78
2 79
2 80
2 81
2 83
2 85
2 87
2 88
2 91
2 94
2 97
2 98
2 99
3 4
3 6
3 9
3 10
3 12
3 13
3 14
3 18
3 20
3 24
3 25
3 26
3 27
3 29
3 30
3 32
3 33
3 35
3 36
3 38
3 40
3 41
3 42
3 44
3 50
3 52
3 54
3 57
3 59
3 60
3 62
3 63
3 65
3 66
3 69
3 70
3 71
3 72
3 73
3 75
3 79
3 80
3 82
3 85
3 90
3 91
3 94
3 96
3 97
3 99
4 8
4 9
4 10
4 12
4 13
4 14
4 17
4 19
4 25
4 28
4 35
4 36
4 38
4 40
4 41
4 42
4 43
4 45
4 46
4 47
4 49
4 54
4 57
4 58
4 64
4 67
4 68
4 69
4 72
4 73
4 77
4 79
4 80
4 84
4 85
4 88
4 92
4 94
4 95
4 96
4 97
5 6
5 8
5 9
5 11
5 12
5 13
5 15
5 18
5 21
5 22
5 26
5 28
5 29
5 31
5 32
5 33
5 40
5 41
5 45
5 48
5 49
5 52
5 54
5 55
5 58
5 60
5 61
5 64
5 65
5 67
5 68
5 77
5 78
5 79
5 81
5 83
5 85
5 86
5 87
5 89
5 96
6 7
6 8
6 11
6 12
6 13
6 14
6 16
6 17
6 18
6 19
6 20
6 21
6 22
6 23
6 24
6 31
6 35
6 36
6 37
6 38
6 41
6 43
6 44
6 45
6 46
6 47
6 48
6 49
6 50
6 51
6 55
6 57
6 58
6 60
6 63
6 64
6 65
6 68
6 71
6 72
6 73
6 74
6 77
6 78
6 79
6 84
6 87
6 89
6 91
6 93
6 95
6 96
6 98
7 8
7 9
7 10
7 11
7 12
7 17
7 18
7 22
7 24
7 26
7 28
7 29
7 30
7 37
7 38
7 39
7 40
7 42
7 44
7 51
7 52
7 59
7 60
7 61
7 62
7 64
7 65
7 66
7 71
7 72
7 74
7 75
7 76
7 78
7 80
7 81
7 82
7 83
7 88
7 90
7 92
7 94
8 11
8 12
8 13
8 14
8 17
8 18
8 20
8 22
8 25
8 26
8 31
8 33
8 34
8 35
8 38
8 39
8 41
8 42
8 43
8 45
8 48
8 50
8 52
8 55
8 57
8 59
8 60
8 61
8 62
8 64
8 65
8 67
8 68
8 69
8 72
8 74
8 77
8 78
8 79
8 82
8 83
8 84
8 85
8 86
8 88
8 89
8 91
8 92
8 94
8 95
8 97
8 98
9 12
9 13
9 15
9 16
9 19
9 23
9 25
9 26
9 30
9 31
9 33
9 36
9 37
9 39
9 41
9 42
9 44
9 47
9 48
9 51
9 56
9 59
9 60
9 66
9 68
9 70
9 72
9 73
9 75
9 76
9 79
9 80
9 83
9 85
9 88
9 89
9 90
9 91
9 92
9 95
9 96
9 97
10 11
10 15
10 16
10 22
10 23
10 24
10 26
10 27
10 30
10 35
10 39
10 40
10 44
10 45
10 46
10 48
10 49
10 51
10 52
10 53
10 57
10 58
10 60
10 61
10 62
10 63
10 64
10 66
10 68
10 71
10 72
10 75
10 76
10 77
10 78
10 82
10 83
10 85
10 87
10 90
10 91
10 93
10 95
10 99
11 12
11 15
11 17
11 18
11 21
11 23
11 24
11 26
11 27
11 29
11 31
11 37
11 39
11 42
11 43
11 44
11 45
11 47
11 48
11 49
11 51
11 52
11 54
11 55
11 56
11 57
11 59
11 64
11 66
11 67
11 71
11 72
11 73
11 74
11 75
11 77
11 78
11 80
11 83
11 85
11 89
11 93
11 95
11 96
11 97
12 13
12 15
12 16
12 17
12 18
12 19
12 21
12 22
12 25
12 26
12 30
12 34
12 36
12 37
12 38
12 39
12 40
12 41
12 46
12 47
12 51
12 52
12 53
12 56
12 63
12 64
12 66
12 68
12 69
12 70
12 72
12 74
12 77
12 82
12 85
12 87
12 90
12 93
12 94
12 95
12 98
13 14
13 15
13 19
13 20
13 21
13 22
13 25
13 30
13 32
13 33
13 35
13 36
13 38
13 39
13 41
13 42
13 50
13 51
13 52
13 54
13 55
13 56
13 60
13 63
13 64
13 65
13 69
13 75
13 77
13 80
13 81
13 83
13 85
13 91
13 92
13 93
13 94
13 96
13 97
13 98
13 99
14 16
14 18
14 19
14 21
14 23
14 26
14 35
14 37
14 39
14 41
14 42
14 44
14 46
14 47
14 49
14 52
14 53
14 55
14 56
14 59
14 60
14 67
14 68
14 69
14 72
14 73
14 74
14 75
14 79
14 81
14 84
14 85
14 86
14 87
14 88
14 89
14 90
14 91
14 92
15 17
15 20
15 21
15 23
15 24
15 25
15 27
15 28
15 29
15 33
15 36
15 37
15 40
15 41
15 42
15 43
15 45
15 48
15 49
15 50
15 51
15 52
15 56
15 58
15 61
15 62
15 63
15 68
15 69
15 70
15 72
15 73
15 74
15 75
15 76
15 77
15 78
15 79
15 80
15 83
15 84
15 86
15 89
15 90
15 92
15 94
15 97
15 98
15 99
16 17
16 19
16 21
16 22
16 24
16 25
16 30
16 33
16 37
16 40
16 41
16 43
16 48
16 49
16 51
16 52
16 54
16 55
16 61
16 63
16 65
16 66
16 67
16 72
16 75
16 76
16 79
16 83
16 84
16 86
16 88
16 90
16 92
16 97
16 98
16 99
17 18
17 20
17 21
17 22
17 23
17 24
17 25
17 26
17 27
17 28
17 30
17 32
17 47
17 48
17 51
17 54
17 57
17 58
17 62
17 64
17 65
17 68
17 69
17 70
17 71
17 75
17 77
17 80
17 81
17 82
17 83
17 84
17 85
17 86
17 87
17 89
17 90
17 91
17 92
17 93
17 94
17 95
17 96
17 97
17 99
18 19
18 20
18 22
18 28
18 35
18 36
18 37
18 39
18 40
18 41
18 43
18 44
18 45
18 48
18 51
18 52
18 55
18 56
18 58
18 59
18 60
18 65
18 68
18 69
18 78
18 81
18 82
18 84
18 86
18 88
18 99
19 20
19 26
19 27
19 29
19 30
19 32
19 33
19 34
19 35
19 36
19 37
19 39
19 42
19 45
19 46
19 49
19 52
19 60
19 63
19 64
19 65
19 69
19 73
19 74
19 76
19 77
19 78
19 79
19 80
19 82
19 83
19 84
19 85
19 86
19 94
19 95
19 96
19 97
19 98
19 99
20 21
20 25
20 31
20 32
20 34
20 36
20 38
20 40
20 42
20 44
20 45
20 47
20 50
20 52
20 53
20 56
20 58
20 59
20 60
20 62
20 63
20 64
20 65
20 66
20 67
20 68
20 71
20 73
20 74
20 75
20 76
20 81
20 82
20 84
20 85
20 87
20 88
20 90
20 93
20 95
20 96
20 97
20 99
21 26
21 27
21 29
21 31
21 32
21 33
21 34
21 35
21 36
21 37
21 38
21 40
21 45
21 47
21 48
21 50
21 51
21 52
21 53
21 54
21 56
21 57
21 58
21 62
21 63
21 68
21 71
21 72
21 73
21 74
21 77
21 79
21 83
21 86
21 88
21 90
21 91
21 92
21 94
21 96
21 97
22 24
22 25
22 27
22 28
22 31
22 33
22 35
22 40
22 43
22 45
22 47
22 48
22 49
22 52
22 53
22 54
22 57
22 58
22 59
22 60
22 62
22 64
22 67
22 70
22 71
22 72
22 74
22 75
22 76
22 77
22 78
22 79
22 81
22 82
22 85
22 87
22 88
22 89
22 90
22 91
22 94
22 95
22 97
22 98
23 25
23 26
23 30
23 32
23 33
23 35
23 36
23 37
23 39
23 40
23 46
23 49
23 53
23 54
23 55
23 56
23 62
23 64
23 69
23 70
23 71
23 76
23 78
23 80
23 81
23 82
23 84
23 87
23 89
23 90
23 91
23 92
23 94
23 96
23 98
23 99
24 25
24 26
24 27
24 28
24 32
24 33
24 34
24 35
24 39
24 41
24 42
24 43
24 47
24 51
24 53
24 55
24 56
24 57
24 60
24 63
24 64
24 68
24 69
24 70
24 71
24 73
24 76
24 77
24 78
24 79
24 80
24 89
24 95
24 96
24 98
25 26
25 27
25 28
25 33
25 36
25 37
25 38
25 39
25 41
25 42
25 44
25 46
25 47
25 48
25 49
25 53
25 54
25 55
25 57
25 59
25 61
25 62
25 64
25 65
25 66
25 69
25 71
25 72
25 73
25 74
25 75
25 77
25 80
25 86
25 88
25 89
25 90
25 91
25 93
25 94
25 97
26 28
26 31
26 32
26 33
26 34
26 36
26 38
26 39
26 40
26 41
26 42
26 43
26 44
26 45
26 46
26 47
26 52
26 57
26 60
26 62
26 63
26 68
26 70
26 71
26 73
26 74
26 78
26 79
26 81
26 82
26 88
26 89
26 92
26 95
26 97
26 98
26 99
27 28
27 29
27 31
27 37
27 39
27 40
27 47
27 48
27 51
27 52
27 58
27 59
27 62
27 63
27 64
27 71
27 72
27 73
27 74
27 75
27 76
27 77
27 79
27 85
27 88
27 91
27 93
27 96
27 99
28 29
28 33
28 34
28 38
28 39
28 40
28 41
28 44
28 51
28 56
28 57
28 58
28 59
28 61
28 63
28 65
28 66
28 70
28 71
28 72
28 73
28 75
28 76
28 80
28 81
28 82
28 83
28 85
28 87
28 88
28 89
28 90
28 93
28 96
28 97
28 99
29 35
29 37
29 39
29 40
29 41
29 42
29 43
29 44
29 45
29 47
29 48
29 52
29 53
29 54
29 59
29 60
29 61
29 62
29 63
29 64
29 65
29 71
29 75
29 81
29 83
29 86
29 87
29 88
29 90
29 92
29 95
29 99
30 31
30 32
30 36
30 37
30 38
30 45
30 47
30 48
30 49
30 50
30 51
30 52
30 57
30 58
30 60
30 68
30 70
30 71
30 72
30 73
30 75
30 77
30 81
30 82
30 84
30 85
30 88
30 89
30 90
30 91
30 93
30 94
30 95
31 32
31 34
31 35
31 36
31 37
31 41
31 42
31 44
31 45
31 49
31 50
31 52
31 55
31 64
31 68
31 70
31 71
31 77
31 78
31 82
31 83
31 84
31 85
31 90
31 91
31 92
31 93
31 95
31 96
31 97
31 98
32 34
32 35
32 38
32 40
32 43
32 44
32 45
32 46
32 47
32 48
32 50
32 53
32 54
32 56
32 60
32 64
32 65
32 66
32 67
32 71
32 72
32 74
32 78
32 82
32 83
32 84
32 87
32 89
32 92
32 93
32 95
32 96
33 35
33 37
33 39
33 40
33 44
33 45
33 46
33 47
33 52
33 53
33 55
33 56
33 57
33 63
33 65
33 66
33 67
33 70
33 71
33 73
33 75
33 76
33 77
33 79
33 82
33 85
33 86
33 88
33 89
33 92
33 95
33 98
34 35
34 37
34 39
34 40
34 41
34 44
34 45
34 48
34 49
34 54
34 56
34 58
34 62
34 65
34 66
34 68
34 70
34 71
34 75
34 76
34 78
34 80
34 82
34 83
34 86
34 88
34 89
34 93
34 97
34 98
34 99
35 37
35 39
35 40
35 42
35 43
35 46
35 47
35 50
35 51
35 53
35 54
35 57
35 59
35 60
35 61
35 64
35 65
35 66
35 67
35 68
35 70
35 72
35 74
35 76
35 77
35 79
35 81
35 82
35 83
35 85
35 86
35 88
35 89
35 93
35 94
35 95
35 96
35 98
36 37
36 39
36 41
36 47
36 48
36 51
36 54
36 55
36 58
36 59
36 61
36 62
36 67
36 68
36 69
36 70
36 71
36 73
36 75
36 76
36 78
36 79
36 80
36 81
36 83
36 84
36 85
36 87
36 90
36 92
36 93
36 94
36 96
36 98
36 99
37 39
37 43
37 46
37 47
37 48
37 52
37 54
37 56
37 59
37 60
37 61
37 62
37 63
37 64
37 65
37 66
37 67
37 68
37 69
37 72
37 73
37 74
37 78
37 83
37 86
37 91
37 92
37 93
37 94
37 95
37 96
37 99
38 39
38 41
38 44
38 45
38 46
38 48
38 49
38 52
38 53
38 54
38 55
38 66
38 67
38 71
38 73
38 74
38 81
38 82
38 83
38 88
38 90
38 93
38 94
38 97
38 98
39 45
39 46
39 47
39 51
39 53
39 54
39 57
39 60
39 66
39 67
39 69
39 72
39 73
39 74
39 75
39 76
39 77
39 81
39 82
39 92
39 93
39 94
39 97
39 98
39 99
40 41
40 42
40 43
40 45
40 46
40 48
40 49
40 53
40 55
40 61
40 64
40 65
40 69
40 72
40 73
40 76
40 77
40 79
40 80
40 82
40 85
40 91
40 92
40 94
40 96
40 97
40 99
41 43
41 44
41 45
41 46
41 47
41 49
41 52
41 54
41 55
41 56
41 57
41 66
41 72
41 74
41 75
41 76
41 80
41 81
41 83
41 84
41 85
41 89
41 90
41 91
41 95
41 99
42 44
42 48
42 52
42 55
42 56
42 57
42 59
42 62
42 64
42 65
42 66
42 68
42 69
42 71
42 75
42 77
42 78
42 79
42 80
42 82
42 84
42 86
42 88
42 92
42 93
42 95
42 96
42 97
43 44
43 46
43 48
43 54
43 55
43 56
43 58
43 59
43 60
43 61
43 62
43 63
43 64
43 65
43 66
43 69
43 73
43 74
43 77
43 78
43 80
43 81
43 85
43 86
43 87
43 96
43 97
43 98
43 99
44 46
44 50
44 51
44 52
44 53
44 58
44 61
44 63
44 66
44 68
44 71
44 75
44 76
44 77
44 85
44 87
44 90
44 95
44 98
45 46
45 47
45 50
45 52
45 53
45 55
45 59
45 61
45 62
45 63
45 64
45 66
45 67
45 68
45 69
45 70
45 73
45 75
45 76
45 77
45 78
45 79
45 80
45 86
45 88
45 91
45 92
45 95
45 96
45 97
45 98
46 47
46 48
46 49
46 50
46 52
46 54
46 55
46 58
46 63
46 64
46 67
46 68
46 69
46 70
46 73
46 77
46 78
46 83
46 85
46 86
46 90
46 92
46 98
47 49
47 51
47 52
47 54
47 57
47 58
47 63
47 65
47 69
47 71
47 73
47 75
47 77
47 79
47 80
47 81
47 84
47 87
47 90
47 92
47 93
47 96
47 98
47 99
48 50
48 51
48 52
48 57
48 58
48 59
48 60
48 61
48 67
48 68
48 69
48 70
48 72
48 75
48 76
48 77
48 80
48 81
48 82
48 84
48 86
48 87
48 89
48 91
48 94
48 95
48 96
48 97
48 98
48 99
49 50
49 51
49 52
49 54
49 55
49 56
49 58
49 59
49 60
49 62
49 63
49 65
49 72
49 74
49 79
49 80
49 82
49 84
49 85
49 87
49 88
49 91
49 93
49 94
49 98
49 99
50 53
50 54
50 55
50 58
50 60
50 62
50 63
50 66
50 68
50 69
50 71
50 72
50 75
50 77
50 78
50 79
50 80
50 81
50 82
50 84
50 86
50 88
50 89
50 91
50 92
50 99
51 52
51 53
51 54
51 55
51 56
51 58
51 60
51 61
51 62
51 63
51 64
51 65
51 67
51 69
51 70
51 73
51 75
51 76
51 77
51 78
51 79
51 83
51 88
51 92
51 94
51 96
51 97
51 98
51 99
52 53
52 56
52 57
52 59
52 62
52 65
52 66
52 68
52 69
52 73
52 74
52 77
52 83
52 84
52 85
52 88
52 92
52 93
52 95
52 96
52 98
53 55
53 58
53 61
53 63
53 64
53 65
53 67
53 70
53 71
53 72
53 73
53 79
53 80
53 81
53 85
53 87
53 90
53 91
53 94
53 96
53 97
53 98
54 55
54 57
54 58
54 59
54 61
54 62
54 64
54 65
54 67
54 68
54 69
54 70
54 75
54 77
54 79
54 83
54 84
54 85
54 87
54 88
54 91
54 92
54 96
54 97
54 98
54 99
55 58
55 59
55 60
55 62
55 64
55 68
55 71
55 73
55 75
55 76
55 77
55 80
55 81
55 82
55 83
55 84
55 87
55 89
55 90
55 91
55 93
55 94
55 97
55 98
55 99
56 57
56 58
56 59
56 61
56 62
56 67
56 68
56 69
56 70
56 71
56 72
56 73
56 74
56 76
56 77
56 82
56 84
56 85
56 86
56 87
56 88
56 90
56 92
56 94
56 95
56 96
56 98
57 59
57 61
57 62
57 65
57 66
57 69
57 71
57 75
57 79
57 83
57 84
57 85
57 86
57 88
57 89
58 59
58 61
58 66
58 67
58 69
58 70
58 71
58 72
58 73
58 74
58 75
58 76
58 77
58 84
58 87
58 91
58 95
58 97
59 61
59 63
59 64
59 66
59 67
59 69
59 72
59 77
59 80
59 81
59 88
59 92
59 93
59 94
59 95
59 97
59 99
60 64
60 65
60 67
60 68
60 71
60 74
60 77
60 80
60 81
60 82
60 85
60 86
60 88
60 89
60 91
60 94
60 95
60 99
61 62
61 63
61 64
61 65
61 66
61 68
61 71
61 72
61 73
61 74
61 75
61 76
61 77
61 79
61 80
61 82
61 84
61 87
61 89
61 90
61 91
61 94
61 97
62 63
62 64
62 65
62 68
62 70
62 73
62 74
62 75
62 78
62 80
62 82
62 83
62 84
62 87
62 93
62 97
62 98
63 64
63 65
63 68
63 69
63 70
63 75
63 77
63 83
63 84
63 87
63 88
63 89
63 90
63 91
63 92
63 93
63 94
63 95
63 97
64 65
64 69
64 70
64 72
64 77
64 78
64 80
64 82
64 83
64 85
64 87
64 89
64 91
64 92
64 93
64 95
64 96
64 97
64 98
65 66
65 67
65 68
65 69
65 70
65 72
65 74
65 75
65 76
65 82
65 87
65 88
65 89
65 90
65 92
65 93
65 94
65 96
65 98
66 68
66 69
66 70
66 71
66 72
66 73
66 76
66 78
66 79
66 80
66 84
66 86
66 87
66 89
66 91
66 95
66 96
66 99
67 68
67 69
67 70
67 71
67 74
67 76
67 81
67 82
67 83
67 87
67 90
67 93
67 95
67 99
68 69
68 71
68 74
68 75
68 76
68 82
68 84
68 85
68 89
68 91
68 92
68 93
68 95
68 97
68 98
69 70
69 71
69 72
69 74
69 75
69 76
69 82
69 83
69 84
69 85
69 88
69 89
69 90
69 91
69 93
69 94
69 97
69 99
70 72
70 75
70 76
70 79
70 80
70 82
70 86
70 90
70 92
70 93
70 96
71 72
71 74
71 76
71 78
71 79
71 80
71 81
71 82
71 83
71 87
71 89
71 90
71 95
71 97
71 98
71 99
72 73
72 77
72 78
72 79
72 81
72 82
72 87
72 88
72 90
72 92
72 93
72 94
72 96
72 98
72 99
73 76
73 77
73 79
73 82
73 84
73 87
73 89
73 90
73 91
73 92
73 93
73 94
73 95
73 96
74 76
74 78
74 79
74 81
74 82
74 85
74 86
74 87
74 90
74 91
74 92
74 96
74 99
75 76
75 79
75 81
75 83
75 86
75 87
75 89
75 93
75 94
75 95
75 96
75 97
75 99
76 79
76 80
76 81
76 83
76 85
76 87
76 88
76 89
76 90
76 91
76 93
76 94
76 97
76 98
77 78
77 80
77 83
77 84
77 85
77 87
77 88
77 89
77 91
77 92
77 93
77 95
77 97
77 99
78 79
78 80
78 81
78 82
78 85
78 88
78 89
78 90
78 91
78 93
78 95
78 97
79 80
79 81
79 83
79 84
79 85
79 86
79 88
79 90
79 91
79 93
79 94
79 97
79 98
80 81
80 82
80 83
80 88
80 89
80 90
80 92
80 94
80 95
80 97
80 98
81 82
81 83
81 84
81 85
81 90
81 92
81 93
81 94
81 95
81 96
81 98
81 99
82 83
82 86
82 88
82 90
82 91
82 93
82 95
82 96
82 99
83 84
83 88
83 97
84 86
84 89
84 90
84 91
84 95
84 96
84 99
85 86
85 89
85 92
85 93
85 97
86 87
86 88
86 92
86 93
86 94
86 95
86 96
86 97
86 98
86 99
87 90
87 91
87 92
87 94
87 95
87 96
87 98
87 99
88 89
88 91
88 92
88 93
88 94
88 97
88 98
88 99
89 90
89 92
89 93
89 94
89 96
89 97
90 94
90 96
91 92
91 94
91 95
91 97
91 98
92 94
92 95
92 96
92 97
92 99
93 95
93 96
93 98
94 95
94 96
94 98
95 98
95 99
96 97
96 99
97 99
98 99
