0 1
0 3
0 7
0 8
0 10
0 11
0 13
0 14
0 15
0 16
0 17
0 19
0 24
0 30
0 32
0 33
0 35
0 36
0 37
0 42
0 43
0 45
0 48
0 50
0 52
0 53
0 54
0 55
0 56
0 57
0 62
0 63
0 64
0 65
0 66
0 67
0 71
0 72
0 77
0 79
0 81
0 82
0 87
0 92
0 93
0 94
0 98
1 2
1 3
1 9
1 12
1 15
1 18
1 20
1 22
1 24
1 25
1 30
1 31
1 32
1 34
1 36
1 37
1 38
1 40
1 42
1 44
1 45
1 46
1 49
1 51
1 53
1 55
1 56
1 57
1 58
1 59
1 60
1 61
1 62
1 64
1 65
1 67
1 69
1 70
1 71
1 76
1 78
1 80
1 83
1 85
1 86
1 88
1 90
1 95
1 98
1 99
2 3
2 6
2 13
2 15
2 17
2 20
2 23
2 26
2 28
2 29
2 30
2 33
2 34
2 35
2 38
2 43
2 45
2 46
2 49
2 50
2 51
2 53
2 55
2 56
2 58
2 60
2 64
2 66
2 67
2 68
2 72
2 74
2 76
2 77
2 79
2 80
2 81
2 83
2 84
2 87
2 90
2 91
2 95
2 96
2 99
3 7
3 8
3 9
3 11
3 15
3 16
3 17
3 18
3 19
3 21
3 24
3 25
3 26
3 30
3 34
3 35
3 36
3 39
3 40
3 41
3 42
3 43
3 45
3 46
3 49
3 51
3 52
3 53
3 54
3 57
3 58
3 69
3 72
3 73
3 75
3 76
3 77
3 78
3 81
3 83
3 85
3 87
3 88
3 89
3 90
3 91
3 92
3 93
3 94
3 96
3 98
3 99
4 5
4 7
4 8
4 9
4 10
4 14
4 15
4 20
4 23
4 25
4 30
4 31
4 33
4 35
4 36
4 37
4 38
4 41
4 44
4 45
4 46
4 52
4 53
4 54
4 55
4 56
4 59
4 60
4 63
4 65
4 68
4 69
4 71
4 73
4 74
4 75
4 76
4 77
4 79
4 80
4 86
4 87
4 88
4 89
4 93
4 94
4 95
4 96
4 97
4 99
5 7
5 9
5 10
5 11
5 13
5 14
5 15
5 18
5 22
5 24
5 25
5 26
5 27
5 35
5 37
5 42
5 46
5 47
5 49
5 50
5 51
5 54
5 57
5 61
5 62
5 65
5 66
5 69
5 70
5 73
5 75
5 76
5 77
5 78
5 79
5 82
5 85
5 86
5 88
5 90
5 91
5 92
5 93
5 94
5 95
5 96
6 8
6 9
6 10
6 12
6 14
6 16
6 21
6 24
6 28
6 30
6 31
6 34
6 35
6 38
6 40
6 44
6 51
6 56
6 57
6 58
6 63
6 64
6 67
6 68
6 71
6 72
6 73
6 74
6 75
6 76
6 77
6 78
6 80
6 83
6 86
6 88
6 95
6 96
6 98
6 99
7 9
7 11
7 13
7 19
7 25
7 27
7 30
7 31
7 32
7 33
7 35
7 36
7 37
7 38
7 43
7 44
7 47
7 49
7 51
7 53
7 54
7 57
7 62
7 63
7 64
7 69
7 72
7 74
7 76
7 77
7 81
7 85
7 90
7 91
7 93
7 94
7 96
7 97
8 12
8 14
8 15
8 17
8 19
8 21
8 22
8 25
8 27
8 29
8 32
8 34
8 35
8 36
8 38
8 47
8 48
8 50
8 51
8 52
8 53
8 54
8 56
8 57
8 58
8 59
8 61
8 62
8 63
8 64
8 66
8 68
8 69
8 71
8 72
8 74
8 76
8 79
8 80
8 81
8 83
8 84
8 86
8 88
8 91
8 93
8 95
9 10
9 12
9 13
9 14
9 15
9 16
9 18
9 19
9 20
9 22
9 23
9 25
9 26
9 27
9 28
9 31
9 33
9 34
9 36
9 38
9 43
9 45
9 48
9 50
9 54
9 58
9 60
9 63
9 65
9 66
9 68
9 70
9 76
9 78
9 79
9 80
9 81
9 83
9 84
9 85
9 86
9 87
9 88
9 90
9 91
9 92
9 95
9 96
9 97
10 11
10 14
10 15
10 16
10 17
10 19
10 20
10 22
10 26
10 27
10 28
10 31
10 34
10 36
10 37
10 42
10 43
10 45
10 46
10 49
10 50
10 54
10 55
10 56
10 61
10 63
10 66
10 67
10 71
10 72
10 73
10 76
10 77
10 79
10 80
10 82
10 83
10 84
10 86
10 87
10 88
10 91
10 95
10 96
10 98
10 99
11 14
11 15
11 16
11 18
11 20
11 23
11 24
11 27
11 28
11 30
11 36
11 37
11 38
11 39
11 40
11 46
11 49
11 50
11 54
11 55
11 56
11 57
11 60
11 62
11 63
11 65
11 78
11 82
11 83
11 84
11 85
11 89
11 91
11 98
11 99
12 13
12 15
12 18
12 21
12 22
12 24
12 26
12 27
12 28
12 34
12 35
12 37
12 38
12 40
12 41
12 43
12 51
12 55
12 57
12 58
12 61
12 65
12 67
12 68
12 69
12 70
12 72
12 75
12 76
12 77
12 80
12 82
12 85
12 89
12 93
12 95
12 96
12 97
12 99
13 14
13 17
13 20
13 21
13 25
13 30
13 31
13 34
13 35
13 37
13 38
13 39
13 41
13 44
13 46
13 47
13 48
13 49
13 51
13 54
13 57
13 60
13 62
13 66
13 69
13 70
13 71
13 72
13 73
13 76
13 78
13 81
13 82
13 85
13 87
13 91
13 92
13 93
13 94
13 95
13 96
13 97
13 99
14 16
14 17
14 19
14 20
14 21
14 22
14 23
14 27
14 29
14 32
14 35
14 39
14 40
14 43
14 46
14 51
14 52
14 53
14 54
14 56
14 61
14 62
14 66
14 67
14 69
14 70
14 71
14 72
14 76
14 77
14 79
14 81
14 83
14 84
14 86
14 87
14 89
14 91
14 92
14 93
14 94
14 95
14 96
14 98
15 17
15 20
15 21
15 22
15 23
15 24
15 25
15 26
15 27
15 29
15 32
15 38
15 39
15 40
15 42
15 43
15 47
15 51
15 53
15 54
15 58
15 60
15 62
15 63
15 64
15 70
15 71
15 72
15 74
15 75
15 76
15 77
15 78
15 83
15 84
15 86
15 88
15 91
15 93
15 95
15 96
15 99
16 17
16 18
16 21
16 23
16 24
16 26
16 31
16 32
16 33
16 34
16 37
16 38
16 40
16 41
16 42
16 44
16 46
16 50
16 53
16 57
16 58
16 59
16 61
16 63
16 64
16 67
16 69
16 70
16 71
16 72
16 74
16 76
16 78
16 81
16 82
16 83
16 86
16 87
16 88
16 89
16 90
16 91
16 95
16 98
17 18
17 19
17 24
17 28
17 30
17 32
17 33
17 34
17 35
17 36
17 39
17 40
17 41
17 46
17 48
17 49
17 51
17 52
17 55
17 58
17 59
17 61
17 62
17 65
17 66
17 67
17 69
17 70
17 71
17 73
17 74
17 77
17 78
17 79
17 81
17 84
17 86
17 87
17 88
17 89
17 91
17 92
17 96
17 97
18 19
18 20
18 25
18 29
18 30
18 32
18 35
18 38
18 41
18 45
18 46
18 47
18 49
18 51
18 52
18 53
18 54
18 56
18 58
18 59
18 60
18 65
18 67
18 69
18 72
18 73
18 74
18 82
18 83
18 87
18 88
18 89
18 90
18 91
18 92
18 93
18 96
18 97
18 98
19 20
19 26
19 28
19 29
19 32
19 33
19 36
19 37
19 40
19 42
19 45
19 48
19 50
19 60
19 64
19 65
19 66
19 68
19 69
19 70
19 72
19 74
19 77
19 78
19 80
19 81
19 82
19 84
19 85
19 89
19 90
19 91
19 92
19 94
19 96
19 99
20 21
20 23
20 25
20 26
20 28
20 29
20 31
20 36
20 37
20 38
20 40
20 41
20 44
20 45
20 47
20 49
20 50
20 53
20 54
20 55
20 56
20 58
20 59
20 61
20 62
20 63
20 64
20 65
20 69
20 70
20 71
20 73
20 77
20 79
20 80
20 82
20 88
20 91
20 92
20 93
20 94
20 95
20 96
20 97
20 99
21 23
21 24
21 27
21 29
21 31
21 32
21 33
21 35
21 36
21 45
21 51
21 52
21 53
21 55
21 57
21 58
21 64
21 67
21 69
21 70
21 79
21 80
21 82
21 84
21 88
21 89
21 91
21 93
21 94
21 96
21 98
21 99
22 24
22 26
22 27
22 28
22 32
22 34
22 37
22 39
22 40
22 42
22 44
22 45
22 46
22 49
22 50
22 52
22 55
22 56
22 62
22 64
22 65
22 67
22 68
22 69
22 72
22 74
22 75
22 77
22 80
22 81
22 82
22 85
22 87
22 89
22 90
22 91
22 93
22 95
22 96
22 97
22 98
22 99
23 25
23 32
23 34
23 36
23 38
23 39
23 40
23 41
23 48
23 49
23 53
23 54
23 58
23 59
23 60
23 62
23 63
23 64
23 65
23 66
23 67
23 69
23 70
23 71
23 72
23 75
23 77
23 80
23 82
23 83
23 85
23 91
23 95
23 96
23 97
23 98
24 26
24 27
24 30
24 31
24 36
24 37
24 39
24 44
24 46
24 49
24 50
24 51
24 52
24 53
24 56
24 60
24 61
24 62
24 63
24 64
24 65
24 66
24 67
24 69
24 70
24 72
24 74
24 75
24 76
24 77
24 78
24 85
24 91
24 92
24 95
24 97
24 99
25 26
25 27
25 28
25 29
25 30
25 36
25 37
25 40
25 41
25 44
25 45
25 47
25 48
25 49
25 53
25 56
25 57
25 59
25 65
25 68
25 73
25 74
25 75
25 78
25 79
25 80
25 83
25 86
25 89
25 90
25 91
25 92
25 93
25 94
25 96
25 98
26 31
26 34
26 39
26 40
26 42
26 43
26 44
26 45
26 47
26 48
26 49
26 50
26 52
26 55
26 56
26 57
26 59
26 61
26 62
26 63
26 65
26 71
26 75
26 76
26 80
26 81
26 83
26 86
26 88
26 89
26 90
26 91
26 96
26 97
26 99
27 29
27 30
27 32
27 35
27 37
27 39
27 40
27 42
27 46
27 48
27 50
27 51
27 52
27 56
27 57
27 59
27 61
27 62
27 63
27 64
27 66
27 67
27 68
27 69
27 70
27 71
27 72
27 73
27 78
27 79
27 82
27 83
27 84
27 85
27 87
27 91
27 92
27 93
27 94
27 96
27 97
28 29
28 31
28 33
28 34
28 37
28 39
28 40
28 42
28 45
28 46
28 48
28 51
28 56
28 60
28 64
28 66
28 67
28 68
28 70
28 71
28 72
28 75
28 76
28 77
28 78
28 80
28 81
28 82
28 83
28 86
28 88
28 93
28 94
28 96
28 98
29 30
29 33
29 34
29 35
29 36
29 37
29 38
29 42
29 45
29 46
29 48
29 49
29 50
29 52
29 53
29 55
29 57
29 58
29 59
29 62
29 63
29 64
29 65
29 66
29 67
29 69
29 73
29 75
29 76
29 79
29 82
29 84
29 85
29 87
29 88
29 90
29 91
29 93
29 94
29 96
29 97
29 98
30 32
30 33
30 34
30 40
30 44
30 45
30 46
30 48
30 50
30 51
30 58
30 60
30 61
30 66
30 67
30 68
30 73
30 74
30 75
30 77
30 78
30 79
30 80
30 81
30 82
30 83
30 84
30 85
30 89
30 90
30 91
30 95
31 36
31 38
31 39
31 40
31 45
31 50
31 51
31 52
31 55
31 57
31 58
31 60
31 62
31 65
31 66
31 71
31 74
31 77
31 79
31 80
31 81
31 82
31 84
31 85
31 87
31 88
31 91
31 92
31 94
31 95
31 97
31 98
31 99
32 33
32 36
32 38
32 40
32 41
32 44
32 45
32 47
32 48
32 49
32 51
32 52
32 53
32 54
32 57
32 58
32 60
32 61
32 65
32 67
32 68
32 69
32 73
32 74
32 76
32 77
32 80
32 83
32 84
32 85
32 86
32 87
32 90
32 91
32 93
32 94
32 95
32 97
32 98
33 36
33 38
33 42
33 43
33 45
33 46
33 49
33 51
33 54
33 55
33 56
33 61
33 64
33 65
33 74
33 75
33 79
33 81
33 86
33 88
33 89
33 98
33 99
34 36
34 38
34 39
34 40
34 43
34 44
34 47
34 49
34 53
34 54
34 55
34 56
34 58
34 59
34 61
34 62
34 64
34 66
34 67
34 73
34 74
34 76
34 81
34 83
34 84
34 88
34 89
34 91
34 92
34 94
34 96
34 97
35 37
35 38
35 40
35 41
35 44
35 45
35 48
35 49
35 52
35 53
35 54
35 57
35 61
35 63
35 64
35 65
35 66
35 69
35 71
35 72
35 76
35 77
35 78
35 79
35 86
35 88
35 90
35 92
35 94
35 95
35 97
36 39
36 40
36 46
36 47
36 48
36 49
36 56
36 57
36 61
36 62
36 65
36 66
36 67
36 68
36 70
36 72
36 74
36 75
36 80
36 81
36 83
36 85
36 87
36 88
36 91
36 94
36 95
36 96
36 97
36 99
37 38
37 40
37 41
37 42
37 46
37 47
37 50
37 51
37 52
37 53
37 58
37 61
37 63
37 64
37 68
37 71
37 74
37 75
37 78
37 79
37 85
37 86
37 90
37 92
37 93
37 95
38 39
38 43
38 44
38 46
38 47
38 48
38 52
38 54
38 57
38 59
38 60
38 61
38 62
38 65
38 66
38 67
38 70
38 71
38 72
38 73
38 77
38 79
38 81
38 85
38 86
38 88
38 89
38 91
38 92
38 93
38 94
38 99
39 41
39 43
39 44
39 46
39 50
39 53
39 56
39 58
39 59
39 60
39 62
39 67
39 69
39 77
39 78
39 79
39 85
39 95
39 96
40 41
40 42
40 44
40 45
40 47
40 49
40 50
40 51
40 52
40 53
40 55
40 57
40 59
40 60
40 61
40 62
40 63
40 64
40 67
40 69
40 72
40 73
40 74
40 75
40 76
40 79
40 81
40 85
40 88
40 89
40 94
40 99
41 42
41 44
41 47
41 48
41 51
41 52
41 55
41 58
41 59
41 61
41 62
41 63
41 64
41 65
41 66
41 67
41 68
41 70
41 71
41 72
41 73
41 75
41 76
41 79
41 80
41 81
41 82
41 85
41 92
41 96
41 98
41 99
42 43
42 44
42 47
42 48
42 51
42 57
42 58
42 59
42 60
42 61
42 64
42 65
42 68
42 69
42 70
42 73
42 76
42 78
42 79
42 82
42 85
42 89
42 90
42 95
42 97
42 98
42 99
43 44
43 47
43 49
43 50
43 55
43 59
43 60
43 61
43 63
43 64
43 66
43 69
43 70
43 71
43 73
43 75
43 78
43 79
43 80
43 83
43 84
43 87
43 91
43 93
43 96
43 97
43 99
44 47
44 53
44 54
44 55
44 57
44 58
44 60
44 63
44 67
44 69
44 73
44 75
44 79
44 82
44 83
44 84
44 85
44 87
44 88
44 89
44 90
44 93
44 95
44 96
44 97
44 98
44 99
45 47
45 48
45 51
45 53
45 56
45 59
45 60
45 62
45 63
45 68
45 69
45 70
45 72
45 77
45 80
45 81
45 82
45 84
45 85
45 86
45 87
45 88
45 90
45 93
45 96
45 99
46 48
46 49
46 51
46 52
46 53
46 56
46 60
46 61
46 62
46 64
46 66
46 69
46 71
46 76
46 78
46 79
46 82
46 84
46 86
46 87
46 88
46 90
46 92
46 93
46 94
46 96
46 97
46 98
46 99
47 48
47 51
47 52
47 53
47 55
47 57
47 58
47 59
47 61
47 62
47 63
47 64
47 65
47 67
47 68
47 69
47 70
47 72
47 75
47 77
47 78
47 84
47 86
47 87
47 89
47 90
47 91
47 92
47 93
47 94
47 95
47 96
48 55
48 56
48 58
48 59
48 61
48 64
48 66
48 70
48 71
48 72
48 73
48 77
48 79
48 84
48 85
48 90
48 91
48 92
48 93
48 97
48 99
49 50
49 52
49 53
49 63
49 67
49 69
49 70
49 72
49 76
49 79
49 81
49 85
49 86
49 87
49 88
49 89
49 91
49 92
49 93
49 95
49 98
50 51
50 52
50 54
50 55
50 56
50 57
50 58
50 60
50 70
50 71
50 72
50 73
50 76
50 78
50 79
50 82
50 83
50 85
50 88
50 89
50 91
50 92
50 95
50 96
50 97
50 99
51 52
51 56
51 57
51 58
51 60
51 62
51 64
51 66
51 67
51 68
51 71
51 74
51 79
51 82
51 87
51 88
51 89
51 91
51 95
51 98
52 53
52 54
52 56
52 58
52 60
52 61
52 63
52 64
52 68
52 72
52 73
52 75
52 77
52 78
52 79
52 81
52 83
52 87
52 89
52 90
52 91
52 93
52 94
52 97
52 98
53 54
53 55
53 56
53 57
53 63
53 64
53 65
53 66
53 74
53 75
53 79
53 80
53 82
53 85
53 89
53 90
53 93
53 97
53 98
53 99
54 57
54 61
54 62
54 63
54 65
54 66
54 67
54 72
54 73
54 74
54 75
54 77
54 79
54 87
54 88
54 89
54 93
54 94
54 97
55 57
55 58
55 59
55 62
55 65
55 66
55 67
55 68
55 72
55 73
55 74
55 77
55 79
55 80
55 83
55 86
55 87
55 89
55 91
55 92
55 93
55 94
55 97
56 57
56 59
56 60
56 61
56 63
56 67
56 69
56 71
56 72
56 74
56 75
56 76
56 79
56 81
56 82
56 83
56 85
56 86
56 88
56 91
56 94
56 95
56 96
56 97
57 58
57 59
57 60
57 61
57 66
57 67
57 68
57 72
57 74
57 75
57 76
57 79
57 80
57 83
57 84
57 85
57 86
57 87
57 88
57 90
57 91
57 93
57 96
57 97
57 99
58 61
58 63
58 67
58 68
58 70
58 71
58 73
58 74
58 76
58 79
58 80
58 81
58 82
58 84
58 85
58 86
58 91
58 92
58 93
58 96
58 97
59 60
59 61
59 62
59 63
59 64
59 68
59 69
59 73
59 74
59 75
59 77
59 85
59 86
59 88
59 97
59 99
60 61
60 62
60 63
60 67
60 69
60 77
60 79
60 81
60 86
60 93
60 94
60 95
60 97
60 99
61 65
61 67
61 69
61 71
61 72
61 73
61 77
61 80
61 81
61 84
61 87
61 88
61 89
61 90
61 96
61 97
61 98
62 63
62 65
62 67
62 68
62 70
62 72
62 73
62 75
62 76
62 77
62 80
62 83
62 85
62 87
62 89
62 90
62 94
63 65
63 67
63 70
63 73
63 75
63 77
63 79
63 81
63 83
63 86
63 87
63 93
63 95
63 96
64 67
64 74
64 77
64 80
64 81
64 83
64 84
64 85
64 86
64 92
64 93
64 95
64 96
64 97
64 98
64 99
65 66
65 68
65 69
65 70
65 75
65 78
65 79
65 80
65 83
65 90
65 91
65 94
65 97
65 98
66 70
66 71
66 73
66 74
66 76
66 86
66 89
66 90
66 92
66 93
66 95
67 68
67 72
67 74
67 75
67 76
67 77
67 79
67 80
67 82
67 83
67 86
67 90
67 95
67 98
67 99
68 70
68 71
68 72
68 73
68 77
68 78
68 80
68 84
68 85
68 86
68 88
68 89
68 90
68 92
68 96
68 98
69 73
69 76
69 77
69 78
69 79
69 80
69 81
69 83
69 85
69 87
69 97
69 98
70 71
70 72
70 73
70 77
70 78
70 79
70 80
70 85
70 87
70 88
70 93
70 95
70 97
70 98
70 99
71 72
71 73
71 76
71 77
71 79
71 80
71 82
71 84
71 89
71 91
71 95
71 96
71 97
72 73
72 74
72 79
72 80
72 81
72 83
72 88
72 89
72 91
72 93
72 94
72 95
73 74
73 77
73 80
73 82
73 87
73 88
73 89
73 90
73 91
73 94
73 96
73 97
73 98
74 75
74 79
74 80
74 82
74 83
74 84
74 85
74 86
74 88
74 89
74 90
74 91
74 92
74 96
74 98
75 76
75 78
75 81
75 82
75 85
75 87
75 89
75 92
75 93
75 95
75 98
76 77
76 78
76 81
76 82
76 84
76 85
76 86
76 87
76 89
76 91
76 93
77 78
77 80
77 81
77 83
77 84
77 87
77 88
77 95
77 96
77 97
78 85
78 86
78 87
78 89
78 90
78 93
78 94
78 95
78 97
78 98
78 99
79 82
79 83
79 85
79 86
79 87
79 94
79 97
80 82
80 83
80 85
80 86
80 88
80 94
80 96
80 97
81 82
81 89
81 91
81 95
81 96
81 97
81 98
82 83
82 85
82 86
82 87
82 88
82 91
82 95
82 97
83 84
83 87
83 88
83 96
83 98
84 86
84 88
84 89
84 90
84 92
84 93
84 94
84 97
85 93
85 94
85 95
85 99
86 89
86 90
86 93
86 98
86 99
87 88
87 89
87 90
87 91
87 94
87 95
87 96
87 98
87 99
88 89
88 90
88 91
88 92
88 96
88 99
89 90
89 92
89 98
89 99
90 97
90 99
91 92
91 93
91 96
91 97
91 98
92 96
92 99
93 97
94 95
94 98
95 97
95 99
96 97
96 99
98 99
