0 1
0 2
0 4
0 7
0 8
0 11
0 12
0 13
0 14
0 15
0 16
0 21
0 24
0 27
0 29
0 31
0 32
0 35
0 38
0 41
0 43
0 44
0 45
0 47
0 49
0 56
0 62
0 63
0 68
0 69
0 71
0 72
0 74
0 75
0 77
0 78
0 80
0 82
0 83
0 88
0 91
0 95
0 96
0 97
0 98
1 5
1 9
1 10
1 11
1 13
1 14
1 15
1 16
1 18
1 19
1 24
1 25
1 26
1 27
1 30
1 32
1 35
1 36
1 37
1 38
1 39
1 40
1 51
1 52
1 54
1 56
1 57
1 58
1 59
1 61
1 62
1 70
1 72
1 75
1 76
1 80
1 81
1 82
1 84
1 86
1 87
1 88
1 89
1 92
1 93
1 95
1 97
1 98
1 99
2 4
2 6
2 8
2 10
2 15
2 17
2 18
2 19
2 20
2 21
2 24
2 25
2 29
2 30
2 31
2 32
2 33
2 34
2 35
2 36
2 37
2 39
2 41
2 43
2 44
2 47
2 48
2 49
2 54
2 56
2 57
2 58
2 62
2 64
2 65
2 67
2 68
2 69
2 70
2 71
2 72
2 73
2 75
2 76
2 79
2 82
2 84
2 85
2 87
2 89
2 90
2 91
2 94
2 95
2 96
2 98
3 4
3 5
3 6
3 7
3 10
3 11
3 12
3 13
3 14
3 15
3 16
3 17
3 18
3 21
3 22
3 24
3 25
3 31
3 39
3 42
3 44
3 45
3 47
3 49
3 51
3 52
3 54
3 57
3 61
3 64
3 66
3 69
3 71
3 73
3 75
3 76
3 77
3 78
3 79
3 80
3 83
3 84
3 85
3 87
3 88
3 89
3 92
3 94
3 96
3 97
3 98
3 99
4 7
4 8
4 10
4 11
4 12
4 13
4 15
4 16
4 18
4 20
4 21
4 22
4 23
4 25
4 26
4 28
4 31
4 36
4 38
4 40
4 41
4 43
4 44
4 51
4 53
4 55
4 57
4 60
4 61
4 62
4 64
4 67
4 71
4 73
4 74
4 76
4 77
4 78
4 79
4 81
4 82
4 83
4 84
4 85
4 86
4 87
4 89
4 90
4 91
4 94
4 95
4 97
5 8
5 9
5 12
5 13
5 16
5 17
5 19
5 20
5 23
5 24
5 25
5 26
5 27
5 28
5 29
5 32
5 33
5 36
5 37
5 40
5 41
5 42
5 43
5 44
5 45
5 46
5 51
5 52
5 53
5 55
5 56
5 57
5 58
5 60
5 63
5 67
5 68
5 72
5 77
5 78
5 80
5 81
5 83
5 86
5 87
5 89
5 90
5 95
5 96
5 98
6 7
6 8
6 10
6 11
6 13
6 18
6 19
6 21
6 23
6 25
6 27
6 30
6 31
6 32
6 33
6 35
6 37
6 38
6 39
6 42
6 45
6 46
6 47
6 48
6 49
6 53
6 54
6 56
6 60
6 63
6 65
6 68
6 69
6 73
6 76
6 78
6 79
6 81
6 82
6 83
6 84
6 85
6 86
6 87
6 88
6 89
6 90
6 97
6 99
7 9
7 10
7 12
7 14
7 15
7 16
7 18
7 19
7 20
7 21
7 26
7 28
7 29
7 30
7 33
7 34
7 39
7 40
7 41
7 42
7 45
7 48
7 51
7 55
7 56
7 58
7 59
7 60
7 62
7 63
7 65
7 71
7 75
7 79
7 81
7 85
7 87
7 88
7 90
7 91
7 92
7 93
7 96
7 97
8 9
8 10
8 11
8 13
8 14
8 16
8 19
8 20
8 24
8 25
8 27
8 29
8 30
8 35
8 36
8 37
8 38
8 44
8 45
8 46
8 47
8 48
8 52
8 54
8 56
8 57
8 60
8 61
8 62
8 67
8 70
8 71
8 72
8 74
8 76
8 79
8 81
8 82
8 83
8 84
8 85
8 86
8 89
8 90
8 91
8 93
8 95
8 96
9 11
9 12
9 14
9 15
9 17
9 19
9 20
9 25
9 28
9 33
9 35
9 36
9 37
9 43
9 44
9 46
9 52
9 54
9 56
9 63
9 64
9 65
9 66
9 68
9 71
9 76
9 77
9 80
9 81
9 82
9 83
9 87
9 95
9 96
9 98
9 99
10 12
10 14
10 18
10 19
10 20
10 23
10 25
10 26
10 30
10 31
10 32
10 33
10 38
10 44
10 45
10 46
10 50
10 52
10 54
10 55
10 57
10 60
10 61
10 62
10 63
10 66
10 67
10 68
10 70
10 71
10 73
10 74
10 75
10 78
10 79
10 81
10 82
10 83
10 84
10 86
10 87
10 88
10 90
10 92
10 94
10 95
10 96
10 97
10 99
11 12
11 13
11 19
11 22
11 25
11 26
11 27
11 28
11 29
11 30
11 33
11 34
11 36
11 37
11 40
11 41
11 46
11 47
11 48
11 50
11 51
11 52
11 53
11 55
11 57
11 60
11 62
11 64
11 65
11 66
11 67
11 69
11 71
11 72
11 73
11 74
11 75
11 76
11 83
11 85
11 88
11 89
11 90
11 91
11 95
12 16
12 19
12 21
12 24
12 26
12 27
12 28
12 29
12 30
12 31
12 32
12 37
12 42
12 43
12 46
12 51
12 53
12 56
12 57
12 58
12 59
12 60
12 63
12 64
12 69
12 79
12 80
12 83
12 84
12 85
12 86
12 87
12 92
12 93
12 98
13 15
13 18
13 19
13 20
13 21
13 24
13 29
13 30
13 32
13 34
13 38
13 39
13 40
13 42
13 43
13 44
13 45
13 46
13 49
13 53
13 56
13 60
13 61
13 66
13 67
13 68
13 71
13 72
13 75
13 76
13 79
13 80
13 81
13 83
13 87
13 90
13 92
13 93
13 95
13 96
13 98
14 17
14 20
14 21
14 22
14 23
14 26
14 27
14 28
14 29
14 30
14 39
14 40
14 42
14 43
14 44
14 45
14 47
14 48
14 49
14 50
14 51
14 52
14 53
14 58
14 62
14 65
14 77
14 79
14 80
14 82
14 83
14 85
14 89
14 91
14 92
14 93
14 94
14 98
15 16
15 17
15 18
15 19
15 20
15 21
15 25
15 26
15 32
15 33
15 34
15 36
15 38
15 42
15 44
15 45
15 46
15 48
15 51
15 52
15 54
15 55
15 57
15 58
15 59
15 61
15 62
15 66
15 67
15 68
15 71
15 75
15 78
15 79
15 80
15 81
15 83
15 84
15 87
15 91
15 92
15 93
15 98
16 17
16 19
16 20
16 23
16 25
16 30
16 31
16 32
16 34
16 36
16 37
16 42
16 43
16 44
16 45
16 47
16 48
16 49
16 50
16 51
16 52
16 55
16 58
16 60
16 63
16 64
16 71
16 74
16 77
16 79
16 80
16 81
16 82
16 83
16 85
16 88
16 90
16 91
16 92
16 94
16 97
16 99
17 18
17 21
17 22
17 23
17 25
17 26
17 28
17 33
17 34
17 44
17 50
17 52
17 56
17 59
17 61
17 62
17 64
17 67
17 72
17 74
17 76
17 77
17 78
17 79
17 80
17 82
17 83
17 89
17 91
17 92
17 97
17 99
18 19
18 21
18 22
18 23
18 24
18 25
18 26
18 27
18 28
18 29
18 33
18 34
18 38
18 39
18 42
18 44
18 45
18 51
18 52
18 54
18 55
18 66
18 67
18 70
18 73
18 75
18 78
18 79
18 82
18 85
18 87
18 90
18 91
18 93
18 99
19 22
19 23
19 25
19 26
19 28
19 34
19 35
19 36
19 37
19 38
19 41
19 43
19 48
19 54
19 62
19 65
19 67
19 68
19 70
19 71
19 77
19 79
19 80
19 82
19 87
19 90
19 91
19 94
20 22
20 23
20 25
20 26
20 27
20 28
20 36
20 37
20 39
20 40
20 42
20 44
20 45
20 46
20 47
20 49
20 55
20 56
20 58
20 62
20 63
20 64
20 65
20 66
20 67
20 68
20 69
20 70
20 71
20 72
20 73
20 75
20 77
20 84
20 87
20 88
20 91
20 92
20 93
20 96
20 98
21 23
21 24
21 26
21 30
21 32
21 33
21 36
21 37
21 39
21 41
21 43
21 44
21 48
21 49
21 50
21 53
21 54
21 55
21 57
21 60
21 61
21 63
21 65
21 66
21 67
21 70
21 71
21 72
21 75
21 77
21 83
21 85
21 86
21 89
21 92
21 93
21 95
21 96
21 97
21 99
22 24
22 27
22 28
22 30
22 31
22 32
22 33
22 35
22 38
22 42
22 44
22 45
22 47
22 49
22 50
22 51
22 54
22 57
22 59
22 62
22 65
22 67
22 71
22 72
22 75
22 77
22 79
22 80
22 81
22 82
22 84
22 85
22 87
22 88
22 92
22 94
22 99
23 25
23 29
23 30
23 31
23 33
23 34
23 40
23 42
23 44
23 45
23 47
23 48
23 52
23 54
23 56
23 58
23 59
23 60
23 63
23 64
23 68
23 69
23 70
23 71
23 72
23 78
23 79
23 80
23 81
23 82
23 83
23 84
23 85
23 86
23 87
23 88
23 90
23 92
23 95
23 96
23 98
23 99
24 25
24 28
24 29
24 30
24 31
24 34
24 36
24 37
24 39
24 42
24 45
24 46
24 47
24 49
24 52
24 53
24 55
24 61
24 64
24 65
24 66
24 67
24 68
24 71
24 72
24 77
24 79
24 81
24 82
24 83
24 85
24 87
24 88
24 89
24 90
24 92
24 94
24 97
24 98
24 99
25 26
25 28
25 29
25 32
25 33
25 35
25 36
25 37
25 39
25 40
25 43
25 44
25 45
25 47
25 51
25 59
25 60
25 61
25 62
25 64
25 65
25 66
25 67
25 68
25 69
25 70
25 71
25 72
25 76
25 77
25 79
25 81
25 83
25 85
25 87
25 88
25 89
25 92
25 95
25 97
25 99
26 27
26 28
26 31
26 33
26 37
26 41
26 44
26 49
26 50
26 53
26 55
26 56
26 62
26 63
26 64
26 65
26 66
26 67
26 68
26 71
26 76
26 78
26 79
26 80
26 83
26 87
26 88
26 90
26 91
26 92
26 93
26 99
27 32
27 38
27 40
27 41
27 43
27 45
27 48
27 50
27 51
27 53
27 54
27 55
27 58
27 59
27 60
27 62
27 64
27 65
27 66
27 68
27 70
27 72
27 73
27 74
27 75
27 77
27 85
27 86
27 88
27 89
27 93
27 95
27 99
28 30
28 33
28 36
28 38
28 39
28 41
28 45
28 46
28 47
28 48
28 49
28 52
28 55
28 57
28 58
28 59
28 60
28 62
28 64
28 65
28 68
28 70
28 71
28 73
28 74
28 75
28 77
28 80
28 81
28 82
28 83
28 85
28 86
28 88
28 89
28 91
28 93
28 94
28 99
29 30
29 31
29 34
29 39
29 46
29 47
29 48
29 50
29 51
29 52
29 53
29 55
29 57
29 58
29 59
29 60
29 62
29 63
29 66
29 67
29 68
29 69
29 70
29 72
29 74
29 76
29 78
29 80
29 85
29 86
29 90
29 95
29 97
29 98
29 99
30 31
30 32
30 35
30 38
30 43
30 46
30 47
30 49
30 50
30 51
30 52
30 53
30 55
30 56
30 58
30 59
30 61
30 62
30 63
30 64
30 66
30 67
30 68
30 69
30 74
30 75
30 76
30 78
30 79
30 81
30 83
30 84
30 85
30 87
30 88
30 89
30 94
30 97
30 99
31 32
31 34
31 35
31 37
31 38
31 40
31 44
31 45
31 46
31 47
31 48
31 50
31 53
31 55
31 57
31 58
31 59
31 61
31 62
31 63
31 65
31 68
31 70
31 71
31 78
31 79
31 82
31 84
31 85
31 87
31 90
31 91
31 93
31 95
31 96
31 97
31 99
32 36
32 40
32 43
32 44
32 47
32 48
32 49
32 52
32 53
32 58
32 59
32 61
32 62
32 65
32 66
32 67
32 70
32 71
32 74
32 75
32 77
32 80
32 82
32 84
32 86
32 88
32 89
32 91
32 93
32 94
32 96
32 97
32 99
33 35
33 37
33 40
33 42
33 43
33 44
33 45
33 46
33 47
33 49
33 50
33 51
33 52
33 53
33 55
33 56
33 57
33 58
33 59
33 60
33 61
33 62
33 67
33 72
33 80
33 83
33 84
33 85
33 88
33 89
33 90
33 91
33 95
33 96
33 97
34 37
34 38
34 41
34 46
34 49
34 51
34 53
34 54
34 56
34 57
34 58
34 59
34 60
34 61
34 62
34 63
34 64
34 66
34 68
34 75
34 77
34 78
34 80
34 82
34 83
34 84
34 88
34 89
34 90
34 91
34 92
34 95
34 96
34 97
34 98
34 99
35 38
35 40
35 41
35 44
35 46
35 47
35 48
35 49
35 50
35 57
35 59
35 62
35 63
35 64
35 65
35 66
35 67
35 69
35 71
35 75
35 77
35 78
35 79
35 80
35 82
35 84
35 86
35 87
35 88
35 91
35 92
35 93
35 94
35 96
35 97
35 99
36 37
36 38
36 41
36 42
36 44
36 45
36 46
36 48
36 51
36 54
36 58
36 59
36 63
36 66
36 67
36 73
36 74
36 75
36 77
36 78
36 79
36 80
36 82
36 84
36 89
36 90
36 96
36 97
37 41
37 43
37 45
37 46
37 48
37 50
37 51
37 52
37 54
37 56
37 57
37 58
37 65
37 66
37 68
37 71
37 74
37 79
37 80
37 81
37 82
37 87
37 88
37 94
37 97
37 98
38 40
38 43
38 44
38 46
38 48
38 55
38 56
38 59
38 60
38 61
38 62
38 63
38 64
38 66
38 67
38 69
38 70
38 72
38 75
38 76
38 77
38 78
38 82
38 83
38 91
38 95
38 96
38 98
38 99
39 40
39 42
39 45
39 47
39 50
39 51
39 52
39 53
39 56
39 57
39 58
39 59
39 60
39 64
39 65
39 66
39 67
39 68
39 72
39 73
39 75
39 78
39 81
39 82
39 83
39 86
39 87
39 88
39 89
39 98
40 41
40 43
40 45
40 46
40 48
40 53
40 54
40 55
40 58
40 59
40 62
40 63
40 66
40 67
40 70
40 72
40 74
40 77
40 80
40 81
40 82
40 84
40 85
40 88
40 93
40 94
40 96
40 97
40 99
41 42
41 46
41 50
41 51
41 54
41 55
41 60
41 61
41 62
41 63
41 65
41 66
41 68
41 70
41 71
41 74
41 79
41 80
41 81
41 83
41 84
41 86
41 87
41 88
41 89
41 93
41 95
41 96
41 97
41 98
41 99
42 43
42 44
42 53
42 59
42 63
42 64
42 65
42 75
42 77
42 78
42 80
42 83
42 84
42 85
42 88
42 89
42 96
42 97
43 46
43 47
43 49
43 55
43 57
43 58
43 60
43 61
43 62
43 64
43 65
43 68
43 69
43 72
43 73
43 79
43 80
43 82
43 85
43 90
43 93
43 95
43 96
43 98
43 99
44 47
44 48
44 49
44 51
44 55
44 60
44 62
44 63
44 64
44 66
44 68
44 72
44 73
44 75
44 78
44 80
44 83
44 86
44 87
44 91
44 95
45 47
45 48
45 51
45 52
45 53
45 54
45 61
45 64
45 66
45 67
45 70
45 71
45 72
45 73
45 77
45 78
45 83
45 86
45 88
45 89
45 92
45 93
45 99
46 50
46 51
46 52
46 53
46 54
46 55
46 62
46 63
46 68
46 74
46 75
46 78
46 79
46 81
46 85
46 90
46 91
46 95
46 96
46 97
46 98
47 48
47 49
47 50
47 52
47 53
47 56
47 60
47 62
47 64
47 65
47 66
47 69
47 70
47 72
47 74
47 80
47 84
47 85
47 89
47 90
47 92
47 93
47 94
47 95
47 98
48 51
48 52
48 54
48 55
48 60
48 67
48 68
48 72
48 75
48 76
48 77
48 78
48 79
48 80
48 81
48 83
48 87
48 88
48 89
48 91
48 92
48 95
48 97
48 98
48 99
49 50
49 51
49 52
49 58
49 60
49 63
49 65
49 66
49 67
49 69
49 70
49 73
49 80
49 82
49 83
49 85
49 87
49 88
49 91
49 95
49 96
50 52
50 53
50 54
50 58
50 61
50 62
50 64
50 65
50 67
50 68
50 70
50 72
50 73
50 75
50 76
50 81
50 82
50 83
50 85
50 86
50 87
50 89
50 90
50 91
50 94
50 96
50 98
51 54
51 56
51 57
51 59
51 60
51 64
51 65
51 67
51 72
51 76
51 77
51 80
51 82
51 83
51 84
51 85
51 86
51 87
51 89
51 90
51 91
51 95
51 97
52 55
52 59
52 60
52 62
52 63
52 64
52 67
52 68
52 70
52 71
52 72
52 76
52 77
52 81
52 83
52 84
52 85
52 86
52 90
52 91
52 94
52 97
52 98
53 55
53 56
53 58
53 59
53 63
53 64
53 66
53 67
53 71
53 77
53 78
53 79
53 80
53 81
53 83
53 84
53 88
53 89
53 90
53 91
53 94
53 95
53 98
53 99
54 57
54 58
54 62
54 63
54 65
54 67
54 70
54 72
54 73
54 76
54 79
54 85
54 87
54 90
54 91
54 93
54 95
54 96
54 98
55 57
55 59
55 61
55 62
55 63
55 65
55 66
55 72
55 73
55 74
55 75
55 76
55 77
55 78
55 81
55 83
55 85
55 86
55 88
55 90
55 91
55 92
55 96
55 97
56 57
56 58
56 59
56 60
56 61
56 62
56 63
56 64
56 66
56 67
56 68
56 69
56 70
56 71
56 76
56 77
56 80
56 81
56 85
56 88
56 90
56 91
56 92
56 94
56 95
57 59
57 61
57 65
57 66
57 67
57 68
57 69
57 74
57 75
57 76
57 78
57 83
57 85
57 86
57 90
57 92
57 94
57 95
57 98
57 99
58 59
58 61
58 65
58 66
58 68
58 69
58 71
58 74
58 75
58 76
58 78
58 82
58 87
58 88
58 89
58 90
58 92
58 96
59 60
59 61
59 63
59 64
59 65
59 66
59 67
59 69
59 70
59 73
59 74
59 75
59 76
59 77
59 79
59 80
59 81
59 84
59 85
59 86
59 87
59 89
59 91
59 92
59 94
59 96
59 99
60 64
60 67
60 68
60 73
60 74
60 75
60 76
60 77
60 79
60 80
60 82
60 83
60 85
60 86
60 87
60 90
60 92
60 93
60 95
60 98
61 65
61 67
61 69
61 70
61 72
61 73
61 74
61 75
61 76
61 77
61 78
61 79
61 81
61 82
61 86
61 87
61 88
61 89
61 91
61 94
61 95
61 96
61 97
61 98
62 64
62 65
62 66
62 67
62 68
62 70
62 71
62 75
62 78
62 80
62 83
62 86
62 87
62 88
62 89
62 90
62 91
62 92
62 93
62 96
62 98
63 67
63 70
63 73
63 74
63 75
63 76
63 77
63 80
63 82
63 83
63 86
63 88
63 90
63 92
63 94
63 97
64 65
64 66
64 67
64 70
64 71
64 72
64 74
64 75
64 76
64 77
64 79
64 82
64 85
64 86
64 88
64 89
64 92
64 93
64 97
64 98
64 99
65 66
65 67
65 68
65 70
65 71
65 75
65 77
65 78
65 79
65 80
65 82
65 85
65 86
65 88
65 90
65 91
65 92
65 93
65 94
65 97
65 99
66 68
66 69
66 70
66 72
66 78
66 79
66 80
66 81
66 82
66 83
66 85
66 88
66 89
66 90
66 91
66 93
66 96
67 68
67 70
67 71
67 72
67 73
67 77
67 78
67 81
67 83
67 85
67 86
67 88
67 89
67 90
67 91
67 92
67 93
67 94
67 95
67 96
67 97
67 98
67 99
68 69
68 72
68 73
68 74
68 75
68 76
68 78
68 79
68 81
68 83
68 85
68 86
68 87
68 92
68 95
68 96
68 97
69 70
69 72
69 73
69 74
69 75
69 76
69 77
69 78
69 80
69 81
69 84
69 87
69 90
69 91
69 98
69 99
70 74
70 75
70 77
70 82
70 83
70 85
70 90
70 99
71 72
71 74
71 77
71 80
71 83
71 87
71 94
71 96
71 97
71 98
72 75
72 79
72 81
72 82
72 84
72 85
72 87
72 89
72 90
72 92
72 94
72 95
72 98
72 99
73 76
73 77
73 78
73 80
73 82
73 83
73 85
73 88
73 89
73 96
73 97
74 75
74 77
74 80
74 82
74 83
74 86
74 88
74 90
74 91
74 94
74 96
74 97
74 98
75 80
75 82
75 85
75 86
75 87
75 89
75 90
75 91
75 93
75 95
75 96
75 97
75 98
75 99
76 78
76 80
76 82
76 84
76 85
76 87
76 88
76 89
76 90
76 92
76 93
76 94
76 97
77 78
77 80
77 82
77 83
77 84
77 88
77 90
77 91
77 94
77 95
77 96
77 99
78 80
78 82
78 84
78 86
78 87
78 89
78 90
78 94
78 98
79 80
79 82
79 84
79 85
79 86
79 87
79 94
79 96
79 98
79 99
80 81
80 82
80 83
80 85
80 86
80 87
80 90
80 93
80 94
80 95
80 96
80 99
81 83
81 84
81 86
81 87
81 90
81 91
81 96
81 99
82 85
82 86
82 90
82 91
82 92
82 96
82 97
82 98
82 99
83 84
83 87
83 88
83 91
83 92
83 93
83 94
84 86
84 87
84 88
84 89
84 91
84 97
84 99
85 86
85 87
85 88
85 94
85 95
85 96
85 97
85 99
86 87
86 88
86 93
86 95
86 96
86 97
86 98
87 89
87 90
87 92
87 93
87 95
87 96
87 97
87 98
88 91
88 93
88 94
88 99
89 91
89 92
89 93
89 95
89 98
90 93
90 94
90 99
91 96
92 93
92 95
92 97
92 99
93 94
93 95
93 97
94 96
94 98
94 99
95 97
95 99
96 98
97 98
97 99
98 99
