0 1
0 2
0 3
0 4
0 5
0 6
0 7
0 8
0 10
0 11
0 14
0 17
0 18
0 21
0 26
0 28
0 31
0 33
0 36
0 40
0 41
0 43
0 45
0 46
0 47
0 48
0 49
0 50
0 51
0 53
0 54
0 55
0 56
0 57
0 59
0 61
0 63
0 65
0 67
0 70
0 71
0 72
0 74
0 77
0 83
0 85
0 87
0 88
0 90
0 92
0 93
0 95
0 99
1 2
1 4
1 5
1 8
1 9
1 12
1 13
1 14
1 17
1 18
1 19
1 21
1 24
1 26
1 27
1 28
1 29
1 31
1 32
1 33
1 35
1 41
1 47
1 48
1 50
1 54
1 56
1 57
1 59
1 60
1 65
1 66
1 67
1 71
1 72
1 73
1 75
1 76
1 85
1 88
1 94
1 95
1 96
1 97
1 98
1 99
2 4
2 5
2 9
2 10
2 11
2 15
2 18
2 19
2 20
2 21
2 22
2 23
2 24
2 26
2 28
2 30
2 31
2 32
2 35
2 37
2 38
2 40
2 41
2 47
2 48
2 50
2 52
2 58
2 59
2 60
2 62
2 68
2 70
2 71
2 74
2 77
2 78
2 83
2 87
2 89
2 90
2 91
2 93
2 99
3 5
3 7
3 11
3 12
3 13
3 14
3 19
3 24
3 26
3 29
3 31
3 33
3 34
3 35
3 37
3 38
3 39
3 40
3 43
3 44
3 45
3 48
3 56
3 57
3 58
3 60
3 61
3 62
3 65
3 66
3 68
3 70
3 71
3 73
3 74
3 75
3 77
3 78
3 80
3 84
3 87
3 88
3 90
3 95
3 96
3 97
4 5
4 10
4 11
4 13
4 16
4 17
4 19
4 20
4 24
4 27
4 28
4 30
4 33
4 34
4 36
4 37
4 38
4 40
4 41
4 43
4 44
4 46
4 50
4 53
4 54
4 57
4 61
4 62
4 64
4 68
4 69
4 70
4 72
4 80
4 82
4 84
4 86
4 88
4 89
4 90
4 91
4 92
4 94
4 95
4 97
4 99
5 10
5 13
5 14
5 15
5 16
5 17
5 20
5 22
5 23
5 25
5 27
5 29
5 30
5 31
5 32
5 35
5 36
5 37
5 40
5 41
5 43
5 47
5 49
5 50
5 51
5 56
5 57
5 60
5 61
5 62
5 65
5 66
5 68
5 72
5 75
5 78
5 81
5 82
5 83
5 84
5 85
5 86
5 87
5 88
5 89
5 91
5 93
5 94
5 95
5 97
5 98
5 99
6 7
6 10
6 11
6 12
6 13
6 14
6 18
6 20
6 24
6 25
6 27
6 28
6 30
6 31
6 32
6 33
6 35
6 36
6 37
6 38
6 39
6 40
6 41
6 42
6 43
6 44
6 47
6 49
6 50
6 53
6 55
6 58
6 61
6 64
6 66
6 67
6 70
6 71
6 73
6 75
6 76
6 77
6 79
6 80
6 82
6 84
6 85
6 87
6 90
6 92
6 95
6 97
6 98
6 99
7 8
7 9
7 10
7 13
7 14
7 16
7 17
7 22
7 23
7 25
7 26
7 27
7 28
7 29
7 30
7 34
7 36
7 37
7 38
7 40
7 43
7 44
7 45
7 46
7 47
7 50
7 52
7 57
7 58
7 62
7 64
7 72
7 73
7 74
7 75
7 79
7 80
7 81
7 83
7 84
7 86
7 87
7 88
7 89
7 90
7 91
7 93
7 94
7 95
7 98
7 99
8 11
8 15
8 16
8 19
8 20
8 22
8 23
8 25
8 26
8 28
8 33
8 34
8 35
8 37
8 38
8 39
8 43
8 44
8 46
8 47
8 48
8 49
8 50
8 51
8 52
8 53
8 55
8 56
8 60
8 63
8 66
8 67
8 70
8 71
8 72
8 77
8 78
8 79
8 81
8 82
8 85
8 89
8 90
8 92
8 96
8 97
8 99
9 10
9 11
9 13
9 14
9 15
9 16
9 19
9 20
9 21
9 23
9 25
9 27
9 29
9 30
9 32
9 34
9 38
9 42
9 44
9 47
9 48
9 49
9 50
9 51
9 54
9 56
9 58
9 60
9 69
9 70
9 71
9 72
9 73
9 80
9 81
9 82
9 84
9 86
9 87
9 89
9 92
9 93
9 98
9 99
10 13
10 17
10 19
10 21
10 22
10 25
10 27
10 28
10 29
10 30
10 31
10 37
10 41
10 43
10 45
10 46
10 47
10 50
10 53
10 56
10 62
10 64
10 70
10 73
10 74
10 76
10 78
10 79
10 80
10 82
10 83
10 84
10 88
10 90
10 91
10 92
10 93
10 94
10 97
10 99
11 14
11 15
11 19
11 21
11 22
11 23
11 25
11 27
11 30
11 31
11 32
11 33
11 36
11 37
11 38
11 39
11 45
11 48
11 49
11 50
11 51
11 53
11 54
11 56
11 58
11 60
11 63
11 65
11 67
11 69
11 71
11 72
11 73
11 75
11 76
11 78
11 80
11 82
11 85
11 86
11 88
11 90
11 91
11 92
11 93
11 94
11 95
11 97
11 99
12 16
12 18
12 19
12 23
12 24
12 26
12 29
12 31
12 32
12 33
12 34
12 35
12 36
12 37
12 39
12 41
12 43
12 46
12 47
12 49
12 50
12 51
12 52
12 53
12 54
12 55
12 59
12 62
12 63
12 64
12 67
12 69
12 76
12 78
12 79
12 80
12 82
12 83
12 84
12 85
12 87
12 88
12 89
12 90
12 92
12 93
12 94
12 95
12 96
12 98
13 15
13 16
13 17
13 21
13 22
13 23
13 26
13 27
13 28
13 30
13 31
13 32
13 36
13 37
13 38
13 39
13 45
13 46
13 47
13 48
13 51
13 53
13 57
13 58
13 61
13 66
13 67
13 68
13 70
13 73
13 75
13 76
13 77
13 80
13 81
13 82
13 83
13 84
13 88
13 90
13 91
13 94
13 96
13 97
13 98
13 99
14 17
14 18
14 20
14 24
14 25
14 26
14 27
14 28
14 31
14 35
14 36
14 38
14 39
14 40
14 41
14 42
14 43
14 46
14 47
14 48
14 52
14 54
14 56
14 59
14 60
14 62
14 63
14 66
14 67
14 68
14 70
14 71
14 76
14 81
14 82
14 85
14 86
14 87
14 89
14 91
14 92
14 93
14 96
14 97
14 99
15 19
15 21
15 22
15 25
15 27
15 29
15 34
15 35
15 36
15 37
15 38
15 39
15 40
15 43
15 44
15 46
15 47
15 50
15 51
15 52
15 54
15 57
15 58
15 59
15 64
15 66
15 70
15 72
15 74
15 77
15 78
15 79
15 80
15 82
15 83
15 84
15 85
15 86
15 88
15 89
15 90
15 91
15 93
15 95
15 96
15 97
16 17
16 18
16 20
16 22
16 23
16 24
16 25
16 27
16 29
16 30
16 33
16 37
16 39
16 41
16 44
16 45
16 48
16 50
16 54
16 55
16 56
16 57
16 58
16 62
16 63
16 64
16 69
16 70
16 72
16 73
16 78
16 80
16 83
16 86
16 87
16 90
16 92
16 95
16 96
16 97
16 98
17 18
17 20
17 21
17 24
17 25
17 26
17 31
17 34
17 35
17 36
17 39
17 40
17 43
17 45
17 52
17 54
17 55
17 58
17 60
17 61
17 64
17 66
17 68
17 71
17 72
17 74
17 75
17 76
17 77
17 78
17 80
17 81
17 82
17 84
17 85
17 87
17 88
17 89
17 90
17 91
17 92
17 93
17 95
17 96
17 97
17 99
18 22
18 23
18 24
18 25
18 28
18 29
18 31
18 32
18 33
18 35
18 36
18 38
18 42
18 45
18 46
18 48
18 49
18 52
18 53
18 55
18 58
18 59
18 60
18 62
18 63
18 64
18 65
18 66
18 69
18 70
18 71
18 76
18 79
18 80
18 84
18 85
18 89
18 90
18 91
18 92
18 93
18 95
18 97
18 98
19 20
19 23
19 25
19 26
19 27
19 31
19 32
19 34
19 35
19 36
19 37
19 38
19 39
19 40
19 41
19 42
19 44
19 47
19 51
19 52
19 55
19 56
19 59
19 60
19 61
19 62
19 63
19 66
19 68
19 70
19 73
19 75
19 78
19 79
19 81
19 84
19 86
19 88
19 94
20 24
20 25
20 26
20 27
20 29
20 34
20 35
20 36
20 38
20 39
20 40
20 41
20 42
20 43
20 45
20 50
20 53
20 55
20 59
20 60
20 61
20 67
20 68
20 73
20 75
20 79
20 80
20 81
20 82
20 83
20 84
20 85
20 88
20 89
20 91
20 92
20 93
20 96
20 97
20 98
20 99
21 22
21 23
21 24
21 25
21 27
21 29
21 30
21 31
21 32
21 34
21 35
21 36
21 37
21 38
21 40
21 42
21 44
21 47
21 50
21 52
21 58
21 59
21 62
21 63
21 64
21 65
21 67
21 73
21 79
21 80
21 82
21 86
21 87
21 89
21 91
21 92
21 95
21 98
21 99
22 24
22 25
22 26
22 28
22 29
22 31
22 34
22 36
22 37
22 38
22 41
22 43
22 44
22 46
22 49
22 52
22 53
22 54
22 55
22 57
22 58
22 60
22 62
22 68
22 69
22 70
22 73
22 74
22 81
22 83
22 84
22 85
22 89
22 90
22 91
22 96
22 98
23 24
23 27
23 28
23 29
23 30
23 31
23 32
23 33
23 40
23 44
23 45
23 46
23 50
23 51
23 54
23 56
23 63
23 66
23 70
23 73
23 74
23 76
23 80
23 87
23 88
23 89
23 92
23 93
23 94
23 96
23 98
24 27
24 30
24 31
24 32
24 39
24 43
24 44
24 47
24 49
24 50
24 51
24 53
24 54
24 55
24 56
24 60
24 61
24 66
24 69
24 74
24 75
24 80
24 83
24 85
24 86
24 87
24 88
24 90
24 91
24 94
24 96
24 98
25 26
25 27
25 30
25 31
25 34
25 37
25 38
25 41
25 42
25 46
25 47
25 48
25 53
25 54
25 55
25 58
25 61
25 62
25 65
25 67
25 69
25 70
25 71
25 74
25 75
25 78
25 79
25 82
25 85
25 86
25 88
25 89
25 91
25 93
25 94
25 96
25 98
26 27
26 28
26 29
26 30
26 34
26 37
26 43
26 48
26 50
26 53
26 55
26 57
26 58
26 65
26 67
26 68
26 69
26 70
26 73
26 74
26 75
26 77
26 79
26 80
26 82
26 83
26 84
26 86
26 87
26 88
26 89
26 90
26 91
26 92
26 94
26 95
26 96
26 97
27 33
27 34
27 35
27 37
27 40
27 41
27 46
27 48
27 50
27 51
27 52
27 53
27 54
27 55
27 56
27 65
27 66
27 67
27 72
27 73
27 74
27 80
27 82
27 83
27 85
27 86
27 87
27 88
27 89
27 90
27 91
27 92
27 95
27 96
27 99
28 29
28 32
28 35
28 37
28 39
28 41
28 46
28 48
28 50
28 51
28 52
28 55
28 56
28 57
28 58
28 60
28 61
28 63
28 64
28 67
28 68
28 69
28 71
28 72
28 75
28 76
28 77
28 78
28 79
28 83
28 84
28 85
28 87
28 88
28 89
28 91
28 92
28 93
28 94
28 95
28 98
29 30
29 31
29 32
29 33
29 34
29 36
29 38
29 39
29 42
29 43
29 44
29 45
29 47
29 49
29 51
29 54
29 57
29 59
29 62
29 63
29 64
29 65
29 66
29 67
29 69
29 71
29 72
29 74
29 79
29 80
29 81
29 82
29 83
29 86
29 87
29 89
29 92
29 95
29 97
29 99
30 32
30 37
30 39
30 40
30 42
30 44
30 47
30 51
30 55
30 56
30 57
30 58
30 62
30 64
30 65
30 68
30 70
30 72
30 76
30 77
30 80
30 81
30 82
30 84
30 86
30 87
30 88
30 89
30 91
30 92
30 95
30 96
30 97
30 98
30 99
31 32
31 34
31 37
31 38
31 40
31 41
31 42
31 44
31 47
31 48
31 49
31 51
31 52
31 56
31 58
31 59
31 60
31 65
31 66
31 68
31 69
31 73
31 74
31 75
31 76
31 77
31 79
31 82
31 84
31 85
31 86
31 92
31 95
31 96
31 97
32 33
32 34
32 35
32 39
32 41
32 42
32 45
32 46
32 47
32 49
32 51
32 56
32 58
32 60
32 61
32 64
32 66
32 68
32 72
32 74
32 75
32 76
32 77
32 81
32 82
32 83
32 84
32 85
32 87
32 88
32 89
32 90
32 91
32 92
32 93
32 96
32 98
32 99
33 37
33 38
33 41
33 42
33 43
33 45
33 46
33 49
33 50
33 51
33 57
33 58
33 61
33 62
33 64
33 66
33 67
33 68
33 71
33 74
33 76
33 77
33 79
33 80
33 82
33 85
33 87
33 90
33 94
33 96
34 35
34 39
34 40
34 43
34 46
34 47
34 48
34 49
34 52
34 53
34 54
34 57
34 59
34 61
34 62
34 64
34 67
34 68
34 71
34 73
34 76
34 79
34 80
34 84
34 86
34 87
34 88
34 89
34 90
34 92
34 96
34 97
34 99
35 39
35 46
35 49
35 54
35 56
35 61
35 64
35 65
35 67
35 73
35 74
35 77
35 78
35 79
35 81
35 82
35 83
35 84
35 85
35 86
35 88
35 90
35 97
35 98
35 99
36 37
36 38
36 39
36 42
36 51
36 53
36 54
36 55
36 56
36 57
36 59
36 60
36 62
36 63
36 64
36 65
36 68
36 72
36 73
36 76
36 77
36 80
36 84
36 86
36 87
36 89
36 90
36 94
36 96
36 97
36 98
37 38
37 39
37 40
37 45
37 46
37 49
37 51
37 54
37 57
37 58
37 59
37 63
37 64
37 70
37 71
37 72
37 76
37 78
37 82
37 84
37 87
37 93
37 95
37 96
38 42
38 43
38 44
38 48
38 49
38 51
38 52
38 53
38 55
38 56
38 57
38 58
38 61
38 62
38 63
38 64
38 65
38 66
38 68
38 72
38 73
38 74
38 75
38 77
38 82
38 83
38 85
38 86
38 88
38 89
38 90
38 91
38 97
39 40
39 41
39 43
39 44
39 46
39 48
39 49
39 51
39 52
39 53
39 54
39 55
39 57
39 61
39 62
39 64
39 66
39 67
39 68
39 70
39 71
39 73
39 76
39 83
39 85
39 89
39 90
39 91
39 94
39 98
40 42
40 43
40 44
40 46
40 47
40 51
40 53
40 56
40 60
40 61
40 63
40 64
40 65
40 66
40 67
40 70
40 72
40 75
40 78
40 80
40 81
40 83
40 85
40 86
40 90
40 94
40 96
40 97
41 43
41 45
41 46
41 55
41 57
41 59
41 60
41 63
41 64
41 67
41 68
41 70
41 71
41 72
41 75
41 76
41 77
41 79
41 87
41 92
41 93
41 94
41 99
42 44
42 45
42 46
42 47
42 50
42 51
42 55
42 56
42 57
42 58
42 59
42 61
42 62
42 63
42 66
42 68
42 69
42 70
42 72
42 76
42 77
42 81
42 82
42 85
42 86
42 87
42 89
42 90
42 91
42 92
42 93
42 97
43 45
43 48
43 52
43 53
43 57
43 58
43 60
43 61
43 64
43 65
43 66
43 68
43 72
43 73
43 74
43 75
43 76
43 77
43 78
43 79
43 81
43 83
43 86
43 87
43 88
43 90
43 91
43 92
43 93
43 96
43 97
44 45
44 46
44 49
44 51
44 52
44 53
44 57
44 58
44 59
44 60
44 61
44 64
44 65
44 68
44 69
44 71
44 72
44 73
44 74
44 75
44 80
44 81
44 84
44 85
44 87
44 88
44 90
44 91
44 92
44 93
44 94
44 97
44 99
45 46
45 48
45 50
45 51
45 53
45 55
45 57
45 59
45 60
45 63
45 64
45 65
45 68
45 69
45 70
45 71
45 72
45 73
45 75
45 81
45 84
45 86
45 87
45 90
45 93
45 94
45 96
45 97
45 98
45 99
46 48
46 50
46 51
46 55
46 56
46 57
46 59
46 61
46 63
46 66
46 67
46 68
46 70
46 72
46 74
46 76
46 77
46 78
46 79
46 81
46 83
46 84
46 87
46 89
46 94
46 95
46 97
46 98
47 49
47 51
47 52
47 55
47 56
47 57
47 58
47 60
47 63
47 64
47 65
47 66
47 68
47 72
47 74
47 76
47 81
47 82
47 83
47 86
47 87
47 88
47 89
47 92
48 50
48 57
48 59
48 62
48 65
48 66
48 67
48 70
48 71
48 73
48 77
48 83
48 84
48 86
48 89
48 90
48 93
48 94
48 99
49 50
49 52
49 55
49 58
49 59
49 60
49 63
49 66
49 70
49 71
49 74
49 76
49 77
49 79
49 81
49 83
49 89
49 90
49 91
49 93
49 94
49 95
49 98
49 99
50 51
50 53
50 55
50 59
50 63
50 64
50 65
50 68
50 69
50 70
50 75
50 77
50 78
50 79
50 80
50 81
50 84
50 89
50 90
50 92
50 93
50 94
50 97
51 55
51 56
51 58
51 59
51 62
51 66
51 67
51 68
51 70
51 72
51 73
51 74
51 76
51 78
51 82
51 83
51 88
51 90
51 91
51 92
51 95
51 97
52 53
52 54
52 55
52 57
52 58
52 59
52 60
52 61
52 62
52 64
52 65
52 66
52 69
52 70
52 73
52 75
52 77
52 78
52 79
52 90
52 91
52 92
52 94
52 96
52 97
52 98
53 56
53 58
53 59
53 63
53 68
53 69
53 70
53 71
53 72
53 73
53 75
53 76
53 80
53 82
53 86
53 87
53 88
53 89
53 92
53 93
53 98
53 99
54 57
54 58
54 60
54 65
54 66
54 68
54 71
54 77
54 78
54 81
54 82
54 83
54 84
54 86
54 88
54 89
54 91
54 92
54 93
54 97
55 56
55 57
55 58
55 59
55 60
55 61
55 62
55 63
55 65
55 66
55 67
55 70
55 73
55 74
55 76
55 77
55 78
55 79
55 80
55 85
55 86
55 87
55 89
55 90
55 93
55 94
55 99
56 57
56 61
56 62
56 65
56 66
56 67
56 68
56 73
56 74
56 75
56 77
56 81
56 82
56 87
56 88
56 89
56 91
56 94
56 99
57 61
57 62
57 63
57 65
57 66
57 67
57 68
57 69
57 70
57 71
57 72
57 75
57 77
57 78
57 81
57 87
57 89
57 90
57 91
57 92
57 93
57 94
57 96
58 59
58 62
58 64
58 71
58 73
58 74
58 79
58 82
58 83
58 86
58 87
58 88
58 89
58 90
58 91
58 92
58 93
58 94
58 95
58 98
58 99
59 60
59 62
59 64
59 66
59 67
59 71
59 76
59 77
59 80
59 81
59 82
59 85
59 88
59 90
59 92
59 97
59 98
60 61
60 64
60 68
60 69
60 70
60 71
60 73
60 75
60 80
60 82
60 84
60 86
60 91
60 92
60 97
60 99
61 62
61 64
61 68
61 70
61 73
61 76
61 82
61 83
61 84
61 85
61 86
61 88
61 90
61 92
61 94
61 96
61 97
61 99
62 64
62 66
62 68
62 69
62 74
62 76
62 80
62 83
62 90
62 91
62 98
63 69
63 70
63 71
63 74
63 75
63 76
63 77
63 81
63 82
63 84
63 85
63 87
63 89
63 90
63 93
63 94
63 96
63 98
64 65
64 66
64 67
64 70
64 71
64 72
64 76
64 80
64 82
64 87
64 90
64 91
64 92
64 95
64 96
64 97
64 98
65 71
65 74
65 76
65 77
65 79
65 84
65 85
65 86
65 87
65 88
65 89
65 96
65 98
66 69
66 73
66 74
66 75
66 76
66 77
66 78
66 79
66 80
66 84
66 85
66 87
66 88
66 89
66 90
66 91
66 92
66 93
66 96
67 68
67 70
67 71
67 73
67 75
67 77
67 81
67 82
67 83
67 84
67 86
67 87
67 88
67 91
67 92
67 95
67 99
68 70
68 74
68 75
68 76
68 80
68 83
68 85
68 86
68 88
68 89
68 92
68 93
68 97
69 71
69 72
69 73
69 76
69 77
69 81
69 82
69 83
69 85
69 86
69 91
69 92
69 96
69 97
69 99
70 72
70 74
70 80
70 84
70 86
70 88
70 90
70 93
70 95
70 96
70 97
71 72
71 74
71 75
71 79
71 84
71 91
71 93
71 94
71 95
71 96
71 97
72 73
72 78
72 79
72 80
72 84
72 85
72 86
72 87
72 89
72 91
72 93
72 94
72 96
72 97
73 74
73 76
73 77
73 80
73 83
73 84
73 87
73 90
73 91
73 92
73 93
73 95
73 96
73 98
74 78
74 79
74 80
74 81
74 82
74 83
74 84
74 86
74 90
74 91
74 94
74 95
74 96
74 97
75 76
75 77
75 80
75 82
75 85
75 87
75 90
75 94
75 95
75 97
76 80
76 81
76 82
76 85
76 86
76 87
76 90
76 92
76 93
76 94
76 95
76 96
76 99
77 78
77 79
77 80
77 88
77 90
77 93
77 94
77 95
77 99
78 81
78 83
78 84
78 87
78 89
78 90
78 96
78 97
78 98
79 82
79 83
79 87
79 89
79 90
79 91
79 92
79 95
80 81
80 82
80 83
80 89
80 90
80 92
80 93
80 94
80 99
81 83
81 85
81 86
81 88
81 89
81 91
81 93
81 94
81 95
81 97
81 98
81 99
82 84
82 85
82 86
82 87
82 91
82 92
83 85
83 86
83 89
83 90
83 92
83 93
83 94
83 95
83 96
84 86
84 87
84 88
84 89
84 90
84 92
84 93
84 94
84 95
84 97
84 98
85 86
85 87
85 91
85 93
85 94
85 96
85 97
85 98
86 87
86 88
86 90
86 93
86 95
86 96
86 97
87 88
87 90
87 93
87 95
87 97
87 98
87 99
88 90
88 91
88 96
88 97
88 98
88 99
89 95
89 96
89 97
89 98
90 92
90 93
90 94
90 95
91 95
91 96
91 99
92 94
92 96
92 99
93 94
93 97
94 95
94 96
94 98
95 98
95 99
96 97
97 98
97 99
98 99
