0 1
0 2
0 3
0 8
0 10
0 15
0 16
0 20
0 23
0 24
0 25
0 26
0 29
0 31
0 32
0 33
0 34
0 35
0 36
0 37
0 39
0 43
0 45
0 46
0 49
0 53
0 57
0 59
0 62
0 64
0 65
0 67
0 71
0 72
0 74
0 75
0 76
0 77
0 80
0 82
0 87
0 88
0 89
0 90
0 91
0 92
0 93
0 94
0 96
1 2
1 3
1 7
1 9
1 10
1 11
1 12
1 14
1 17
1 18
1 20
1 23
1 26
1 28
1 30
1 32
1 34
1 36
1 39
1 41
1 44
1 46
1 50
1 51
1 52
1 53
1 55
1 58
1 60
1 61
1 63
1 64
1 69
1 72
1 73
1 76
1 77
1 80
1 81
1 84
1 85
1 88
1 89
1 91
1 93
1 96
1 99
2 3
2 8
2 9
2 10
2 13
2 16
2 17
2 19
2 21
2 22
2 24
2 26
2 27
2 29
2 30
2 31
2 32
2 33
2 34
2 35
2 36
2 41
2 43
2 45
2 46
2 47
2 48
2 50
2 52
2 53
2 54
2 57
2 58
2 60
2 61
2 67
2 68
2 69
2 70
2 71
2 72
2 73
2 75
2 76
2 78
2 79
2 81
2 82
2 84
2 85
2 87
2 88
2 89
2 90
2 92
2 97
2 98
2 99
3 4
3 6
3 7
3 8
3 11
3 12
3 13
3 14
3 15
3 16
3 17
3 19
3 23
3 26
3 28
3 30
3 33
3 35
3 36
3 37
3 43
3 46
3 49
3 51
3 52
3 57
3 59
3 60
3 61
3 64
3 67
3 69
3 71
3 73
3 78
3 79
3 80
3 82
3 85
3 86
3 87
3 88
3 89
3 90
3 91
3 95
3 96
3 98
3 99
4 6
4 7
4 9
4 11
4 13
4 14
4 18
4 19
4 20
4 21
4 22
4 23
4 25
4 27
4 28
4 32
4 34
4 36
4 38
4 39
4 46
4 47
4 50
4 51
4 54
4 61
4 63
4 65
4 67
4 68
4 69
4 73
4 74
4 75
4 76
4 77
4 78
4 80
4 84
4 86
4 88
4 89
4 93
4 96
4 98
5 6
5 7
5 9
5 10
5 11
5 12
5 15
5 17
5 20
5 23
5 27
5 28
5 30
5 31
5 33
5 35
5 37
5 40
5 43
5 44
5 46
5 47
5 48
5 50
5 51
5 55
5 56
5 57
5 58
5 59
5 61
5 62
5 63
5 68
5 70
5 74
5 76
5 77
5 79
5 81
5 83
5 84
5 88
5 91
5 92
5 94
5 95
5 96
5 97
5 98
6 9
6 10
6 12
6 14
6 17
6 18
6 19
6 21
6 22
6 25
6 29
6 30
6 31
6 35
6 36
6 38
6 41
6 43
6 44
6 46
6 50
6 52
6 53
6 55
6 57
6 58
6 60
6 62
6 63
6 64
6 65
6 67
6 69
6 70
6 71
6 73
6 78
6 83
6 85
6 89
6 91
6 92
6 93
6 96
6 98
6 99
7 8
7 9
7 10
7 12
7 14
7 15
7 16
7 17
7 19
7 20
7 21
7 23
7 27
7 28
7 29
7 31
7 32
7 33
7 40
7 41
7 42
7 43
7 46
7 51
7 54
7 56
7 58
7 63
7 64
7 68
7 69
7 71
7 74
7 76
7 78
7 79
7 81
7 83
7 84
7 86
7 88
7 89
7 90
7 95
7 96
7 98
7 99
8 9
8 11
8 12
8 13
8 14
8 15
8 16
8 24
8 25
8 29
8 31
8 35
8 36
8 38
8 41
8 43
8 48
8 50
8 52
8 55
8 57
8 58
8 61
8 62
8 63
8 65
8 66
8 67
8 70
8 71
8 72
8 73
8 76
8 77
8 80
8 81
8 82
8 83
8 84
8 93
8 94
8 95
8 96
9 18
9 19
9 20
9 22
9 25
9 29
9 33
9 34
9 35
9 37
9 38
9 39
9 44
9 46
9 50
9 52
9 53
9 54
9 55
9 57
9 58
9 65
9 68
9 70
9 72
9 73
9 74
9 76
9 77
9 81
9 83
9 85
9 86
9 87
9 90
9 93
9 98
9 99
10 12
10 15
10 17
10 20
10 23
10 24
10 25
10 26
10 28
10 29
10 30
10 36
10 38
10 40
10 42
10 44
10 45
10 46
10 49
10 50
10 51
10 52
10 59
10 60
10 63
10 64
10 65
10 68
10 69
10 71
10 73
10 75
10 78
10 79
10 81
10 85
10 86
10 89
10 90
10 97
10 98
11 14
11 19
11 20
11 23
11 26
11 27
11 33
11 35
11 37
11 39
11 40
11 41
11 42
11 48
11 49
11 51
11 54
11 57
11 61
11 64
11 66
11 68
11 69
11 70
11 72
11 77
11 78
11 79
11 82
11 84
11 85
11 86
11 87
11 88
11 89
11 91
11 92
11 95
11 96
11 98
12 15
12 16
12 18
12 19
12 23
12 24
12 26
12 27
12 29
12 30
12 32
12 33
12 37
12 39
12 40
12 41
12 45
12 46
12 49
12 52
12 53
12 54
12 55
12 64
12 66
12 67
12 70
12 71
12 72
12 73
12 74
12 77
12 78
12 84
12 86
12 87
12 92
12 94
12 95
12 96
12 97
12 98
12 99
13 14
13 15
13 16
13 18
13 21
13 23
13 24
13 25
13 27
13 28
13 30
13 33
13 34
13 36
13 39
13 40
13 42
13 43
13 45
13 46
13 47
13 51
13 53
13 59
13 60
13 61
13 66
13 72
13 74
13 76
13 79
13 84
13 86
13 88
13 89
13 91
13 92
13 95
13 96
13 99
14 16
14 17
14 19
14 22
14 24
14 25
14 27
14 28
14 29
14 32
14 33
14 34
14 35
14 36
14 38
14 39
14 41
14 43
14 44
14 46
14 47
14 48
14 50
14 53
14 55
14 56
14 57
14 59
14 60
14 61
14 62
14 64
14 68
14 69
14 71
14 75
14 76
14 77
14 80
14 85
14 86
14 87
14 88
14 90
14 92
14 93
14 94
14 96
14 99
15 20
15 21
15 23
15 25
15 26
15 28
15 29
15 32
15 34
15 37
15 38
15 45
15 46
15 49
15 51
15 54
15 56
15 58
15 60
15 61
15 65
15 68
15 70
15 71
15 72
15 73
15 77
15 80
15 81
15 82
15 83
15 86
15 87
15 89
15 90
15 96
15 97
16 18
16 19
16 20
16 21
16 22
16 23
16 24
16 29
16 30
16 31
16 34
16 35
16 37
16 39
16 40
16 41
16 42
16 43
16 44
16 48
16 49
16 50
16 51
16 52
16 53
16 57
16 58
16 59
16 60
16 61
16 62
16 63
16 64
16 65
16 69
16 71
16 74
16 75
16 76
16 77
16 80
16 81
16 82
16 85
16 86
16 89
16 92
16 93
16 94
16 96
16 97
17 19
17 21
17 22
17 23
17 24
17 25
17 26
17 27
17 29
17 37
17 38
17 41
17 44
17 45
17 47
17 48
17 50
17 52
17 53
17 59
17 60
17 61
17 64
17 67
17 70
17 71
17 72
17 73
17 76
17 77
17 78
17 80
17 81
17 82
17 84
17 86
17 88
17 89
17 91
17 94
17 97
17 98
18 20
18 21
18 23
18 28
18 30
18 33
18 34
18 35
18 36
18 37
18 39
18 43
18 46
18 47
18 49
18 50
18 52
18 56
18 57
18 58
18 61
18 62
18 63
18 64
18 65
18 66
18 70
18 71
18 73
18 76
18 80
18 81
18 85
18 86
18 89
18 92
18 95
18 97
18 98
18 99
19 21
19 22
19 23
19 25
19 27
19 30
19 32
19 33
19 35
19 37
19 38
19 39
19 42
19 43
19 45
19 46
19 47
19 51
19 52
19 54
19 57
19 58
19 61
19 62
19 63
19 65
19 66
19 68
19 71
19 74
19 76
19 78
19 79
19 81
19 83
19 84
19 87
19 88
19 89
19 90
19 93
19 94
19 95
19 97
20 21
20 22
20 28
20 30
20 31
20 33
20 34
20 35
20 38
20 39
20 40
20 43
20 47
20 53
20 58
20 62
20 63
20 65
20 67
20 68
20 69
20 73
20 74
20 75
20 77
20 78
20 85
20 87
20 88
20 89
20 91
20 93
20 96
20 97
20 99
21 22
21 23
21 24
21 26
21 27
21 28
21 30
21 32
21 34
21 36
21 37
21 41
21 42
21 43
21 44
21 48
21 49
21 51
21 52
21 54
21 56
21 58
21 59
21 60
21 61
21 63
21 66
21 67
21 71
21 73
21 74
21 75
21 76
21 79
21 84
21 85
21 89
21 92
21 94
21 95
21 96
21 98
22 23
22 24
22 25
22 26
22 29
22 33
22 35
22 36
22 37
22 42
22 43
22 44
22 46
22 51
22 53
22 54
22 59
22 66
22 68
22 69
22 70
22 74
22 78
22 79
22 80
22 81
22 82
22 83
22 84
22 85
22 89
22 91
22 92
22 95
22 96
22 98
23 24
23 25
23 26
23 27
23 30
23 31
23 33
23 34
23 35
23 36
23 38
23 39
23 41
23 43
23 45
23 46
23 49
23 51
23 52
23 54
23 57
23 59
23 60
23 61
23 64
23 65
23 66
23 70
23 72
23 75
23 77
23 78
23 79
23 83
23 86
23 87
23 89
23 91
23 92
23 93
23 94
24 28
24 29
24 31
24 33
24 34
24 35
24 39
24 41
24 43
24 45
24 48
24 51
24 56
24 57
24 58
24 59
24 60
24 62
24 63
24 67
24 68
24 69
24 70
24 71
24 74
24 76
24 78
24 80
24 82
24 84
24 85
24 86
24 90
24 93
24 98
25 29
25 30
25 37
25 39
25 40
25 41
25 42
25 43
25 44
25 45
25 47
25 50
25 51
25 52
25 54
25 57
25 58
25 59
25 61
25 62
25 63
25 64
25 65
25 67
25 69
25 71
25 73
25 74
25 76
25 77
25 79
25 84
25 85
25 93
25 95
25 96
25 97
25 99
26 27
26 28
26 30
26 31
26 35
26 37
26 40
26 42
26 43
26 44
26 46
26 47
26 50
26 51
26 54
26 55
26 56
26 58
26 59
26 61
26 62
26 63
26 65
26 66
26 70
26 71
26 74
26 77
26 78
26 79
26 80
26 81
26 85
26 87
27 29
27 30
27 31
27 32
27 33
27 38
27 39
27 44
27 46
27 50
27 51
27 53
27 54
27 56
27 57
27 59
27 64
27 66
27 72
27 75
27 76
27 77
27 78
27 79
27 80
27 85
27 86
27 87
27 88
27 89
27 92
27 93
27 94
27 95
27 97
27 98
27 99
28 29
28 30
28 31
28 34
28 36
28 42
28 45
28 48
28 49
28 50
28 52
28 55
28 60
28 61
28 62
28 66
28 67
28 68
28 70
28 71
28 77
28 84
28 86
28 89
28 90
28 93
28 94
28 98
28 99
29 32
29 33
29 35
29 36
29 37
29 40
29 41
29 42
29 44
29 46
29 48
29 53
29 54
29 58
29 59
29 71
29 72
29 73
29 76
29 77
29 80
29 81
29 90
29 92
29 94
29 95
29 96
29 97
29 98
29 99
30 31
30 33
30 36
30 37
30 39
30 40
30 41
30 44
30 47
30 49
30 50
30 51
30 52
30 53
30 55
30 58
30 59
30 62
30 64
30 65
30 69
30 73
30 77
30 82
30 83
30 85
30 86
30 88
30 89
30 90
30 92
30 93
30 94
30 96
30 98
30 99
31 32
31 33
31 34
31 35
31 40
31 41
31 44
31 45
31 46
31 49
31 53
31 57
31 59
31 60
31 61
31 62
31 64
31 65
31 66
31 67
31 69
31 73
31 76
31 81
31 85
31 87
31 88
31 90
31 91
31 92
31 93
31 95
31 96
31 97
31 98
31 99
32 33
32 35
32 36
32 37
32 39
32 40
32 41
32 44
32 45
32 48
32 49
32 50
32 52
32 53
32 54
32 57
32 59
32 63
32 64
32 74
32 76
32 77
32 85
32 86
32 88
32 89
32 92
32 94
32 96
32 97
32 98
32 99
33 34
33 35
33 38
33 46
33 47
33 51
33 53
33 55
33 56
33 57
33 59
33 60
33 63
33 68
33 69
33 70
33 72
33 76
33 79
33 80
33 83
33 84
33 87
33 88
33 91
33 94
33 95
33 96
33 99
34 35
34 36
34 37
34 40
34 41
34 43
34 45
34 47
34 49
34 51
34 52
34 54
34 55
34 57
34 58
34 59
34 63
34 66
34 68
34 70
34 71
34 72
34 74
34 75
34 76
34 78
34 81
34 84
34 88
34 89
34 92
34 95
34 96
35 37
35 38
35 40
35 43
35 45
35 46
35 48
35 52
35 53
35 56
35 58
35 59
35 61
35 64
35 65
35 66
35 67
35 75
35 76
35 78
35 79
35 80
35 82
35 83
35 84
35 86
35 87
35 90
35 91
35 97
36 37
36 38
36 42
36 45
36 46
36 47
36 49
36 54
36 56
36 58
36 60
36 61
36 63
36 65
36 67
36 68
36 69
36 71
36 75
36 77
36 79
36 81
36 83
36 84
36 85
36 86
36 87
36 89
36 93
36 98
37 38
37 39
37 41
37 42
37 43
37 47
37 48
37 49
37 54
37 55
37 56
37 57
37 58
37 60
37 63
37 66
37 68
37 72
37 75
37 76
37 78
37 84
37 86
37 87
37 90
37 93
37 94
37 97
37 99
38 39
38 40
38 41
38 43
38 44
38 45
38 46
38 51
38 53
38 54
38 56
38 57
38 59
38 60
38 62
38 64
38 67
38 68
38 69
38 70
38 72
38 75
38 76
38 80
38 82
38 83
38 84
38 85
38 87
38 88
38 90
38 91
38 92
38 93
38 94
38 96
38 97
39 40
39 41
39 42
39 45
39 50
39 51
39 53
39 54
39 56
39 57
39 58
39 60
39 61
39 62
39 65
39 67
39 68
39 69
39 71
39 74
39 75
39 76
39 80
39 81
39 83
39 85
39 88
39 89
39 90
39 92
39 94
39 95
39 98
39 99
40 41
40 42
40 43
40 45
40 46
40 55
40 59
40 63
40 65
40 66
40 67
40 70
40 71
40 73
40 74
40 75
40 77
40 80
40 83
40 84
40 86
40 87
40 88
40 92
40 93
40 95
40 96
40 99
41 44
41 47
41 48
41 50
41 52
41 53
41 54
41 59
41 60
41 61
41 62
41 64
41 65
41 70
41 71
41 72
41 74
41 75
41 76
41 77
41 78
41 79
41 84
41 85
41 86
41 88
41 89
41 90
41 91
41 92
41 95
41 99
42 43
42 44
42 45
42 47
42 48
42 50
42 51
42 54
42 56
42 57
42 59
42 63
42 64
42 66
42 67
42 68
42 69
42 70
42 75
42 76
42 78
42 80
42 81
42 83
42 84
42 85
42 86
42 89
42 91
42 94
42 95
42 97
42 99
43 46
43 47
43 49
43 50
43 52
43 53
43 54
43 55
43 56
43 59
43 61
43 62
43 63
43 65
43 67
43 69
43 70
43 71
43 74
43 77
43 78
43 79
43 81
43 83
43 84
43 89
43 91
43 92
43 98
43 99
44 45
44 47
44 48
44 49
44 50
44 51
44 58
44 60
44 62
44 65
44 66
44 69
44 70
44 71
44 72
44 74
44 75
44 76
44 77
44 78
44 79
44 80
44 81
44 82
44 86
44 88
44 91
44 92
44 94
44 97
44 98
44 99
45 47
45 48
45 51
45 52
45 57
45 58
45 59
45 62
45 63
45 66
45 67
45 68
45 69
45 73
45 74
45 75
45 76
45 79
45 86
45 88
45 90
45 91
45 92
45 94
45 95
46 47
46 48
46 49
46 50
46 54
46 55
46 57
46 61
46 62
46 63
46 65
46 67
46 69
46 70
46 71
46 72
46 75
46 76
46 78
46 81
46 82
46 83
46 84
46 86
46 87
46 91
46 94
46 96
46 98
46 99
47 48
47 49
47 57
47 59
47 60
47 61
47 64
47 71
47 72
47 74
47 75
47 77
47 79
47 80
47 83
47 85
47 87
47 88
47 90
47 91
47 93
47 94
47 97
47 98
47 99
48 50
48 51
48 52
48 53
48 55
48 57
48 59
48 61
48 62
48 63
48 67
48 68
48 69
48 72
48 77
48 79
48 80
48 83
48 85
48 86
48 89
48 90
48 91
48 92
48 94
48 95
48 96
48 97
48 98
48 99
49 50
49 52
49 53
49 57
49 58
49 62
49 63
49 65
49 69
49 70
49 71
49 74
49 76
49 77
49 82
49 83
49 84
49 88
49 90
49 91
49 93
49 95
49 96
50 52
50 53
50 55
50 56
50 57
50 58
50 62
50 64
50 67
50 70
50 73
50 74
50 76
50 77
50 83
50 84
50 85
50 86
50 87
50 88
50 89
50 90
50 93
50 96
50 97
50 99
51 55
51 57
51 58
51 59
51 62
51 64
51 67
51 68
51 69
51 70
51 72
51 75
51 77
51 84
51 85
51 86
51 87
51 89
51 90
51 94
51 95
51 99
52 53
52 54
52 55
52 56
52 57
52 59
52 61
52 62
52 63
52 65
52 66
52 69
52 70
52 71
52 73
52 74
52 78
52 79
52 81
52 82
52 83
52 85
52 86
52 87
52 88
52 92
52 94
52 95
52 96
52 98
53 56
53 63
53 64
53 65
53 70
53 71
53 73
53 76
53 77
53 81
53 82
53 83
53 86
53 87
53 88
53 89
53 91
53 92
53 95
53 97
53 98
53 99
54 57
54 59
54 60
54 65
54 68
54 69
54 70
54 71
54 74
54 75
54 76
54 77
54 84
54 85
54 86
54 87
54 89
54 90
54 95
54 97
54 98
55 56
55 58
55 63
55 64
55 69
55 70
55 71
55 72
55 76
55 77
55 78
55 79
55 80
55 83
55 87
55 90
55 91
55 93
55 94
55 97
55 98
55 99
56 61
56 65
56 66
56 67
56 68
56 69
56 72
56 74
56 80
56 82
56 86
56 87
56 90
56 92
56 95
56 97
57 58
57 61
57 64
57 66
57 67
57 68
57 69
57 71
57 72
57 75
57 76
57 79
57 82
57 84
57 85
57 86
57 90
57 91
57 96
57 97
57 98
57 99
58 60
58 63
58 64
58 67
58 68
58 69
58 75
58 76
58 77
58 78
58 80
58 81
58 82
58 84
58 85
58 87
58 88
58 90
58 92
58 93
58 95
58 96
58 99
59 62
59 64
59 66
59 69
59 70
59 71
59 74
59 75
59 76
59 77
59 78
59 82
59 83
59 85
59 87
59 89
59 92
59 98
59 99
60 65
60 66
60 67
60 68
60 69
60 70
60 74
60 75
60 78
60 80
60 83
60 84
60 85
60 86
60 88
60 89
60 90
60 91
60 93
60 95
60 96
60 99
61 62
61 64
61 65
61 66
61 70
61 71
61 73
61 77
61 79
61 81
61 91
61 92
61 96
61 98
61 99
62 68
62 70
62 73
62 74
62 77
62 79
62 80
62 84
62 87
62 89
62 91
62 92
62 93
62 95
62 97
62 99
63 66
63 67
63 68
63 73
63 75
63 76
63 77
63 78
63 81
63 83
63 84
63 85
63 89
63 90
63 93
63 94
63 95
63 97
63 98
63 99
64 68
64 72
64 74
64 77
64 80
64 81
64 83
64 84
64 85
64 86
64 87
64 88
64 90
64 91
64 95
64 96
64 99
65 67
65 68
65 73
65 74
65 76
65 77
65 80
65 82
65 83
65 85
65 87
65 89
65 93
65 96
66 70
66 71
66 75
66 76
66 80
66 84
66 85
66 86
66 90
66 91
66 92
66 93
66 94
66 99
67 69
67 70
67 72
67 74
67 75
67 76
67 77
67 79
67 80
67 81
67 82
67 83
67 85
67 87
67 88
67 90
67 92
67 93
67 94
67 99
68 69
68 70
68 71
68 72
68 77
68 78
68 80
68 83
68 84
68 85
68 87
68 88
68 89
68 91
68 94
68 99
69 70
69 71
69 75
69 77
69 78
69 81
69 83
69 84
69 85
69 87
69 88
69 89
69 90
69 91
69 94
69 95
69 98
69 99
70 71
70 73
70 75
70 76
70 83
70 85
70 86
70 87
70 88
70 91
70 92
70 93
70 95
70 96
70 97
71 72
71 73
71 74
71 76
71 79
71 81
71 82
71 83
71 87
71 88
71 92
71 97
71 98
72 74
72 75
72 78
72 79
72 80
72 81
72 82
72 83
72 85
72 87
72 88
72 92
72 94
72 95
72 97
72 98
72 99
73 77
73 78
73 81
73 84
73 86
73 87
73 88
73 89
73 90
73 91
73 93
73 99
74 82
74 84
74 89
74 91
74 93
74 95
74 97
74 98
75 78
75 79
75 87
75 90
75 91
75 95
75 97
75 98
76 83
76 84
76 86
76 87
76 88
76 90
76 95
76 99
77 79
77 82
77 83
77 86
77 93
77 94
77 95
78 82
78 83
78 85
78 86
78 87
78 88
78 89
78 91
78 92
78 93
78 98
78 99
79 80
79 81
79 82
79 83
79 86
79 89
79 93
79 94
79 95
79 96
80 82
80 83
80 84
80 85
80 86
80 88
80 90
80 91
80 92
80 97
80 98
80 99
81 84
81 85
81 90
81 94
82 88
82 91
82 94
82 95
82 96
82 97
82 99
83 84
83 85
83 86
83 87
83 89
83 90
83 92
83 94
83 95
83 96
83 97
83 99
84 85
84 86
84 88
84 90
84 91
84 94
84 95
84 96
84 99
85 86
85 87
85 88
85 89
85 90
85 97
86 90
86 92
86 94
86 95
86 99
87 89
87 90
87 91
87 92
87 93
87 94
87 95
87 97
87 98
88 89
88 90
88 94
88 95
88 97
88 99
89 90
89 92
89 93
89 94
89 97
89 98
89 99
90 93
90 95
90 97
90 99
91 94
91 95
91 98
91 99
92 93
92 95
92 96
92 97
92 98
93 96
93 99
94 99
95 96
95 98
96 97
96 99
97 98
97 99
