0 2
0 6
0 7
0 8
0 9
0 10
0 11
0 12
0 13
0 16
0 19
0 20
0 21
0 23
0 28
0 29
0 30
0 35
0 36
0 37
0 39
0 42
0 43
0 44
0 45
0 46
0 47
0 51
0 52
0 56
0 57
0 59
0 61
0 66
0 67
0 68
0 71
0 72
0 74
0 76
0 77
0 78
0 79
0 80
0 81
0 83
0 89
0 93
0 96
0 99
1 2
1 3
1 4
1 5
1 6
1 10
1 11
1 12
1 14
1 16
1 17
1 19
1 21
1 22
1 23
1 25
1 28
1 30
1 32
1 33
1 34
1 37
1 39
1 42
1 44
1 47
1 48
1 49
1 52
1 53
1 54
1 57
1 59
1 61
1 64
1 65
1 66
1 67
1 73
1 75
1 78
1 79
1 81
1 83
1 86
1 90
1 91
1 93
1 95
1 97
1 98
1 99
2 3
2 4
2 6
2 9
2 10
2 11
2 13
2 15
2 17
2 18
2 19
2 20
2 23
2 25
2 26
2 28
2 29
2 33
2 34
2 35
2 36
2 37
2 38
2 42
2 46
2 47
2 49
2 52
2 54
2 56
2 58
2 59
2 62
2 64
2 70
2 71
2 72
2 77
2 78
2 79
2 80
2 81
2 82
2 88
2 89
2 91
2 92
2 94
2 95
2 96
2 97
2 98
3 4
3 5
3 6
3 7
3 19
3 22
3 25
3 30
3 31
3 32
3 33
3 35
3 39
3 44
3 45
3 46
3 49
3 50
3 53
3 54
3 56
3 58
3 60
3 64
3 67
3 70
3 71
3 72
3 78
3 80
3 81
3 83
3 84
3 86
3 88
3 91
3 93
3 94
3 96
3 97
3 98
4 6
4 10
4 13
4 14
4 15
4 16
4 17
4 18
4 20
4 22
4 24
4 27
4 31
4 32
4 34
4 38
4 39
4 41
4 45
4 48
4 49
4 50
4 51
4 53
4 55
4 56
4 60
4 63
4 64
4 66
4 68
4 70
4 71
4 74
4 75
4 77
4 78
4 81
4 82
4 83
4 84
4 85
4 88
4 89
4 90
4 91
4 93
4 94
4 96
4 98
5 6
5 7
5 10
5 11
5 17
5 20
5 21
5 23
5 24
5 26
5 27
5 28
5 29
5 30
5 31
5 32
5 34
5 39
5 40
5 41
5 49
5 52
5 53
5 54
5 56
5 58
5 59
5 60
5 62
5 64
5 67
5 68
5 70
5 71
5 72
5 74
5 76
5 77
5 80
5 81
5 85
5 86
5 88
5 89
5 90
5 91
5 93
5 95
5 96
5 99
6 7
6 8
6 11
6 12
6 13
6 15
6 18
6 19
6 20
6 22
6 25
6 26
6 27
6 30
6 33
6 35
6 36
6 38
6 39
6 40
6 41
6 42
6 44
6 49
6 51
6 52
6 53
6 54
6 59
6 61
6 62
6 63
6 64
6 65
6 67
6 68
6 72
6 73
6 77
6 79
6 80
6 81
6 82
6 85
6 86
6 87
6 88
6 89
6 92
6 93
6 94
6 95
6 96
6 98
6 99
7 8
7 9
7 10
7 11
7 13
7 15
7 16
7 18
7 19
7 20
7 21
7 23
7 25
7 27
7 30
7 31
7 35
7 36
7 41
7 42
7 43
7 44
7 45
7 48
7 50
7 51
7 52
7 53
7 54
7 59
7 60
7 62
7 63
7 64
7 65
7 66
7 67
7 70
7 73
7 74
7 76
7 77
7 78
7 79
7 81
7 82
7 86
7 87
7 88
7 90
7 92
7 96
7 97
8 11
8 12
8 13
8 17
8 18
8 22
8 24
8 26
8 28
8 29
8 30
8 32
8 33
8 36
8 37
8 39
8 40
8 43
8 44
8 48
8 49
8 53
8 55
8 57
8 61
8 62
8 65
8 66
8 67
8 70
8 73
8 74
8 76
8 77
8 80
8 81
8 84
8 86
8 89
8 90
8 91
8 93
8 96
8 98
8 99
9 11
9 12
9 16
9 17
9 18
9 22
9 23
9 25
9 27
9 28
9 29
9 30
9 33
9 37
9 39
9 40
9 43
9 47
9 52
9 53
9 54
9 55
9 57
9 60
9 62
9 64
9 70
9 72
9 73
9 74
9 75
9 77
9 78
9 79
9 80
9 81
9 82
9 83
9 85
9 86
9 87
9 89
9 90
9 92
9 93
9 95
9 97
9 99
10 12
10 13
10 15
10 16
10 18
10 24
10 29
10 32
10 33
10 34
10 35
10 38
10 44
10 48
10 49
10 52
10 53
10 54
10 57
10 60
10 64
10 65
10 70
10 71
10 72
10 73
10 74
10 75
10 82
10 84
10 87
10 89
10 91
10 94
10 97
10 98
11 12
11 14
11 19
11 21
11 24
11 26
11 27
11 29
11 30
11 32
11 35
11 36
11 40
11 41
11 42
11 46
11 47
11 50
11 52
11 59
11 61
11 62
11 63
11 64
11 69
11 70
11 72
11 73
11 74
11 75
11 76
11 78
11 79
11 80
11 82
11 84
11 85
11 88
11 91
11 94
11 95
11 96
11 97
11 98
12 16
12 17
12 19
12 20
12 23
12 24
12 25
12 27
12 28
12 30
12 31
12 35
12 37
12 38
12 39
12 40
12 41
12 42
12 44
12 45
12 46
12 49
12 52
12 54
12 56
12 58
12 60
12 61
12 63
12 68
12 70
12 73
12 76
12 78
12 80
12 81
12 82
12 83
12 89
12 94
12 95
12 97
12 98
13 18
13 21
13 26
13 28
13 31
13 35
13 36
13 37
13 40
13 44
13 45
13 46
13 53
13 61
13 62
13 63
13 64
13 65
13 67
13 69
13 70
13 71
13 72
13 74
13 75
13 76
13 78
13 82
13 83
13 86
13 89
13 90
13 93
13 94
13 95
13 97
14 15
14 16
14 17
14 18
14 22
14 25
14 26
14 27
14 30
14 31
14 33
14 35
14 36
14 37
14 41
14 42
14 43
14 44
14 45
14 48
14 49
14 52
14 53
14 55
14 56
14 60
14 62
14 68
14 71
14 72
14 75
14 76
14 77
14 78
14 80
14 81
14 83
14 84
14 85
14 86
14 90
14 91
14 92
14 93
14 96
14 97
15 21
15 23
15 24
15 25
15 27
15 28
15 30
15 31
15 32
15 33
15 34
15 42
15 45
15 46
15 52
15 55
15 56
15 57
15 59
15 61
15 63
15 68
15 69
15 70
15 71
15 72
15 74
15 78
15 83
15 84
15 85
15 87
15 90
15 91
15 93
15 94
15 95
15 96
15 97
15 98
15 99
16 18
16 19
16 22
16 24
16 28
16 36
16 37
16 38
16 39
16 40
16 41
16 42
16 43
16 46
16 48
16 50
16 52
16 55
16 57
16 59
16 60
16 61
16 62
16 63
16 64
16 65
16 66
16 68
16 69
16 70
16 75
16 76
16 83
16 91
16 93
16 94
16 95
16 98
17 22
17 25
17 27
17 29
17 30
17 31
17 34
17 35
17 37
17 38
17 39
17 41
17 42
17 44
17 45
17 46
17 47
17 48
17 49
17 50
17 51
17 54
17 55
17 63
17 64
17 67
17 71
17 72
17 77
17 78
17 79
17 83
17 84
17 85
17 90
17 92
17 93
17 94
17 96
17 98
18 19
18 23
18 24
18 26
18 27
18 28
18 33
18 37
18 39
18 40
18 42
18 43
18 44
18 45
18 46
18 47
18 48
18 49
18 50
18 52
18 53
18 54
18 55
18 56
18 57
18 58
18 60
18 61
18 62
18 63
18 64
18 65
18 66
18 67
18 68
18 69
18 70
18 72
18 75
18 76
18 77
18 78
18 79
18 80
18 83
18 84
18 88
18 91
18 92
18 94
18 97
18 98
19 20
19 21
19 23
19 24
19 25
19 29
19 31
19 32
19 37
19 38
19 43
19 44
19 45
19 48
19 49
19 51
19 53
19 54
19 55
19 57
19 59
19 64
19 67
19 69
19 70
19 72
19 75
19 77
19 79
19 83
19 84
19 89
19 91
19 92
19 94
19 95
19 98
19 99
20 21
20 23
20 24
20 25
20 26
20 27
20 28
20 29
20 30
20 35
20 36
20 42
20 43
20 45
20 46
20 47
20 49
20 52
20 53
20 54
20 55
20 57
20 58
20 59
20 60
20 61
20 64
20 65
20 66
20 67
20 69
20 71
20 75
20 77
20 82
20 83
20 84
20 86
20 88
20 91
20 92
20 93
20 94
20 95
20 97
20 99
21 22
21 23
21 25
21 26
21 28
21 30
21 33
21 34
21 38
21 40
21 41
21 44
21 45
21 48
21 49
21 51
21 55
21 56
21 57
21 58
21 59
21 60
21 62
21 63
21 64
21 66
21 70
21 71
21 72
21 73
21 74
21 75
21 77
21 78
21 79
21 80
21 85
21 86
21 87
21 88
21 89
21 93
21 96
21 97
21 99
22 25
22 29
22 31
22 36
22 40
22 41
22 42
22 43
22 46
22 47
22 48
22 53
22 55
22 56
22 57
22 58
22 59
22 61
22 62
22 63
22 65
22 66
22 67
22 68
22 70
22 72
22 75
22 79
22 81
22 86
22 91
22 92
22 94
22 95
22 96
22 97
22 99
23 25
23 28
23 31
23 32
23 33
23 34
23 35
23 36
23 40
23 41
23 44
23 46
23 47
23 48
23 49
23 54
23 55
23 57
23 59
23 61
23 63
23 65
23 70
23 73
23 74
23 75
23 76
23 78
23 79
23 83
23 84
23 86
23 87
23 90
23 97
23 99
24 26
24 27
24 28
24 29
24 30
24 31
24 32
24 33
24 34
24 37
24 40
24 41
24 44
24 45
24 47
24 50
24 51
24 53
24 54
24 55
24 57
24 59
24 61
24 63
24 65
24 66
24 69
24 70
24 71
24 73
24 76
24 77
24 81
24 82
24 83
24 84
24 86
24 89
24 90
24 91
24 92
24 93
24 94
24 95
24 97
25 27
25 28
25 29
25 31
25 35
25 37
25 38
25 39
25 40
25 41
25 45
25 46
25 47
25 48
25 51
25 52
25 53
25 58
25 59
25 60
25 61
25 64
25 65
25 68
25 69
25 71
25 72
25 73
25 74
25 75
25 76
25 77
25 79
25 80
25 81
25 82
25 84
25 85
25 86
25 87
25 88
25 89
25 97
25 98
25 99
26 29
26 31
26 32
26 33
26 34
26 35
26 38
26 40
26 41
26 42
26 44
26 48
26 49
26 55
26 59
26 66
26 68
26 70
26 73
26 76
26 77
26 78
26 83
26 84
26 86
26 91
26 95
26 98
27 29
27 30
27 32
27 35
27 36
27 38
27 40
27 42
27 43
27 45
27 47
27 48
27 49
27 50
27 52
27 53
27 54
27 55
27 58
27 62
27 63
27 65
27 66
27 68
27 69
27 70
27 71
27 72
27 74
27 80
27 81
27 82
27 86
27 88
27 90
27 91
27 94
27 95
27 97
27 98
27 99
28 29
28 31
28 33
28 34
28 36
28 37
28 38
28 42
28 43
28 46
28 47
28 48
28 49
28 53
28 54
28 55
28 56
28 57
28 60
28 62
28 63
28 67
28 69
28 70
28 73
28 74
28 75
28 76
28 77
28 85
28 89
28 91
28 92
28 93
28 97
28 99
29 31
29 32
29 34
29 35
29 36
29 37
29 38
29 39
29 40
29 41
29 45
29 47
29 48
29 52
29 53
29 55
29 56
29 60
29 61
29 64
29 67
29 69
29 70
29 71
29 72
29 73
29 75
29 77
29 79
29 80
29 82
29 83
29 85
29 86
29 87
29 88
29 92
29 95
29 98
29 99
30 31
30 32
30 36
30 38
30 43
30 45
30 46
30 51
30 53
30 54
30 55
30 59
30 60
30 61
30 62
30 64
30 66
30 72
30 76
30 78
30 81
30 85
30 86
30 87
30 91
30 92
30 93
30 94
30 95
30 96
30 99
31 32
31 33
31 34
31 35
31 41
31 43
31 46
31 48
31 49
31 51
31 55
31 56
31 58
31 61
31 62
31 63
31 64
31 66
31 67
31 71
31 73
31 74
31 76
31 77
31 78
31 79
31 80
31 83
31 85
31 87
31 88
31 89
31 91
31 94
31 96
31 98
31 99
32 33
32 36
32 38
32 40
32 42
32 43
32 44
32 45
32 46
32 47
32 49
32 51
32 54
32 55
32 57
32 60
32 63
32 66
32 67
32 69
32 70
32 71
32 73
32 74
32 75
32 76
32 77
32 79
32 80
32 81
32 82
32 83
32 84
32 86
32 87
32 89
32 90
32 92
32 94
32 95
32 96
32 97
32 98
32 99
33 34
33 35
33 36
33 38
33 40
33 42
33 43
33 45
33 47
33 48
33 49
33 52
33 53
33 54
33 56
33 57
33 59
33 60
33 61
33 62
33 63
33 68
33 70
33 71
33 73
33 75
33 78
33 79
33 82
33 83
33 87
33 88
33 89
33 92
33 94
33 95
33 99
34 37
34 41
34 43
34 47
34 51
34 53
34 54
34 61
34 62
34 63
34 64
34 65
34 67
34 68
34 70
34 72
34 73
34 74
34 75
34 78
34 80
34 81
34 82
34 83
34 84
34 86
34 88
34 89
34 90
34 91
34 92
34 93
34 96
34 99
35 40
35 43
35 45
35 47
35 48
35 49
35 51
35 52
35 55
35 57
35 61
35 64
35 66
35 67
35 69
35 72
35 75
35 79
35 82
35 84
35 85
35 86
35 87
35 88
35 90
35 91
35 92
35 93
35 94
35 95
36 39
36 43
36 44
36 46
36 49
36 52
36 53
36 58
36 59
36 60
36 65
36 66
36 67
36 71
36 73
36 75
36 76
36 80
36 81
36 83
36 84
36 85
36 87
36 88
36 91
36 92
36 95
36 96
37 38
37 40
37 42
37 43
37 44
37 46
37 50
37 51
37 57
37 59
37 63
37 64
37 65
37 66
37 68
37 69
37 72
37 73
37 75
37 76
37 78
37 80
37 81
37 82
37 84
37 86
37 87
37 88
37 90
37 93
38 41
38 42
38 43
38 44
38 45
38 47
38 49
38 56
38 59
38 60
38 65
38 69
38 70
38 72
38 73
38 75
38 76
38 80
38 81
38 83
38 85
38 87
38 88
38 90
38 95
38 98
38 99
39 40
39 41
39 42
39 50
39 51
39 53
39 54
39 56
39 57
39 58
39 60
39 61
39 63
39 64
39 67
39 69
39 71
39 72
39 73
39 76
39 77
39 78
39 80
39 84
39 85
39 86
39 92
39 94
39 96
39 98
40 41
40 42
40 44
40 46
40 51
40 55
40 56
40 57
40 60
40 62
40 64
40 65
40 66
40 67
40 68
40 70
40 71
40 72
40 74
40 77
40 78
40 79
40 81
40 84
40 85
40 88
40 92
40 93
40 94
40 95
40 96
40 97
40 98
41 42
41 43
41 48
41 49
41 50
41 51
41 56
41 58
41 59
41 60
41 63
41 64
41 65
41 66
41 67
41 68
41 69
41 71
41 73
41 74
41 78
41 79
41 80
41 83
41 84
41 85
41 86
41 91
41 92
41 93
41 95
41 96
41 98
42 46
42 47
42 48
42 49
42 53
42 54
42 56
42 58
42 59
42 60
42 61
42 63
42 64
42 66
42 68
42 69
42 70
42 71
42 72
42 73
42 75
42 77
42 78
42 82
42 83
42 84
42 85
42 86
42 88
42 89
42 90
42 91
42 92
42 93
42 94
42 96
42 98
42 99
43 44
43 45
43 47
43 48
43 49
43 51
43 54
43 57
43 60
43 61
43 62
43 63
43 64
43 68
43 74
43 75
43 76
43 77
43 79
43 82
43 83
43 84
43 86
43 87
43 88
43 89
43 90
43 92
43 93
43 94
43 98
43 99
44 45
44 46
44 51
44 52
44 53
44 57
44 60
44 61
44 62
44 64
44 67
44 71
44 72
44 74
44 75
44 77
44 79
44 80
44 82
44 85
44 86
44 89
44 92
44 93
44 95
44 96
44 99
45 46
45 50
45 51
45 54
45 56
45 59
45 61
45 64
45 65
45 67
45 70
45 71
45 73
45 74
45 76
45 79
45 80
45 82
45 85
45 86
45 88
46 48
46 52
46 53
46 55
46 56
46 57
46 58
46 59
46 64
46 68
46 71
46 72
46 73
46 74
46 75
46 76
46 81
46 83
46 86
46 87
46 88
46 89
46 90
46 91
46 92
46 93
46 95
46 97
46 98
46 99
47 49
47 51
47 52
47 53
47 59
47 60
47 62
47 63
47 64
47 65
47 66
47 70
47 71
47 74
47 75
47 76
47 78
47 81
47 82
47 84
47 86
47 89
47 91
47 93
47 94
47 95
47 97
47 98
47 99
48 50
48 52
48 53
48 54
48 55
48 56
48 58
48 59
48 61
48 63
48 64
48 65
48 69
48 70
48 72
48 76
48 77
48 78
48 79
48 83
48 84
48 85
48 86
48 88
48 94
48 95
48 96
48 98
48 99
49 55
49 56
49 57
49 61
49 62
49 63
49 66
49 69
49 70
49 72
49 73
49 74
49 78
49 80
49 83
49 85
49 87
49 88
49 89
49 90
49 91
49 92
49 93
49 94
49 95
49 98
49 99
50 51
50 52
50 53
50 55
50 56
50 57
50 59
50 63
50 66
50 69
50 70
50 72
50 74
50 76
50 77
50 82
50 83
50 86
50 87
50 88
50 91
50 93
50 95
50 96
50 97
50 98
50 99
51 53
51 54
51 55
51 58
51 60
51 62
51 64
51 65
51 68
51 70
51 71
51 72
51 73
51 76
51 77
51 79
51 85
51 89
51 90
51 91
51 92
51 95
52 53
52 54
52 55
52 56
52 62
52 64
52 67
52 71
52 73
52 78
52 82
52 83
52 84
52 85
52 86
52 87
52 91
52 92
52 93
52 95
52 99
53 55
53 56
53 58
53 59
53 61
53 63
53 66
53 67
53 69
53 71
53 75
53 77
53 79
53 80
53 88
53 89
53 96
53 97
53 99
54 59
54 63
54 64
54 65
54 66
54 67
54 69
54 71
54 73
54 74
54 75
54 77
54 78
54 80
54 82
54 84
54 86
54 89
54 90
54 91
54 96
54 98
54 99
55 56
55 60
55 63
55 64
55 65
55 68
55 72
55 73
55 74
55 77
55 78
55 80
55 81
55 82
55 89
55 90
55 93
55 95
55 96
55 98
56 58
56 59
56 65
56 66
56 67
56 71
56 72
56 73
56 74
56 75
56 76
56 77
56 78
56 79
56 81
56 84
56 85
56 86
56 93
56 98
56 99
57 58
57 65
57 68
57 69
57 71
57 72
57 74
57 76
57 78
57 80
57 81
57 85
57 87
57 88
57 89
57 92
57 94
57 96
57 98
58 60
58 62
58 63
58 64
58 66
58 70
58 72
58 76
58 77
58 78
58 81
58 82
58 85
58 88
58 90
58 91
58 97
58 98
58 99
59 60
59 61
59 62
59 64
59 66
59 69
59 70
59 75
59 79
59 83
59 84
59 85
59 87
59 89
59 90
59 91
59 94
59 96
59 97
60 62
60 64
60 66
60 68
60 69
60 80
60 84
60 93
60 96
60 97
60 98
60 99
61 63
61 66
61 68
61 69
61 72
61 73
61 76
61 77
61 78
61 79
61 80
61 82
61 85
61 87
61 88
61 89
61 90
61 91
61 94
61 96
61 99
62 63
62 66
62 68
62 69
62 70
62 71
62 76
62 77
62 78
62 79
62 80
62 81
62 83
62 84
62 86
62 88
62 89
62 90
62 91
62 94
62 95
62 96
62 97
62 98
63 65
63 67
63 70
63 74
63 77
63 78
63 82
63 83
63 85
63 88
63 90
63 92
63 94
63 95
63 99
64 66
64 73
64 74
64 76
64 77
64 78
64 80
64 82
64 84
64 85
64 88
64 90
64 92
64 95
64 96
64 97
64 98
64 99
65 66
65 67
65 68
65 69
65 70
65 71
65 73
65 75
65 77
65 78
65 79
65 81
65 83
65 92
65 93
65 96
65 99
66 67
66 68
66 69
66 70
66 71
66 72
66 74
66 75
66 80
66 81
66 82
66 86
66 87
66 89
66 90
66 91
66 93
66 94
66 96
66 97
67 68
67 69
67 72
67 73
67 74
67 77
67 78
67 79
67 80
67 82
67 83
67 85
67 86
67 88
67 90
67 91
67 99
68 69
68 70
68 71
68 72
68 73
68 76
68 82
68 83
68 86
68 91
68 92
68 93
68 94
68 95
68 97
68 98
68 99
69 70
69 76
69 78
69 79
69 81
69 84
69 88
69 95
69 96
69 99
70 71
70 72
70 75
70 76
70 77
70 78
70 80
70 81
70 83
70 86
70 87
70 88
70 89
70 90
70 91
70 92
70 93
70 95
70 96
70 97
71 72
71 73
71 78
71 79
71 83
71 84
71 86
71 87
71 90
72 73
72 80
72 81
72 82
72 84
72 85
72 87
72 89
72 90
72 92
72 94
72 95
72 96
72 98
72 99
73 75
73 76
73 77
73 79
73 82
73 83
73 84
73 85
73 86
73 89
73 90
73 91
73 94
73 95
73 96
73 99
74 77
74 78
74 79
74 80
74 81
74 82
74 83
74 84
74 85
74 86
74 92
74 94
74 96
74 98
75 76
75 77
75 83
75 84
75 90
75 92
75 93
75 94
75 95
75 96
75 99
76 79
76 81
76 82
76 83
76 84
76 85
76 89
76 93
76 95
76 96
76 97
76 99
77 79
77 80
77 82
77 84
77 86
77 89
77 90
77 91
77 92
77 93
77 94
77 96
77 98
78 81
78 82
78 83
78 85
78 87
78 88
78 89
78 92
78 97
79 82
79 84
79 85
79 86
79 89
79 90
79 92
79 95
79 96
79 97
79 98
79 99
80 81
80 82
80 84
80 85
80 86
80 87
80 88
80 91
80 92
80 94
80 95
80 96
80 97
80 98
80 99
81 82
81 84
81 86
81 89
81 90
81 93
81 94
81 96
81 99
82 83
82 88
82 90
82 91
82 94
82 96
83 84
83 86
83 90
83 91
83 98
83 99
84 85
84 86
84 88
84 90
84 91
84 94
84 96
84 98
84 99
85 87
85 92
85 93
85 94
85 95
85 96
85 97
85 98
85 99
86 88
86 89
86 93
86 94
86 96
86 99
87 88
87 91
87 92
87 94
87 95
87 96
87 97
87 98
88 90
88 93
88 95
88 99
89 90
89 92
89 94
89 95
89 99
90 91
90 93
90 94
90 97
90 99
91 92
91 96
91 98
92 93
92 95
92 96
93 98
94 96
94 97
94 98
95 97
95 98
96 99
98 99
