0 1
0 2
0 3
0 5
0 7
0 8
0 15
0 16
0 17
0 20
0 21
0 22
0 25
0 26
0 27
0 28
0 30
0 31
0 32
0 35
0 38
0 42
0 43
0 45
0 51
0 52
0 56
0 57
0 59
0 62
0 64
0 65
0 68
0 69
0 72
0 73
0 74
0 75
0 78
0 80
0 82
0 83
0 84
0 86
0 88
0 91
0 93
0 94
0 95
0 99
1 3
1 4
1 5
1 6
1 10
1 11
1 12
1 15
1 16
1 18
1 19
1 20
1 22
1 23
1 24
1 25
1 27
1 30
1 32
1 34
1 35
1 42
1 44
1 47
1 53
1 54
1 57
1 59
1 61
1 62
1 63
1 64
1 65
1 66
1 71
1 73
1 74
1 75
1 76
1 79
1 82
1 83
1 84
1 86
1 87
1 88
1 89
1 92
1 93
1 96
1 98
1 99
2 4
2 11
2 13
2 17
2 19
2 22
2 24
2 25
2 27
2 31
2 34
2 35
2 37
2 40
2 42
2 43
2 46
2 47
2 48
2 51
2 52
2 53
2 54
2 55
2 56
2 59
2 63
2 68
2 70
2 73
2 79
2 80
2 83
2 84
2 85
2 86
2 87
2 90
2 91
2 92
2 93
2 94
2 96
2 97
3 6
3 7
3 8
3 9
3 10
3 11
3 13
3 14
3 15
3 18
3 20
3 23
3 24
3 27
3 28
3 29
3 30
3 32
3 33
3 34
3 37
3 39
3 45
3 46
3 47
3 48
3 49
3 51
3 55
3 58
3 59
3 62
3 63
3 64
3 65
3 67
3 68
3 71
3 73
3 77
3 78
3 79
3 80
3 81
3 84
3 91
3 92
3 93
3 94
3 96
3 97
3 99
4 6
4 7
4 12
4 14
4 15
4 18
4 21
4 23
4 24
4 32
4 34
4 38
4 41
4 43
4 44
4 46
4 49
4 50
4 51
4 53
4 54
4 55
4 58
4 60
4 61
4 62
4 64
4 65
4 66
4 67
4 68
4 70
4 72
4 78
4 81
4 85
4 89
4 90
4 91
4 92
4 94
4 95
4 98
4 99
5 7
5 8
5 9
5 12
5 18
5 19
5 20
5 22
5 23
5 25
5 27
5 29
5 32
5 33
5 40
5 46
5 49
5 51
5 60
5 62
5 65
5 69
5 70
5 72
5 73
5 76
5 77
5 78
5 79
5 81
5 82
5 84
5 87
5 91
5 92
5 93
5 94
5 95
5 97
5 98
5 99
6 8
6 11
6 12
6 13
6 15
6 16
6 17
6 18
6 20
6 23
6 25
6 28
6 29
6 33
6 34
6 36
6 38
6 40
6 47
6 49
6 52
6 55
6 59
6 62
6 63
6 65
6 66
6 67
6 70
6 71
6 73
6 74
6 82
6 83
6 88
6 89
6 90
6 91
6 92
6 93
6 95
6 97
6 98
7 9
7 10
7 11
7 13
7 14
7 16
7 17
7 18
7 19
7 20
7 21
7 22
7 23
7 24
7 25
7 28
7 29
7 33
7 34
7 35
7 36
7 41
7 43
7 45
7 46
7 49
7 50
7 52
7 58
7 59
7 60
7 62
7 64
7 66
7 67
7 69
7 71
7 72
7 73
7 74
7 76
7 77
7 79
7 82
7 83
7 84
7 86
7 87
7 89
7 93
7 94
7 95
7 97
7 98
7 99
8 10
8 12
8 13
8 18
8 22
8 23
8 24
8 29
8 30
8 32
8 36
8 37
8 38
8 39
8 40
8 43
8 45
8 47
8 48
8 49
8 50
8 51
8 52
8 54
8 57
8 58
8 60
8 62
8 63
8 68
8 70
8 73
8 75
8 76
8 77
8 78
8 79
8 81
8 82
8 85
8 89
8 90
8 92
8 93
8 96
8 98
8 99
9 12
9 17
9 18
9 20
9 22
9 25
9 28
9 31
9 32
9 33
9 34
9 35
9 36
9 37
9 42
9 43
9 45
9 46
9 47
9 48
9 49
9 51
9 52
9 54
9 59
9 60
9 61
9 62
9 64
9 65
9 66
9 70
9 71
9 73
9 74
9 75
9 78
9 81
9 83
9 85
9 86
9 89
9 92
9 93
9 96
9 99
10 11
10 12
10 13
10 16
10 17
10 18
10 19
10 23
10 26
10 28
10 31
10 32
10 33
10 34
10 39
10 40
10 41
10 42
10 44
10 46
10 47
10 49
10 51
10 52
10 55
10 56
10 64
10 65
10 67
10 72
10 73
10 75
10 82
10 86
10 87
10 90
10 91
10 94
10 95
10 96
10 97
10 99
11 13
11 14
11 15
11 16
11 17
11 18
11 20
11 23
11 25
11 27
11 30
11 34
11 35
11 38
11 39
11 42
11 44
11 45
11 46
11 47
11 49
11 52
11 60
11 61
11 64
11 65
11 68
11 71
11 75
11 76
11 78
11 83
11 85
11 87
11 89
11 92
11 93
11 99
12 13
12 14
12 15
12 17
12 20
12 21
12 22
12 27
12 28
12 33
12 42
12 43
12 45
12 46
12 48
12 51
12 52
12 53
12 54
12 56
12 57
12 60
12 63
12 64
12 66
12 69
12 71
12 72
12 73
12 78
12 79
12 81
12 82
12 83
12 89
12 90
12 91
12 92
12 93
12 94
12 97
12 98
12 99
13 14
13 15
13 20
13 21
13 22
13 23
13 24
13 25
13 26
13 27
13 29
13 30
13 31
13 35
13 36
13 40
13 43
13 44
13 50
13 53
13 55
13 58
13 59
13 61
13 62
13 64
13 65
13 67
13 68
13 70
13 71
13 72
13 74
13 77
13 78
13 80
13 81
13 83
13 87
13 89
13 91
13 92
13 95
13 97
14 15
14 21
14 22
14 23
14 25
14 26
14 27
14 31
14 34
14 35
14 37
14 38
14 41
14 42
14 43
14 45
14 47
14 49
14 55
14 56
14 57
14 58
14 59
14 60
14 62
14 63
14 64
14 66
14 67
14 68
14 74
14 75
14 77
14 79
14 80
14 83
14 86
14 87
14 91
14 92
14 93
15 19
15 22
15 23
15 26
15 27
15 28
15 29
15 30
15 31
15 33
15 35
15 36
15 38
15 40
15 41
15 42
15 43
15 47
15 48
15 50
15 52
15 53
15 56
15 57
15 58
15 60
15 63
15 65
15 67
15 68
15 72
15 75
15 78
15 79
15 84
15 86
15 87
15 89
15 90
15 94
15 95
15 98
15 99
16 17
16 18
16 19
16 20
16 21
16 22
16 26
16 31
16 32
16 33
16 36
16 39
16 42
16 46
16 47
16 48
16 50
16 51
16 53
16 55
16 57
16 58
16 61
16 62
16 67
16 68
16 69
16 73
16 75
16 76
16 77
16 78
16 79
16 80
16 81
16 82
16 83
16 84
16 85
16 88
16 89
16 90
16 91
16 93
16 95
16 96
16 97
16 98
17 19
17 20
17 22
17 23
17 24
17 26
17 28
17 31
17 32
17 34
17 39
17 41
17 44
17 46
17 50
17 52
17 55
17 57
17 58
17 66
17 67
17 68
17 71
17 72
17 75
17 76
17 78
17 79
17 82
17 83
17 86
17 87
17 93
17 94
17 95
17 98
17 99
18 19
18 22
18 24
18 27
18 28
18 29
18 30
18 31
18 32
18 34
18 35
18 37
18 38
18 39
18 40
18 41
18 42
18 45
18 48
18 49
18 52
18 56
18 57
18 59
18 62
18 65
18 68
18 69
18 72
18 73
18 75
18 76
18 80
18 82
18 83
18 90
18 92
18 93
19 20
19 23
19 24
19 28
19 33
19 34
19 35
19 37
19 44
19 46
19 47
19 48
19 49
19 50
19 53
19 56
19 57
19 61
19 66
19 71
19 72
19 73
19 74
19 75
19 76
19 77
19 80
19 85
19 86
19 92
19 93
19 95
19 96
19 99
20 21
20 22
20 23
20 24
20 26
20 28
20 31
20 35
20 38
20 45
20 50
20 51
20 57
20 58
20 59
20 61
20 62
20 63
20 64
20 65
20 66
20 70
20 71
20 72
20 75
20 76
20 77
20 79
20 80
20 82
20 85
20 87
20 91
20 93
20 95
21 22
21 23
21 24
21 26
21 32
21 35
21 37
21 38
21 40
21 41
21 43
21 46
21 47
21 49
21 50
21 52
21 54
21 56
21 59
21 62
21 63
21 65
21 68
21 69
21 70
21 71
21 78
21 80
21 81
21 84
21 87
21 88
21 89
21 90
21 91
21 95
21 99
22 23
22 25
22 26
22 27
22 29
22 33
22 36
22 37
22 38
22 39
22 40
22 42
22 43
22 44
22 46
22 48
22 49
22 52
22 53
22 59
22 62
22 65
22 66
22 67
22 69
22 72
22 76
22 77
22 78
22 82
22 83
22 85
22 87
22 89
22 93
22 95
22 96
22 97
23 24
23 26
23 29
23 33
23 34
23 37
23 40
23 42
23 43
23 44
23 45
23 46
23 47
23 48
23 49
23 51
23 52
23 56
23 59
23 60
23 65
23 67
23 68
23 69
23 70
23 73
23 74
23 75
23 76
23 77
23 78
23 79
23 80
23 83
23 86
23 87
23 92
23 94
24 26
24 29
24 30
24 32
24 33
24 36
24 39
24 42
24 43
24 44
24 45
24 48
24 50
24 52
24 53
24 54
24 57
24 60
24 61
24 63
24 65
24 67
24 68
24 69
24 70
24 74
24 79
24 80
24 81
24 84
24 85
24 86
24 87
24 90
24 93
24 95
24 99
25 26
25 27
25 28
25 29
25 30
25 31
25 32
25 33
25 35
25 36
25 38
25 40
25 41
25 42
25 43
25 44
25 49
25 51
25 52
25 53
25 54
25 55
25 56
25 58
25 61
25 62
25 63
25 65
25 66
25 67
25 68
25 72
25 73
25 74
25 76
25 77
25 80
25 82
25 83
25 84
25 85
25 86
25 87
25 88
25 89
25 90
25 91
25 92
25 95
25 97
25 99
26 29
26 30
26 32
26 34
26 35
26 37
26 44
26 48
26 49
26 51
26 52
26 53
26 56
26 57
26 58
26 59
26 61
26 67
26 69
26 70
26 72
26 73
26 74
26 75
26 76
26 77
26 80
26 82
26 83
26 85
26 86
26 87
26 89
26 90
26 91
26 92
26 95
26 98
26 99
27 29
27 30
27 32
27 33
27 35
27 36
27 37
27 38
27 39
27 40
27 43
27 48
27 54
27 55
27 58
27 59
27 61
27 62
27 63
27 66
27 68
27 71
27 74
27 75
27 77
27 78
27 81
27 82
27 84
27 85
27 89
27 95
27 98
27 99
28 29
28 31
28 32
28 33
28 34
28 40
28 42
28 43
28 48
28 49
28 50
28 51
28 56
28 57
28 58
28 59
28 61
28 62
28 64
28 66
28 69
28 71
28 74
28 76
28 83
28 89
28 91
28 93
28 95
28 96
28 97
28 98
29 30
29 31
29 33
29 37
29 39
29 40
29 44
29 47
29 50
29 54
29 57
29 58
29 59
29 60
29 61
29 66
29 68
29 69
29 72
29 73
29 78
29 80
29 81
29 83
29 84
29 85
29 88
29 89
29 90
29 92
29 93
29 95
29 97
29 98
30 32
30 33
30 35
30 36
30 37
30 38
30 42
30 43
30 46
30 54
30 57
30 61
30 62
30 63
30 65
30 67
30 69
30 70
30 71
30 72
30 74
30 75
30 76
30 77
30 78
30 79
30 81
30 85
30 86
30 87
30 89
30 92
30 94
30 95
30 97
30 98
31 33
31 35
31 40
31 41
31 42
31 44
31 48
31 50
31 51
31 53
31 55
31 57
31 61
31 63
31 64
31 66
31 67
31 68
31 70
31 76
31 78
31 79
31 81
31 82
31 83
31 87
31 89
31 92
31 93
31 96
31 97
31 98
31 99
32 34
32 40
32 41
32 43
32 45
32 48
32 49
32 51
32 56
32 60
32 62
32 63
32 64
32 65
32 67
32 69
32 70
32 71
32 72
32 74
32 75
32 79
32 81
32 82
32 84
32 85
32 89
32 90
32 94
32 95
32 96
32 97
32 99
33 34
33 35
33 44
33 51
33 53
33 56
33 57
33 59
33 60
33 64
33 67
33 68
33 69
33 78
33 79
33 80
33 81
33 85
33 87
33 89
33 90
33 91
33 93
33 94
33 95
33 97
33 99
34 37
34 38
34 39
34 41
34 42
34 43
34 45
34 46
34 47
34 48
34 50
34 51
34 52
34 53
34 57
34 58
34 59
34 61
34 64
34 65
34 66
34 70
34 72
34 73
34 74
34 75
34 77
34 84
34 85
34 86
34 87
34 88
34 89
34 90
34 92
34 94
34 95
34 99
35 36
35 37
35 41
35 42
35 43
35 45
35 47
35 48
35 49
35 51
35 52
35 54
35 55
35 56
35 58
35 60
35 63
35 64
35 65
35 69
35 70
35 71
35 73
35 74
35 79
35 81
35 83
35 85
35 86
35 88
35 89
35 92
35 93
35 94
35 98
36 38
36 41
36 42
36 43
36 45
36 46
36 47
36 48
36 52
36 54
36 55
36 56
36 58
36 62
36 63
36 65
36 66
36 67
36 68
36 70
36 73
36 78
36 80
36 81
36 82
36 83
36 84
36 85
36 87
36 89
36 90
36 91
36 96
36 98
36 99
37 45
37 48
37 49
37 51
37 52
37 53
37 54
37 55
37 56
37 58
37 59
37 60
37 61
37 62
37 64
37 66
37 67
37 68
37 70
37 72
37 74
37 75
37 76
37 78
37 80
37 82
37 83
37 84
37 86
37 87
37 89
37 90
37 91
37 92
37 96
37 97
38 44
38 45
38 49
38 51
38 53
38 57
38 59
38 60
38 63
38 64
38 66
38 67
38 68
38 71
38 72
38 75
38 76
38 77
38 78
38 80
38 83
38 85
38 86
38 87
38 88
38 89
38 90
38 93
38 94
38 95
39 40
39 42
39 43
39 44
39 45
39 47
39 49
39 51
39 53
39 55
39 59
39 60
39 63
39 64
39 65
39 66
39 73
39 74
39 76
39 77
39 80
39 82
39 87
39 88
39 89
39 90
39 91
39 93
39 96
39 99
40 42
40 45
40 47
40 49
40 50
40 51
40 52
40 53
40 58
40 66
40 72
40 73
40 77
40 80
40 81
40 83
40 85
40 87
40 88
40 90
40 94
41 44
41 46
41 47
41 49
41 50
41 51
41 53
41 56
41 57
41 59
41 62
41 64
41 67
41 70
41 71
41 77
41 79
41 82
41 84
41 86
41 87
41 88
41 90
41 92
41 93
41 96
41 99
42 43
42 44
42 45
42 46
42 47
42 50
42 51
42 52
42 54
42 55
42 57
42 59
42 60
42 61
42 62
42 64
42 65
42 66
42 67
42 69
42 71
42 72
42 74
42 76
42 77
42 78
42 79
42 80
42 81
42 82
42 83
42 84
42 86
42 88
42 89
42 91
42 94
43 45
43 47
43 48
43 49
43 50
43 51
43 52
43 54
43 55
43 56
43 59
43 60
43 63
43 64
43 68
43 71
43 72
43 76
43 79
43 80
43 82
43 84
43 86
43 87
43 88
43 89
43 90
43 92
43 93
43 94
43 95
43 97
44 48
44 50
44 52
44 53
44 55
44 56
44 59
44 60
44 62
44 63
44 64
44 67
44 68
44 69
44 70
44 74
44 76
44 77
44 83
44 86
44 87
44 88
44 90
44 91
44 93
44 94
44 95
44 97
44 98
45 46
45 47
45 48
45 49
45 51
45 55
45 57
45 64
45 65
45 72
45 76
45 80
45 81
45 82
45 83
45 84
45 90
45 91
45 95
45 96
45 97
46 48
46 52
46 53
46 54
46 58
46 64
46 65
46 66
46 67
46 68
46 72
46 76
46 78
46 79
46 82
46 83
46 86
46 91
46 95
46 96
46 99
47 49
47 52
47 54
47 55
47 56
47 58
47 59
47 64
47 65
47 66
47 70
47 74
47 76
47 77
47 81
47 82
47 85
47 86
47 90
47 91
47 94
47 97
47 98
48 49
48 52
48 53
48 55
48 56
48 59
48 60
48 62
48 63
48 64
48 66
48 68
48 69
48 75
48 82
48 83
48 84
48 87
48 92
48 95
48 99
49 50
49 52
49 54
49 55
49 56
49 62
49 63
49 65
49 66
49 69
49 71
49 72
49 73
49 74
49 75
49 76
49 78
49 79
49 81
49 83
49 84
49 85
49 87
49 91
49 94
49 95
49 98
50 51
50 52
50 54
50 55
50 56
50 58
50 60
50 61
50 62
50 63
50 66
50 69
50 70
50 71
50 74
50 75
50 77
50 79
50 81
50 82
50 86
50 87
50 92
50 94
50 98
50 99
51 54
51 56
51 59
51 60
51 63
51 64
51 67
51 69
51 73
51 74
51 75
51 78
51 79
51 80
51 81
51 83
51 85
51 88
51 92
51 94
51 95
51 99
52 59
52 60
52 65
52 67
52 68
52 70
52 72
52 75
52 76
52 78
52 79
52 81
52 83
52 84
52 89
52 90
52 91
52 92
52 93
52 94
52 96
52 99
53 55
53 56
53 60
53 61
53 62
53 63
53 64
53 65
53 67
53 70
53 72
53 73
53 75
53 76
53 79
53 80
53 84
53 85
53 89
53 90
53 94
53 95
53 97
54 55
54 57
54 58
54 59
54 60
54 61
54 63
54 64
54 67
54 68
54 70
54 71
54 72
54 73
54 74
54 76
54 77
54 79
54 81
54 82
54 84
54 87
54 88
54 91
54 93
54 95
54 99
55 57
55 58
55 59
55 62
55 63
55 64
55 65
55 66
55 69
55 70
55 72
55 74
55 75
55 76
55 77
55 80
55 82
55 83
55 85
55 86
55 89
55 92
55 93
55 94
55 95
55 97
55 98
55 99
56 57
56 60
56 61
56 65
56 66
56 69
56 71
56 72
56 74
56 76
56 78
56 80
56 82
56 84
56 85
56 91
56 92
56 93
56 94
56 95
56 99
57 64
57 70
57 71
57 74
57 75
57 76
57 77
57 78
57 79
57 82
57 83
57 85
57 86
57 89
57 90
57 91
57 92
57 95
57 96
57 97
57 98
57 99
58 59
58 61
58 62
58 64
58 68
58 71
58 72
58 75
58 76
58 82
58 83
58 85
58 86
58 87
58 90
58 92
58 94
58 96
58 97
58 98
59 60
59 61
59 63
59 67
59 68
59 69
59 70
59 72
59 74
59 75
59 77
59 78
59 79
59 80
59 81
59 82
59 86
59 88
59 89
59 91
59 92
59 97
59 98
59 99
60 62
60 64
60 65
60 66
60 68
60 69
60 70
60 71
60 75
60 79
60 83
60 84
60 90
60 92
60 94
60 96
60 97
60 98
60 99
61 63
61 64
61 66
61 70
61 72
61 73
61 75
61 77
61 78
61 79
61 80
61 84
61 85
61 86
61 89
61 90
61 92
61 95
61 96
61 97
62 64
62 67
62 68
62 69
62 71
62 73
62 74
62 75
62 77
62 78
62 80
62 81
62 82
62 83
62 85
62 87
62 93
62 94
62 95
62 96
62 97
62 98
63 65
63 66
63 67
63 69
63 70
63 73
63 75
63 77
63 78
63 83
63 85
63 86
63 87
63 88
63 90
63 92
63 95
63 98
64 65
64 66
64 67
64 68
64 69
64 71
64 72
64 73
64 74
64 78
64 79
64 81
64 82
64 83
64 84
64 86
64 87
64 89
64 93
64 96
64 98
65 67
65 68
65 69
65 70
65 71
65 73
65 74
65 77
65 80
65 84
65 87
65 88
65 90
65 94
65 95
65 98
66 69
66 71
66 72
66 73
66 74
66 76
66 77
66 80
66 82
66 84
66 85
66 89
66 90
66 92
66 94
66 95
66 98
67 69
67 73
67 74
67 76
67 82
67 84
67 86
67 88
67 90
67 92
67 93
67 95
67 98
67 99
68 69
68 70
68 71
68 72
68 73
68 75
68 76
68 77
68 78
68 81
68 82
68 83
68 85
68 86
68 87
68 88
68 89
68 91
68 92
68 93
68 94
68 99
69 73
69 78
69 79
69 80
69 83
69 84
69 85
69 86
69 88
69 89
69 90
69 91
69 95
69 96
69 97
70 71
70 72
70 74
70 77
70 79
70 82
70 84
70 86
70 87
70 88
70 89
70 90
70 91
71 72
71 73
71 74
71 75
71 76
71 78
71 80
71 83
71 87
71 88
71 89
71 92
71 94
71 95
71 97
72 74
72 75
72 78
72 79
72 81
72 83
72 85
72 86
72 87
72 88
72 96
72 99
73 76
73 77
73 78
73 79
73 80
73 81
73 82
73 84
73 85
73 88
73 89
73 90
73 93
73 94
73 97
73 98
74 76
74 77
74 83
74 87
74 93
74 98
75 76
75 77
75 80
75 81
75 82
75 84
75 85
75 86
75 87
75 88
75 91
75 94
75 95
75 97
76 80
76 83
76 86
76 87
76 90
76 92
76 96
76 97
76 98
77 78
77 79
77 80
77 81
77 86
77 89
77 90
77 91
77 92
77 93
77 94
77 96
77 98
78 81
78 82
78 85
78 87
78 89
78 90
78 91
78 92
78 96
78 98
78 99
79 80
79 81
79 85
79 86
79 87
79 88
79 90
79 92
79 93
79 97
79 98
79 99
80 84
80 86
80 88
80 89
80 91
80 92
80 93
80 95
80 97
81 85
81 87
81 89
81 90
81 91
81 92
81 96
81 97
81 98
81 99
82 83
82 84
82 91
82 92
82 93
82 94
82 96
82 97
83 84
83 85
83 88
83 89
83 92
83 94
83 97
84 89
84 90
84 92
84 93
84 96
84 98
84 99
85 87
85 89
85 90
85 91
85 93
85 94
85 95
85 98
85 99
86 88
86 90
86 91
86 93
86 94
86 95
86 97
86 99
87 93
87 96
87 98
88 89
88 90
88 91
88 93
88 94
88 95
88 96
88 98
89 90
89 93
89 94
89 95
89 96
89 97
89 98
90 92
90 93
90 97
90 98
90 99
91 92
91 93
91 95
91 96
91 97
91 99
92 93
93 96
93 97
93 98
93 99
94 95
94 96
94 97
94 99
95 96
95 97
95 99
96 97
96 98
96 99
97 99
