0 1
0 4
0 6
0 7
0 8
0 10
0 11
0 12
0 13
0 17
0 18
0 21
0 22
0 23
0 24
0 25
0 26
0 27
0 28
0 29
0 30
0 31
0 32
0 33
0 37
0 38
0 39
0 42
0 47
0 49
0 50
0 51
0 52
0 53
0 54
0 55
0 58
0 59
0 60
0 61
0 65
0 66
0 67
0 68
0 70
0 72
0 74
0 76
0 79
0 81
0 82
0 84
0 85
0 86
0 91
0 92
0 93
0 98
1 2
1 7
1 12
1 15
1 18
1 19
1 23
1 24
1 26
1 32
1 33
1 34
1 37
1 39
1 40
1 42
1 43
1 44
1 45
1 47
1 48
1 51
1 53
1 57
1 58
1 59
1 60
1 62
1 63
1 66
1 67
1 69
1 70
1 71
1 73
1 74
1 75
1 78
1 79
1 84
1 85
1 86
1 87
1 88
1 90
1 91
1 92
1 93
1 94
1 96
1 98
2 3
2 5
2 9
2 10
2 12
2 13
2 14
2 17
2 22
2 23
2 27
2 30
2 31
2 33
2 34
2 35
2 38
2 39
2 42
2 43
2 44
2 46
2 48
2 55
2 57
2 60
2 63
2 64
2 70
2 71
2 72
2 74
2 83
2 85
2 87
2 91
2 95
2 96
2 98
3 4
3 5
3 7
3 9
3 10
3 11
3 12
3 13
3 14
3 16
3 17
3 20
3 24
3 25
3 28
3 32
3 33
3 35
3 37
3 38
3 41
3 42
3 46
3 48
3 50
3 51
3 55
3 60
3 62
3 63
3 70
3 71
3 73
3 80
3 81
3 82
3 84
3 87
3 88
3 89
3 92
3 93
3 94
3 96
3 97
3 99
4 5
4 8
4 9
4 10
4 11
4 14
4 17
4 18
4 20
4 22
4 24
4 25
4 26
4 28
4 31
4 32
4 37
4 38
4 39
4 42
4 43
4 47
4 51
4 52
4 56
4 57
4 61
4 62
4 63
4 64
4 67
4 70
4 71
4 74
4 75
4 78
4 79
4 84
4 85
4 86
4 93
4 94
4 95
4 96
5 11
5 14
5 17
5 19
5 20
5 22
5 24
5 25
5 28
5 31
5 34
5 37
5 38
5 40
5 42
5 44
5 47
5 53
5 54
5 55
5 58
5 59
5 61
5 62
5 63
5 66
5 67
5 69
5 70
5 71
5 72
5 73
5 78
5 80
5 81
5 83
5 85
5 88
5 89
5 95
5 99
6 7
6 11
6 12
6 13
6 14
6 15
6 18
6 19
6 20
6 25
6 27
6 28
6 32
6 33
6 34
6 35
6 40
6 41
6 42
6 44
6 45
6 46
6 49
6 50
6 52
6 53
6 55
6 61
6 64
6 65
6 66
6 67
6 70
6 71
6 73
6 75
6 76
6 78
6 80
6 83
6 84
6 87
6 89
6 92
6 94
6 96
6 98
7 9
7 10
7 11
7 12
7 14
7 15
7 16
7 17
7 18
7 20
7 23
7 26
7 27
7 28
7 30
7 35
7 42
7 47
7 51
7 53
7 54
7 55
7 56
7 57
7 58
7 59
7 66
7 71
7 72
7 73
7 74
7 75
7 76
7 77
7 78
7 79
7 80
7 83
7 86
7 88
7 90
7 91
7 92
7 94
7 99
8 9
8 16
8 17
8 18
8 19
8 21
8 23
8 25
8 27
8 28
8 29
8 30
8 32
8 33
8 41
8 45
8 47
8 53
8 56
8 58
8 60
8 62
8 63
8 64
8 66
8 67
8 69
8 70
8 71
8 74
8 75
8 76
8 77
8 78
8 79
8 80
8 82
8 87
8 89
8 95
8 96
8 97
8 98
9 10
9 11
9 12
9 14
9 15
9 17
9 19
9 21
9 23
9 24
9 25
9 27
9 30
9 31
9 33
9 34
9 35
9 36
9 40
9 41
9 43
9 44
9 47
9 48
9 50
9 51
9 52
9 56
9 58
9 63
9 65
9 67
9 68
9 69
9 71
9 73
9 74
9 77
9 79
9 80
9 81
9 82
9 83
9 84
9 85
9 87
9 91
9 94
9 98
9 99
10 11
10 13
10 15
10 16
10 17
10 20
10 23
10 25
10 29
10 30
10 31
10 34
10 35
10 36
10 37
10 40
10 47
10 49
10 54
10 57
10 61
10 62
10 63
10 65
10 71
10 75
10 77
10 79
10 80
10 82
10 84
10 88
10 89
10 92
10 95
10 96
10 97
10 99
11 13
11 14
11 15
11 17
11 19
11 21
11 25
11 29
11 32
11 36
11 37
11 38
11 39
11 40
11 41
11 45
11 46
11 47
11 50
11 53
11 54
11 57
11 58
11 59
11 61
11 64
11 67
11 69
11 77
11 79
11 84
11 85
11 89
11 90
11 93
11 94
11 95
11 98
12 13
12 14
12 16
12 18
12 19
12 21
12 22
12 23
12 25
12 26
12 27
12 31
12 34
12 35
12 38
12 44
12 48
12 52
12 54
12 56
12 57
12 58
12 60
12 65
12 66
12 68
12 69
12 73
12 75
12 77
12 79
12 82
12 84
12 85
12 88
12 89
12 92
12 93
12 94
12 97
12 98
13 15
13 18
13 21
13 22
13 24
13 27
13 28
13 31
13 32
13 33
13 35
13 40
13 42
13 44
13 47
13 48
13 53
13 55
13 57
13 60
13 61
13 63
13 65
13 66
13 73
13 74
13 75
13 76
13 77
13 78
13 79
13 83
13 84
13 85
13 86
13 87
13 88
13 89
13 91
13 92
13 94
13 95
13 97
14 15
14 16
14 18
14 22
14 24
14 26
14 27
14 30
14 31
14 32
14 33
14 38
14 39
14 40
14 43
14 44
14 46
14 47
14 51
14 52
14 54
14 57
14 64
14 67
14 68
14 69
14 70
14 72
14 73
14 75
14 76
14 77
14 78
14 79
14 80
14 81
14 84
14 90
14 91
14 92
14 96
14 97
14 99
15 16
15 17
15 18
15 19
15 21
15 22
15 23
15 27
15 30
15 31
15 32
15 34
15 35
15 37
15 38
15 39
15 46
15 48
15 49
15 51
15 52
15 54
15 57
15 58
15 60
15 61
15 64
15 66
15 68
15 77
15 79
15 81
15 85
15 86
15 87
15 88
15 90
15 93
15 96
15 97
15 98
16 19
16 21
16 23
16 24
16 26
16 35
16 36
16 39
16 40
16 42
16 45
16 46
16 48
16 49
16 50
16 52
16 54
16 55
16 56
16 57
16 58
16 59
16 60
16 62
16 63
16 65
16 66
16 68
16 69
16 72
16 76
16 81
16 82
16 83
16 84
16 86
16 92
16 98
16 99
17 18
17 19
17 21
17 26
17 31
17 32
17 34
17 35
17 36
17 40
17 42
17 43
17 45
17 47
17 48
17 49
17 54
17 61
17 64
17 65
17 66
17 69
17 70
17 71
17 73
17 74
17 79
17 84
17 85
17 86
17 88
17 89
17 91
17 96
17 98
18 21
18 22
18 24
18 25
18 26
18 28
18 31
18 33
18 34
18 36
18 38
18 39
18 40
18 41
18 42
18 43
18 49
18 50
18 51
18 52
18 53
18 54
18 56
18 57
18 60
18 61
18 62
18 64
18 66
18 67
18 70
18 71
18 72
18 75
18 79
18 80
18 81
18 82
18 83
18 84
18 86
18 89
18 92
18 95
18 96
18 98
19 21
19 23
19 25
19 31
19 33
19 35
19 39
19 41
19 44
19 45
19 46
19 49
19 51
19 53
19 55
19 57
19 58
19 60
19 61
19 62
19 64
19 70
19 74
19 75
19 77
19 83
19 84
19 86
19 87
19 89
19 90
19 93
19 95
19 96
20 21
20 22
20 23
20 24
20 25
20 27
20 29
20 30
20 32
20 33
20 34
20 37
20 40
20 41
20 42
20 43
20 48
20 51
20 53
20 54
20 61
20 64
20 65
20 70
20 71
20 74
20 76
20 79
20 82
20 83
20 84
20 85
20 86
20 87
20 89
20 91
20 93
20 96
20 99
21 22
21 23
21 26
21 27
21 28
21 29
21 31
21 32
21 33
21 35
21 36
21 37
21 38
21 39
21 40
21 42
21 47
21 49
21 51
21 53
21 54
21 56
21 58
21 64
21 66
21 67
21 69
21 70
21 71
21 74
21 75
21 77
21 81
21 84
21 86
21 89
21 90
21 94
21 95
21 96
21 98
22 23
22 24
22 25
22 27
22 28
22 29
22 31
22 32
22 33
22 34
22 36
22 39
22 40
22 41
22 43
22 45
22 47
22 49
22 50
22 52
22 53
22 54
22 56
22 58
22 59
22 61
22 64
22 69
22 75
22 76
22 77
22 78
22 79
22 81
22 84
22 85
22 86
22 88
22 89
22 91
22 95
22 98
23 24
23 26
23 31
23 33
23 34
23 37
23 38
23 39
23 42
23 45
23 49
23 53
23 56
23 58
23 59
23 60
23 61
23 63
23 64
23 65
23 66
23 69
23 71
23 72
23 73
23 75
23 77
23 79
23 80
23 81
23 83
23 86
23 88
23 90
23 94
23 96
23 98
23 99
24 29
24 31
24 34
24 37
24 40
24 41
24 44
24 45
24 46
24 47
24 48
24 49
24 50
24 51
24 56
24 57
24 58
24 63
24 64
24 71
24 76
24 77
24 80
24 81
24 82
24 83
24 86
24 87
24 89
24 92
24 93
24 94
24 95
24 96
24 98
25 27
25 31
25 36
25 38
25 40
25 42
25 43
25 44
25 50
25 51
25 52
25 53
25 54
25 55
25 56
25 57
25 62
25 65
25 70
25 72
25 73
25 74
25 75
25 76
25 77
25 78
25 80
25 81
25 85
25 86
25 87
25 88
25 89
25 90
25 91
25 94
25 97
25 98
25 99
26 27
26 29
26 33
26 34
26 35
26 39
26 41
26 42
26 44
26 46
26 49
26 50
26 55
26 57
26 59
26 64
26 67
26 69
26 71
26 74
26 77
26 81
26 85
26 86
26 87
26 90
26 92
26 93
26 96
26 98
26 99
27 28
27 29
27 30
27 34
27 36
27 39
27 41
27 42
27 43
27 44
27 45
27 46
27 50
27 51
27 54
27 58
27 59
27 62
27 63
27 66
27 69
27 70
27 73
27 74
27 76
27 80
27 84
27 85
27 87
27 88
27 89
27 95
27 99
28 31
28 33
28 34
28 35
28 36
28 37
28 38
28 41
28 42
28 43
28 44
28 45
28 51
28 52
28 53
28 54
28 55
28 56
28 64
28 65
28 66
28 67
28 68
28 72
28 74
28 75
28 76
28 77
28 79
28 81
28 83
28 84
28 85
28 86
28 87
28 88
28 89
28 90
28 91
28 97
28 98
29 30
29 32
29 33
29 34
29 35
29 37
29 41
29 44
29 45
29 48
29 49
29 51
29 52
29 54
29 56
29 57
29 60
29 61
29 62
29 65
29 67
29 68
29 69
29 70
29 71
29 72
29 73
29 77
29 78
29 79
29 81
29 83
29 84
29 86
29 87
29 88
29 89
29 93
29 95
29 96
29 97
29 98
30 33
30 34
30 35
30 36
30 38
30 40
30 41
30 44
30 47
30 48
30 49
30 52
30 54
30 55
30 61
30 63
30 65
30 69
30 70
30 71
30 74
30 78
30 83
30 84
30 85
30 91
30 93
30 94
30 95
30 97
31 33
31 35
31 36
31 37
31 38
31 39
31 44
31 46
31 49
31 50
31 51
31 53
31 58
31 59
31 60
31 61
31 63
31 65
31 69
31 71
31 72
31 74
31 76
31 77
31 78
31 81
31 82
31 83
31 85
31 86
31 88
31 90
31 92
31 93
31 96
31 97
31 98
31 99
32 34
32 37
32 38
32 40
32 43
32 49
32 50
32 52
32 54
32 56
32 57
32 60
32 61
32 62
32 64
32 65
32 67
32 68
32 69
32 70
32 71
32 73
32 75
32 76
32 78
32 79
32 81
32 83
32 84
32 85
32 86
32 88
32 90
32 92
32 93
32 94
32 97
32 98
33 34
33 39
33 41
33 42
33 44
33 46
33 48
33 50
33 52
33 59
33 60
33 62
33 63
33 70
33 72
33 73
33 74
33 75
33 81
33 84
33 86
33 87
33 88
33 92
33 95
33 98
34 37
34 40
34 41
34 42
34 43
34 46
34 47
34 49
34 51
34 52
34 54
34 55
34 62
34 63
34 65
34 66
34 69
34 70
34 77
34 80
34 82
34 83
34 84
34 86
34 88
34 90
34 93
34 96
34 99
35 39
35 44
35 45
35 46
35 49
35 50
35 53
35 54
35 55
35 60
35 63
35 65
35 67
35 68
35 69
35 70
35 71
35 73
35 78
35 82
35 85
35 86
35 89
35 91
35 94
35 96
35 98
36 37
36 38
36 39
36 40
36 41
36 43
36 44
36 45
36 46
36 47
36 48
36 49
36 51
36 54
36 55
36 56
36 57
36 59
36 62
36 64
36 66
36 67
36 70
36 71
36 73
36 75
36 77
36 78
36 79
36 81
36 82
36 83
36 84
36 85
36 87
36 88
36 92
36 95
36 97
37 41
37 42
37 47
37 48
37 49
37 50
37 51
37 52
37 54
37 56
37 58
37 59
37 64
37 65
37 67
37 71
37 73
37 79
37 80
37 83
37 87
37 90
37 91
37 92
37 94
37 95
37 98
37 99
38 40
38 43
38 45
38 52
38 53
38 54
38 58
38 59
38 60
38 61
38 63
38 64
38 66
38 67
38 68
38 73
38 76
38 80
38 81
38 82
38 85
38 86
38 87
38 88
38 89
38 92
38 94
38 96
38 99
39 42
39 45
39 46
39 48
39 51
39 52
39 58
39 60
39 61
39 62
39 64
39 68
39 70
39 72
39 73
39 74
39 76
39 77
39 78
39 79
39 81
39 82
39 83
39 84
39 86
39 88
39 89
39 93
39 94
39 96
39 98
40 41
40 43
40 44
40 46
40 49
40 50
40 51
40 52
40 53
40 56
40 58
40 59
40 60
40 61
40 62
40 66
40 68
40 70
40 71
40 73
40 74
40 75
40 77
40 78
40 80
40 81
40 82
40 86
40 89
40 91
40 94
40 96
40 97
40 99
41 42
41 43
41 46
41 47
41 48
41 51
41 53
41 54
41 55
41 56
41 58
41 60
41 61
41 63
41 64
41 66
41 67
41 68
41 69
41 72
41 73
41 75
41 77
41 78
41 80
41 82
41 83
41 87
41 88
41 89
41 91
41 95
41 98
41 99
42 46
42 47
42 49
42 51
42 52
42 54
42 57
42 59
42 61
42 62
42 63
42 64
42 66
42 67
42 70
42 73
42 76
42 82
42 83
42 84
42 86
42 90
42 91
42 94
42 95
42 97
42 99
43 50
43 51
43 52
43 54
43 58
43 60
43 65
43 69
43 71
43 72
43 73
43 77
43 79
43 80
43 81
43 83
43 84
43 85
43 86
43 88
43 89
43 90
43 91
43 92
43 93
43 94
43 98
43 99
44 45
44 54
44 55
44 57
44 58
44 61
44 63
44 64
44 65
44 66
44 68
44 70
44 71
44 72
44 77
44 80
44 85
44 86
44 87
44 88
44 90
44 92
44 94
44 95
44 96
45 49
45 51
45 53
45 54
45 58
45 62
45 63
45 64
45 65
45 67
45 68
45 69
45 74
45 77
45 78
45 82
45 83
45 85
45 86
45 87
45 88
45 91
45 93
45 94
45 96
45 98
45 99
46 47
46 53
46 57
46 59
46 61
46 63
46 64
46 66
46 69
46 70
46 72
46 73
46 74
46 75
46 76
46 77
46 78
46 79
46 80
46 82
46 84
46 85
46 89
46 90
46 91
46 94
46 99
47 52
47 53
47 54
47 57
47 61
47 63
47 66
47 70
47 71
47 72
47 73
47 75
47 76
47 78
47 79
47 80
47 81
47 82
47 83
47 84
47 86
47 88
47 89
47 92
47 93
47 94
47 99
48 49
48 51
48 59
48 62
48 63
48 65
48 66
48 71
48 72
48 74
48 77
48 78
48 80
48 81
48 82
48 83
48 88
48 92
48 93
48 95
48 97
48 98
48 99
49 50
49 51
49 52
49 54
49 56
49 59
49 60
49 61
49 62
49 63
49 65
49 66
49 70
49 71
49 72
49 73
49 76
49 77
49 81
49 84
49 87
49 92
49 93
49 94
49 95
49 96
49 99
50 51
50 52
50 54
50 55
50 56
50 58
50 59
50 63
50 64
50 66
50 67
50 69
50 72
50 74
50 75
50 77
50 79
50 82
50 83
50 86
50 90
50 94
50 97
50 99
51 52
51 53
51 56
51 57
51 58
51 60
51 62
51 65
51 66
51 67
51 68
51 70
51 72
51 73
51 75
51 79
51 80
51 87
51 88
51 89
51 90
51 91
51 93
51 94
51 95
51 98
52 53
52 58
52 59
52 62
52 63
52 66
52 68
52 69
52 70
52 78
52 79
52 80
52 85
52 86
52 87
52 91
52 93
52 94
52 95
53 55
53 56
53 59
53 62
53 67
53 68
53 69
53 72
53 79
53 80
53 81
53 82
53 83
53 84
53 85
53 87
53 88
53 89
53 91
53 93
53 95
53 97
53 99
54 55
54 56
54 59
54 60
54 62
54 63
54 64
54 65
54 68
54 69
54 71
54 72
54 73
54 76
54 78
54 82
54 85
54 86
54 87
54 89
54 90
54 91
54 92
55 59
55 60
55 62
55 64
55 65
55 67
55 69
55 71
55 73
55 75
55 79
55 80
55 81
55 82
55 83
55 84
55 85
55 89
55 90
55 93
55 97
55 98
56 57
56 59
56 60
56 61
56 63
56 65
56 69
56 70
56 73
56 74
56 75
56 79
56 80
56 82
56 83
56 84
56 85
56 86
56 88
56 89
56 90
56 92
56 94
56 95
56 97
56 98
56 99
57 58
57 60
57 61
57 64
57 67
57 68
57 69
57 70
57 71
57 73
57 74
57 77
57 80
57 83
57 86
57 87
57 89
57 94
57 96
57 99
58 59
58 61
58 68
58 69
58 71
58 72
58 73
58 74
58 75
58 76
58 77
58 79
58 81
58 82
58 83
58 84
58 87
58 90
58 92
58 94
58 96
59 60
59 63
59 64
59 66
59 67
59 71
59 72
59 75
59 76
59 84
59 88
59 90
59 91
59 92
59 93
59 94
59 95
59 97
59 98
60 63
60 64
60 66
60 67
60 68
60 70
60 75
60 77
60 78
60 79
60 83
60 84
60 86
60 88
60 92
60 95
60 96
60 99
61 62
61 64
61 65
61 66
61 67
61 68
61 74
61 75
61 76
61 77
61 79
61 80
61 81
61 89
61 93
61 94
61 96
62 63
62 64
62 67
62 68
62 70
62 71
62 73
62 74
62 75
62 76
62 77
62 78
62 81
62 84
62 85
62 86
62 89
62 92
62 97
62 98
62 99
63 64
63 68
63 72
63 74
63 76
63 78
63 79
63 82
63 84
63 87
63 88
63 90
63 93
63 94
63 95
63 96
63 99
64 66
64 70
64 71
64 72
64 73
64 74
64 75
64 76
64 80
64 81
64 82
64 83
64 84
64 89
64 90
64 93
64 94
64 95
64 97
64 98
65 66
65 69
65 70
65 72
65 73
65 75
65 76
65 77
65 78
65 79
65 84
65 87
65 88
65 90
65 92
65 93
65 94
65 95
65 97
66 68
66 74
66 76
66 80
66 81
66 82
66 83
66 85
66 87
66 89
66 90
66 91
66 98
67 70
67 72
67 74
67 76
67 80
67 81
67 82
67 83
67 84
67 85
67 87
67 89
67 91
67 92
67 93
67 95
67 98
67 99
68 69
68 71
68 72
68 74
68 75
68 77
68 81
68 83
68 84
68 85
68 86
68 89
68 91
68 93
68 96
68 97
68 99
69 74
69 78
69 80
69 81
69 84
69 85
69 86
69 89
69 90
69 91
69 94
69 95
69 97
69 98
70 73
70 78
70 80
70 82
70 83
70 84
70 85
70 87
70 88
70 89
70 90
70 91
70 94
70 97
70 99
71 72
71 73
71 75
71 76
71 77
71 80
71 81
71 82
71 83
71 84
71 86
71 87
71 88
71 89
71 94
71 95
71 99
72 74
72 77
72 78
72 79
72 82
72 85
72 86
72 89
72 91
72 92
72 93
72 96
72 99
73 77
73 78
73 80
73 82
73 83
73 85
73 87
73 89
73 90
73 93
73 95
73 99
74 75
74 76
74 77
74 78
74 84
74 85
74 90
74 91
74 92
74 96
74 98
75 76
75 80
75 81
75 83
75 86
75 87
75 88
75 89
75 97
75 98
75 99
76 77
76 78
76 80
76 81
76 83
76 88
76 89
76 92
76 96
76 97
76 98
76 99
77 79
77 80
77 82
77 83
77 85
77 86
77 87
77 89
77 90
77 92
77 93
77 94
77 97
77 98
77 99
78 79
78 80
78 82
78 83
78 84
78 86
78 87
78 88
78 91
78 94
78 99
79 80
79 81
79 84
79 87
79 90
79 92
79 95
79 96
79 97
80 81
80 82
80 83
80 86
80 89
80 90
80 91
80 92
80 96
80 97
80 98
80 99
81 82
81 85
81 91
81 93
81 95
81 96
82 83
82 84
82 85
82 88
82 90
82 91
82 92
82 93
82 94
82 95
82 96
82 97
82 98
83 84
83 86
83 89
83 90
83 91
83 92
83 93
83 95
83 96
83 97
83 98
83 99
84 90
84 91
84 92
84 94
84 95
84 99
85 86
85 88
85 90
85 95
85 97
86 87
86 88
86 89
86 90
87 89
87 92
87 96
87 98
88 93
88 94
88 95
88 97
89 90
89 91
89 92
89 93
89 96
89 97
89 99
90 91
90 92
90 93
90 94
90 95
90 96
90 97
90 98
90 99
91 96
91 97
91 98
91 99
92 95
92 97
92 98
93 97
94 96
94 97
94 98
94 99
95 96
95 98
96 97
96 98
97 99
98 99
