0 1
0 2
0 3
0 4
0 8
0 9
0 12
0 13
0 15
0 16
0 17
0 18
0 20
0 21
0 22
0 24
0 26
0 29
0 30
0 31
0 32
0 33
0 34
0 38
0 39
0 40
0 43
0 46
0 48
0 49
0 51
0 52
0 54
0 58
0 59
0 60
0 64
0 66
0 67
0 68
0 69
0 71
0 72
0 73
0 75
0 82
0 84
0 87
0 88
0 89
0 91
0 92
0 93
0 98
0 99
1 2
1 3
1 4
1 6
1 8
1 13
1 14
1 20
1 21
1 23
1 24
1 25
1 28
1 29
1 30
1 32
1 40
1 43
1 44
1 45
1 48
1 50
1 51
1 52
1 54
1 56
1 57
1 58
1 62
1 63
1 66
1 69
1 71
1 73
1 74
1 76
1 77
1 79
1 80
1 81
1 82
1 87
1 90
1 95
1 99
2 5
2 7
2 10
2 11
2 20
2 21
2 22
2 24
2 28
2 29
2 30
2 31
2 32
2 33
2 36
2 40
2 43
2 47
2 48
2 53
2 57
2 58
2 60
2 61
2 65
2 66
2 69
2 70
2 71
2 72
2 74
2 77
2 78
2 79
2 82
2 84
2 85
2 86
2 87
2 88
2 90
2 91
2 92
2 93
2 98
2 99
3 7
3 8
3 9
3 10
3 12
3 14
3 15
3 16
3 17
3 18
3 20
3 22
3 23
3 28
3 29
3 30
3 31
3 32
3 40
3 41
3 43
3 46
3 47
3 49
3 52
3 53
3 54
3 56
3 58
3 65
3 66
3 68
3 69
3 71
3 75
3 78
3 79
3 80
3 81
3 82
3 83
3 89
3 90
3 93
3 96
3 97
3 98
4 5
4 7
4 8
4 9
4 10
4 11
4 13
4 14
4 16
4 20
4 21
4 22
4 23
4 24
4 26
4 29
4 31
4 34
4 37
4 38
4 40
4 41
4 44
4 57
4 58
4 60
4 62
4 63
4 66
4 68
4 69
4 70
4 71
4 72
4 74
4 77
4 78
4 80
4 86
4 87
4 88
4 90
4 93
4 95
4 96
4 97
4 98
4 99
5 7
5 8
5 12
5 14
5 16
5 17
5 21
5 22
5 24
5 28
5 35
5 41
5 43
5 44
5 46
5 52
5 56
5 57
5 60
5 61
5 63
5 64
5 65
5 69
5 70
5 73
5 74
5 75
5 76
5 80
5 81
5 83
5 85
5 87
5 91
5 95
5 96
5 97
5 98
6 7
6 8
6 10
6 11
6 13
6 14
6 15
6 16
6 17
6 18
6 21
6 22
6 26
6 28
6 29
6 31
6 39
6 41
6 46
6 48
6 51
6 54
6 56
6 58
6 59
6 60
6 61
6 62
6 63
6 67
6 68
6 69
6 70
6 71
6 72
6 73
6 80
6 81
6 85
6 86
6 92
6 94
6 97
6 98
6 99
7 11
7 12
7 13
7 14
7 15
7 16
7 17
7 18
7 20
7 21
7 22
7 23
7 25
7 29
7 34
7 35
7 36
7 37
7 38
7 39
7 41
7 43
7 45
7 46
7 48
7 49
7 52
7 53
7 54
7 55
7 57
7 58
7 61
7 65
7 67
7 70
7 71
7 75
7 77
7 78
7 80
7 87
7 88
7 90
7 91
7 92
7 95
7 97
7 98
7 99
8 9
8 11
8 12
8 14
8 15
8 19
8 21
8 24
8 26
8 27
8 29
8 30
8 31
8 33
8 35
8 36
8 37
8 39
8 42
8 44
8 45
8 46
8 47
8 48
8 49
8 52
8 54
8 55
8 57
8 59
8 60
8 64
8 66
8 68
8 69
8 74
8 75
8 76
8 78
8 80
8 81
8 82
8 87
8 90
8 92
8 96
8 98
8 99
9 12
9 13
9 15
9 21
9 22
9 23
9 24
9 27
9 28
9 29
9 30
9 31
9 33
9 36
9 37
9 38
9 41
9 42
9 43
9 44
9 46
9 47
9 48
9 49
9 50
9 53
9 56
9 57
9 59
9 61
9 63
9 64
9 65
9 68
9 69
9 74
9 75
9 78
9 79
9 80
9 81
9 83
9 84
9 85
9 86
9 90
9 92
9 93
9 94
9 95
9 97
10 11
10 13
10 14
10 15
10 16
10 17
10 20
10 21
10 23
10 25
10 26
10 27
10 29
10 30
10 32
10 33
10 34
10 35
10 36
10 38
10 39
10 40
10 42
10 43
10 44
10 45
10 46
10 51
10 60
10 62
10 63
10 64
10 65
10 66
10 67
10 69
10 73
10 76
10 78
10 79
10 83
10 85
10 87
10 91
10 93
10 95
10 97
10 98
11 12
11 13
11 16
11 18
11 19
11 21
11 22
11 23
11 24
11 27
11 30
11 31
11 32
11 35
11 37
11 38
11 40
11 41
11 47
11 48
11 53
11 58
11 60
11 61
11 62
11 64
11 65
11 66
11 68
11 70
11 75
11 77
11 81
11 82
11 83
11 84
11 85
11 86
11 88
11 89
11 92
11 93
11 94
11 96
11 97
12 13
12 15
12 18
12 19
12 23
12 24
12 29
12 31
12 35
12 36
12 37
12 40
12 42
12 44
12 47
12 50
12 51
12 52
12 54
12 55
12 60
12 61
12 62
12 63
12 65
12 68
12 69
12 70
12 71
12 74
12 75
12 77
12 79
12 82
12 86
12 90
12 91
12 92
12 94
12 95
12 97
12 98
12 99
13 14
13 15
13 16
13 17
13 18
13 19
13 20
13 21
13 23
13 26
13 28
13 29
13 30
13 32
13 34
13 35
13 37
13 38
13 39
13 42
13 43
13 44
13 46
13 47
13 48
13 50
13 51
13 53
13 55
13 58
13 59
13 62
13 63
13 64
13 68
13 71
13 73
13 74
13 78
13 79
13 81
13 84
13 85
13 88
13 90
13 92
13 97
13 98
14 18
14 20
14 24
14 25
14 28
14 30
14 31
14 35
14 37
14 39
14 42
14 44
14 45
14 46
14 49
14 53
14 56
14 58
14 59
14 60
14 61
14 63
14 64
14 65
14 66
14 67
14 69
14 71
14 74
14 77
14 78
14 79
14 82
14 83
14 84
14 88
14 89
14 90
14 92
14 95
14 96
14 97
14 98
15 17
15 19
15 20
15 23
15 25
15 26
15 28
15 29
15 30
15 31
15 35
15 36
15 37
15 43
15 52
15 53
15 56
15 57
15 59
15 60
15 61
15 65
15 66
15 67
15 68
15 71
15 73
15 74
15 75
15 77
15 79
15 82
15 84
15 85
15 86
15 89
15 91
15 94
15 95
15 96
15 97
15 98
15 99
16 17
16 18
16 20
16 21
16 22
16 24
16 25
16 27
16 28
16 29
16 31
16 33
16 35
16 36
16 37
16 42
16 45
16 46
16 48
16 53
16 54
16 56
16 59
16 61
16 62
16 63
16 64
16 67
16 70
16 71
16 72
16 73
16 74
16 75
16 81
16 83
16 84
16 88
16 90
16 95
16 96
16 98
16 99
17 21
17 23
17 24
17 25
17 28
17 29
17 31
17 35
17 36
17 38
17 39
17 42
17 43
17 45
17 46
17 47
17 50
17 51
17 52
17 56
17 59
17 61
17 62
17 63
17 64
17 65
17 66
17 67
17 68
17 69
17 70
17 73
17 74
17 75
17 76
17 77
17 81
17 83
17 85
17 86
17 87
17 89
17 91
17 92
17 95
17 97
17 99
18 19
18 20
18 21
18 23
18 26
18 27
18 28
18 29
18 31
18 32
18 35
18 37
18 40
18 41
18 42
18 43
18 44
18 47
18 49
18 50
18 51
18 52
18 55
18 56
18 58
18 59
18 62
18 64
18 65
18 68
18 70
18 72
18 73
18 74
18 75
18 76
18 77
18 79
18 82
18 84
18 86
18 87
18 89
18 90
18 91
18 93
18 94
18 95
18 98
19 20
19 23
19 26
19 28
19 29
19 32
19 36
19 38
19 40
19 42
19 45
19 46
19 47
19 49
19 50
19 51
19 53
19 61
19 62
19 64
19 65
19 67
19 68
19 69
19 76
19 77
19 78
19 79
19 80
19 82
19 83
19 84
19 85
19 86
19 90
19 92
19 94
19 95
19 96
19 98
19 99
20 22
20 27
20 28
20 30
20 31
20 36
20 37
20 38
20 39
20 42
20 44
20 46
20 48
20 50
20 51
20 52
20 53
20 61
20 62
20 64
20 68
20 75
20 76
20 77
20 79
20 80
20 81
20 88
20 90
20 94
20 95
20 96
20 98
20 99
21 24
21 25
21 26
21 32
21 33
21 35
21 37
21 40
21 41
21 43
21 45
21 47
21 50
21 53
21 55
21 59
21 60
21 65
21 66
21 67
21 70
21 71
21 72
21 73
21 75
21 76
21 78
21 82
21 83
21 84
21 85
21 90
21 91
21 93
21 96
21 99
22 23
22 27
22 34
22 36
22 38
22 40
22 41
22 42
22 43
22 44
22 45
22 46
22 47
22 48
22 50
22 52
22 53
22 56
22 57
22 58
22 59
22 63
22 64
22 66
22 71
22 73
22 74
22 75
22 76
22 80
22 83
22 85
22 91
22 95
23 24
23 26
23 27
23 28
23 35
23 38
23 39
23 40
23 41
23 42
23 43
23 44
23 45
23 46
23 50
23 51
23 52
23 56
23 59
23 60
23 61
23 62
23 65
23 66
23 68
23 74
23 76
23 77
23 78
23 79
23 83
23 84
23 86
23 87
23 88
23 89
23 91
23 96
23 97
24 26
24 27
24 29
24 31
24 32
24 37
24 40
24 43
24 44
24 46
24 47
24 48
24 50
24 51
24 53
24 54
24 55
24 56
24 58
24 62
24 65
24 66
24 69
24 72
24 73
24 76
24 81
24 85
24 86
24 89
24 90
24 91
24 92
24 94
24 95
24 98
24 99
25 26
25 30
25 31
25 33
25 35
25 36
25 37
25 39
25 40
25 42
25 45
25 46
25 47
25 53
25 57
25 58
25 59
25 65
25 67
25 68
25 69
25 72
25 75
25 77
25 78
25 79
25 81
25 83
25 85
25 87
25 91
25 92
25 96
26 28
26 30
26 32
26 33
26 34
26 35
26 39
26 40
26 43
26 45
26 48
26 51
26 52
26 55
26 56
26 57
26 62
26 67
26 69
26 71
26 73
26 76
26 77
26 79
26 84
26 85
26 86
26 87
26 90
26 91
26 92
26 95
26 97
26 98
26 99
27 28
27 32
27 34
27 35
27 36
27 37
27 40
27 42
27 43
27 44
27 46
27 50
27 53
27 54
27 56
27 57
27 62
27 63
27 65
27 66
27 70
27 71
27 75
27 76
27 78
27 79
27 86
27 87
27 88
27 90
27 96
27 97
27 98
27 99
28 29
28 30
28 31
28 32
28 35
28 37
28 39
28 48
28 50
28 54
28 55
28 57
28 58
28 59
28 61
28 62
28 63
28 68
28 70
28 72
28 73
28 74
28 75
28 77
28 78
28 79
28 82
28 84
28 85
28 87
28 88
28 89
28 90
28 92
28 94
28 95
28 96
28 98
29 31
29 34
29 38
29 41
29 42
29 43
29 44
29 46
29 47
29 48
29 49
29 50
29 55
29 57
29 63
29 64
29 65
29 68
29 69
29 71
29 75
29 78
29 80
29 83
29 84
29 86
29 88
29 89
29 91
29 92
29 95
29 97
29 98
30 32
30 34
30 37
30 38
30 39
30 40
30 44
30 45
30 46
30 47
30 51
30 54
30 56
30 59
30 60
30 61
30 62
30 63
30 65
30 66
30 72
30 78
30 80
30 81
30 84
30 86
30 88
30 89
30 90
30 91
30 92
30 93
30 95
30 97
30 98
30 99
31 35
31 36
31 40
31 43
31 44
31 45
31 46
31 47
31 48
31 49
31 50
31 52
31 53
31 54
31 55
31 57
31 58
31 60
31 62
31 67
31 68
31 72
31 73
31 75
31 76
31 83
31 86
31 87
31 93
31 94
31 95
31 98
31 99
32 37
32 38
32 43
32 45
32 47
32 51
32 54
32 55
32 56
32 58
32 59
32 60
32 62
32 64
32 65
32 67
32 71
32 73
32 77
32 78
32 79
32 81
32 82
32 84
32 86
32 87
32 89
32 91
32 93
32 95
32 96
32 97
32 99
33 34
33 35
33 36
33 37
33 38
33 40
33 41
33 43
33 48
33 49
33 51
33 52
33 53
33 54
33 57
33 60
33 62
33 64
33 66
33 69
33 70
33 75
33 76
33 78
33 80
33 81
33 83
33 86
33 87
33 89
33 91
33 92
33 93
33 94
33 95
34 35
34 36
34 37
34 38
34 39
34 40
34 44
34 45
34 46
34 47
34 50
34 51
34 57
34 58
34 61
34 64
34 65
34 66
34 68
34 69
34 73
34 74
34 76
34 82
34 83
34 84
34 85
34 86
34 87
34 89
34 90
34 94
34 95
34 96
35 39
35 41
35 45
35 46
35 48
35 50
35 51
35 52
35 53
35 56
35 61
35 62
35 63
35 64
35 67
35 68
35 70
35 73
35 75
35 77
35 80
35 82
35 83
35 88
35 89
35 90
35 91
35 94
35 96
35 97
35 98
36 37
36 38
36 41
36 46
36 48
36 51
36 52
36 54
36 57
36 58
36 62
36 63
36 64
36 66
36 67
36 72
36 73
36 75
36 76
36 79
36 81
36 82
36 83
36 84
36 86
36 87
36 90
36 91
36 92
36 93
36 95
36 96
36 97
36 99
37 38
37 39
37 40
37 41
37 42
37 43
37 47
37 53
37 54
37 57
37 58
37 66
37 68
37 69
37 70
37 73
37 76
37 79
37 80
37 81
37 82
37 83
37 84
37 85
37 87
37 89
37 91
37 93
37 99
38 39
38 41
38 42
38 45
38 46
38 47
38 48
38 50
38 51
38 53
38 55
38 56
38 57
38 60
38 61
38 62
38 66
38 67
38 68
38 70
38 71
38 72
38 73
38 75
38 76
38 77
38 79
38 84
38 85
38 87
38 88
38 90
38 92
38 94
38 95
38 96
38 97
39 40
39 42
39 44
39 45
39 46
39 47
39 49
39 51
39 52
39 53
39 57
39 59
39 61
39 64
39 65
39 68
39 69
39 71
39 73
39 75
39 76
39 78
39 79
39 80
39 81
39 83
39 84
39 89
39 91
39 93
39 95
39 96
39 98
39 99
40 41
40 45
40 47
40 48
40 50
40 55
40 56
40 60
40 61
40 62
40 63
40 64
40 69
40 70
40 71
40 74
40 76
40 79
40 80
40 81
40 84
40 85
40 86
40 88
40 91
40 93
40 94
40 95
40 96
40 97
40 98
41 42
41 43
41 44
41 45
41 47
41 48
41 49
41 55
41 61
41 62
41 64
41 65
41 72
41 79
41 82
41 83
41 85
41 90
41 91
41 92
41 93
41 95
41 96
42 43
42 51
42 53
42 55
42 56
42 58
42 60
42 62
42 68
42 69
42 71
42 72
42 73
42 75
42 76
42 80
42 82
42 85
42 86
42 87
42 89
42 90
42 93
42 94
42 98
43 44
43 48
43 52
43 56
43 57
43 58
43 59
43 60
43 61
43 62
43 64
43 66
43 67
43 68
43 70
43 71
43 72
43 74
43 75
43 77
43 79
43 80
43 82
43 83
43 84
43 85
43 86
43 87
43 89
43 91
43 96
43 97
43 98
43 99
44 47
44 48
44 54
44 64
44 67
44 71
44 72
44 73
44 74
44 77
44 78
44 79
44 80
44 84
44 85
44 86
44 88
44 92
44 95
44 97
44 98
44 99
45 47
45 48
45 49
45 52
45 54
45 57
45 58
45 61
45 63
45 64
45 65
45 66
45 68
45 71
45 74
45 75
45 79
45 80
45 82
45 83
45 88
45 90
45 93
45 94
45 98
45 99
46 49
46 53
46 54
46 62
46 63
46 64
46 66
46 67
46 69
46 70
46 71
46 74
46 78
46 80
46 82
46 83
46 87
46 89
46 90
46 91
46 92
46 93
46 96
46 98
47 50
47 53
47 54
47 56
47 59
47 60
47 61
47 64
47 65
47 67
47 68
47 69
47 71
47 74
47 76
47 77
47 78
47 80
47 82
47 84
47 88
47 90
47 91
47 94
47 96
47 99
48 49
48 54
48 57
48 58
48 63
48 66
48 68
48 69
48 71
48 72
48 73
48 76
48 77
48 81
48 82
48 85
48 86
48 87
48 88
48 89
48 91
48 92
48 94
48 95
48 99
49 51
49 52
49 53
49 55
49 57
49 59
49 61
49 62
49 65
49 68
49 72
49 73
49 75
49 76
49 78
49 81
49 82
49 84
49 86
49 88
49 89
49 93
49 94
49 95
49 96
49 97
49 98
49 99
50 52
50 53
50 55
50 57
50 61
50 63
50 64
50 65
50 66
50 70
50 71
50 73
50 74
50 75
50 77
50 78
50 79
50 81
50 82
50 83
50 86
50 87
50 89
50 97
51 56
51 57
51 58
51 60
51 65
51 67
51 68
51 70
51 71
51 74
51 78
51 80
51 84
51 85
51 86
51 87
51 88
51 89
51 94
51 96
51 98
51 99
52 53
52 55
52 56
52 57
52 58
52 59
52 63
52 66
52 67
52 68
52 72
52 75
52 77
52 78
52 79
52 81
52 83
52 86
52 88
52 89
52 91
52 96
52 97
52 99
53 54
53 55
53 56
53 60
53 64
53 65
53 67
53 70
53 71
53 73
53 74
53 75
53 76
53 77
53 78
53 79
53 81
53 82
53 83
53 84
53 85
53 86
53 88
53 89
53 91
53 93
53 95
53 97
54 58
54 59
54 61
54 63
54 64
54 65
54 66
54 71
54 72
54 73
54 74
54 75
54 77
54 80
54 82
54 83
54 88
54 93
54 95
54 99
55 57
55 58
55 60
55 61
55 63
55 64
55 69
55 70
55 72
55 74
55 79
55 81
55 83
55 86
55 88
55 89
55 90
55 92
55 94
55 98
55 99
56 58
56 59
56 61
56 64
56 66
56 68
56 69
56 72
56 73
56 75
56 78
56 79
56 81
56 83
56 86
56 87
56 88
56 91
56 94
56 99
57 60
57 63
57 64
57 67
57 68
57 69
57 70
57 71
57 72
57 74
57 75
57 77
57 79
57 80
57 81
57 82
57 83
57 85
57 86
57 89
57 93
57 96
57 97
58 60
58 61
58 64
58 65
58 68
58 69
58 71
58 72
58 73
58 75
58 76
58 77
58 78
58 81
58 84
58 91
58 92
58 94
58 95
58 97
58 98
58 99
59 61
59 62
59 66
59 70
59 71
59 73
59 74
59 77
59 79
59 80
59 81
59 82
59 83
59 85
59 87
59 89
59 90
59 94
59 95
59 96
59 97
59 98
59 99
60 61
60 63
60 64
60 65
60 68
60 69
60 70
60 72
60 73
60 77
60 80
60 84
60 88
60 90
60 91
60 92
60 93
60 96
60 97
60 98
60 99
61 63
61 65
61 66
61 69
61 70
61 73
61 74
61 75
61 76
61 78
61 79
61 80
61 83
61 87
61 91
61 93
61 94
61 96
61 97
61 98
62 63
62 67
62 70
62 74
62 75
62 78
62 80
62 82
62 84
62 88
62 91
62 94
62 95
62 97
63 65
63 66
63 69
63 77
63 78
63 79
63 81
63 82
63 87
63 88
63 89
63 90
63 92
63 93
63 94
63 96
63 97
63 98
64 65
64 66
64 68
64 69
64 70
64 72
64 74
64 75
64 77
64 80
64 81
64 83
64 84
64 87
64 88
64 89
64 95
64 97
65 66
65 68
65 69
65 74
65 76
65 78
65 80
65 83
65 84
65 85
65 88
65 89
65 90
65 91
65 92
65 96
66 67
66 69
66 70
66 72
66 75
66 77
66 80
66 81
66 82
66 84
66 86
66 93
66 96
66 97
66 98
67 68
67 69
67 70
67 73
67 75
67 76
67 77
67 78
67 80
67 81
67 82
67 85
67 87
67 91
67 93
67 94
67 96
67 97
68 69
68 70
68 71
68 72
68 75
68 78
68 79
68 80
68 82
68 83
68 84
68 86
68 88
68 89
68 90
68 91
68 92
68 93
68 94
68 95
68 96
68 98
69 70
69 71
69 73
69 77
69 78
69 80
69 82
69 83
69 86
69 87
69 90
69 92
69 93
69 96
69 98
69 99
70 71
70 73
70 74
70 77
70 79
70 80
70 82
70 83
70 84
70 85
70 87
70 88
70 92
70 93
70 94
70 95
70 96
71 72
71 76
71 78
71 79
71 80
71 81
71 83
71 86
71 87
71 91
71 93
71 98
72 73
72 74
72 76
72 77
72 78
72 80
72 83
72 86
72 89
72 91
72 92
72 96
72 99
73 76
73 79
73 80
73 81
73 84
73 85
73 86
73 91
73 92
73 93
73 94
73 95
73 97
73 99
74 76
74 77
74 78
74 81
74 87
74 90
74 91
74 93
74 94
74 95
74 97
75 76
75 77
75 78
75 81
75 82
75 83
75 85
75 86
75 89
75 90
75 92
75 93
75 94
75 95
75 96
75 97
75 98
76 79
76 80
76 82
76 83
76 85
76 87
76 88
76 90
76 91
76 92
76 93
76 94
76 96
76 97
76 98
77 81
77 82
77 83
77 84
77 85
77 86
77 88
77 93
77 95
77 97
78 79
78 80
78 82
78 87
78 88
78 92
78 94
78 96
78 97
78 98
78 99
79 80
79 82
79 84
79 86
79 87
79 90
79 91
79 93
79 97
80 81
80 82
80 86
80 92
80 93
80 96
80 97
80 99
81 83
81 84
81 87
81 89
81 90
81 92
81 94
81 97
81 98
81 99
82 84
82 85
82 86
82 87
82 89
82 90
82 96
82 97
82 98
83 84
83 85
83 88
83 93
83 94
83 95
83 97
83 98
84 86
84 88
84 89
84 91
84 94
84 96
85 86
85 88
85 90
85 91
85 93
85 94
85 95
85 97
85 98
85 99
86 88
86 93
86 98
86 99
87 90
87 91
87 92
87 93
87 96
87 97
87 98
88 91
88 93
88 94
88 96
88 97
88 99
89 90
89 93
89 96
89 98
89 99
90 92
90 93
90 94
90 96
90 97
90 98
91 93
91 94
91 96
91 97
92 94
92 98
92 99
93 96
93 97
93 98
94 95
94 97
94 99
95 96
95 99
