0 2
0 4
0 6
0 7
0 9
0 10
0 12
0 13
0 14
0 17
0 18
0 20
0 25
0 28
0 30
0 31
0 33
0 35
0 37
0 39
0 42
0 47
0 52
0 62
0 64
0 65
0 69
0 72
0 74
0 76
0 77
0 79
0 80
0 86
0 87
0 88
0 97
0 98
0 99
1 3
1 5
1 7
1 8
1 9
1 11
1 13
1 17
1 18
1 25
1 26
1 27
1 28
1 29
1 30
1 33
1 35
1 39
1 40
1 41
1 42
1 43
1 46
1 47
1 50
1 51
1 53
1 54
1 56
1 57
1 59
1 60
1 62
1 63
1 64
1 67
1 68
1 70
1 71
1 75
1 76
1 78
1 79
1 84
1 85
1 88
1 92
1 95
1 96
1 97
2 4
2 6
2 9
2 10
2 14
2 15
2 17
2 20
2 22
2 23
2 25
2 26
2 27
2 28
2 30
2 31
2 33
2 34
2 40
2 41
2 46
2 48
2 51
2 53
2 54
2 56
2 58
2 59
2 61
2 62
2 63
2 65
2 68
2 69
2 70
2 71
2 72
2 73
2 74
2 76
2 77
2 80
2 82
2 89
2 94
2 96
2 98
3 4
3 5
3 7
3 8
3 9
3 10
3 11
3 13
3 20
3 21
3 22
3 24
3 25
3 29
3 31
3 33
3 36
3 37
3 40
3 41
3 43
3 44
3 45
3 47
3 48
3 49
3 51
3 55
3 57
3 61
3 63
3 64
3 65
3 66
3 67
3 68
3 71
3 74
3 75
3 77
3 82
3 86
3 87
3 88
3 89
3 91
4 5
4 6
4 8
4 11
4 14
4 15
4 16
4 17
4 18
4 19
4 20
4 21
4 22
4 23
4 24
4 25
4 26
4 27
4 28
4 32
4 39
4 40
4 43
4 44
4 45
4 46
4 47
4 51
4 52
4 53
4 56
4 57
4 59
4 60
4 62
4 74
4 75
4 77
4 79
4 82
4 84
4 85
4 88
4 89
4 91
4 98
5 8
5 12
5 15
5 16
5 21
5 22
5 23
5 29
5 32
5 33
5 34
5 36
5 37
5 38
5 41
5 45
5 46
5 47
5 48
5 49
5 50
5 51
5 52
5 53
5 56
5 58
5 60
5 61
5 64
5 66
5 67
5 68
5 70
5 76
5 79
5 80
5 81
5 83
5 84
5 90
5 91
5 92
5 95
5 96
5 97
5 98
6 8
6 11
6 12
6 13
6 17
6 18
6 19
6 21
6 22
6 23
6 26
6 27
6 28
6 31
6 32
6 33
6 36
6 38
6 40
6 41
6 42
6 44
6 45
6 46
6 51
6 53
6 55
6 56
6 59
6 60
6 61
6 62
6 64
6 65
6 68
6 70
6 71
6 74
6 76
6 78
6 79
6 80
6 83
6 84
6 85
6 87
6 88
6 90
6 92
6 94
6 96
6 97
6 99
7 8
7 9
7 10
7 11
7 12
7 14
7 16
7 17
7 21
7 22
7 24
7 25
7 26
7 27
7 28
7 29
7 31
7 33
7 34
7 36
7 37
7 39
7 40
7 41
7 43
7 44
7 48
7 49
7 50
7 54
7 55
7 56
7 58
7 59
7 60
7 62
7 65
7 67
7 69
7 70
7 72
7 73
7 74
7 75
7 76
7 77
7 78
7 79
7 80
7 81
7 88
7 89
7 91
7 93
7 94
7 96
7 97
8 9
8 11
8 13
8 14
8 15
8 20
8 26
8 27
8 30
8 31
8 33
8 34
8 36
8 38
8 41
8 42
8 43
8 48
8 49
8 51
8 52
8 54
8 55
8 59
8 64
8 67
8 68
8 73
8 74
8 76
8 79
8 81
8 83
8 84
8 85
8 86
8 87
8 88
8 93
8 96
8 97
8 98
8 99
9 11
9 12
9 14
9 15
9 16
9 17
9 18
9 19
9 21
9 22
9 26
9 27
9 32
9 33
9 35
9 37
9 40
9 41
9 42
9 43
9 44
9 45
9 47
9 48
9 49
9 50
9 51
9 52
9 54
9 57
9 59
9 62
9 66
9 67
9 70
9 71
9 72
9 73
9 76
9 77
9 83
9 85
9 87
9 88
9 96
9 98
10 11
10 13
10 15
10 16
10 17
10 21
10 22
10 24
10 26
10 28
10 30
10 31
10 33
10 35
10 36
10 37
10 38
10 39
10 41
10 42
10 43
10 45
10 48
10 51
10 53
10 55
10 56
10 57
10 59
10 63
10 64
10 68
10 69
10 73
10 74
10 75
10 81
10 83
10 84
10 85
10 86
10 88
10 89
10 90
10 95
10 96
10 98
10 99
11 13
11 14
11 15
11 17
11 19
11 21
11 22
11 25
11 27
11 28
11 29
11 32
11 33
11 36
11 39
11 40
11 41
11 42
11 46
11 47
11 48
11 49
11 50
11 51
11 56
11 61
11 66
11 68
11 69
11 70
11 71
11 72
11 74
11 76
11 77
11 78
11 80
11 81
11 82
11 84
11 86
11 88
11 89
11 90
11 91
11 92
11 93
11 95
11 96
12 13
12 16
12 19
12 21
12 25
12 26
12 30
12 31
12 37
12 41
12 42
12 49
12 51
12 53
12 58
12 59
12 61
12 62
12 63
12 66
12 67
12 71
12 72
12 74
12 76
12 80
12 82
12 84
12 86
12 87
12 91
12 92
12 93
12 95
12 97
13 16
13 18
13 19
13 20
13 21
13 22
13 23
13 26
13 27
13 28
13 31
13 34
13 35
13 38
13 40
13 41
13 44
13 48
13 51
13 52
13 53
13 55
13 56
13 57
13 61
13 63
13 65
13 66
13 70
13 75
13 76
13 77
13 81
13 86
13 88
13 93
13 94
13 95
13 96
13 98
13 99
14 15
14 16
14 17
14 18
14 19
14 20
14 21
14 22
14 25
14 27
14 32
14 34
14 35
14 36
14 39
14 40
14 41
14 42
14 43
14 48
14 50
14 52
14 54
14 57
14 62
14 68
14 69
14 70
14 71
14 72
14 73
14 75
14 76
14 77
14 80
14 83
14 85
14 86
14 88
14 90
14 91
14 94
14 97
14 98
14 99
15 16
15 17
15 18
15 19
15 20
15 21
15 24
15 27
15 28
15 32
15 33
15 35
15 36
15 39
15 40
15 41
15 43
15 45
15 47
15 48
15 52
15 53
15 54
15 56
15 57
15 58
15 59
15 62
15 64
15 66
15 67
15 69
15 71
15 72
15 76
15 77
15 81
15 82
15 83
15 86
15 88
15 89
15 91
15 92
15 95
15 99
16 17
16 19
16 20
16 25
16 30
16 31
16 33
16 34
16 36
16 38
16 39
16 42
16 43
16 45
16 46
16 49
16 50
16 55
16 57
16 59
16 63
16 64
16 65
16 66
16 67
16 69
16 71
16 72
16 73
16 76
16 80
16 83
16 84
16 88
16 89
16 90
16 91
16 92
16 94
16 95
16 97
16 98
17 20
17 22
17 24
17 25
17 27
17 30
17 32
17 33
17 34
17 36
17 38
17 39
17 43
17 44
17 46
17 47
17 48
17 51
17 53
17 55
17 57
17 58
17 64
17 65
17 66
17 70
17 79
17 80
17 81
17 82
17 85
17 87
17 89
17 91
17 95
17 98
17 99
18 20
18 21
18 24
18 28
18 29
18 30
18 31
18 32
18 33
18 34
18 35
18 36
18 39
18 40
18 42
18 43
18 45
18 48
18 49
18 50
18 51
18 52
18 53
18 54
18 55
18 56
18 62
18 63
18 64
18 65
18 66
18 67
18 68
18 72
18 73
18 76
18 77
18 78
18 84
18 85
18 88
18 90
18 91
18 92
18 93
18 96
19 20
19 22
19 23
19 24
19 25
19 27
19 37
19 39
19 43
19 46
19 48
19 49
19 50
19 52
19 54
19 57
19 58
19 59
19 63
19 64
19 65
19 69
19 70
19 71
19 77
19 78
19 80
19 81
19 82
19 85
19 86
19 88
19 92
19 95
19 96
19 97
19 98
19 99
20 22
20 27
20 29
20 30
20 32
20 33
20 34
20 35
20 36
20 37
20 39
20 41
20 42
20 43
20 44
20 45
20 47
20 49
20 50
20 51
20 52
20 53
20 55
20 57
20 58
20 61
20 63
20 64
20 66
20 67
20 69
20 72
20 75
20 77
20 81
20 82
20 84
20 86
20 89
20 92
20 98
21 22
21 23
21 24
21 26
21 32
21 33
21 36
21 39
21 43
21 46
21 47
21 51
21 53
21 57
21 67
21 69
21 72
21 73
21 74
21 75
21 76
21 78
21 80
21 81
21 82
21 83
21 85
21 87
21 88
21 89
21 90
21 93
21 95
21 98
22 26
22 27
22 28
22 29
22 30
22 31
22 32
22 34
22 35
22 36
22 41
22 43
22 46
22 47
22 48
22 49
22 50
22 51
22 52
22 55
22 58
22 60
22 62
22 63
22 64
22 65
22 66
22 67
22 68
22 69
22 70
22 72
22 75
22 76
22 77
22 79
22 80
22 81
22 84
22 85
22 86
22 87
22 89
22 91
22 93
22 98
22 99
23 25
23 27
23 29
23 30
23 31
23 32
23 33
23 35
23 36
23 37
23 40
23 41
23 43
23 44
23 50
23 52
23 53
23 54
23 55
23 56
23 59
23 64
23 65
23 66
23 68
23 69
23 71
23 78
23 80
23 84
23 85
23 86
23 87
23 91
23 93
23 94
23 97
23 99
24 26
24 28
24 30
24 37
24 40
24 42
24 44
24 45
24 49
24 51
24 53
24 58
24 59
24 62
24 64
24 66
24 71
24 74
24 75
24 76
24 78
24 79
24 83
24 84
24 85
24 88
24 93
24 94
24 95
24 96
25 27
25 28
25 29
25 33
25 34
25 36
25 38
25 39
25 40
25 41
25 42
25 43
25 44
25 46
25 47
25 49
25 52
25 56
25 58
25 59
25 60
25 62
25 63
25 66
25 67
25 69
25 70
25 71
25 72
25 73
25 79
25 81
25 82
25 83
25 84
25 87
25 90
25 91
25 92
25 94
25 96
25 97
25 98
26 28
26 29
26 32
26 33
26 34
26 37
26 38
26 43
26 46
26 48
26 51
26 59
26 64
26 67
26 71
26 75
26 77
26 79
26 80
26 82
26 86
26 87
26 88
26 89
26 91
26 93
26 94
26 95
26 96
26 98
27 29
27 33
27 35
27 36
27 37
27 39
27 43
27 44
27 51
27 53
27 55
27 57
27 58
27 59
27 62
27 63
27 65
27 66
27 69
27 72
27 74
27 75
27 76
27 77
27 80
27 84
27 85
27 86
27 87
27 88
27 89
27 90
27 91
27 92
27 95
28 33
28 35
28 37
28 40
28 44
28 45
28 47
28 49
28 50
28 51
28 54
28 55
28 57
28 58
28 60
28 61
28 65
28 66
28 71
28 75
28 79
28 81
28 84
28 85
28 88
28 90
28 96
28 97
29 30
29 32
29 35
29 37
29 38
29 42
29 43
29 46
29 47
29 51
29 54
29 56
29 57
29 58
29 60
29 61
29 66
29 68
29 69
29 70
29 71
29 75
29 78
29 85
29 86
29 91
29 92
29 93
29 96
29 97
30 31
30 33
30 34
30 37
30 38
30 41
30 42
30 44
30 45
30 46
30 47
30 48
30 49
30 51
30 52
30 53
30 59
30 60
30 61
30 63
30 64
30 65
30 66
30 67
30 70
30 71
30 77
30 79
30 81
30 82
30 84
30 86
30 89
30 90
30 91
30 96
30 98
30 99
31 34
31 39
31 43
31 44
31 46
31 48
31 49
31 50
31 51
31 53
31 54
31 55
31 58
31 59
31 61
31 63
31 64
31 65
31 66
31 68
31 70
31 75
31 76
31 78
31 79
31 80
31 82
31 83
31 84
31 86
31 87
31 88
31 90
31 91
31 96
31 97
31 98
31 99
32 33
32 34
32 36
32 37
32 38
32 40
32 42
32 44
32 48
32 49
32 50
32 53
32 55
32 56
32 57
32 58
32 59
32 61
32 67
32 68
32 70
32 71
32 72
32 74
32 75
32 77
32 78
32 79
32 80
32 81
32 89
32 90
32 91
32 92
32 97
32 99
33 34
33 35
33 37
33 39
33 40
33 42
33 43
33 45
33 46
33 47
33 48
33 55
33 57
33 58
33 59
33 61
33 62
33 64
33 65
33 67
33 73
33 74
33 75
33 76
33 81
33 82
33 85
33 86
33 87
33 88
33 90
33 93
33 95
33 96
33 99
34 35
34 40
34 42
34 43
34 44
34 45
34 51
34 53
34 54
34 56
34 58
34 59
34 60
34 61
34 63
34 65
34 67
34 72
34 74
34 75
34 76
34 77
34 78
34 79
34 82
34 84
34 87
34 88
34 89
34 91
34 93
34 94
34 99
35 36
35 39
35 41
35 42
35 46
35 48
35 49
35 50
35 51
35 52
35 53
35 54
35 55
35 56
35 57
35 58
35 59
35 60
35 61
35 62
35 63
35 66
35 68
35 73
35 74
35 75
35 79
35 81
35 85
35 94
35 98
35 99
36 38
36 42
36 43
36 46
36 47
36 48
36 49
36 51
36 54
36 55
36 57
36 60
36 61
36 62
36 63
36 65
36 66
36 68
36 69
36 71
36 74
36 77
36 78
36 84
36 86
36 87
36 88
36 89
36 90
36 92
36 93
36 96
36 97
37 39
37 40
37 41
37 44
37 45
37 46
37 49
37 52
37 55
37 58
37 59
37 60
37 62
37 64
37 65
37 66
37 67
37 69
37 71
37 76
37 78
37 79
37 81
37 82
37 84
37 87
37 90
37 92
37 93
37 94
37 95
37 97
37 98
37 99
38 40
38 43
38 46
38 50
38 51
38 53
38 55
38 56
38 59
38 62
38 63
38 64
38 65
38 66
38 67
38 68
38 70
38 75
38 76
38 78
38 79
38 83
38 84
38 86
38 90
38 91
38 92
38 94
38 95
38 97
38 99
39 42
39 43
39 47
39 51
39 52
39 53
39 54
39 56
39 58
39 59
39 61
39 68
39 69
39 74
39 76
39 78
39 80
39 81
39 84
39 89
39 90
39 94
39 95
39 96
39 98
39 99
40 42
40 44
40 46
40 47
40 51
40 52
40 53
40 56
40 61
40 63
40 65
40 67
40 69
40 74
40 75
40 76
40 77
40 78
40 80
40 81
40 82
40 83
40 84
40 86
40 87
40 89
40 91
40 92
40 93
40 94
40 95
40 99
41 42
41 43
41 45
41 46
41 47
41 49
41 50
41 54
41 57
41 59
41 62
41 64
41 65
41 66
41 69
41 72
41 73
41 74
41 78
41 79
41 80
41 83
41 89
41 90
41 91
41 93
41 96
41 98
42 43
42 44
42 45
42 46
42 47
42 48
42 49
42 50
42 51
42 52
42 55
42 56
42 57
42 58
42 59
42 60
42 61
42 62
42 64
42 66
42 67
42 68
42 69
42 71
42 72
42 73
42 78
42 79
42 80
42 81
42 83
42 84
42 85
42 86
42 87
42 88
42 89
42 93
42 94
42 95
42 97
42 98
42 99
43 44
43 45
43 47
43 48
43 49
43 51
43 55
43 57
43 58
43 59
43 63
43 67
43 68
43 70
43 73
43 74
43 75
43 77
43 85
43 86
43 88
43 89
43 91
43 92
43 93
43 96
43 97
43 99
44 45
44 46
44 47
44 48
44 49
44 50
44 51
44 52
44 53
44 54
44 56
44 63
44 64
44 65
44 68
44 70
44 71
44 72
44 74
44 75
44 77
44 78
44 79
44 80
44 83
44 84
44 86
44 87
44 88
44 89
44 90
44 95
44 96
44 99
45 46
45 47
45 48
45 50
45 53
45 60
45 63
45 65
45 68
45 69
45 71
45 73
45 74
45 77
45 78
45 81
45 82
45 83
45 85
45 86
45 89
45 91
45 92
45 94
45 95
45 99
46 48
46 51
46 54
46 58
46 60
46 61
46 62
46 63
46 65
46 66
46 68
46 69
46 70
46 72
46 74
46 75
46 77
46 81
46 83
46 84
46 85
46 88
46 89
46 92
46 93
46 94
46 95
46 97
46 99
47 49
47 50
47 51
47 54
47 57
47 59
47 61
47 64
47 65
47 68
47 69
47 71
47 72
47 73
47 74
47 76
47 77
47 79
47 81
47 87
47 89
47 90
47 91
47 92
47 93
47 94
47 95
47 96
47 97
48 49
48 50
48 51
48 52
48 53
48 54
48 56
48 57
48 60
48 62
48 63
48 64
48 67
48 68
48 70
48 71
48 74
48 76
48 79
48 80
48 83
48 86
48 88
48 89
48 90
48 91
48 93
48 94
48 96
48 97
48 98
48 99
49 53
49 54
49 55
49 58
49 60
49 62
49 65
49 66
49 68
49 70
49 71
49 72
49 74
49 76
49 78
49 79
49 84
49 85
49 87
49 89
49 90
49 91
49 96
49 97
49 98
49 99
50 51
50 53
50 55
50 56
50 57
50 60
50 62
50 64
50 65
50 67
50 68
50 69
50 71
50 75
50 76
50 77
50 78
50 79
50 81
50 87
50 92
50 93
50 94
50 96
50 97
50 98
51 53
51 54
51 56
51 57
51 58
51 62
51 64
51 70
51 72
51 74
51 75
51 76
51 78
51 79
51 80
51 81
51 84
51 85
51 86
51 92
51 95
51 96
51 97
51 98
52 53
52 57
52 62
52 63
52 64
52 68
52 69
52 71
52 76
52 77
52 79
52 80
52 83
52 84
52 87
52 90
52 91
52 95
52 96
52 98
52 99
53 55
53 57
53 58
53 62
53 65
53 69
53 73
53 74
53 76
53 80
53 81
53 85
53 86
53 88
53 90
53 91
53 92
53 93
53 94
53 96
53 97
54 56
54 57
54 59
54 67
54 68
54 69
54 70
54 72
54 73
54 75
54 78
54 79
54 81
54 82
54 84
54 85
54 87
54 88
54 91
54 94
54 95
54 96
54 97
54 98
55 56
55 57
55 58
55 59
55 60
55 61
55 62
55 64
55 67
55 70
55 71
55 73
55 80
55 81
55 83
55 84
55 85
55 89
55 90
55 91
55 92
55 96
55 97
55 98
56 57
56 58
56 61
56 62
56 63
56 64
56 65
56 66
56 67
56 68
56 70
56 72
56 74
56 75
56 76
56 77
56 78
56 79
56 80
56 81
56 84
56 85
56 86
56 90
56 92
56 93
56 94
56 95
56 98
57 58
57 63
57 64
57 65
57 66
57 67
57 69
57 71
57 75
57 78
57 80
57 83
57 84
57 86
57 88
57 89
57 93
57 94
57 97
58 59
58 60
58 61
58 63
58 67
58 70
58 72
58 74
58 75
58 76
58 77
58 79
58 80
58 83
58 84
58 86
58 87
58 88
58 91
58 92
58 93
58 94
58 97
59 60
59 61
59 62
59 63
59 64
59 65
59 66
59 72
59 77
59 79
59 80
59 81
59 82
59 84
59 85
59 89
59 90
59 91
59 92
59 93
59 94
59 96
60 61
60 63
60 72
60 74
60 75
60 76
60 77
60 78
60 79
60 80
60 81
60 82
60 85
60 88
60 89
60 90
60 96
60 99
61 62
61 63
61 64
61 65
61 68
61 69
61 70
61 72
61 73
61 75
61 77
61 79
61 80
61 82
61 84
61 85
61 86
61 92
61 97
61 98
61 99
62 63
62 65
62 70
62 71
62 72
62 73
62 74
62 75
62 79
62 80
62 84
62 86
62 87
62 91
62 93
62 94
62 95
62 97
62 98
62 99
63 64
63 66
63 74
63 76
63 77
63 80
63 82
63 84
63 85
63 89
63 93
63 96
63 97
63 98
64 66
64 68
64 70
64 72
64 73
64 75
64 76
64 77
64 79
64 80
64 81
64 82
64 84
64 85
64 88
64 90
64 91
64 94
64 95
64 96
64 98
64 99
65 68
65 69
65 74
65 77
65 83
65 85
65 88
65 89
65 90
65 91
65 92
65 93
65 94
65 95
65 96
65 97
65 99
66 67
66 69
66 71
66 73
66 76
66 79
66 80
66 81
66 82
66 84
66 87
66 89
66 90
66 91
66 92
66 93
66 94
66 96
66 97
66 98
66 99
67 69
67 71
67 72
67 73
67 75
67 79
67 80
67 83
67 84
67 85
67 89
67 90
67 94
68 69
68 70
68 72
68 73
68 74
68 75
68 76
68 78
68 81
68 84
68 85
68 87
68 88
68 89
68 90
68 92
68 95
68 98
68 99
69 74
69 77
69 79
69 81
69 82
69 83
69 87
69 89
69 93
69 94
69 95
69 97
69 98
70 71
70 72
70 76
70 77
70 79
70 81
70 82
70 83
70 84
70 86
70 89
70 91
70 92
70 93
70 94
70 95
70 96
70 97
70 99
71 72
71 73
71 74
71 76
71 79
71 82
71 87
71 90
71 91
71 92
71 95
71 96
71 99
72 73
72 74
72 77
72 78
72 79
72 80
72 82
72 85
72 87
72 88
72 90
72 92
72 93
72 94
73 79
73 80
73 83
73 86
73 87
73 92
73 93
73 94
73 95
73 96
73 97
73 99
74 75
74 78
74 79
74 80
74 84
74 87
74 88
74 90
74 91
74 94
74 96
74 97
75 76
75 78
75 79
75 82
75 83
75 85
75 86
75 87
75 91
75 92
75 95
76 78
76 79
76 82
76 84
76 85
76 87
76 91
76 92
76 94
76 96
76 97
76 98
77 79
77 80
77 82
77 90
77 92
77 93
77 97
77 98
77 99
78 80
78 83
78 84
78 85
78 89
78 90
78 93
78 95
78 99
79 83
79 84
79 86
79 89
79 90
79 91
79 92
79 94
79 95
79 98
79 99
80 82
80 83
80 87
80 88
80 89
80 90
80 91
80 92
81 83
81 85
81 91
81 92
81 93
81 95
81 96
81 98
81 99
82 83
82 84
82 85
82 87
82 88
82 91
82 92
82 94
83 87
83 88
83 89
83 91
83 92
83 95
83 96
83 98
84 85
84 89
84 90
84 91
84 93
84 95
84 96
84 98
85 86
85 90
85 92
85 93
85 94
85 95
85 97
85 99
86 87
86 88
86 91
86 94
86 97
87 88
87 91
87 92
87 93
87 97
87 99
88 89
88 92
88 93
88 94
88 96
88 98
88 99
89 91
89 92
89 93
89 95
89 96
89 97
89 98
90 92
90 94
90 95
90 99
91 93
91 95
91 97
91 98
91 99
92 94
92 96
92 98
92 99
93 96
93 99
94 95
94 96
94 97
94 98
95 96
96 98
98 99
