0 1
0 2
0 3
0 5
0 6
0 7
0 8
0 9
0 11
0 14
0 16
0 20
0 21
0 22
0 23
0 24
0 26
0 28
0 33
0 36
0 37
0 38
0 39
0 40
0 42
0 45
0 46
0 48
0 51
0 53
0 55
0 56
0 57
0 58
0 59
0 61
0 64
0 65
0 66
0 70
0 71
0 73
0 74
0 76
0 79
0 80
0 83
0 84
0 87
0 88
0 89
0 90
0 91
0 92
0 93
0 96
0 97
1 6
1 7
1 12
1 13
1 15
1 16
1 19
1 20
1 21
1 25
1 26
1 27
1 28
1 29
1 30
1 33
1 34
1 35
1 37
1 38
1 39
1 43
1 44
1 46
1 47
1 48
1 49
1 50
1 52
1 53
1 55
1 56
1 57
1 61
1 65
1 66
1 67
1 70
1 74
1 75
1 78
1 79
1 80
1 82
1 83
1 86
1 90
1 92
1 93
1 96
2 3
2 6
2 10
2 11
2 12
2 14
2 19
2 20
2 21
2 22
2 25
2 26
2 27
2 28
2 29
2 31
2 34
2 35
2 36
2 39
2 40
2 41
2 42
2 44
2 45
2 48
2 49
2 50
2 51
2 52
2 56
2 57
2 66
2 67
2 68
2 70
2 71
2 74
2 78
2 80
2 82
2 84
2 86
2 89
2 93
2 94
2 95
2 97
3 6
3 9
3 13
3 14
3 16
3 20
3 21
3 22
3 27
3 31
3 33
3 34
3 39
3 40
3 43
3 45
3 47
3 48
3 49
3 50
3 51
3 53
3 54
3 55
3 57
3 59
3 60
3 61
3 62
3 63
3 64
3 65
3 66
3 67
3 68
3 70
3 72
3 73
3 74
3 75
3 77
3 82
3 83
3 84
3 90
3 94
3 96
3 99
4 6
4 10
4 11
4 13
4 15
4 16
4 18
4 20
4 21
4 24
4 28
4 29
4 30
4 36
4 37
4 38
4 40
4 41
4 42
4 43
4 44
4 45
4 46
4 47
4 49
4 50
4 53
4 56
4 59
4 60
4 61
4 62
4 64
4 65
4 66
4 67
4 70
4 72
4 73
4 75
4 77
4 79
4 80
4 81
4 84
4 85
4 86
4 87
4 88
4 89
4 90
4 92
4 94
4 98
4 99
5 6
5 8
5 9
5 10
5 12
5 13
5 14
5 15
5 17
5 18
5 19
5 21
5 23
5 25
5 26
5 30
5 32
5 36
5 37
5 39
5 40
5 43
5 44
5 45
5 47
5 48
5 49
5 50
5 51
5 52
5 54
5 56
5 61
5 62
5 64
5 69
5 70
5 71
5 76
5 78
5 79
5 80
5 81
5 83
5 87
5 91
5 92
5 93
5 96
5 97
5 99
6 7
6 9
6 10
6 13
6 14
6 16
6 17
6 18
6 19
6 22
6 23
6 29
6 30
6 32
6 37
6 40
6 41
6 45
6 47
6 48
6 54
6 56
6 61
6 62
6 63
6 66
6 69
6 70
6 74
6 80
6 81
6 85
6 86
6 88
6 89
6 91
6 93
6 95
6 96
6 97
6 99
7 15
7 17
7 22
7 29
7 30
7 31
7 32
7 34
7 36
7 37
7 40
7 41
7 42
7 47
7 48
7 49
7 51
7 52
7 54
7 55
7 58
7 60
7 62
7 63
7 64
7 66
7 67
7 69
7 70
7 72
7 74
7 77
7 78
7 79
7 81
7 89
7 92
7 95
7 97
8 14
8 16
8 22
8 24
8 25
8 26
8 28
8 29
8 30
8 31
8 35
8 39
8 41
8 42
8 43
8 44
8 48
8 49
8 50
8 51
8 53
8 55
8 56
8 59
8 61
8 62
8 63
8 64
8 65
8 66
8 68
8 73
8 74
8 76
8 77
8 78
8 81
8 82
8 83
8 89
8 93
8 94
8 96
8 98
8 99
9 10
9 12
9 14
9 15
9 17
9 23
9 24
9 27
9 28
9 29
9 31
9 34
9 35
9 39
9 40
9 43
9 46
9 50
9 51
9 52
9 53
9 56
9 59
9 61
9 62
9 63
9 66
9 67
9 68
9 69
9 71
9 72
9 74
9 75
9 77
9 84
9 85
9 87
9 88
9 90
9 93
9 94
9 95
9 99
10 12
10 17
10 18
10 20
10 22
10 24
10 25
10 27
10 28
10 29
10 30
10 31
10 32
10 34
10 37
10 40
10 42
10 44
10 45
10 47
10 48
10 50
10 51
10 52
10 54
10 56
10 57
10 58
10 59
10 60
10 62
10 64
10 65
10 67
10 69
10 71
10 73
10 75
10 78
10 79
10 80
10 81
10 82
10 84
10 86
10 87
10 88
10 90
10 91
10 94
10 95
10 98
11 14
11 15
11 16
11 17
11 19
11 20
11 21
11 27
11 31
11 32
11 33
11 34
11 35
11 37
11 38
11 39
11 43
11 47
11 48
11 50
11 52
11 54
11 57
11 58
11 60
11 61
11 64
11 65
11 67
11 68
11 69
11 73
11 75
11 77
11 78
11 83
11 84
11 91
11 93
11 97
11 99
12 14
12 17
12 18
12 19
12 21
12 24
12 26
12 28
12 29
12 30
12 31
12 33
12 34
12 35
12 37
12 40
12 41
12 42
12 43
12 44
12 45
12 49
12 51
12 56
12 57
12 58
12 62
12 65
12 66
12 68
12 69
12 70
12 71
12 75
12 78
12 80
12 81
12 86
12 89
12 90
12 91
12 97
12 98
13 16
13 17
13 18
13 19
13 21
13 24
13 25
13 29
13 30
13 32
13 33
13 39
13 40
13 41
13 42
13 43
13 44
13 50
13 57
13 59
13 60
13 64
13 66
13 67
13 69
13 71
13 73
13 74
13 77
13 78
13 79
13 80
13 81
13 82
13 84
13 85
13 86
13 87
13 89
13 92
13 94
13 97
14 16
14 17
14 18
14 23
14 36
14 37
14 40
14 42
14 44
14 47
14 52
14 53
14 59
14 60
14 61
14 66
14 69
14 70
14 73
14 75
14 76
14 77
14 78
14 80
14 81
14 82
14 84
14 86
14 87
14 90
14 93
14 95
14 98
15 16
15 18
15 19
15 21
15 22
15 23
15 25
15 27
15 28
15 29
15 30
15 32
15 35
15 36
15 37
15 38
15 43
15 44
15 46
15 48
15 49
15 51
15 52
15 53
15 54
15 55
15 56
15 59
15 62
15 63
15 65
15 66
15 69
15 70
15 72
15 74
15 75
15 76
15 77
15 80
15 81
15 84
15 87
15 88
15 90
15 92
15 94
15 97
15 98
16 17
16 22
16 23
16 25
16 26
16 32
16 33
16 35
16 38
16 40
16 41
16 42
16 45
16 49
16 50
16 51
16 53
16 54
16 56
16 58
16 60
16 61
16 62
16 63
16 71
16 72
16 79
16 81
16 82
16 83
16 86
16 89
16 90
16 91
16 92
16 95
16 96
17 20
17 22
17 24
17 27
17 31
17 32
17 33
17 35
17 39
17 40
17 41
17 43
17 45
17 47
17 48
17 49
17 50
17 51
17 54
17 55
17 57
17 58
17 59
17 61
17 63
17 67
17 68
17 70
17 71
17 76
17 79
17 80
17 81
17 83
17 86
17 91
17 93
17 94
17 95
17 99
18 20
18 24
18 25
18 26
18 27
18 28
18 29
18 31
18 33
18 34
18 37
18 38
18 41
18 42
18 43
18 44
18 46
18 49
18 51
18 52
18 53
18 54
18 56
18 58
18 61
18 62
18 64
18 66
18 67
18 71
18 72
18 76
18 79
18 82
18 84
18 85
18 87
18 89
18 91
18 92
18 94
18 97
19 24
19 25
19 26
19 27
19 28
19 29
19 31
19 34
19 35
19 36
19 37
19 39
19 42
19 44
19 46
19 47
19 50
19 51
19 52
19 56
19 60
19 61
19 62
19 63
19 66
19 67
19 68
19 69
19 70
19 71
19 74
19 76
19 80
19 81
19 88
19 89
19 90
19 91
19 93
19 94
19 95
19 97
19 98
19 99
20 21
20 22
20 23
20 24
20 25
20 27
20 28
20 30
20 31
20 32
20 33
20 34
20 35
20 37
20 38
20 40
20 41
20 42
20 43
20 44
20 45
20 50
20 53
20 54
20 57
20 58
20 61
20 62
20 65
20 68
20 69
20 70
20 71
20 80
20 81
20 83
20 84
20 86
20 91
20 92
20 93
20 94
20 95
20 99
21 22
21 26
21 27
21 30
21 34
21 42
21 43
21 44
21 46
21 48
21 50
21 51
21 56
21 57
21 58
21 59
21 60
21 62
21 63
21 64
21 65
21 66
21 69
21 74
21 75
21 76
21 81
21 82
21 84
21 86
21 87
21 89
21 90
21 91
21 92
21 93
21 94
21 96
21 97
22 25
22 27
22 28
22 29
22 30
22 32
22 34
22 38
22 40
22 41
22 44
22 48
22 49
22 52
22 55
22 56
22 57
22 59
22 60
22 61
22 62
22 65
22 67
22 68
22 69
22 72
22 73
22 76
22 77
22 80
22 83
22 84
22 85
22 86
22 87
22 88
22 92
22 93
22 94
22 95
22 98
23 25
23 26
23 30
23 31
23 32
23 33
23 34
23 35
23 38
23 39
23 40
23 41
23 42
23 43
23 46
23 51
23 52
23 58
23 59
23 62
23 64
23 67
23 68
23 70
23 72
23 73
23 75
23 76
23 77
23 78
23 79
23 80
23 83
23 85
23 86
23 89
23 90
23 91
23 92
23 94
23 97
23 98
23 99
24 26
24 27
24 32
24 33
24 35
24 36
24 37
24 38
24 39
24 40
24 45
24 50
24 51
24 52
24 53
24 54
24 55
24 56
24 57
24 58
24 64
24 68
24 71
24 73
24 74
24 76
24 77
24 82
24 83
24 85
24 87
24 88
24 89
24 90
24 92
24 94
24 95
24 96
24 99
25 27
25 28
25 31
25 33
25 35
25 37
25 38
25 39
25 40
25 41
25 45
25 50
25 51
25 52
25 54
25 61
25 66
25 70
25 71
25 73
25 75
25 77
25 79
25 81
25 84
25 87
25 89
25 94
25 98
25 99
26 27
26 28
26 29
26 31
26 32
26 33
26 35
26 37
26 42
26 43
26 44
26 47
26 49
26 54
26 56
26 58
26 62
26 64
26 68
26 69
26 70
26 73
26 74
26 77
26 82
26 85
26 86
26 88
26 92
26 94
26 96
26 98
26 99
27 28
27 29
27 30
27 31
27 34
27 36
27 37
27 38
27 42
27 43
27 44
27 45
27 46
27 47
27 50
27 51
27 52
27 53
27 58
27 59
27 61
27 62
27 63
27 64
27 65
27 67
27 72
27 73
27 74
27 77
27 79
27 80
27 82
27 85
27 86
27 90
27 91
27 92
27 93
27 97
28 29
28 31
28 32
28 37
28 38
28 40
28 44
28 45
28 47
28 49
28 52
28 53
28 54
28 55
28 58
28 59
28 60
28 61
28 62
28 65
28 66
28 75
28 77
28 78
28 79
28 80
28 85
28 88
28 89
28 90
28 91
28 92
28 93
28 94
28 98
28 99
29 30
29 31
29 32
29 33
29 36
29 37
29 40
29 42
29 43
29 44
29 46
29 49
29 50
29 51
29 54
29 55
29 56
29 61
29 62
29 67
29 69
29 70
29 71
29 72
29 77
29 79
29 86
29 88
29 91
29 92
29 96
29 97
29 99
30 31
30 32
30 38
30 39
30 40
30 42
30 43
30 46
30 47
30 48
30 50
30 53
30 57
30 58
30 59
30 60
30 62
30 63
30 64
30 65
30 70
30 71
30 72
30 74
30 75
30 76
30 77
30 78
30 79
30 81
30 83
30 84
30 91
30 92
30 98
31 34
31 35
31 39
31 40
31 43
31 44
31 48
31 50
31 54
31 58
31 59
31 60
31 62
31 65
31 66
31 69
31 71
31 73
31 77
31 78
31 82
31 83
31 84
31 89
31 93
31 96
32 34
32 35
32 42
32 44
32 45
32 48
32 50
32 52
32 56
32 57
32 58
32 59
32 60
32 61
32 63
32 67
32 68
32 69
32 71
32 72
32 73
32 74
32 75
32 76
32 77
32 79
32 81
32 82
32 85
32 87
32 88
32 90
32 92
32 96
32 97
32 98
33 34
33 35
33 36
33 39
33 40
33 41
33 42
33 43
33 49
33 50
33 51
33 53
33 54
33 55
33 56
33 58
33 62
33 63
33 65
33 66
33 72
33 75
33 80
33 81
33 84
33 87
33 88
33 91
33 92
33 95
33 96
33 98
33 99
34 36
34 38
34 39
34 40
34 42
34 43
34 45
34 46
34 51
34 53
34 55
34 56
34 57
34 58
34 63
34 69
34 70
34 71
34 74
34 75
34 77
34 78
34 80
34 81
34 82
34 83
34 84
34 85
34 88
34 89
34 91
34 92
34 99
35 36
35 40
35 41
35 45
35 46
35 49
35 50
35 52
35 53
35 54
35 58
35 62
35 64
35 65
35 66
35 67
35 68
35 69
35 72
35 73
35 74
35 75
35 76
35 77
35 79
35 81
35 84
35 85
35 86
35 87
35 89
35 92
35 94
35 95
35 99
36 37
36 38
36 39
36 40
36 44
36 45
36 46
36 47
36 48
36 49
36 50
36 52
36 53
36 57
36 58
36 59
36 60
36 61
36 65
36 66
36 68
36 71
36 73
36 77
36 78
36 79
36 84
36 87
36 88
36 89
36 91
36 93
36 95
36 96
36 98
37 40
37 42
37 45
37 50
37 51
37 53
37 54
37 56
37 57
37 58
37 64
37 65
37 67
37 75
37 79
37 82
37 83
37 88
37 89
37 90
37 94
37 96
37 98
38 40
38 41
38 42
38 43
38 45
38 46
38 47
38 48
38 57
38 58
38 60
38 61
38 63
38 65
38 66
38 68
38 70
38 71
38 72
38 75
38 77
38 78
38 80
38 81
38 85
38 90
38 92
38 93
38 94
38 98
38 99
39 42
39 45
39 49
39 50
39 52
39 54
39 56
39 58
39 60
39 65
39 66
39 67
39 69
39 71
39 72
39 74
39 76
39 83
39 85
39 86
39 88
39 89
39 90
39 91
39 92
39 95
39 96
39 97
39 98
40 41
40 42
40 47
40 48
40 53
40 54
40 59
40 61
40 62
40 63
40 67
40 68
40 69
40 72
40 78
40 79
40 80
40 81
40 82
40 83
40 84
40 85
40 86
40 88
40 89
40 93
40 94
41 42
41 43
41 44
41 45
41 47
41 50
41 51
41 53
41 54
41 55
41 57
41 58
41 61
41 65
41 70
41 73
41 75
41 76
41 79
41 80
41 81
41 82
41 85
41 87
41 88
41 91
41 92
41 93
41 94
41 95
41 98
41 99
42 43
42 45
42 50
42 53
42 54
42 55
42 56
42 57
42 59
42 61
42 66
42 67
42 69
42 70
42 71
42 73
42 76
42 77
42 79
42 80
42 82
42 83
42 85
42 86
42 90
42 91
42 93
42 97
42 99
43 46
43 47
43 48
43 49
43 50
43 51
43 54
43 56
43 58
43 59
43 63
43 64
43 65
43 67
43 71
43 74
43 76
43 77
43 79
43 83
43 84
43 85
43 88
43 92
43 93
43 95
43 96
43 97
43 98
43 99
44 51
44 54
44 56
44 58
44 61
44 62
44 63
44 65
44 68
44 70
44 71
44 72
44 73
44 74
44 81
44 82
44 85
44 86
44 87
44 88
44 89
44 90
44 92
44 93
44 97
44 98
44 99
45 47
45 48
45 49
45 52
45 57
45 58
45 59
45 61
45 66
45 67
45 68
45 70
45 74
45 75
45 77
45 78
45 80
45 81
45 84
45 88
45 90
45 91
45 93
45 94
45 95
45 97
45 98
45 99
46 47
46 48
46 51
46 52
46 54
46 56
46 60
46 63
46 67
46 68
46 69
46 75
46 76
46 77
46 78
46 80
46 81
46 85
46 89
46 92
46 94
46 96
46 97
46 99
47 48
47 50
47 51
47 52
47 53
47 54
47 55
47 57
47 59
47 60
47 62
47 63
47 65
47 66
47 71
47 83
47 84
47 85
47 87
47 88
47 90
47 93
47 95
47 96
48 51
48 59
48 61
48 62
48 64
48 68
48 76
48 77
48 80
48 81
48 84
48 85
48 88
48 89
48 92
48 93
48 94
48 95
48 97
48 99
49 50
49 51
49 57
49 58
49 59
49 60
49 62
49 63
49 64
49 65
49 69
49 70
49 72
49 74
49 77
49 79
49 80
49 82
49 83
49 84
49 85
49 87
49 91
49 93
49 95
49 98
49 99
50 53
50 55
50 56
50 57
50 58
50 63
50 64
50 67
50 68
50 69
50 70
50 71
50 72
50 73
50 75
50 78
50 80
50 82
50 88
50 90
50 92
50 97
50 99
51 54
51 55
51 56
51 57
51 59
51 63
51 65
51 67
51 68
51 73
51 75
51 76
51 77
51 79
51 80
51 81
51 83
51 84
51 86
51 88
51 89
51 93
51 95
51 96
51 97
52 53
52 54
52 55
52 56
52 58
52 59
52 60
52 62
52 66
52 67
52 70
52 71
52 75
52 77
52 82
52 83
52 87
52 91
52 92
52 93
52 94
52 96
52 98
52 99
53 55
53 57
53 58
53 61
53 65
53 66
53 69
53 73
53 74
53 75
53 76
53 77
53 80
53 81
53 84
53 89
53 90
53 92
53 93
53 94
53 96
53 97
53 98
54 58
54 59
54 60
54 61
54 64
54 65
54 66
54 67
54 68
54 73
54 74
54 76
54 78
54 79
54 80
54 81
54 82
54 85
54 86
54 88
54 91
54 93
54 94
54 96
54 98
55 59
55 60
55 61
55 62
55 68
55 69
55 70
55 72
55 73
55 77
55 78
55 79
55 81
55 84
55 86
55 87
55 88
55 89
55 91
55 92
55 94
55 95
55 96
55 97
56 57
56 59
56 61
56 62
56 63
56 65
56 66
56 67
56 71
56 72
56 74
56 77
56 80
56 81
56 83
56 84
56 85
56 86
56 88
56 89
56 90
56 92
56 93
56 94
56 95
56 96
56 97
56 99
57 59
57 62
57 66
57 67
57 68
57 69
57 70
57 71
57 72
57 74
57 75
57 82
57 83
57 86
57 88
57 90
57 94
57 95
57 96
57 98
57 99
58 60
58 63
58 65
58 66
58 67
58 70
58 71
58 73
58 74
58 75
58 76
58 77
58 80
58 82
58 83
58 84
58 88
58 91
58 92
58 95
59 62
59 64
59 65
59 66
59 68
59 69
59 74
59 76
59 80
59 81
59 82
59 83
59 87
59 90
59 91
59 95
59 96
59 98
60 61
60 62
60 63
60 68
60 69
60 71
60 72
60 74
60 77
60 80
60 81
60 82
60 83
60 85
60 86
60 87
60 90
60 96
60 97
60 99
61 62
61 63
61 64
61 66
61 67
61 72
61 73
61 76
61 78
61 80
61 82
61 84
61 86
61 88
61 89
61 90
61 91
61 92
61 98
61 99
62 63
62 64
62 65
62 71
62 72
62 78
62 79
62 80
62 82
62 83
62 84
62 85
62 86
62 89
62 90
62 92
62 95
62 98
63 72
63 76
63 80
63 81
63 82
63 83
63 88
63 90
63 91
63 92
63 93
63 97
63 98
63 99
64 65
64 67
64 70
64 71
64 74
64 76
64 78
64 81
64 87
64 89
64 91
64 93
64 95
65 69
65 70
65 71
65 74
65 75
65 76
65 79
65 83
65 85
65 86
65 90
65 92
65 94
66 69
66 72
66 74
66 75
66 76
66 77
66 78
66 79
66 82
66 88
66 89
66 91
66 92
66 97
66 98
66 99
67 71
67 72
67 75
67 76
67 79
67 81
67 82
67 83
67 84
67 88
67 89
67 90
67 92
67 95
68 69
68 71
68 72
68 77
68 78
68 79
68 80
68 82
68 88
68 89
68 90
68 93
68 94
68 98
69 71
69 72
69 73
69 78
69 80
69 81
69 82
69 85
69 87
69 89
69 90
69 93
69 94
69 96
70 72
70 73
70 75
70 76
70 79
70 83
70 84
70 85
70 86
70 87
70 89
70 96
71 73
71 74
71 75
71 78
71 82
71 86
71 87
71 88
71 89
71 90
71 92
71 96
71 97
71 98
71 99
72 73
72 74
72 77
72 78
72 83
72 84
72 85
72 86
72 89
72 90
72 94
72 95
72 96
72 97
72 98
73 78
73 79
73 80
73 81
73 83
73 86
73 87
73 88
73 89
73 92
73 94
73 97
73 98
74 76
74 79
74 81
74 84
74 85
74 86
74 89
74 90
74 91
74 94
74 96
74 97
74 99
75 77
75 79
75 80
75 81
75 88
75 92
75 93
75 94
75 95
75 96
75 97
75 98
76 77
76 78
76 82
76 83
76 84
76 90
76 91
76 93
77 78
77 80
77 81
77 82
77 86
77 87
77 89
77 91
77 94
78 80
78 82
78 83
78 90
78 93
78 94
78 96
78 97
78 98
79 84
79 85
79 89
79 91
79 94
79 95
79 97
79 98
79 99
80 82
80 83
80 85
80 90
80 91
80 92
80 93
80 94
80 97
80 99
81 83
81 84
81 86
81 87
81 90
81 94
81 97
81 99
82 83
82 87
82 88
82 89
82 90
82 93
82 94
82 96
82 97
82 98
82 99
83 86
83 90
83 92
83 94
84 85
84 86
84 87
84 88
84 90
84 92
84 94
84 96
84 97
84 99
85 86
85 91
85 92
85 93
85 95
85 98
86 87
86 90
86 92
86 93
86 94
86 95
87 88
87 89
87 90
87 91
87 92
87 93
87 94
87 95
87 96
87 97
88 89
88 94
88 95
88 96
89 91
89 92
89 94
89 95
89 96
89 99
90 91
90 92
90 94
90 95
90 96
91 92
91 93
91 95
91 97
91 99
92 93
92 96
92 97
93 95
93 96
93 97
93 98
94 95
94 96
94 97
94 99
95 97
95 98
96 97
96 98
96 99
98 99
