0 3
0 6
0 12
0 13
0 14
0 15
0 17
0 25
0 26
0 27
0 31
0 33
0 35
0 36
0 42
0 45
0 47
0 48
0 49
0 50
0 53
0 55
0 56
0 57
0 61
0 63
0 65
0 66
0 68
0 71
0 75
0 76
0 77
0 80
0 82
0 84
0 85
0 86
0 89
0 91
0 92
0 93
0 97
1 2
1 4
1 7
1 8
1 9
1 10
1 11
1 12
1 13
1 18
1 19
1 20
1 23
1 28
1 29
1 31
1 32
1 36
1 41
1 42
1 43
1 44
1 45
1 46
1 50
1 51
1 52
1 53
1 54
1 58
1 60
1 63
1 64
1 68
1 70
1 72
1 75
1 79
1 83
1 87
1 90
1 91
1 96
2 4
2 6
2 7
2 9
2 11
2 12
2 14
2 15
2 16
2 19
2 20
2 21
2 24
2 28
2 32
2 33
2 34
2 35
2 43
2 45
2 46
2 47
2 49
2 51
2 54
2 57
2 58
2 60
2 61
2 63
2 64
2 65
2 67
2 70
2 72
2 74
2 75
2 78
2 79
2 80
2 81
2 82
2 85
2 86
2 94
2 95
2 98
2 99
3 8
3 10
3 13
3 17
3 18
3 20
3 23
3 24
3 27
3 28
3 29
3 31
3 36
3 37
3 38
3 39
3 42
3 43
3 44
3 53
3 55
3 56
3 57
3 60
3 62
3 67
3 69
3 70
3 75
3 76
3 79
3 84
3 85
3 89
3 90
3 92
3 94
3 97
3 99
4 5
4 6
4 8
4 9
4 10
4 11
4 12
4 16
4 25
4 26
4 27
4 31
4 33
4 36
4 40
4 42
4 44
4 45
4 46
4 48
4 51
4 53
4 54
4 56
4 61
4 62
4 63
4 64
4 66
4 68
4 71
4 73
4 74
4 77
4 79
4 80
4 81
4 82
4 84
4 85
4 86
4 89
4 90
4 91
4 92
4 96
4 98
4 99
5 6
5 8
5 9
5 10
5 15
5 17
5 18
5 19
5 20
5 22
5 24
5 26
5 28
5 29
5 36
5 40
5 41
5 43
5 44
5 45
5 46
5 48
5 50
5 51
5 55
5 57
5 58
5 59
5 62
5 64
5 67
5 69
5 70
5 72
5 75
5 78
5 79
5 80
5 85
5 90
5 92
5 93
5 94
5 95
5 97
5 99
6 7
6 8
6 9
6 14
6 15
6 16
6 17
6 18
6 22
6 24
6 25
6 27
6 29
6 30
6 33
6 36
6 37
6 39
6 41
6 42
6 43
6 44
6 45
6 46
6 48
6 50
6 54
6 56
6 57
6 60
6 65
6 67
6 69
6 70
6 71
6 73
6 74
6 75
6 76
6 81
6 82
6 84
6 86
6 88
6 90
6 93
6 97
6 98
7 8
7 9
7 10
7 11
7 12
7 13
7 15
7 16
7 18
7 22
7 23
7 25
7 26
7 27
7 30
7 32
7 38
7 42
7 43
7 46
7 47
7 49
7 50
7 52
7 55
7 56
7 58
7 59
7 61
7 62
7 64
7 66
7 68
7 71
7 74
7 75
7 78
7 80
7 86
7 89
7 90
7 93
7 94
7 95
7 97
7 98
8 9
8 10
8 15
8 17
8 19
8 22
8 23
8 24
8 28
8 31
8 32
8 33
8 34
8 36
8 38
8 45
8 46
8 48
8 50
8 51
8 52
8 53
8 54
8 56
8 58
8 61
8 63
8 64
8 65
8 66
8 67
8 71
8 72
8 73
8 75
8 76
8 77
8 78
8 79
8 81
8 82
8 83
8 88
8 90
8 92
8 94
8 97
8 99
9 13
9 14
9 18
9 19
9 20
9 22
9 25
9 26
9 27
9 30
9 33
9 34
9 37
9 41
9 43
9 47
9 49
9 52
9 56
9 57
9 58
9 60
9 61
9 62
9 67
9 68
9 71
9 72
9 73
9 75
9 76
9 77
9 79
9 84
9 87
9 89
9 90
9 92
9 94
9 95
9 96
9 98
10 11
10 13
10 14
10 16
10 19
10 20
10 21
10 22
10 23
10 27
10 28
10 29
10 30
10 32
10 33
10 34
10 35
10 39
10 40
10 41
10 42
10 44
10 46
10 47
10 53
10 57
10 58
10 63
10 64
10 67
10 69
10 70
10 72
10 76
10 78
10 79
10 82
10 83
10 84
10 86
10 90
10 91
10 92
10 93
10 94
10 95
10 97
10 98
11 12
11 13
11 15
11 16
11 17
11 22
11 23
11 25
11 26
11 27
11 28
11 29
11 30
11 33
11 34
11 38
11 40
11 41
11 44
11 46
11 47
11 48
11 56
11 58
11 59
11 60
11 61
11 63
11 65
11 67
11 68
11 72
11 78
11 79
11 80
11 81
11 82
11 84
11 86
11 88
11 90
11 91
11 92
11 95
11 98
12 13
12 15
12 16
12 17
12 18
12 22
12 25
12 27
12 32
12 33
12 34
12 35
12 38
12 40
12 41
12 42
12 43
12 44
12 45
12 46
12 48
12 50
12 51
12 52
12 53
12 54
12 55
12 57
12 59
12 61
12 63
12 64
12 65
12 70
12 73
12 74
12 77
12 79
12 80
12 81
12 84
12 85
12 87
12 88
12 91
12 96
12 98
12 99
13 14
13 15
13 16
13 18
13 24
13 26
13 28
13 31
13 33
13 34
13 38
13 39
13 40
13 41
13 43
13 44
13 45
13 47
13 51
13 53
13 54
13 55
13 57
13 59
13 62
13 65
13 67
13 71
13 73
13 75
13 77
13 81
13 82
13 83
13 84
13 85
13 86
13 89
13 94
13 95
13 97
13 98
13 99
14 18
14 21
14 24
14 27
14 29
14 31
14 33
14 34
14 37
14 40
14 42
14 45
14 46
14 49
14 50
14 52
14 55
14 56
14 59
14 61
14 67
14 70
14 71
14 72
14 74
14 77
14 79
14 81
14 82
14 83
14 86
14 88
14 89
14 90
14 92
14 94
14 97
15 16
15 19
15 20
15 23
15 25
15 30
15 32
15 33
15 35
15 37
15 38
15 39
15 41
15 43
15 44
15 45
15 46
15 47
15 48
15 50
15 51
15 53
15 54
15 55
15 56
15 60
15 62
15 63
15 64
15 65
15 67
15 68
15 72
15 73
15 75
15 77
15 78
15 82
15 84
15 85
15 86
15 87
15 88
15 91
15 92
15 93
15 96
15 98
15 99
16 19
16 20
16 21
16 22
16 29
16 30
16 31
16 32
16 33
16 34
16 35
16 38
16 42
16 45
16 55
16 56
16 57
16 61
16 62
16 63
16 64
16 66
16 67
16 73
16 75
16 78
16 82
16 83
16 84
16 86
16 90
16 92
16 93
16 95
16 96
16 97
16 98
16 99
17 21
17 23
17 24
17 25
17 27
17 28
17 30
17 32
17 33
17 34
17 36
17 37
17 40
17 41
17 43
17 44
17 45
17 49
17 50
17 51
17 54
17 55
17 56
17 60
17 62
17 65
17 67
17 70
17 71
17 80
17 82
17 83
17 84
17 85
17 90
17 91
17 93
17 94
17 96
17 97
17 98
17 99
18 19
18 20
18 23
18 24
18 25
18 26
18 28
18 30
18 32
18 33
18 34
18 36
18 37
18 38
18 39
18 40
18 44
18 47
18 49
18 50
18 51
18 52
18 53
18 54
18 57
18 59
18 60
18 63
18 65
18 67
18 69
18 70
18 74
18 80
18 84
18 85
18 87
18 88
18 89
18 93
18 95
18 96
18 97
18 98
18 99
19 20
19 21
19 22
19 23
19 24
19 28
19 31
19 32
19 35
19 36
19 39
19 42
19 44
19 48
19 50
19 53
19 58
19 63
19 64
19 68
19 69
19 71
19 72
19 74
19 76
19 78
19 81
19 82
19 83
19 84
19 85
19 87
19 91
19 92
19 93
19 94
19 96
19 98
19 99
20 21
20 23
20 26
20 28
20 30
20 32
20 39
20 41
20 42
20 44
20 45
20 46
20 48
20 51
20 52
20 55
20 56
20 57
20 60
20 61
20 65
20 67
20 68
20 69
20 71
20 73
20 75
20 76
20 80
20 81
20 82
20 83
20 84
20 85
20 86
20 89
20 90
20 93
20 95
20 97
20 99
21 24
21 26
21 27
21 32
21 34
21 36
21 37
21 38
21 39
21 41
21 42
21 43
21 44
21 45
21 46
21 51
21 52
21 53
21 57
21 60
21 63
21 65
21 66
21 68
21 69
21 71
21 72
21 74
21 80
21 83
21 84
21 85
21 86
21 88
21 89
21 90
21 92
21 94
21 95
21 97
22 24
22 25
22 27
22 30
22 32
22 34
22 35
22 36
22 37
22 39
22 41
22 42
22 43
22 44
22 46
22 48
22 50
22 52
22 53
22 54
22 56
22 57
22 60
22 62
22 63
22 65
22 69
22 71
22 74
22 75
22 77
22 80
22 82
22 87
22 88
22 89
22 90
22 92
22 93
22 94
22 96
22 99
23 24
23 25
23 26
23 27
23 28
23 29
23 31
23 32
23 34
23 35
23 36
23 39
23 44
23 45
23 47
23 49
23 52
23 54
23 55
23 57
23 59
23 60
23 62
23 63
23 70
23 72
23 73
23 74
23 75
23 76
23 77
23 81
23 82
23 85
23 87
23 89
23 91
23 92
23 93
23 94
23 96
23 97
23 99
24 27
24 28
24 31
24 33
24 34
24 35
24 36
24 41
24 42
24 43
24 45
24 46
24 47
24 49
24 51
24 52
24 53
24 56
24 58
24 61
24 62
24 64
24 65
24 66
24 67
24 69
24 72
24 74
24 75
24 77
24 78
24 79
24 83
24 84
24 85
24 88
24 89
24 95
24 96
24 97
25 26
25 27
25 28
25 30
25 31
25 34
25 35
25 37
25 38
25 40
25 43
25 51
25 54
25 55
25 56
25 57
25 58
25 59
25 61
25 64
25 66
25 67
25 69
25 72
25 73
25 74
25 75
25 76
25 78
25 79
25 80
25 81
25 84
25 87
25 90
25 93
25 95
25 97
25 98
26 28
26 29
26 30
26 31
26 32
26 38
26 42
26 43
26 44
26 45
26 47
26 48
26 49
26 50
26 52
26 56
26 57
26 58
26 61
26 62
26 63
26 65
26 70
26 74
26 77
26 78
26 79
26 80
26 82
26 83
26 84
26 87
26 88
26 89
26 91
26 92
26 94
26 95
26 96
26 99
27 30
27 31
27 32
27 37
27 40
27 41
27 42
27 43
27 44
27 45
27 47
27 48
27 50
27 52
27 58
27 60
27 61
27 64
27 69
27 73
27 74
27 75
27 76
27 77
27 81
27 82
27 83
27 85
27 88
27 93
27 95
27 96
27 97
28 30
28 31
28 33
28 40
28 41
28 42
28 46
28 48
28 49
28 50
28 53
28 54
28 55
28 57
28 63
28 66
28 67
28 69
28 72
28 74
28 77
28 78
28 82
28 84
28 85
28 89
28 90
28 93
28 95
29 30
29 31
29 33
29 34
29 36
29 40
29 41
29 42
29 43
29 44
29 46
29 48
29 49
29 51
29 53
29 54
29 55
29 57
29 58
29 61
29 63
29 65
29 66
29 68
29 69
29 74
29 75
29 80
29 84
29 85
29 86
29 87
29 88
29 90
29 95
29 96
29 97
29 98
30 31
30 32
30 34
30 35
30 37
30 40
30 41
30 42
30 44
30 45
30 49
30 52
30 53
30 54
30 58
30 60
30 64
30 65
30 67
30 68
30 71
30 74
30 75
30 77
30 78
30 82
30 83
30 84
30 86
30 89
30 92
30 93
30 95
30 96
30 99
31 32
31 34
31 36
31 39
31 43
31 45
31 46
31 48
31 51
31 52
31 54
31 55
31 59
31 61
31 62
31 63
31 64
31 65
31 66
31 71
31 75
31 77
31 80
31 82
31 83
31 84
31 88
31 89
31 90
31 99
32 33
32 36
32 37
32 41
32 42
32 44
32 47
32 48
32 50
32 51
32 53
32 55
32 56
32 57
32 58
32 59
32 62
32 63
32 66
32 67
32 69
32 70
32 71
32 72
32 73
32 74
32 77
32 78
32 81
32 82
32 83
32 87
32 88
32 89
32 92
32 93
32 94
32 96
32 97
32 98
33 34
33 35
33 38
33 39
33 42
33 44
33 46
33 49
33 50
33 51
33 52
33 56
33 57
33 59
33 60
33 63
33 65
33 66
33 68
33 70
33 71
33 72
33 73
33 74
33 75
33 76
33 77
33 79
33 82
33 83
33 84
33 85
33 86
33 87
33 88
33 89
33 90
33 95
33 99
34 38
34 39
34 40
34 41
34 42
34 44
34 45
34 49
34 52
34 53
34 54
34 55
34 56
34 61
34 62
34 67
34 68
34 70
34 73
34 74
34 75
34 76
34 77
34 78
34 82
34 83
34 84
34 85
34 89
34 90
34 92
34 93
35 36
35 38
35 39
35 44
35 45
35 46
35 49
35 50
35 51
35 53
35 54
35 55
35 56
35 62
35 66
35 67
35 68
35 70
35 71
35 74
35 75
35 77
35 80
35 81
35 82
35 83
35 84
35 93
35 94
35 96
35 98
36 38
36 39
36 42
36 43
36 45
36 47
36 48
36 51
36 53
36 55
36 59
36 63
36 67
36 69
36 73
36 74
36 75
36 79
36 87
36 88
36 91
36 92
36 94
36 98
37 39
37 40
37 42
37 43
37 44
37 45
37 46
37 47
37 48
37 50
37 51
37 54
37 57
37 58
37 59
37 60
37 61
37 63
37 65
37 67
37 68
37 69
37 70
37 72
37 76
37 77
37 78
37 79
37 80
37 81
37 82
37 84
37 85
37 89
37 91
37 92
37 93
37 95
37 96
37 97
37 98
38 42
38 44
38 49
38 50
38 51
38 52
38 54
38 55
38 57
38 58
38 59
38 62
38 63
38 64
38 65
38 66
38 67
38 68
38 75
38 77
38 79
38 80
38 82
38 83
38 84
38 86
38 88
38 89
38 92
38 95
38 96
38 97
38 98
38 99
39 40
39 43
39 44
39 46
39 47
39 49
39 54
39 55
39 56
39 59
39 60
39 61
39 63
39 64
39 65
39 66
39 68
39 72
39 73
39 74
39 81
39 82
39 84
39 86
39 88
39 89
39 91
39 92
39 93
39 95
39 97
39 98
39 99
40 41
40 42
40 43
40 44
40 45
40 46
40 47
40 48
40 50
40 51
40 52
40 53
40 56
40 60
40 62
40 63
40 64
40 65
40 66
40 67
40 70
40 71
40 74
40 75
40 77
40 82
40 84
40 86
40 87
40 89
40 92
40 97
40 99
41 42
41 44
41 50
41 51
41 57
41 58
41 59
41 60
41 61
41 62
41 67
41 69
41 70
41 73
41 75
41 76
41 77
41 79
41 80
41 81
41 84
41 85
41 88
41 89
41 90
41 93
41 94
41 95
41 99
42 43
42 44
42 46
42 49
42 50
42 51
42 56
42 60
42 61
42 63
42 65
42 69
42 71
42 75
42 76
42 79
42 80
42 83
42 84
42 85
42 86
42 88
42 89
42 94
42 95
42 97
43 44
43 45
43 48
43 49
43 50
43 52
43 56
43 57
43 61
43 62
43 63
43 64
43 66
43 67
43 69
43 71
43 73
43 74
43 76
43 78
43 81
43 82
43 84
43 88
43 91
43 93
43 96
43 97
44 45
44 47
44 50
44 53
44 55
44 56
44 59
44 60
44 61
44 62
44 63
44 66
44 67
44 71
44 75
44 76
44 77
44 80
44 83
44 84
44 87
44 88
44 89
44 90
44 91
44 92
44 94
44 95
44 96
44 97
44 98
45 48
45 50
45 51
45 52
45 56
45 57
45 59
45 60
45 61
45 62
45 63
45 65
45 66
45 75
45 77
45 81
45 84
45 85
45 88
45 89
45 91
45 96
45 97
45 98
45 99
46 47
46 48
46 52
46 53
46 54
46 55
46 57
46 58
46 59
46 60
46 61
46 63
46 66
46 69
46 72
46 73
46 75
46 76
46 81
46 82
46 84
46 85
46 88
46 89
46 92
46 95
46 99
47 48
47 51
47 53
47 55
47 65
47 66
47 67
47 69
47 71
47 76
47 77
47 78
47 81
47 82
47 83
47 84
47 85
47 90
47 91
47 94
47 95
47 96
47 97
47 99
48 52
48 54
48 55
48 57
48 58
48 59
48 60
48 62
48 65
48 67
48 68
48 69
48 70
48 72
48 74
48 75
48 79
48 82
48 85
48 86
48 87
48 90
48 92
48 94
48 99
49 50
49 51
49 54
49 56
49 57
49 61
49 62
49 63
49 64
49 65
49 66
49 67
49 68
49 69
49 71
49 74
49 76
49 78
49 79
49 82
49 83
49 86
49 87
49 89
49 90
49 94
49 96
49 97
49 99
50 51
50 53
50 54
50 61
50 62
50 63
50 65
50 66
50 68
50 70
50 71
50 73
50 74
50 77
50 78
50 80
50 81
50 82
50 85
50 86
50 87
50 93
50 96
50 98
50 99
51 53
51 58
51 60
51 62
51 64
51 66
51 67
51 68
51 69
51 70
51 74
51 75
51 78
51 81
51 82
51 86
51 88
51 90
51 91
51 94
51 95
51 96
51 98
51 99
52 54
52 57
52 59
52 60
52 61
52 63
52 64
52 65
52 66
52 68
52 71
52 72
52 73
52 74
52 75
52 77
52 78
52 79
52 80
52 85
52 86
52 87
52 89
52 90
52 92
52 94
52 96
52 97
52 99
53 54
53 55
53 56
53 57
53 61
53 62
53 64
53 66
53 72
53 76
53 77
53 81
53 82
53 84
53 88
53 89
53 90
53 92
53 95
54 58
54 59
54 60
54 61
54 63
54 64
54 67
54 68
54 69
54 70
54 71
54 72
54 73
54 74
54 77
54 78
54 79
54 80
54 81
54 82
54 85
54 87
54 89
54 90
54 93
54 94
54 96
54 97
54 98
55 58
55 62
55 63
55 65
55 66
55 68
55 70
55 71
55 72
55 74
55 79
55 83
55 84
55 86
55 87
55 88
55 89
55 91
55 92
55 96
55 98
56 58
56 59
56 61
56 62
56 66
56 67
56 69
56 72
56 74
56 77
56 82
56 83
56 85
56 88
56 89
56 92
56 95
56 96
56 98
57 58
57 59
57 62
57 63
57 65
57 66
57 68
57 69
57 70
57 71
57 72
57 73
57 74
57 76
57 77
57 78
57 80
57 83
57 84
57 86
57 89
57 90
57 92
57 96
57 99
58 60
58 62
58 63
58 64
58 66
58 67
58 70
58 71
58 73
58 77
58 79
58 80
58 81
58 82
58 83
58 86
58 87
58 88
58 91
58 93
58 98
58 99
59 61
59 62
59 64
59 66
59 67
59 69
59 75
59 76
59 77
59 78
59 80
59 83
59 85
59 86
59 88
59 89
59 90
59 91
59 94
59 95
59 98
59 99
60 61
60 62
60 64
60 67
60 71
60 72
60 74
60 75
60 76
60 77
60 78
60 81
60 82
60 84
60 86
60 87
60 89
60 95
60 96
60 99
61 67
61 70
61 72
61 80
61 82
61 85
61 86
61 87
61 88
61 90
61 91
61 94
61 95
61 96
61 97
61 98
61 99
62 63
62 64
62 65
62 67
62 70
62 71
62 73
62 76
62 77
62 79
62 80
62 85
62 86
62 88
62 89
62 91
62 92
62 95
62 96
62 97
63 64
63 65
63 66
63 68
63 69
63 70
63 74
63 77
63 79
63 81
63 83
63 84
63 85
63 86
63 94
63 95
64 66
64 70
64 71
64 76
64 77
64 79
64 82
64 83
64 84
64 87
64 89
64 90
64 91
64 95
64 96
64 98
65 67
65 70
65 72
65 73
65 74
65 76
65 79
65 80
65 83
65 90
65 91
65 94
65 95
65 97
65 98
65 99
66 67
66 69
66 72
66 74
66 78
66 79
66 80
66 81
66 87
66 91
66 92
66 93
66 94
67 68
67 70
67 71
67 72
67 73
67 75
67 76
67 77
67 79
67 80
67 84
67 87
67 91
67 92
67 94
67 95
67 96
67 97
67 98
67 99
68 70
68 72
68 75
68 77
68 79
68 80
68 82
68 83
68 85
68 88
68 90
68 91
68 94
68 95
68 96
68 98
68 99
69 71
69 73
69 74
69 76
69 78
69 80
69 81
69 82
69 83
69 86
69 87
69 88
69 92
69 93
69 96
69 97
69 98
70 71
70 72
70 74
70 75
70 76
70 78
70 80
70 83
70 84
70 85
70 86
70 88
70 91
70 92
70 93
70 94
70 96
71 72
71 73
71 74
71 75
71 77
71 78
71 85
71 87
71 90
71 93
71 94
71 95
71 97
71 98
71 99
72 76
72 79
72 81
72 84
72 87
72 88
72 91
72 92
72 94
72 97
72 98
73 74
73 75
73 78
73 79
73 80
73 81
73 82
73 86
73 90
73 95
73 96
74 75
74 76
74 77
74 78
74 79
74 80
74 83
74 86
74 93
74 94
74 95
74 97
75 76
75 77
75 78
75 80
75 81
75 83
75 87
75 90
75 91
75 92
75 93
75 94
75 95
76 77
76 85
76 86
76 88
76 90
76 91
76 94
76 95
76 96
76 99
77 80
77 81
77 84
77 88
77 89
77 90
77 93
77 95
77 97
77 99
78 81
78 84
78 87
78 89
78 90
78 91
78 95
78 99
79 80
79 86
79 87
79 88
79 89
79 90
79 92
79 94
79 96
79 97
79 98
80 83
80 85
80 86
80 88
80 90
80 91
80 93
80 97
80 98
81 84
81 90
81 96
81 97
81 98
82 84
82 86
82 89
82 90
82 92
82 94
82 95
82 98
83 84
83 85
83 86
83 87
83 90
83 92
83 93
83 97
83 98
83 99
84 86
84 88
84 89
84 90
84 96
84 99
85 86
85 87
85 90
85 94
85 96
86 87
86 92
86 95
86 96
86 97
86 98
86 99
87 89
87 92
87 93
87 94
87 95
87 98
87 99
88 91
88 93
88 94
88 97
88 98
88 99
89 91
89 92
89 93
89 96
89 97
89 99
90 91
90 92
90 93
90 94
90 96
90 97
90 98
90 99
91 93
91 94
91 99
92 94
92 97
93 95
93 96
94 96
94 97
94 98
95 96
95 98
95 99
96 98
97 98
97 99
