0 1
0 2
0 4
0 8
0 11
0 14
0 17
0 18
0 19
0 23
0 25
0 26
0 32
0 33
0 37
0 42
0 54
0 55
0 56
0 57
0 58
0 59
0 60
0 61
0 62
0 65
0 66
0 68
0 69
0 70
0 72
0 74
0 77
0 78
0 79
0 80
0 81
0 82
0 84
0 85
0 87
0 91
0 92
0 96
0 99
1 2
1 3
1 5
1 6
1 10
1 12
1 13
1 16
1 21
1 22
1 23
1 27
1 28
1 29
1 37
1 38
1 39
1 41
1 44
1 45
1 46
1 51
1 52
1 53
1 54
1 60
1 62
1 64
1 71
1 72
1 75
1 76
1 78
1 79
1 80
1 83
1 84
1 89
1 90
1 91
1 92
1 93
1 96
1 97
1 98
2 4
2 5
2 10
2 11
2 12
2 16
2 18
2 19
2 23
2 25
2 26
2 27
2 32
2 33
2 34
2 35
2 39
2 40
2 45
2 46
2 48
2 51
2 52
2 57
2 58
2 60
2 61
2 63
2 66
2 67
2 68
2 69
2 70
2 74
2 79
2 80
2 81
2 82
2 83
2 84
2 88
2 89
2 91
2 93
2 97
2 98
3 4
3 6
3 8
3 9
3 11
3 12
3 16
3 23
3 25
3 26
3 27
3 30
3 35
3 36
3 38
3 39
3 40
3 42
3 43
3 45
3 47
3 49
3 52
3 57
3 59
3 60
3 61
3 65
3 67
3 68
3 74
3 75
3 77
3 78
3 79
3 80
3 82
3 83
3 85
3 87
3 88
3 91
3 94
3 95
3 96
3 99
4 6
4 7
4 8
4 10
4 13
4 16
4 20
4 21
4 22
4 24
4 26
4 27
4 28
4 32
4 39
4 40
4 41
4 42
4 43
4 50
4 55
4 57
4 60
4 62
4 64
4 65
4 66
4 67
4 69
4 73
4 83
4 86
4 88
4 90
4 91
4 92
4 94
4 95
4 96
4 97
4 98
4 99
5 8
5 10
5 11
5 12
5 14
5 16
5 24
5 27
5 29
5 34
5 36
5 37
5 38
5 39
5 40
5 41
5 43
5 44
5 45
5 46
5 47
5 51
5 53
5 55
5 61
5 62
5 63
5 65
5 66
5 67
5 70
5 71
5 76
5 77
5 78
5 80
5 81
5 82
5 83
5 87
5 89
5 91
5 95
5 97
5 98
5 99
6 8
6 11
6 14
6 15
6 19
6 20
6 21
6 22
6 25
6 27
6 28
6 29
6 30
6 31
6 32
6 33
6 36
6 37
6 39
6 40
6 41
6 44
6 45
6 46
6 50
6 51
6 52
6 54
6 55
6 59
6 60
6 61
6 63
6 67
6 70
6 72
6 73
6 75
6 78
6 80
6 81
6 85
6 86
6 87
6 88
6 89
6 91
6 92
6 94
6 95
6 96
6 98
6 99
7 17
7 18
7 19
7 22
7 23
7 25
7 31
7 37
7 39
7 41
7 42
7 44
7 45
7 46
7 48
7 50
7 51
7 52
7 55
7 59
7 60
7 63
7 64
7 66
7 70
7 71
7 72
7 73
7 74
7 76
7 80
7 81
7 83
7 85
7 87
7 88
7 89
7 90
7 91
7 92
7 93
7 94
7 97
7 98
8 9
8 11
8 12
8 13
8 17
8 21
8 22
8 25
8 27
8 28
8 29
8 31
8 33
8 34
8 35
8 37
8 38
8 40
8 41
8 42
8 43
8 44
8 46
8 47
8 48
8 49
8 51
8 52
8 54
8 56
8 57
8 61
8 62
8 63
8 64
8 65
8 66
8 69
8 71
8 73
8 74
8 75
8 76
8 81
8 84
8 87
8 88
8 90
8 92
8 93
8 94
8 95
8 96
8 97
8 99
9 10
9 13
9 14
9 16
9 17
9 18
9 23
9 25
9 26
9 27
9 30
9 35
9 36
9 37
9 38
9 39
9 41
9 43
9 45
9 46
9 47
9 50
9 52
9 53
9 58
9 60
9 61
9 64
9 65
9 67
9 68
9 72
9 73
9 75
9 77
9 80
9 83
9 84
9 85
9 86
9 91
9 93
9 94
9 97
9 99
10 12
10 15
10 17
10 25
10 26
10 27
10 28
10 31
10 32
10 33
10 35
10 37
10 38
10 39
10 42
10 43
10 54
10 55
10 56
10 57
10 58
10 59
10 62
10 63
10 64
10 68
10 69
10 71
10 72
10 73
10 75
10 76
10 77
10 79
10 82
10 86
10 87
10 90
10 91
10 93
10 95
10 96
10 98
11 13
11 14
11 16
11 18
11 19
11 21
11 22
11 23
11 25
11 28
11 29
11 33
11 35
11 37
11 42
11 44
11 46
11 48
11 52
11 53
11 54
11 57
11 58
11 61
11 62
11 63
11 64
11 68
11 71
11 75
11 76
11 77
11 78
11 79
11 85
11 86
11 87
11 90
11 91
11 93
11 95
11 97
11 99
12 13
12 14
12 15
12 17
12 19
12 23
12 24
12 29
12 31
12 32
12 33
12 34
12 35
12 36
12 37
12 42
12 45
12 46
12 53
12 58
12 61
12 62
12 66
12 67
12 69
12 76
12 77
12 78
12 80
12 81
12 83
12 84
12 90
12 91
12 92
12 93
12 94
12 97
13 15
13 16
13 20
13 22
13 25
13 27
13 29
13 30
13 31
13 33
13 35
13 36
13 37
13 38
13 40
13 41
13 44
13 47
13 48
13 50
13 52
13 55
13 57
13 58
13 60
13 61
13 63
13 64
13 70
13 71
13 73
13 74
13 76
13 77
13 78
13 79
13 80
13 86
13 88
13 89
13 90
13 91
13 94
13 96
13 98
13 99
14 15
14 16
14 18
14 20
14 22
14 26
14 27
14 28
14 30
14 33
14 34
14 35
14 37
14 41
14 43
14 46
14 48
14 49
14 57
14 58
14 61
14 63
14 64
14 70
14 71
14 73
14 74
14 77
14 79
14 82
14 85
14 88
14 91
14 92
14 93
14 94
14 99
15 19
15 20
15 21
15 23
15 26
15 27
15 29
15 33
15 34
15 35
15 36
15 38
15 39
15 45
15 46
15 48
15 49
15 51
15 52
15 56
15 62
15 63
15 65
15 66
15 69
15 70
15 71
15 76
15 80
15 83
15 84
15 88
15 90
15 93
15 94
15 97
15 98
16 17
16 18
16 19
16 20
16 21
16 23
16 24
16 25
16 27
16 28
16 34
16 37
16 41
16 44
16 46
16 49
16 50
16 55
16 56
16 57
16 62
16 64
16 66
16 67
16 68
16 69
16 70
16 72
16 73
16 75
16 76
16 79
16 80
16 81
16 82
16 88
16 89
16 90
16 95
17 18
17 20
17 21
17 24
17 28
17 29
17 31
17 32
17 38
17 39
17 41
17 42
17 45
17 46
17 47
17 50
17 52
17 53
17 54
17 55
17 57
17 59
17 61
17 68
17 72
17 73
17 77
17 79
17 80
17 82
17 84
17 85
17 86
17 90
17 93
17 97
17 99
18 19
18 21
18 22
18 23
18 26
18 27
18 28
18 30
18 31
18 34
18 35
18 38
18 39
18 40
18 42
18 44
18 46
18 47
18 49
18 51
18 52
18 54
18 55
18 57
18 59
18 60
18 61
18 62
18 65
18 66
18 67
18 72
18 74
18 76
18 77
18 78
18 79
18 81
18 82
18 91
18 94
18 99
19 20
19 21
19 22
19 23
19 24
19 27
19 32
19 34
19 35
19 37
19 38
19 40
19 41
19 42
19 43
19 45
19 49
19 50
19 51
19 52
19 53
19 54
19 55
19 64
19 65
19 66
19 71
19 72
19 74
19 79
19 80
19 81
19 83
19 84
19 88
19 89
19 90
19 92
19 95
19 97
19 98
20 21
20 24
20 27
20 30
20 31
20 32
20 35
20 36
20 39
20 40
20 43
20 44
20 46
20 47
20 50
20 51
20 52
20 53
20 54
20 55
20 62
20 63
20 64
20 66
20 67
20 68
20 71
20 72
20 73
20 74
20 79
20 82
20 83
20 86
20 87
20 88
20 89
20 92
20 93
20 94
20 97
20 99
21 22
21 23
21 24
21 25
21 28
21 30
21 31
21 32
21 33
21 35
21 37
21 41
21 44
21 46
21 47
21 48
21 50
21 52
21 55
21 59
21 60
21 61
21 63
21 65
21 71
21 72
21 73
21 75
21 89
21 90
21 93
21 95
22 25
22 27
22 28
22 33
22 34
22 35
22 36
22 41
22 42
22 43
22 44
22 49
22 50
22 51
22 52
22 54
22 55
22 56
22 58
22 59
22 61
22 64
22 65
22 67
22 69
22 72
22 75
22 76
22 77
22 78
22 79
22 80
22 81
22 82
22 83
22 85
22 87
22 88
22 91
22 95
22 97
22 99
23 27
23 31
23 32
23 33
23 34
23 39
23 41
23 42
23 43
23 44
23 47
23 48
23 49
23 51
23 54
23 55
23 56
23 58
23 61
23 62
23 65
23 68
23 69
23 70
23 71
23 75
23 77
23 79
23 80
23 85
23 95
23 97
23 98
23 99
24 25
24 26
24 34
24 36
24 37
24 38
24 40
24 41
24 43
24 46
24 49
24 50
24 51
24 54
24 55
24 56
24 57
24 59
24 61
24 62
24 64
24 67
24 71
24 72
24 75
24 79
24 82
24 83
24 84
24 88
24 89
24 93
24 97
24 99
25 27
25 29
25 31
25 33
25 37
25 39
25 40
25 42
25 44
25 46
25 47
25 48
25 49
25 50
25 51
25 54
25 55
25 59
25 60
25 61
25 62
25 63
25 64
25 68
25 70
25 75
25 77
25 80
25 81
25 82
25 85
25 88
25 91
25 95
25 96
25 97
25 99
26 27
26 28
26 32
26 33
26 35
26 36
26 37
26 38
26 40
26 41
26 42
26 46
26 47
26 50
26 52
26 53
26 57
26 61
26 63
26 64
26 69
26 72
26 73
26 76
26 78
26 79
26 82
26 84
26 88
26 92
26 93
26 94
26 96
26 97
27 28
27 29
27 31
27 33
27 38
27 43
27 44
27 45
27 46
27 50
27 51
27 52
27 53
27 54
27 59
27 62
27 63
27 69
27 73
27 74
27 77
27 79
27 80
27 81
27 82
27 83
27 85
27 90
27 91
27 93
27 94
27 95
27 99
28 30
28 32
28 33
28 35
28 38
28 39
28 41
28 42
28 43
28 44
28 46
28 48
28 52
28 53
28 55
28 56
28 59
28 61
28 62
28 65
28 67
28 69
28 71
28 73
28 75
28 77
28 79
28 80
28 82
28 85
28 86
28 87
28 91
28 92
28 93
28 95
28 97
29 33
29 36
29 40
29 41
29 42
29 43
29 44
29 45
29 46
29 49
29 50
29 51
29 52
29 54
29 56
29 57
29 59
29 62
29 63
29 65
29 66
29 67
29 69
29 74
29 76
29 82
29 85
29 87
29 88
29 89
29 91
29 92
29 95
29 96
29 97
30 31
30 34
30 35
30 37
30 46
30 50
30 51
30 52
30 53
30 54
30 55
30 56
30 57
30 58
30 60
30 61
30 62
30 64
30 65
30 66
30 69
30 76
30 78
30 80
30 83
30 84
30 85
30 90
30 96
30 98
31 33
31 36
31 37
31 39
31 40
31 44
31 45
31 46
31 47
31 49
31 52
31 54
31 56
31 59
31 60
31 61
31 64
31 68
31 69
31 73
31 74
31 75
31 77
31 78
31 82
31 84
31 85
31 87
31 88
31 89
31 90
31 91
31 95
31 97
32 33
32 34
32 35
32 38
32 39
32 41
32 42
32 44
32 46
32 47
32 48
32 50
32 51
32 53
32 55
32 57
32 58
32 59
32 61
32 62
32 64
32 67
32 68
32 69
32 71
32 74
32 76
32 77
32 81
32 82
32 83
32 85
32 88
32 95
32 97
32 98
32 99
33 34
33 35
33 37
33 39
33 41
33 42
33 43
33 46
33 47
33 48
33 51
33 52
33 54
33 55
33 57
33 59
33 61
33 62
33 63
33 64
33 66
33 67
33 69
33 71
33 73
33 74
33 76
33 83
33 84
33 86
33 87
33 88
33 89
33 94
33 98
34 35
34 36
34 37
34 39
34 40
34 41
34 42
34 44
34 48
34 50
34 51
34 55
34 57
34 58
34 62
34 63
34 64
34 66
34 67
34 68
34 70
34 72
34 73
34 74
34 76
34 77
34 78
34 79
34 80
34 87
34 89
34 90
34 91
34 94
34 97
35 37
35 38
35 42
35 43
35 46
35 47
35 48
35 49
35 51
35 55
35 56
35 57
35 58
35 61
35 62
35 63
35 64
35 65
35 67
35 68
35 70
35 71
35 73
35 74
35 76
35 78
35 80
35 82
35 85
35 86
35 87
35 89
35 90
35 91
35 93
35 94
35 96
36 38
36 40
36 41
36 42
36 44
36 46
36 48
36 49
36 52
36 53
36 55
36 56
36 62
36 64
36 65
36 66
36 67
36 68
36 69
36 70
36 73
36 74
36 76
36 77
36 78
36 79
36 80
36 81
36 82
36 86
36 90
36 92
36 95
36 96
36 99
37 38
37 39
37 40
37 42
37 44
37 47
37 49
37 50
37 52
37 53
37 54
37 58
37 61
37 62
37 64
37 71
37 72
37 73
37 77
37 79
37 81
37 83
37 85
37 86
37 87
37 89
37 91
37 92
37 93
37 95
37 97
37 98
38 39
38 42
38 43
38 45
38 46
38 47
38 56
38 57
38 60
38 63
38 64
38 68
38 71
38 76
38 78
38 81
38 83
38 84
38 89
38 90
38 94
38 95
38 96
38 98
39 40
39 41
39 42
39 43
39 44
39 47
39 48
39 50
39 52
39 55
39 56
39 59
39 60
39 61
39 62
39 63
39 64
39 67
39 69
39 74
39 75
39 76
39 77
39 79
39 80
39 81
39 82
39 85
39 88
39 90
39 91
39 94
39 95
39 98
40 41
40 42
40 45
40 49
40 50
40 51
40 52
40 55
40 57
40 61
40 62
40 63
40 64
40 68
40 70
40 72
40 74
40 81
40 84
40 87
40 89
40 91
40 92
40 93
40 95
40 97
40 98
41 43
41 45
41 46
41 48
41 51
41 53
41 55
41 56
41 61
41 65
41 68
41 70
41 72
41 75
41 76
41 77
41 79
41 80
41 82
41 84
41 85
41 87
41 88
41 89
41 90
41 92
41 95
41 96
41 98
41 99
42 43
42 44
42 45
42 46
42 48
42 49
42 56
42 58
42 64
42 66
42 71
42 76
42 79
42 82
42 83
42 85
42 86
42 87
42 88
42 92
42 93
42 94
42 95
42 98
42 99
43 44
43 45
43 47
43 48
43 49
43 52
43 53
43 55
43 56
43 57
43 61
43 63
43 65
43 66
43 68
43 69
43 74
43 76
43 78
43 79
43 80
43 81
43 82
43 85
43 88
43 95
43 96
43 97
43 99
44 45
44 50
44 51
44 52
44 53
44 55
44 56
44 57
44 58
44 62
44 63
44 67
44 68
44 69
44 71
44 72
44 74
44 78
44 79
44 80
44 81
44 82
44 83
44 85
44 86
44 89
44 92
44 93
44 95
44 96
44 99
45 46
45 47
45 48
45 51
45 53
45 56
45 57
45 58
45 63
45 67
45 68
45 70
45 71
45 72
45 76
45 79
45 81
45 85
45 87
45 88
45 90
45 91
45 94
45 96
45 97
46 48
46 49
46 51
46 52
46 53
46 54
46 55
46 58
46 62
46 63
46 64
46 65
46 67
46 72
46 73
46 75
46 77
46 78
46 79
46 81
46 84
46 87
46 89
46 90
46 91
46 92
46 95
47 49
47 53
47 54
47 56
47 58
47 60
47 67
47 68
47 74
47 75
47 76
47 77
47 84
47 88
47 89
47 90
47 91
47 93
47 96
47 97
47 98
47 99
48 49
48 54
48 57
48 58
48 60
48 61
48 62
48 64
48 66
48 67
48 68
48 69
48 74
48 76
48 77
48 81
48 82
48 83
48 84
48 86
48 90
48 91
48 92
48 94
48 99
49 52
49 55
49 57
49 58
49 61
49 62
49 65
49 66
49 69
49 70
49 72
49 74
49 75
49 78
49 82
49 83
49 85
49 86
49 88
49 89
49 91
49 92
49 93
49 95
49 96
49 99
50 51
50 53
50 54
50 57
50 58
50 63
50 66
50 71
50 72
50 74
50 75
50 76
50 77
50 78
50 79
50 80
50 81
50 82
50 85
50 88
50 89
50 91
50 92
50 95
50 97
50 98
51 52
51 53
51 56
51 57
51 58
51 59
51 61
51 62
51 67
51 69
51 70
51 72
51 75
51 78
51 82
51 84
51 85
51 86
51 87
51 89
51 92
51 93
51 94
51 97
51 98
52 54
52 55
52 56
52 57
52 60
52 68
52 69
52 70
52 73
52 74
52 75
52 78
52 82
52 85
52 86
52 87
52 88
52 90
52 92
52 93
52 96
53 54
53 55
53 59
53 62
53 63
53 65
53 66
53 67
53 69
53 70
53 72
53 73
53 77
53 81
53 82
53 83
53 84
53 85
53 87
53 88
53 93
53 94
53 95
53 98
53 99
54 55
54 59
54 62
54 66
54 67
54 68
54 70
54 71
54 73
54 76
54 80
54 81
54 82
54 83
54 86
54 87
54 88
54 89
54 92
54 94
54 96
54 97
55 59
55 60
55 61
55 62
55 64
55 65
55 66
55 67
55 68
55 70
55 73
55 74
55 76
55 77
55 79
55 81
55 82
55 83
55 85
55 87
55 90
55 91
55 93
55 97
55 98
56 58
56 61
56 62
56 63
56 66
56 67
56 68
56 69
56 71
56 73
56 79
56 80
56 81
56 83
56 85
56 87
56 90
56 91
56 92
56 93
56 94
56 95
56 96
56 97
56 99
57 59
57 60
57 64
57 66
57 67
57 70
57 74
57 77
57 85
57 86
57 87
57 88
57 89
57 90
57 91
57 93
57 94
57 95
57 99
58 61
58 63
58 64
58 67
58 71
58 72
58 78
58 82
58 83
58 85
58 88
58 90
58 92
58 93
58 94
58 96
58 98
59 63
59 64
59 66
59 67
59 69
59 71
59 72
59 74
59 75
59 79
59 80
59 81
59 84
59 85
59 86
59 87
59 93
59 94
60 64
60 65
60 67
60 68
60 69
60 71
60 73
60 74
60 76
60 79
60 82
60 84
60 86
60 88
60 89
60 90
60 93
60 94
60 95
60 99
61 63
61 65
61 66
61 68
61 71
61 72
61 74
61 75
61 76
61 78
61 80
61 81
61 82
61 89
61 90
61 92
61 93
61 95
61 96
61 98
61 99
62 63
62 65
62 68
62 69
62 71
62 73
62 77
62 81
62 82
62 84
62 90
62 94
62 96
62 98
63 64
63 68
63 69
63 72
63 77
63 79
63 81
63 82
63 84
63 87
63 92
63 93
63 96
64 65
64 67
64 68
64 69
64 70
64 72
64 73
64 74
64 82
64 83
64 86
64 88
64 90
64 94
64 98
64 99
65 67
65 68
65 69
65 72
65 74
65 77
65 78
65 79
65 80
65 81
65 85
65 86
65 90
65 93
65 94
65 96
65 97
65 99
66 67
66 69
66 71
66 76
66 77
66 79
66 83
66 84
66 86
66 87
66 88
66 89
66 91
66 92
66 93
66 94
67 69
67 70
67 71
67 73
67 74
67 75
67 76
67 78
67 79
67 83
67 84
67 88
67 91
67 92
67 93
67 96
67 97
67 99
68 69
68 71
68 72
68 75
68 79
68 80
68 82
68 85
68 90
68 91
68 92
68 94
68 95
68 96
68 98
69 70
69 71
69 72
69 77
69 78
69 79
69 82
69 83
69 89
69 91
69 93
69 94
69 95
69 96
69 97
69 99
70 71
70 76
70 77
70 79
70 82
70 84
70 86
70 87
70 89
70 90
70 91
70 93
70 94
70 96
70 97
70 98
71 72
71 77
71 78
71 80
71 82
71 86
71 89
71 91
71 92
71 93
71 94
71 95
71 96
71 97
71 98
71 99
72 73
72 74
72 78
72 80
72 81
72 84
72 86
72 88
72 89
72 91
72 93
72 95
72 96
72 98
73 74
73 75
73 77
73 82
73 86
73 89
73 90
73 91
73 92
73 96
73 97
73 98
74 75
74 76
74 80
74 82
74 84
74 85
74 87
74 88
74 89
74 91
74 93
74 94
74 99
75 77
75 78
75 82
75 84
75 85
75 86
75 87
75 89
75 91
75 94
75 97
75 98
75 99
76 78
76 79
76 81
76 82
76 84
76 86
76 88
76 89
76 90
76 91
76 96
76 99
77 81
77 83
77 87
77 91
77 93
77 94
77 95
77 96
77 97
77 98
78 83
78 85
78 86
78 87
78 88
78 89
78 90
78 91
78 92
78 93
78 94
78 95
78 96
78 98
79 81
79 83
79 85
79 87
79 88
79 89
79 91
79 95
79 97
80 81
80 82
80 83
80 85
80 89
80 92
80 93
80 95
80 98
81 83
81 86
81 87
81 88
81 89
81 91
81 92
81 95
81 97
81 98
82 84
82 86
82 87
82 88
83 84
83 85
83 86
83 88
83 90
83 91
83 94
83 96
83 99
84 87
84 88
84 91
84 92
84 94
84 95
84 98
84 99
85 87
85 88
85 92
85 93
85 95
85 98
85 99
86 90
86 91
86 93
86 96
86 99
87 88
87 89
87 94
87 97
88 89
88 92
89 90
89 91
89 93
89 99
90 91
90 94
90 95
90 98
91 93
91 94
91 95
91 97
91 98
91 99
92 93
92 94
92 96
92 97
92 98
92 99
93 96
93 97
93 99
94 97
94 99
95 98
96 98
96 99
