0 2
0 4
0 5
0 7
0 8
0 12
0 14
0 17
0 20
0 21
0 22
0 25
0 27
0 29
0 33
0 34
0 37
0 38
0 39
0 41
0 48
0 49
0 50
0 51
0 53
0 58
0 59
0 62
0 63
0 64
0 65
0 66
0 68
0 69
0 71
0 74
0 77
0 78
0 79
0 81
0 83
0 85
0 87
0 89
0 90
0 92
0 93
0 94
0 96
0 98
0 99
1 3
1 5
1 7
1 8
1 9
1 12
1 14
1 15
1 19
1 21
1 22
1 23
1 24
1 26
1 27
1 28
1 37
1 38
1 39
1 44
1 46
1 51
1 54
1 55
1 56
1 58
1 61
1 64
1 70
1 71
1 72
1 75
1 76
1 78
1 80
1 82
1 83
1 87
1 88
1 89
1 91
1 93
1 94
1 95
1 96
1 97
2 3
2 4
2 5
2 6
2 7
2 9
2 11
2 12
2 13
2 14
2 15
2 16
2 22
2 23
2 24
2 26
2 27
2 32
2 34
2 37
2 39
2 42
2 43
2 46
2 47
2 49
2 55
2 56
2 57
2 59
2 62
2 68
2 71
2 72
2 76
2 77
2 78
2 79
2 81
2 84
2 85
2 86
2 88
2 89
2 93
2 95
2 96
3 4
3 5
3 7
3 8
3 17
3 18
3 20
3 21
3 22
3 26
3 30
3 31
3 35
3 36
3 40
3 42
3 43
3 46
3 47
3 50
3 52
3 53
3 54
3 56
3 57
3 59
3 63
3 64
3 65
3 68
3 69
3 72
3 73
3 74
3 75
3 78
3 81
3 84
3 86
3 89
3 90
3 91
3 92
3 96
4 6
4 7
4 8
4 10
4 14
4 16
4 17
4 18
4 19
4 21
4 22
4 23
4 25
4 26
4 27
4 29
4 30
4 37
4 39
4 43
4 44
4 47
4 48
4 50
4 52
4 53
4 54
4 55
4 56
4 58
4 60
4 65
4 66
4 67
4 69
4 74
4 76
4 79
4 80
4 81
4 82
4 88
4 91
4 92
4 93
4 95
4 97
4 98
5 6
5 7
5 9
5 12
5 13
5 14
5 16
5 17
5 18
5 23
5 24
5 26
5 28
5 29
5 30
5 34
5 37
5 45
5 48
5 49
5 51
5 53
5 54
5 60
5 61
5 62
5 65
5 66
5 68
5 71
5 72
5 74
5 75
5 79
5 80
5 83
5 86
5 87
5 88
5 90
5 91
5 93
5 94
5 96
5 98
5 99
6 8
6 9
6 11
6 13
6 14
6 15
6 16
6 17
6 22
6 23
6 25
6 26
6 27
6 28
6 29
6 31
6 32
6 33
6 36
6 37
6 38
6 40
6 44
6 46
6 48
6 49
6 50
6 52
6 53
6 54
6 56
6 57
6 58
6 59
6 60
6 62
6 63
6 64
6 66
6 67
6 69
6 74
6 78
6 80
6 84
6 88
6 91
6 94
6 95
6 96
7 8
7 10
7 13
7 14
7 16
7 17
7 18
7 19
7 20
7 23
7 26
7 28
7 29
7 30
7 31
7 32
7 33
7 34
7 36
7 39
7 41
7 42
7 44
7 45
7 46
7 48
7 49
7 52
7 56
7 63
7 65
7 66
7 68
7 69
7 70
7 71
7 72
7 74
7 76
7 78
7 79
7 81
7 82
7 83
7 85
7 86
7 87
7 88
7 90
7 92
7 93
8 9
8 11
8 12
8 13
8 16
8 19
8 20
8 24
8 27
8 30
8 32
8 35
8 38
8 39
8 40
8 41
8 42
8 44
8 45
8 47
8 49
8 51
8 52
8 55
8 56
8 58
8 59
8 60
8 62
8 63
8 68
8 69
8 70
8 71
8 73
8 75
8 76
8 77
8 78
8 80
8 81
8 82
8 83
8 85
8 88
8 91
8 92
8 93
8 97
8 98
8 99
9 11
9 12
9 13
9 14
9 18
9 19
9 20
9 26
9 27
9 28
9 29
9 30
9 31
9 33
9 35
9 37
9 38
9 41
9 42
9 44
9 45
9 46
9 49
9 50
9 51
9 52
9 53
9 55
9 59
9 62
9 63
9 65
9 66
9 67
9 68
9 70
9 72
9 73
9 74
9 76
9 78
9 80
9 81
9 84
9 91
9 96
10 16
10 17
10 18
10 19
10 21
10 22
10 24
10 26
10 30
10 33
10 35
10 36
10 37
10 38
10 41
10 42
10 43
10 44
10 45
10 49
10 50
10 51
10 54
10 56
10 58
10 59
10 61
10 62
10 66
10 67
10 68
10 69
10 70
10 72
10 73
10 75
10 76
10 80
10 81
10 82
10 86
10 87
10 89
10 90
10 91
10 92
10 95
10 96
10 98
11 12
11 14
11 16
11 17
11 18
11 19
11 20
11 22
11 23
11 25
11 29
11 30
11 31
11 35
11 38
11 39
11 40
11 42
11 43
11 44
11 45
11 46
11 47
11 49
11 51
11 53
11 54
11 55
11 57
11 59
11 60
11 63
11 64
11 66
11 67
11 68
11 69
11 70
11 71
11 73
11 74
11 75
11 78
11 83
11 84
11 86
11 88
11 90
11 91
11 93
11 95
11 96
11 97
12 13
12 16
12 18
12 19
12 21
12 28
12 29
12 32
12 33
12 35
12 38
12 39
12 41
12 42
12 44
12 45
12 46
12 48
12 49
12 50
12 51
12 52
12 54
12 55
12 56
12 59
12 64
12 68
12 69
12 70
12 72
12 76
12 77
12 80
12 81
12 84
12 85
12 87
12 88
12 91
12 93
12 95
12 96
12 97
13 15
13 17
13 19
13 20
13 22
13 27
13 28
13 29
13 32
13 34
13 35
13 36
13 39
13 41
13 42
13 44
13 46
13 47
13 52
13 53
13 55
13 56
13 63
13 65
13 67
13 68
13 73
13 74
13 76
13 82
13 85
13 86
13 87
13 88
13 91
13 92
13 93
13 97
13 99
14 17
14 19
14 20
14 22
14 23
14 24
14 25
14 27
14 28
14 29
14 30
14 31
14 33
14 35
14 36
14 37
14 41
14 45
14 46
14 47
14 48
14 50
14 51
14 52
14 55
14 57
14 58
14 59
14 60
14 61
14 64
14 65
14 67
14 68
14 70
14 73
14 76
14 77
14 87
14 88
14 91
14 92
14 94
14 95
14 97
14 99
15 22
15 25
15 29
15 30
15 34
15 35
15 37
15 38
15 40
15 41
15 42
15 44
15 46
15 49
15 51
15 54
15 58
15 59
15 60
15 61
15 62
15 65
15 66
15 67
15 68
15 73
15 74
15 76
15 77
15 78
15 79
15 81
15 83
15 85
15 87
15 90
15 93
15 94
15 95
15 96
15 97
15 98
16 17
16 18
16 19
16 24
16 25
16 26
16 27
16 28
16 33
16 34
16 38
16 41
16 42
16 43
16 44
16 45
16 49
16 50
16 51
16 53
16 54
16 55
16 59
16 60
16 63
16 64
16 67
16 69
16 70
16 75
16 77
16 78
16 80
16 82
16 84
16 85
16 89
16 90
16 92
16 93
16 94
16 96
16 97
16 99
17 18
17 19
17 21
17 25
17 26
17 28
17 30
17 31
17 32
17 36
17 37
17 38
17 39
17 43
17 45
17 46
17 49
17 50
17 52
17 53
17 57
17 59
17 63
17 65
17 66
17 70
17 71
17 74
17 75
17 77
17 78
17 81
17 82
17 84
17 85
17 86
17 87
17 90
17 91
17 97
18 19
18 21
18 22
18 26
18 27
18 28
18 29
18 34
18 35
18 37
18 39
18 42
18 46
18 47
18 48
18 49
18 51
18 52
18 53
18 54
18 58
18 61
18 64
18 65
18 68
18 70
18 76
18 77
18 78
18 80
18 81
18 82
18 84
18 85
18 89
18 90
18 92
18 98
18 99
19 21
19 26
19 27
19 29
19 32
19 33
19 37
19 38
19 41
19 45
19 46
19 47
19 48
19 49
19 51
19 54
19 56
19 59
19 60
19 61
19 63
19 64
19 65
19 68
19 71
19 74
19 75
19 76
19 77
19 78
19 82
19 83
19 86
19 88
19 89
19 90
19 91
19 93
19 94
19 98
19 99
20 22
20 24
20 25
20 26
20 27
20 31
20 32
20 33
20 35
20 36
20 38
20 39
20 42
20 43
20 45
20 47
20 48
20 49
20 50
20 52
20 53
20 55
20 57
20 59
20 60
20 62
20 64
20 66
20 71
20 73
20 74
20 76
20 80
20 81
20 85
20 87
20 88
20 89
20 91
20 94
20 95
20 96
21 22
21 23
21 25
21 26
21 28
21 29
21 30
21 31
21 32
21 33
21 38
21 39
21 40
21 41
21 42
21 44
21 45
21 46
21 47
21 49
21 50
21 51
21 53
21 55
21 56
21 58
21 62
21 66
21 71
21 76
21 79
21 81
21 82
21 83
21 84
21 85
21 86
21 87
21 91
21 93
21 94
21 95
21 96
22 23
22 24
22 25
22 26
22 27
22 28
22 29
22 30
22 31
22 36
22 37
22 38
22 39
22 40
22 41
22 43
22 44
22 46
22 48
22 49
22 50
22 52
22 56
22 57
22 59
22 61
22 62
22 64
22 67
22 69
22 70
22 71
22 72
22 77
22 78
22 79
22 80
22 81
22 86
22 87
22 89
22 91
22 93
22 97
22 98
23 25
23 26
23 27
23 34
23 35
23 36
23 38
23 40
23 41
23 48
23 49
23 51
23 53
23 55
23 59
23 60
23 62
23 63
23 64
23 66
23 70
23 71
23 72
23 73
23 76
23 77
23 79
23 81
23 82
23 85
23 88
23 89
23 92
23 93
23 94
23 95
23 97
23 98
23 99
24 25
24 26
24 27
24 30
24 31
24 33
24 35
24 36
24 38
24 39
24 45
24 47
24 49
24 52
24 56
24 61
24 63
24 66
24 68
24 70
24 74
24 75
24 76
24 77
24 78
24 80
24 81
24 86
24 90
24 91
24 92
24 98
24 99
25 26
25 27
25 32
25 33
25 34
25 36
25 39
25 41
25 42
25 43
25 46
25 50
25 51
25 52
25 54
25 57
25 58
25 59
25 62
25 63
25 65
25 68
25 72
25 73
25 74
25 76
25 77
25 78
25 80
25 82
25 83
25 84
25 88
25 89
25 99
26 27
26 29
26 31
26 34
26 36
26 37
26 45
26 46
26 48
26 55
26 62
26 63
26 69
26 70
26 71
26 72
26 73
26 74
26 75
26 77
26 80
26 81
26 82
26 84
26 85
26 87
26 99
27 30
27 32
27 33
27 34
27 35
27 37
27 38
27 40
27 42
27 48
27 49
27 53
27 54
27 57
27 58
27 60
27 61
27 63
27 64
27 69
27 70
27 75
27 76
27 79
27 80
27 81
27 83
27 84
27 86
27 88
27 89
27 91
27 92
27 93
27 95
27 98
28 30
28 31
28 32
28 33
28 34
28 35
28 36
28 37
28 39
28 41
28 42
28 43
28 45
28 53
28 54
28 57
28 58
28 61
28 62
28 63
28 73
28 75
28 76
28 77
28 78
28 81
28 82
28 83
28 85
28 89
28 90
28 91
28 95
28 97
28 98
28 99
29 34
29 36
29 37
29 38
29 41
29 42
29 45
29 46
29 51
29 52
29 53
29 55
29 56
29 57
29 61
29 62
29 64
29 67
29 69
29 71
29 72
29 74
29 76
29 77
29 78
29 81
29 84
29 85
29 86
29 88
29 96
29 98
29 99
30 34
30 35
30 36
30 40
30 41
30 43
30 44
30 48
30 51
30 56
30 58
30 59
30 60
30 62
30 63
30 65
30 67
30 68
30 69
30 70
30 73
30 75
30 78
30 82
30 85
30 87
30 89
30 90
30 98
30 99
31 33
31 35
31 39
31 43
31 44
31 45
31 46
31 50
31 53
31 54
31 55
31 57
31 61
31 63
31 65
31 67
31 68
31 72
31 76
31 78
31 79
31 82
31 83
31 86
31 92
31 93
31 95
31 98
32 34
32 36
32 38
32 42
32 44
32 48
32 49
32 51
32 52
32 53
32 56
32 62
32 65
32 66
32 67
32 72
32 74
32 75
32 76
32 78
32 80
32 83
32 84
32 85
32 87
32 89
32 92
32 93
32 97
32 99
33 38
33 39
33 40
33 43
33 44
33 47
33 56
33 59
33 61
33 62
33 63
33 64
33 66
33 67
33 69
33 73
33 75
33 76
33 78
33 79
33 81
33 82
33 83
33 90
33 91
33 95
34 35
34 36
34 37
34 38
34 39
34 40
34 45
34 47
34 48
34 49
34 50
34 52
34 53
34 55
34 56
34 58
34 59
34 60
34 61
34 64
34 65
34 66
34 69
34 71
34 72
34 73
34 77
34 78
34 81
34 83
34 86
34 87
34 89
34 90
34 91
34 92
34 93
34 94
34 95
34 96
34 97
35 36
35 40
35 41
35 42
35 48
35 49
35 53
35 55
35 58
35 59
35 63
35 64
35 66
35 68
35 69
35 73
35 76
35 78
35 79
35 80
35 84
35 85
35 86
35 90
35 93
35 94
35 95
35 96
35 97
35 99
36 39
36 40
36 43
36 45
36 47
36 48
36 49
36 51
36 57
36 63
36 65
36 66
36 70
36 71
36 74
36 78
36 79
36 81
36 82
36 84
36 85
36 90
36 92
36 95
36 96
36 97
37 39
37 41
37 43
37 45
37 46
37 47
37 51
37 52
37 54
37 55
37 56
37 57
37 61
37 62
37 63
37 69
37 70
37 76
37 77
37 80
37 81
37 83
37 84
37 86
37 87
37 88
37 91
37 92
37 95
37 96
37 98
37 99
38 39
38 42
38 44
38 47
38 52
38 58
38 59
38 60
38 61
38 63
38 65
38 66
38 71
38 73
38 75
38 78
38 79
38 81
38 87
38 88
38 89
38 90
38 92
38 93
38 96
38 97
39 40
39 46
39 47
39 48
39 50
39 53
39 55
39 58
39 60
39 61
39 62
39 63
39 65
39 67
39 72
39 73
39 74
39 77
39 78
39 79
39 80
39 83
39 86
39 87
39 91
39 94
39 96
39 99
40 42
40 45
40 48
40 52
40 53
40 54
40 56
40 57
40 58
40 59
40 60
40 62
40 63
40 65
40 66
40 69
40 70
40 73
40 75
40 77
40 80
40 81
40 82
40 83
40 84
40 85
40 86
40 87
40 88
40 89
40 90
40 93
40 95
40 96
40 99
41 42
41 44
41 46
41 47
41 48
41 50
41 52
41 53
41 54
41 55
41 62
41 63
41 64
41 65
41 67
41 70
41 72
41 73
41 76
41 78
41 79
41 81
41 82
41 84
41 85
41 87
41 89
41 91
41 93
41 94
41 97
41 99
42 43
42 47
42 49
42 52
42 55
42 56
42 57
42 58
42 62
42 63
42 66
42 74
42 75
42 77
42 78
42 81
42 82
42 85
42 89
42 91
42 92
42 93
42 95
42 99
43 44
43 46
43 48
43 49
43 50
43 51
43 52
43 54
43 55
43 56
43 58
43 59
43 60
43 63
43 64
43 65
43 68
43 70
43 71
43 72
43 73
43 75
43 76
43 78
43 79
43 80
43 81
43 88
43 89
43 93
43 94
43 95
43 97
43 98
43 99
44 45
44 50
44 51
44 56
44 60
44 61
44 62
44 63
44 66
44 67
44 71
44 73
44 77
44 79
44 81
44 82
44 84
44 89
44 91
44 92
44 93
44 95
44 96
44 97
45 46
45 47
45 48
45 49
45 50
45 54
45 55
45 56
45 58
45 63
45 64
45 66
45 67
45 68
45 71
45 72
45 78
45 79
45 82
45 85
45 88
45 89
45 90
45 91
45 94
45 95
45 96
46 48
46 49
46 52
46 53
46 54
46 55
46 56
46 57
46 58
46 59
46 61
46 62
46 67
46 72
46 73
46 74
46 76
46 77
46 78
46 80
46 81
46 82
46 84
46 85
46 87
46 89
46 93
46 98
47 50
47 52
47 54
47 55
47 57
47 62
47 63
47 64
47 67
47 73
47 74
47 79
47 80
47 81
47 83
47 85
47 86
47 87
47 89
47 93
47 96
47 99
48 49
48 52
48 53
48 57
48 61
48 63
48 65
48 66
48 68
48 69
48 70
48 72
48 77
48 78
48 80
48 81
48 84
48 85
48 90
48 91
48 94
48 95
48 99
49 50
49 51
49 52
49 54
49 56
49 59
49 61
49 63
49 64
49 65
49 68
49 72
49 73
49 74
49 77
49 79
49 80
49 83
49 86
49 87
49 89
49 92
49 93
49 94
49 98
49 99
50 51
50 52
50 53
50 55
50 57
50 58
50 60
50 63
50 67
50 68
50 72
50 74
50 75
50 77
50 78
50 79
50 93
50 96
50 99
51 53
51 55
51 57
51 68
51 70
51 71
51 72
51 74
51 75
51 76
51 79
51 80
51 84
51 86
51 87
51 89
51 91
51 93
51 96
51 99
52 53
52 55
52 57
52 58
52 62
52 66
52 68
52 71
52 73
52 75
52 76
52 77
52 84
52 87
52 93
52 94
52 95
53 54
53 56
53 57
53 58
53 61
53 62
53 63
53 66
53 68
53 69
53 70
53 72
53 74
53 76
53 78
53 82
53 83
53 85
53 87
53 89
53 94
53 96
53 99
54 55
54 56
54 58
54 59
54 60
54 61
54 63
54 67
54 70
54 71
54 74
54 76
54 78
54 79
54 83
54 84
54 85
54 86
54 87
54 88
54 89
54 91
54 92
54 93
54 95
54 98
55 57
55 59
55 60
55 61
55 62
55 65
55 66
55 70
55 72
55 75
55 76
55 79
55 80
55 82
55 84
55 87
55 88
55 89
55 90
55 92
55 93
55 95
55 98
56 57
56 58
56 60
56 61
56 62
56 63
56 65
56 69
56 73
56 74
56 75
56 76
56 77
56 86
56 87
56 88
56 89
56 92
56 93
56 95
56 97
56 99
57 58
57 60
57 62
57 63
57 64
57 65
57 66
57 70
57 72
57 77
57 78
57 83
57 85
57 89
57 91
57 92
57 93
57 95
57 97
57 98
57 99
58 59
58 60
58 62
58 63
58 64
58 65
58 67
58 70
58 71
58 72
58 73
58 76
58 79
58 85
58 86
58 89
58 90
58 92
58 93
58 94
58 98
58 99
59 60
59 61
59 62
59 65
59 67
59 68
59 71
59 72
59 75
59 76
59 77
59 79
59 80
59 82
59 84
59 88
59 90
59 91
59 92
59 93
59 97
59 98
59 99
60 61
60 62
60 65
60 67
60 70
60 72
60 73
60 75
60 79
60 82
60 84
60 85
60 87
60 89
60 94
60 98
61 62
61 63
61 67
61 69
61 71
61 72
61 73
61 74
61 75
61 76
61 78
61 80
61 81
61 88
61 90
61 91
61 92
61 94
61 95
61 99
62 64
62 65
62 67
62 68
62 69
62 70
62 71
62 74
62 77
62 79
62 80
62 81
62 82
62 83
62 84
62 85
62 90
62 92
62 94
62 95
62 98
63 64
63 66
63 67
63 68
63 69
63 71
63 73
63 75
63 76
63 77
63 78
63 82
63 83
63 84
63 85
63 86
63 93
63 96
63 97
63 99
64 65
64 66
64 69
64 70
64 73
64 74
64 79
64 80
64 82
64 84
64 86
64 90
64 92
64 94
64 95
64 96
64 97
64 99
65 71
65 74
65 77
65 80
65 82
65 86
65 87
65 88
65 94
65 96
65 99
66 68
66 69
66 74
66 76
66 77
66 78
66 81
66 82
66 86
66 87
66 90
66 91
66 95
66 96
66 99
67 69
67 73
67 81
67 82
67 83
67 84
67 85
67 88
67 89
67 93
67 94
67 96
67 98
68 69
68 70
68 76
68 78
68 81
68 83
68 86
68 89
68 95
68 96
68 98
69 72
69 73
69 77
69 78
69 80
69 82
69 83
69 86
69 87
69 88
69 89
69 90
69 91
69 93
69 94
69 95
69 96
69 98
69 99
70 71
70 72
70 73
70 74
70 75
70 76
70 77
70 79
70 81
70 83
70 84
70 85
70 90
70 91
70 92
70 96
70 97
70 98
70 99
71 73
71 74
71 75
71 76
71 78
71 79
71 80
71 84
71 86
71 87
71 90
71 93
71 94
71 95
71 97
71 98
72 73
72 74
72 76
72 77
72 78
72 80
72 82
72 83
72 84
72 85
72 89
72 90
72 91
72 93
72 96
72 97
72 98
73 74
73 76
73 77
73 78
73 80
73 83
73 85
73 86
73 88
73 89
73 90
73 91
73 92
73 93
73 94
73 95
73 96
73 98
74 76
74 78
74 79
74 80
74 81
74 82
74 84
74 85
74 86
74 87
74 90
74 96
74 98
74 99
75 76
75 77
75 81
75 82
75 83
75 85
75 86
75 87
75 89
75 90
75 93
75 95
75 96
75 97
76 78
76 79
76 80
76 81
76 83
76 84
76 86
76 88
76 89
76 90
76 93
76 95
76 98
76 99
77 78
77 81
77 82
77 86
77 89
77 92
77 93
77 96
77 97
77 99
78 79
78 80
78 81
78 82
78 83
78 86
78 88
78 90
78 96
78 97
78 98
79 85
79 87
79 89
79 90
79 93
79 97
79 98
79 99
80 81
80 82
80 84
80 85
80 87
80 88
80 89
80 90
80 91
80 92
80 93
80 94
80 98
81 83
81 90
81 94
81 95
82 84
82 87
82 88
82 91
82 92
82 98
83 86
83 87
83 88
83 95
83 97
83 99
84 86
84 87
84 88
84 89
84 90
84 91
84 92
84 93
85 86
85 87
85 88
85 89
85 90
85 92
85 94
85 95
85 96
85 98
86 89
86 91
86 92
86 94
86 95
86 97
87 89
87 92
87 93
87 94
87 96
87 97
87 99
88 92
88 96
89 92
89 93
89 94
89 95
89 98
90 93
90 98
91 92
91 93
91 94
91 95
91 96
91 99
92 95
92 96
92 98
93 94
93 96
93 98
94 95
94 96
94 97
94 99
95 96
95 98
96 97
96 99
97 98
97 99
98 99
