0 1
0 2
0 3
0 4
0 5
0 7
0 9
0 12
0 13
0 14
0 16
0 17
0 18
0 19
0 20
0 22
0 23
0 24
0 28
0 29
0 32
0 34
0 35
0 37
0 38
0 40
0 41
0 44
0 45
0 46
0 47
0 50
0 52
0 53
0 54
0 55
0 57
0 62
0 63
0 64
0 69
0 71
0 72
0 81
0 84
0 85
0 88
0 89
0 95
0 97
0 99
1 4
1 5
1 6
1 7
1 8
1 10
1 11
1 13
1 14
1 17
1 19
1 21
1 25
1 26
1 28
1 30
1 33
1 41
1 42
1 43
1 44
1 45
1 53
1 54
1 56
1 59
1 61
1 62
1 64
1 69
1 71
1 78
1 79
1 80
1 82
1 85
1 86
1 87
1 88
1 89
1 90
1 91
1 92
1 93
2 3
2 5
2 8
2 10
2 11
2 12
2 13
2 16
2 20
2 21
2 22
2 24
2 26
2 27
2 32
2 35
2 39
2 40
2 41
2 46
2 47
2 48
2 50
2 54
2 58
2 63
2 66
2 68
2 73
2 75
2 77
2 81
2 84
2 85
2 87
2 91
2 97
2 98
3 5
3 7
3 11
3 14
3 15
3 16
3 17
3 18
3 21
3 22
3 23
3 24
3 25
3 26
3 27
3 28
3 30
3 33
3 34
3 37
3 38
3 39
3 41
3 42
3 43
3 46
3 47
3 51
3 52
3 53
3 56
3 57
3 63
3 64
3 67
3 72
3 73
3 78
3 79
3 80
3 82
3 83
3 89
3 90
3 92
3 94
3 98
4 5
4 13
4 17
4 18
4 19
4 25
4 26
4 27
4 31
4 32
4 33
4 34
4 38
4 42
4 43
4 45
4 47
4 48
4 51
4 52
4 54
4 55
4 56
4 57
4 62
4 63
4 65
4 66
4 67
4 68
4 70
4 71
4 74
4 78
4 79
4 81
4 82
4 83
4 85
4 90
4 91
4 92
4 93
4 94
4 97
4 99
5 7
5 8
5 11
5 12
5 13
5 14
5 15
5 18
5 19
5 20
5 23
5 25
5 26
5 27
5 28
5 30
5 33
5 34
5 37
5 41
5 44
5 47
5 50
5 53
5 55
5 56
5 57
5 58
5 59
5 60
5 61
5 62
5 69
5 70
5 72
5 75
5 78
5 80
5 81
5 83
5 84
5 85
5 87
5 91
5 92
5 93
5 94
5 97
6 7
6 9
6 12
6 13
6 14
6 15
6 17
6 18
6 19
6 21
6 22
6 25
6 26
6 27
6 28
6 29
6 30
6 31
6 36
6 37
6 38
6 39
6 41
6 42
6 43
6 47
6 48
6 49
6 50
6 51
6 52
6 54
6 56
6 60
6 61
6 62
6 63
6 64
6 66
6 70
6 75
6 76
6 77
6 79
6 80
6 82
6 84
6 86
6 87
6 88
6 89
6 90
6 92
6 93
6 94
6 95
6 96
7 14
7 17
7 18
7 23
7 24
7 27
7 28
7 31
7 33
7 34
7 36
7 37
7 39
7 45
7 48
7 49
7 50
7 52
7 53
7 54
7 58
7 63
7 67
7 68
7 69
7 70
7 71
7 72
7 76
7 78
7 81
7 82
7 83
7 87
7 91
7 96
7 97
7 99
8 12
8 13
8 15
8 18
8 20
8 21
8 22
8 23
8 24
8 27
8 29
8 31
8 33
8 36
8 37
8 38
8 39
8 41
8 42
8 43
8 45
8 46
8 50
8 51
8 55
8 57
8 58
8 59
8 60
8 61
8 63
8 64
8 65
8 67
8 68
8 69
8 70
8 75
8 78
8 79
8 80
8 81
8 83
8 85
8 86
8 88
8 89
8 90
8 92
8 93
8 94
8 96
8 98
9 11
9 12
9 19
9 21
9 23
9 24
9 25
9 26
9 28
9 29
9 38
9 40
9 47
9 50
9 51
9 54
9 57
9 58
9 60
9 61
9 62
9 65
9 67
9 68
9 72
9 73
9 75
9 76
9 77
9 78
9 80
9 83
9 84
9 86
9 87
9 88
9 90
9 92
9 93
9 94
9 96
9 97
9 98
9 99
10 11
10 13
10 14
10 15
10 17
10 25
10 27
10 28
10 29
10 30
10 31
10 32
10 36
10 37
10 38
10 41
10 42
10 44
10 46
10 48
10 49
10 50
10 51
10 52
10 54
10 56
10 57
10 59
10 62
10 63
10 66
10 67
10 68
10 69
10 71
10 72
10 73
10 75
10 76
10 81
10 83
10 85
10 88
10 89
10 90
10 91
10 93
10 94
10 96
10 97
10 98
10 99
11 12
11 14
11 15
11 17
11 18
11 19
11 22
11 23
11 24
11 26
11 29
11 30
11 33
11 34
11 35
11 40
11 41
11 44
11 47
11 50
11 56
11 57
11 59
11 67
11 69
11 70
11 71
11 73
11 77
11 78
11 79
11 81
11 82
11 83
11 85
11 86
11 87
11 88
11 89
11 93
11 94
11 95
11 96
11 98
12 13
12 15
12 16
12 17
12 19
12 20
12 21
12 22
12 23
12 24
12 27
12 28
12 29
12 30
12 32
12 33
12 34
12 38
12 40
12 41
12 43
12 45
12 47
12 50
12 52
12 55
12 58
12 59
12 61
12 62
12 64
12 65
12 69
12 70
12 71
12 72
12 73
12 75
12 76
12 78
12 80
12 82
12 83
12 85
12 92
12 96
12 97
12 98
13 18
13 21
13 23
13 25
13 26
13 27
13 32
13 33
13 36
13 37
13 38
13 39
13 40
13 43
13 44
13 50
13 51
13 53
13 54
13 56
13 57
13 58
13 59
13 63
13 66
13 67
13 70
13 71
13 74
13 77
13 79
13 81
13 82
13 83
13 84
13 87
13 89
13 93
13 94
13 97
14 17
14 19
14 24
14 28
14 30
14 31
14 32
14 33
14 34
14 35
14 36
14 39
14 40
14 45
14 46
14 51
14 54
14 64
14 65
14 66
14 67
14 68
14 72
14 73
14 76
14 77
14 78
14 79
14 82
14 90
14 91
14 92
14 94
14 96
14 97
14 98
14 99
15 20
15 22
15 24
15 26
15 28
15 30
15 32
15 34
15 35
15 36
15 39
15 41
15 45
15 46
15 49
15 51
15 57
15 58
15 59
15 72
15 75
15 77
15 82
15 85
15 87
15 88
15 90
15 94
15 95
15 96
15 97
15 98
16 17
16 18
16 20
16 22
16 23
16 27
16 29
16 36
16 39
16 42
16 44
16 45
16 48
16 52
16 54
16 55
16 58
16 59
16 60
16 61
16 64
16 65
16 67
16 70
16 73
16 75
16 76
16 77
16 78
16 79
16 84
16 85
16 86
16 87
16 89
16 90
16 91
16 92
16 97
16 99
17 18
17 26
17 28
17 29
17 30
17 31
17 32
17 35
17 38
17 39
17 41
17 45
17 46
17 47
17 51
17 55
17 56
17 57
17 59
17 60
17 65
17 67
17 69
17 71
17 72
17 78
17 80
17 83
17 87
17 88
17 89
17 93
17 94
17 96
17 99
18 20
18 21
18 26
18 27
18 28
18 29
18 30
18 31
18 32
18 35
18 36
18 38
18 39
18 41
18 42
18 43
18 46
18 47
18 48
18 50
18 51
18 53
18 55
18 56
18 58
18 60
18 61
18 62
18 63
18 64
18 65
18 67
18 68
18 71
18 72
18 73
18 74
18 76
18 78
18 82
18 83
18 84
18 87
18 88
18 93
18 95
18 98
19 20
19 28
19 29
19 31
19 33
19 35
19 36
19 40
19 42
19 43
19 44
19 45
19 46
19 47
19 48
19 49
19 50
19 51
19 53
19 56
19 57
19 58
19 60
19 61
19 63
19 65
19 68
19 69
19 70
19 72
19 74
19 79
19 80
19 89
19 91
19 92
19 95
19 97
19 98
20 22
20 25
20 27
20 33
20 34
20 36
20 37
20 40
20 42
20 44
20 45
20 46
20 48
20 49
20 51
20 53
20 55
20 56
20 57
20 59
20 60
20 61
20 65
20 67
20 69
20 73
20 75
20 77
20 78
20 80
20 82
20 84
20 85
20 87
20 88
20 90
20 91
20 92
20 97
20 98
21 22
21 25
21 26
21 27
21 30
21 33
21 37
21 38
21 39
21 43
21 45
21 47
21 48
21 50
21 51
21 53
21 55
21 56
21 59
21 62
21 63
21 64
21 66
21 67
21 70
21 73
21 79
21 83
21 84
21 85
21 87
21 90
21 91
21 94
21 98
22 28
22 32
22 33
22 35
22 41
22 42
22 43
22 44
22 45
22 46
22 47
22 48
22 50
22 56
22 58
22 59
22 60
22 62
22 65
22 68
22 69
22 71
22 72
22 73
22 74
22 75
22 78
22 81
22 83
22 84
22 85
22 86
22 97
22 98
22 99
23 24
23 26
23 27
23 29
23 30
23 31
23 33
23 34
23 36
23 38
23 40
23 42
23 47
23 49
23 50
23 52
23 53
23 62
23 63
23 67
23 68
23 69
23 70
23 71
23 72
23 73
23 75
23 76
23 77
23 78
23 79
23 91
23 92
23 97
23 98
24 28
24 34
24 35
24 37
24 39
24 41
24 42
24 44
24 48
24 50
24 51
24 58
24 60
24 61
24 64
24 65
24 66
24 68
24 71
24 72
24 74
24 75
24 76
24 77
24 78
24 79
24 81
24 82
24 84
24 85
24 86
24 88
24 89
24 90
24 91
24 99
25 28
25 31
25 32
25 35
25 36
25 41
25 45
25 48
25 51
25 54
25 56
25 57
25 58
25 59
25 60
25 61
25 65
25 72
25 75
25 76
25 78
25 82
25 86
25 87
25 89
25 93
25 94
25 98
25 99
26 28
26 29
26 30
26 31
26 32
26 33
26 36
26 37
26 38
26 41
26 42
26 46
26 49
26 50
26 51
26 52
26 54
26 55
26 60
26 62
26 64
26 66
26 70
26 73
26 76
26 79
26 80
26 81
26 83
26 85
26 86
26 87
26 89
26 90
26 92
26 93
26 95
26 96
27 28
27 30
27 32
27 34
27 35
27 37
27 40
27 41
27 44
27 45
27 46
27 47
27 49
27 53
27 54
27 55
27 57
27 59
27 61
27 70
27 73
27 74
27 77
27 78
27 80
27 81
27 82
27 84
27 86
27 88
27 89
27 90
27 91
27 92
27 93
27 94
27 95
27 96
27 97
27 99
28 29
28 30
28 31
28 35
28 36
28 37
28 39
28 41
28 42
28 43
28 53
28 54
28 56
28 59
28 61
28 68
28 69
28 70
28 72
28 75
28 76
28 77
28 78
28 79
28 80
28 81
28 83
28 84
28 85
28 86
28 88
28 94
28 97
28 99
29 32
29 33
29 36
29 39
29 41
29 45
29 46
29 47
29 48
29 49
29 50
29 53
29 54
29 56
29 57
29 62
29 63
29 64
29 66
29 67
29 71
29 73
29 75
29 76
29 78
29 81
29 82
29 84
29 85
29 87
29 89
29 91
29 93
29 95
29 96
29 97
29 99
30 33
30 38
30 40
30 41
30 46
30 47
30 48
30 49
30 51
30 52
30 54
30 56
30 60
30 61
30 64
30 68
30 69
30 70
30 76
30 79
30 81
30 83
30 86
30 88
30 93
30 94
30 95
30 97
30 98
31 32
31 33
31 34
31 35
31 36
31 37
31 38
31 39
31 41
31 42
31 43
31 45
31 47
31 49
31 50
31 51
31 53
31 55
31 57
31 58
31 59
31 61
31 64
31 65
31 67
31 68
31 70
31 71
31 72
31 75
31 76
31 77
31 78
31 79
31 81
31 84
31 86
31 87
31 88
31 89
31 91
31 92
31 94
31 95
31 97
31 98
32 34
32 35
32 39
32 40
32 41
32 43
32 46
32 47
32 50
32 51
32 53
32 54
32 55
32 56
32 60
32 62
32 63
32 65
32 66
32 71
32 74
32 75
32 79
32 80
32 82
32 84
32 85
32 87
32 88
32 89
32 90
32 92
32 94
33 34
33 35
33 39
33 41
33 42
33 44
33 46
33 47
33 49
33 50
33 52
33 54
33 55
33 56
33 57
33 64
33 65
33 66
33 67
33 68
33 70
33 72
33 73
33 75
33 76
33 78
33 79
33 80
33 83
33 84
33 85
33 86
33 91
33 92
33 93
33 95
33 97
34 35
34 37
34 39
34 41
34 49
34 50
34 51
34 53
34 63
34 64
34 67
34 69
34 70
34 71
34 72
34 73
34 77
34 78
34 79
34 80
34 81
34 83
34 84
34 86
34 88
34 92
34 93
34 94
34 96
35 36
35 38
35 42
35 43
35 48
35 49
35 54
35 55
35 56
35 60
35 62
35 64
35 65
35 69
35 72
35 73
35 74
35 78
35 80
35 81
35 82
35 83
35 84
35 87
35 92
35 96
36 41
36 42
36 43
36 44
36 45
36 46
36 50
36 54
36 55
36 57
36 58
36 59
36 60
36 62
36 68
36 70
36 71
36 74
36 76
36 78
36 79
36 80
36 85
36 87
36 89
36 90
36 91
36 92
36 94
36 96
36 98
36 99
37 38
37 39
37 40
37 42
37 43
37 44
37 49
37 53
37 54
37 55
37 60
37 63
37 65
37 66
37 67
37 69
37 70
37 71
37 72
37 75
37 76
37 77
37 81
37 86
37 88
37 89
37 90
37 91
37 92
37 93
37 94
37 96
37 97
37 98
37 99
38 39
38 42
38 43
38 45
38 46
38 47
38 49
38 50
38 51
38 52
38 55
38 56
38 57
38 60
38 61
38 62
38 64
38 66
38 70
38 73
38 78
38 81
38 82
38 83
38 85
38 86
38 87
38 90
38 91
38 96
38 97
38 98
39 40
39 42
39 45
39 46
39 47
39 50
39 51
39 52
39 54
39 59
39 61
39 62
39 63
39 64
39 65
39 66
39 70
39 71
39 73
39 74
39 75
39 76
39 78
39 80
39 81
39 83
39 84
39 85
39 86
39 90
39 91
39 92
39 93
39 94
39 97
39 98
40 44
40 50
40 51
40 54
40 56
40 60
40 61
40 65
40 68
40 70
40 71
40 74
40 77
40 78
40 80
40 82
40 86
40 87
40 89
40 90
40 94
41 46
41 47
41 48
41 49
41 52
41 55
41 56
41 59
41 61
41 62
41 65
41 66
41 67
41 68
41 70
41 71
41 72
41 74
41 79
41 80
41 81
41 83
41 84
41 85
41 86
41 87
41 88
41 94
41 96
41 97
41 98
41 99
42 44
42 45
42 50
42 52
42 53
42 54
42 56
42 59
42 61
42 63
42 64
42 66
42 68
42 69
42 72
42 73
42 75
42 76
42 78
42 81
42 83
42 84
42 87
42 88
42 89
42 91
42 92
42 96
43 44
43 45
43 47
43 48
43 50
43 51
43 53
43 56
43 57
43 59
43 60
43 61
43 62
43 63
43 64
43 67
43 71
43 72
43 73
43 74
43 82
43 83
43 84
43 87
43 88
43 90
43 91
43 92
43 93
43 94
43 95
43 96
43 97
44 49
44 55
44 60
44 61
44 68
44 69
44 72
44 75
44 80
44 85
44 87
44 93
44 94
44 95
44 97
44 99
45 46
45 47
45 48
45 50
45 52
45 53
45 54
45 55
45 56
45 57
45 58
45 62
45 64
45 65
45 66
45 68
45 69
45 73
45 74
45 77
45 81
45 82
45 89
45 97
45 99
46 47
46 48
46 50
46 51
46 53
46 55
46 59
46 60
46 62
46 67
46 68
46 69
46 70
46 71
46 72
46 75
46 78
46 80
46 82
46 83
46 87
46 88
46 91
46 93
46 94
46 95
46 96
46 97
46 99
47 48
47 49
47 51
47 53
47 55
47 56
47 59
47 60
47 63
47 65
47 66
47 69
47 72
47 73
47 75
47 76
47 78
47 80
47 81
47 86
47 89
47 90
47 94
47 95
47 96
47 98
48 51
48 53
48 54
48 55
48 56
48 59
48 62
48 63
48 66
48 68
48 70
48 71
48 75
48 76
48 77
48 79
48 83
48 84
48 85
48 89
48 90
48 91
48 92
48 94
48 96
48 97
49 52
49 54
49 56
49 57
49 58
49 62
49 63
49 66
49 68
49 71
49 72
49 78
49 79
49 80
49 83
49 85
49 87
49 91
49 92
49 96
49 97
49 98
50 53
50 55
50 56
50 58
50 60
50 61
50 70
50 71
50 72
50 76
50 80
50 81
50 82
50 83
50 84
50 87
50 92
50 93
50 94
50 96
50 98
50 99
51 52
51 55
51 58
51 59
51 64
51 65
51 66
51 67
51 68
51 70
51 74
51 75
51 76
51 78
51 79
51 80
51 83
51 85
51 86
51 90
51 92
51 95
51 96
51 97
51 98
52 55
52 56
52 57
52 58
52 59
52 60
52 63
52 66
52 68
52 70
52 72
52 76
52 78
52 81
52 83
52 85
52 86
52 87
52 88
52 91
52 93
52 96
52 97
53 54
53 55
53 59
53 61
53 70
53 71
53 73
53 74
53 76
53 77
53 79
53 80
53 82
53 83
53 87
53 89
53 90
53 91
53 93
53 94
53 97
54 56
54 57
54 59
54 62
54 65
54 66
54 67
54 68
54 69
54 71
54 72
54 74
54 75
54 76
54 77
54 82
54 85
54 86
54 87
54 88
54 90
54 92
54 94
54 95
54 97
54 98
54 99
55 56
55 63
55 64
55 66
55 67
55 68
55 72
55 73
55 74
55 79
55 81
55 83
55 85
55 86
55 88
55 90
55 92
55 94
55 95
55 98
56 59
56 63
56 66
56 67
56 74
56 77
56 79
56 82
56 83
56 85
56 86
56 87
56 88
56 90
56 91
56 92
56 93
56 94
56 95
56 97
57 59
57 61
57 62
57 63
57 65
57 67
57 68
57 69
57 71
57 72
57 76
57 77
57 78
57 79
57 80
57 81
57 82
57 85
57 86
57 88
57 89
57 94
57 96
57 97
57 99
58 63
58 64
58 65
58 66
58 67
58 71
58 73
58 74
58 76
58 77
58 78
58 79
58 81
58 82
58 86
58 88
58 90
58 91
58 94
58 95
58 99
59 60
59 61
59 63
59 64
59 67
59 68
59 69
59 74
59 76
59 78
59 81
59 85
59 87
59 91
59 92
59 93
59 95
59 96
60 65
60 66
60 67
60 68
60 69
60 72
60 74
60 76
60 77
60 81
60 83
60 85
60 87
60 91
60 92
60 95
60 99
61 63
61 65
61 66
61 67
61 68
61 70
61 71
61 72
61 73
61 75
61 78
61 83
61 85
61 86
61 87
61 88
61 90
61 96
61 98
61 99
62 63
62 64
62 66
62 67
62 68
62 69
62 70
62 71
62 72
62 77
62 78
62 79
62 80
62 84
62 87
62 88
62 89
62 91
62 96
62 97
62 98
62 99
63 65
63 68
63 69
63 70
63 71
63 72
63 73
63 74
63 78
63 82
63 83
63 84
63 87
63 88
63 93
63 94
63 96
64 65
64 66
64 69
64 70
64 72
64 73
64 76
64 78
64 79
64 81
64 82
64 84
64 85
64 86
64 88
64 89
64 92
64 93
64 94
64 96
64 97
64 98
65 66
65 67
65 69
65 71
65 73
65 76
65 78
65 79
65 82
65 83
65 84
65 86
65 87
65 91
65 92
65 93
66 68
66 69
66 70
66 71
66 75
66 76
66 78
66 79
66 80
66 82
66 83
66 84
66 88
66 90
66 95
66 96
66 98
67 68
67 70
67 72
67 74
67 78
67 79
67 80
67 82
67 84
67 88
67 89
67 90
67 92
67 93
67 94
67 96
67 97
68 71
68 72
68 73
68 74
68 75
68 77
68 79
68 80
68 81
68 84
68 85
68 86
68 93
68 94
68 95
68 96
69 73
69 75
69 77
69 79
69 82
69 83
69 87
69 89
69 90
69 91
69 92
69 94
69 95
69 96
69 99
70 72
70 75
70 76
70 78
70 79
70 80
70 82
70 83
70 85
70 86
70 87
70 88
70 89
70 91
70 92
70 94
70 96
70 97
70 98
71 74
71 75
71 78
71 83
71 84
71 86
71 88
71 90
71 91
71 92
71 93
71 98
71 99
72 74
72 78
72 79
72 80
72 81
72 82
72 84
72 85
72 86
72 87
72 93
72 98
72 99
73 74
73 75
73 76
73 77
73 78
73 82
73 83
73 86
73 88
73 90
73 91
73 93
73 95
73 96
73 97
74 76
74 79
74 81
74 84
74 85
74 87
74 89
74 90
74 91
74 95
74 98
75 77
75 78
75 80
75 81
75 82
75 84
75 85
75 86
75 87
75 88
75 89
75 90
75 92
75 94
75 95
75 97
75 98
76 81
76 82
76 84
76 89
76 90
76 91
76 92
76 94
76 97
77 78
77 79
77 80
77 82
77 83
77 85
77 86
77 88
77 92
77 95
77 98
77 99
78 82
78 85
78 87
78 88
78 93
78 94
78 96
79 80
79 81
79 83
79 85
79 86
79 87
79 91
79 94
79 95
79 96
79 97
79 98
79 99
80 84
80 85
80 88
80 89
80 90
80 93
80 95
80 96
80 98
80 99
81 82
81 83
81 87
81 88
81 92
81 96
81 99
82 87
82 90
82 98
82 99
83 85
83 86
83 87
83 88
83 90
83 91
83 92
83 94
83 97
83 99
84 85
84 86
84 87
84 88
84 90
84 92
84 94
84 95
84 97
85 86
85 87
85 89
85 90
85 93
85 95
85 96
85 97
85 98
86 90
86 91
86 93
86 95
86 96
86 97
86 99
87 88
87 89
87 90
87 92
87 96
87 97
87 98
87 99
88 89
88 90
88 92
88 93
88 94
88 96
89 92
89 93
89 94
89 96
89 98
89 99
90 91
90 93
90 96
90 98
90 99
91 94
91 97
91 98
91 99
92 94
92 95
92 96
92 97
92 99
93 96
93 97
93 98
93 99
94 96
94 99
95 96
95 97
96 97
96 99
98 99
