0 5
0 7
0 9
0 11
0 14
0 18
0 19
0 22
0 25
0 26
0 29
0 30
0 33
0 36
0 37
0 38
0 39
0 41
0 42
0 43
0 45
0 48
0 50
0 52
0 53
0 54
0 57
0 62
0 64
0 65
0 68
0 74
0 75
0 76
0 79
0 82
0 83
0 86
0 87
0 88
0 89
0 91
0 93
0 95
0 98
1 3
1 5
1 7
1 12
1 14
1 15
1 17
1 21
1 24
1 25
1 27
1 28
1 29
1 30
1 37
1 39
1 41
1 45
1 46
1 48
1 51
1 53
1 55
1 56
1 57
1 59
1 62
1 64
1 67
1 71
1 73
1 77
1 78
1 82
1 84
1 85
1 88
1 89
1 90
1 91
1 92
1 95
1 96
1 98
1 99
2 3
2 5
2 6
2 8
2 9
2 14
2 16
2 18
2 19
2 21
2 25
2 26
2 29
2 30
2 31
2 35
2 37
2 38
2 40
2 43
2 51
2 52
2 53
2 54
2 55
2 60
2 61
2 64
2 65
2 67
2 69
2 72
2 76
2 81
2 84
2 86
2 87
2 88
2 89
2 90
2 91
2 94
2 96
2 97
2 98
3 4
3 5
3 7
3 8
3 10
3 12
3 13
3 14
3 15
3 16
3 17
3 19
3 20
3 23
3 26
3 28
3 29
3 32
3 33
3 34
3 36
3 39
3 42
3 44
3 46
3 47
3 48
3 51
3 56
3 60
3 63
3 64
3 66
3 68
3 69
3 70
3 72
3 73
3 74
3 76
3 77
3 78
3 83
3 88
3 89
3 90
3 92
3 96
3 97
4 9
4 12
4 14
4 15
4 18
4 19
4 20
4 22
4 23
4 25
4 27
4 31
4 32
4 33
4 37
4 38
4 40
4 41
4 44
4 45
4 46
4 47
4 49
4 50
4 51
4 56
4 57
4 58
4 59
4 62
4 64
4 65
4 67
4 71
4 73
4 76
4 80
4 81
4 82
4 83
4 86
4 88
4 89
4 94
4 95
4 96
4 97
4 98
4 99
5 7
5 8
5 12
5 17
5 18
5 20
5 22
5 23
5 25
5 31
5 33
5 34
5 37
5 39
5 40
5 43
5 45
5 47
5 48
5 51
5 53
5 55
5 56
5 57
5 58
5 68
5 74
5 78
5 82
5 83
5 85
5 86
5 87
5 91
5 92
5 94
5 97
5 98
6 9
6 12
6 13
6 16
6 17
6 19
6 21
6 22
6 23
6 25
6 26
6 29
6 31
6 33
6 35
6 37
6 38
6 40
6 41
6 43
6 44
6 47
6 52
6 54
6 56
6 58
6 59
6 62
6 63
6 64
6 66
6 70
6 73
6 74
6 76
6 78
6 79
6 81
6 84
6 85
6 89
6 90
6 93
6 94
6 99
7 9
7 10
7 14
7 15
7 19
7 21
7 26
7 30
7 31
7 35
7 37
7 40
7 41
7 44
7 45
7 46
7 48
7 52
7 54
7 56
7 57
7 58
7 59
7 60
7 61
7 62
7 65
7 68
7 70
7 71
7 80
7 83
7 87
7 88
7 90
7 92
7 93
7 99
8 9
8 12
8 13
8 16
8 18
8 19
8 22
8 23
8 25
8 30
8 31
8 34
8 38
8 39
8 40
8 41
8 42
8 43
8 44
8 45
8 46
8 48
8 49
8 54
8 55
8 56
8 57
8 58
8 59
8 60
8 61
8 62
8 63
8 66
8 70
8 73
8 74
8 76
8 78
8 82
8 87
8 89
8 90
8 93
8 97
8 98
9 11
9 13
9 16
9 18
9 19
9 21
9 22
9 26
9 28
9 30
9 32
9 34
9 38
9 39
9 40
9 45
9 46
9 47
9 48
9 49
9 50
9 51
9 53
9 56
9 58
9 60
9 61
9 62
9 63
9 64
9 65
9 67
9 73
9 75
9 78
9 79
9 80
9 82
9 83
9 85
9 86
9 87
9 88
9 92
9 94
9 96
10 12
10 13
10 14
10 15
10 18
10 19
10 20
10 21
10 23
10 24
10 27
10 28
10 29
10 30
10 31
10 32
10 35
10 37
10 40
10 42
10 45
10 47
10 48
10 50
10 52
10 53
10 59
10 60
10 64
10 65
10 67
10 68
10 70
10 71
10 73
10 76
10 77
10 81
10 83
10 85
10 88
10 89
10 90
10 92
10 94
10 99
11 14
11 15
11 16
11 17
11 18
11 21
11 22
11 23
11 24
11 25
11 30
11 31
11 35
11 36
11 39
11 40
11 43
11 44
11 46
11 51
11 52
11 56
11 57
11 58
11 63
11 64
11 66
11 67
11 69
11 72
11 75
11 76
11 78
11 81
11 83
11 84
11 85
11 87
11 90
11 91
11 96
12 13
12 14
12 16
12 19
12 21
12 22
12 23
12 26
12 27
12 28
12 32
12 35
12 36
12 38
12 39
12 40
12 45
12 46
12 48
12 50
12 53
12 55
12 56
12 57
12 58
12 59
12 60
12 63
12 64
12 65
12 66
12 69
12 72
12 73
12 74
12 76
12 78
12 80
12 81
12 83
12 84
12 85
12 87
12 88
12 89
12 93
12 97
12 98
12 99
13 19
13 20
13 21
13 25
13 26
13 28
13 29
13 34
13 35
13 36
13 37
13 38
13 39
13 40
13 41
13 42
13 45
13 46
13 48
13 49
13 50
13 51
13 52
13 54
13 55
13 57
13 58
13 61
13 63
13 67
13 68
13 69
13 79
13 80
13 81
13 82
13 83
13 85
13 87
13 89
13 92
13 95
13 97
13 98
14 15
14 16
14 19
14 21
14 22
14 24
14 26
14 27
14 32
14 35
14 38
14 39
14 42
14 43
14 44
14 47
14 48
14 49
14 53
14 56
14 57
14 58
14 61
14 64
14 65
14 66
14 67
14 68
14 69
14 73
14 74
14 76
14 78
14 79
14 80
14 82
14 84
14 87
14 92
14 93
14 94
14 95
14 96
14 97
14 98
15 16
15 20
15 24
15 27
15 28
15 32
15 37
15 38
15 39
15 40
15 46
15 47
15 49
15 51
15 53
15 54
15 58
15 59
15 61
15 67
15 71
15 73
15 75
15 77
15 78
15 79
15 90
15 93
15 94
15 97
15 99
16 19
16 21
16 22
16 23
16 24
16 26
16 28
16 30
16 31
16 32
16 36
16 37
16 39
16 40
16 41
16 42
16 44
16 45
16 46
16 52
16 53
16 55
16 57
16 58
16 59
16 60
16 61
16 62
16 63
16 64
16 66
16 68
16 69
16 71
16 73
16 74
16 75
16 76
16 81
16 84
16 85
16 86
16 87
16 91
16 93
16 95
16 97
16 99
17 19
17 21
17 24
17 26
17 27
17 28
17 29
17 31
17 32
17 35
17 42
17 44
17 46
17 49
17 51
17 52
17 54
17 55
17 58
17 59
17 61
17 63
17 64
17 67
17 68
17 72
17 79
17 81
17 83
17 84
17 86
17 87
17 91
17 92
17 93
17 94
17 95
17 96
18 20
18 21
18 23
18 24
18 27
18 28
18 29
18 30
18 32
18 33
18 35
18 37
18 38
18 39
18 40
18 42
18 44
18 46
18 47
18 51
18 52
18 56
18 66
18 69
18 70
18 75
18 78
18 82
18 84
18 85
18 89
18 92
18 93
18 94
18 96
18 97
18 98
18 99
19 20
19 21
19 22
19 23
19 25
19 26
19 29
19 32
19 33
19 35
19 36
19 37
19 39
19 40
19 41
19 42
19 43
19 44
19 45
19 46
19 48
19 49
19 50
19 51
19 56
19 57
19 58
19 60
19 63
19 67
19 71
19 72
19 74
19 76
19 77
19 80
19 84
19 85
19 87
19 89
19 91
19 92
19 93
19 94
19 95
19 97
19 98
20 21
20 22
20 24
20 26
20 27
20 29
20 30
20 37
20 38
20 41
20 43
20 44
20 45
20 49
20 52
20 54
20 56
20 60
20 61
20 62
20 64
20 65
20 67
20 68
20 71
20 73
20 75
20 80
20 82
20 84
20 85
20 86
20 88
20 89
20 90
20 94
20 95
20 97
20 98
21 22
21 24
21 25
21 27
21 31
21 33
21 34
21 36
21 39
21 40
21 43
21 45
21 47
21 48
21 50
21 51
21 52
21 53
21 54
21 55
21 60
21 61
21 63
21 64
21 65
21 67
21 69
21 71
21 74
21 75
21 76
21 78
21 79
21 80
21 81
21 82
21 85
21 86
21 87
21 92
21 93
21 94
21 96
21 97
22 23
22 28
22 29
22 30
22 32
22 33
22 34
22 38
22 39
22 40
22 41
22 43
22 45
22 46
22 48
22 50
22 51
22 55
22 56
22 57
22 58
22 61
22 64
22 65
22 69
22 73
22 74
22 75
22 76
22 77
22 83
22 85
22 86
22 89
22 91
22 92
22 94
22 95
22 98
22 99
23 28
23 32
23 33
23 34
23 37
23 39
23 40
23 41
23 42
23 44
23 45
23 46
23 49
23 54
23 57
23 58
23 62
23 65
23 66
23 67
23 68
23 69
23 71
23 74
23 76
23 79
23 82
23 83
23 85
23 86
23 89
23 91
23 92
23 94
23 95
23 97
24 25
24 27
24 28
24 29
24 31
24 32
24 33
24 35
24 37
24 38
24 39
24 40
24 44
24 46
24 47
24 50
24 54
24 58
24 59
24 61
24 66
24 69
24 71
24 72
24 74
24 75
24 77
24 78
24 80
24 81
24 87
24 93
24 94
24 96
24 97
24 98
24 99
25 26
25 27
25 29
25 32
25 33
25 36
25 39
25 40
25 42
25 44
25 45
25 47
25 50
25 52
25 53
25 57
25 60
25 61
25 63
25 64
25 70
25 71
25 76
25 79
25 81
25 82
25 84
25 85
25 87
25 88
25 92
25 93
25 94
25 95
25 96
25 97
26 27
26 30
26 32
26 34
26 36
26 38
26 40
26 41
26 43
26 45
26 46
26 49
26 50
26 51
26 52
26 53
26 56
26 59
26 61
26 63
26 64
26 66
26 67
26 69
26 72
26 74
26 75
26 78
26 79
26 83
26 84
26 85
26 86
26 88
26 90
26 92
26 93
26 95
26 97
27 29
27 30
27 32
27 34
27 38
27 39
27 42
27 48
27 49
27 50
27 52
27 53
27 55
27 58
27 59
27 61
27 69
27 71
27 73
27 75
27 76
27 77
27 80
27 83
27 85
27 88
27 89
27 90
27 91
27 92
27 94
27 96
27 97
27 98
27 99
28 29
28 31
28 32
28 33
28 34
28 36
28 38
28 41
28 43
28 44
28 45
28 48
28 50
28 54
28 55
28 56
28 57
28 59
28 60
28 62
28 64
28 69
28 72
28 75
28 76
28 78
28 80
28 82
28 83
28 85
28 86
28 87
28 88
28 89
28 90
28 92
28 93
28 94
28 96
28 97
28 98
28 99
29 32
29 36
29 39
29 41
29 43
29 44
29 45
29 46
29 47
29 49
29 53
29 55
29 60
29 62
29 65
29 66
29 70
29 73
29 74
29 75
29 77
29 79
29 80
29 81
29 84
29 87
29 88
29 89
29 91
29 93
29 94
29 96
29 99
30 31
30 32
30 33
30 34
30 35
30 37
30 38
30 39
30 40
30 41
30 45
30 46
30 48
30 51
30 53
30 54
30 56
30 57
30 59
30 61
30 62
30 64
30 67
30 68
30 69
30 70
30 75
30 77
30 78
30 79
30 86
30 88
30 90
30 91
30 92
30 93
30 94
30 98
31 32
31 34
31 35
31 41
31 42
31 44
31 45
31 46
31 49
31 51
31 52
31 54
31 57
31 58
31 59
31 63
31 66
31 67
31 68
31 69
31 71
31 72
31 75
31 77
31 80
31 81
31 82
31 84
31 85
31 86
31 88
31 90
31 91
31 92
31 93
31 95
32 35
32 36
32 37
32 38
32 40
32 42
32 43
32 50
32 57
32 60
32 64
32 65
32 66
32 69
32 71
32 75
32 77
32 84
32 86
32 87
32 93
32 94
32 95
32 96
32 97
32 98
33 34
33 35
33 36
33 37
33 40
33 42
33 44
33 45
33 46
33 47
33 50
33 53
33 54
33 55
33 57
33 59
33 66
33 67
33 68
33 69
33 73
33 75
33 77
33 78
33 80
33 81
33 83
33 84
33 85
33 88
33 89
33 90
33 92
33 94
33 95
33 99
34 35
34 37
34 38
34 39
34 41
34 45
34 47
34 48
34 50
34 52
34 53
34 55
34 56
34 60
34 63
34 66
34 68
34 69
34 71
34 72
34 73
34 74
34 75
34 77
34 78
34 80
34 82
34 83
34 85
34 89
34 91
34 93
34 96
34 97
34 98
34 99
35 37
35 38
35 39
35 40
35 43
35 48
35 50
35 51
35 53
35 54
35 59
35 60
35 61
35 63
35 64
35 68
35 70
35 72
35 73
35 74
35 75
35 76
35 78
35 80
35 81
35 82
35 84
35 86
35 87
35 88
35 89
35 90
35 94
35 95
35 97
35 99
36 39
36 40
36 41
36 42
36 45
36 47
36 53
36 54
36 55
36 58
36 59
36 60
36 63
36 64
36 68
36 69
36 70
36 72
36 73
36 75
36 76
36 77
36 79
36 81
36 83
36 84
36 85
36 86
36 89
36 92
36 95
36 96
37 39
37 40
37 41
37 43
37 44
37 45
37 47
37 48
37 49
37 50
37 51
37 52
37 53
37 55
37 56
37 58
37 60
37 67
37 70
37 71
37 72
37 73
37 82
37 85
37 86
37 89
37 93
37 95
38 39
38 41
38 42
38 43
38 45
38 46
38 47
38 49
38 51
38 54
38 55
38 56
38 57
38 58
38 59
38 60
38 67
38 68
38 73
38 74
38 77
38 79
38 80
38 82
38 83
38 84
38 85
38 91
38 93
38 94
38 96
38 97
38 98
39 43
39 46
39 47
39 49
39 51
39 52
39 56
39 57
39 58
39 59
39 65
39 66
39 71
39 75
39 76
39 80
39 82
39 86
39 90
39 93
39 95
39 96
39 97
40 41
40 42
40 43
40 45
40 47
40 50
40 51
40 53
40 55
40 57
40 58
40 59
40 61
40 62
40 63
40 64
40 66
40 67
40 69
40 72
40 74
40 77
40 78
40 82
40 83
40 84
40 87
40 89
40 90
40 93
40 94
40 95
40 97
40 99
41 46
41 49
41 50
41 52
41 54
41 56
41 58
41 60
41 62
41 63
41 64
41 67
41 70
41 71
41 74
41 76
41 78
41 79
41 80
41 81
41 84
41 85
41 86
41 87
41 88
41 93
41 95
41 96
41 97
41 98
42 43
42 49
42 52
42 56
42 58
42 59
42 60
42 61
42 62
42 64
42 65
42 67
42 68
42 71
42 72
42 74
42 75
42 78
42 79
42 81
42 82
42 84
42 87
42 90
42 92
42 98
42 99
43 45
43 46
43 49
43 51
43 52
43 55
43 58
43 62
43 65
43 66
43 67
43 68
43 71
43 72
43 73
43 79
43 81
43 82
43 83
43 85
43 86
43 89
43 93
43 94
43 95
43 96
43 97
43 98
43 99
44 46
44 47
44 49
44 50
44 51
44 52
44 53
44 54
44 56
44 57
44 58
44 59
44 60
44 61
44 62
44 63
44 64
44 66
44 69
44 71
44 72
44 74
44 76
44 77
44 79
44 81
44 82
44 90
44 91
44 96
45 46
45 47
45 50
45 52
45 53
45 55
45 58
45 59
45 60
45 61
45 62
45 63
45 65
45 67
45 68
45 69
45 74
45 75
45 80
45 82
45 83
45 88
45 89
45 91
45 92
45 93
45 94
45 95
45 96
45 98
46 48
46 50
46 51
46 52
46 56
46 58
46 59
46 61
46 62
46 68
46 70
46 73
46 75
46 79
46 80
46 81
46 82
46 84
46 85
46 88
46 91
46 98
47 50
47 52
47 53
47 54
47 57
47 58
47 59
47 60
47 61
47 62
47 63
47 64
47 66
47 67
47 71
47 75
47 76
47 78
47 79
47 81
47 83
47 84
47 85
47 86
47 87
47 88
47 89
47 90
47 92
47 95
47 96
47 98
47 99
48 51
48 52
48 55
48 56
48 57
48 58
48 59
48 61
48 66
48 67
48 70
48 71
48 74
48 75
48 77
48 79
48 82
48 84
48 85
48 86
48 87
48 88
48 93
48 94
48 96
48 97
48 99
49 53
49 55
49 57
49 58
49 59
49 60
49 62
49 63
49 65
49 67
49 68
49 69
49 70
49 71
49 73
49 76
49 82
49 85
49 88
49 92
49 94
49 98
50 51
50 52
50 58
50 59
50 60
50 61
50 62
50 63
50 64
50 67
50 70
50 71
50 73
50 75
50 76
50 80
50 82
50 84
50 86
50 88
50 89
50 91
50 93
50 94
50 97
50 99
51 58
51 59
51 61
51 63
51 65
51 66
51 67
51 68
51 70
51 73
51 74
51 75
51 77
51 81
51 82
51 83
51 85
51 87
51 88
51 89
51 90
51 92
51 93
51 94
51 97
51 98
51 99
52 58
52 62
52 67
52 69
52 70
52 72
52 74
52 75
52 76
52 78
52 79
52 81
52 82
52 83
52 84
52 85
52 86
52 88
52 89
52 90
52 92
52 93
52 94
52 97
52 99
53 54
53 61
53 63
53 64
53 67
53 68
53 69
53 71
53 72
53 76
53 77
53 78
53 79
53 83
53 84
53 86
53 88
53 89
53 94
53 99
54 57
54 65
54 66
54 68
54 69
54 70
54 72
54 73
54 75
54 78
54 79
54 80
54 82
54 84
54 85
54 86
54 88
54 89
54 90
54 93
54 95
54 97
55 56
55 58
55 62
55 66
55 67
55 68
55 70
55 71
55 73
55 76
55 85
55 86
55 87
55 89
55 91
55 92
55 93
55 95
55 97
55 98
55 99
56 64
56 65
56 67
56 68
56 70
56 73
56 74
56 75
56 78
56 80
56 83
56 84
56 87
56 90
56 94
56 95
56 96
56 98
56 99
57 61
57 64
57 65
57 66
57 67
57 68
57 69
57 73
57 74
57 75
57 76
57 77
57 80
57 81
57 82
57 84
57 85
57 88
57 90
57 91
57 93
57 96
57 98
58 60
58 61
58 62
58 64
58 65
58 68
58 76
58 77
58 78
58 79
58 80
58 81
58 82
58 83
58 84
58 86
58 87
58 89
58 90
58 93
58 94
58 97
58 99
59 62
59 65
59 66
59 69
59 70
59 71
59 72
59 76
59 78
59 81
59 82
59 85
59 86
59 87
59 88
59 89
59 90
59 94
59 95
59 96
59 99
60 63
60 64
60 65
60 67
60 69
60 70
60 71
60 72
60 73
60 75
60 76
60 79
60 83
60 84
60 85
60 86
60 87
60 89
60 94
60 98
60 99
61 64
61 67
61 69
61 70
61 74
61 76
61 80
61 82
61 83
61 84
61 87
61 88
61 90
61 92
61 95
61 97
61 98
61 99
62 63
62 65
62 68
62 69
62 74
62 76
62 78
62 79
62 81
62 83
62 84
62 85
62 86
62 89
62 90
62 91
62 92
62 96
62 97
62 99
63 66
63 67
63 68
63 70
63 72
63 74
63 75
63 76
63 79
63 82
63 84
63 86
63 87
63 89
63 90
63 91
63 92
63 94
63 96
63 97
63 98
64 66
64 67
64 68
64 70
64 71
64 72
64 73
64 75
64 76
64 78
64 80
64 81
64 86
64 87
64 89
64 90
64 92
64 97
64 98
64 99
65 66
65 68
65 69
65 70
65 73
65 76
65 80
65 81
65 82
65 83
65 85
65 86
65 87
65 88
65 89
65 90
65 93
65 96
65 98
66 69
66 73
66 77
66 80
66 81
66 85
66 86
66 88
66 89
66 90
66 93
66 95
66 96
66 98
66 99
67 68
67 69
67 71
67 78
67 79
67 80
67 81
67 84
67 86
67 89
67 91
67 97
67 99
68 69
68 70
68 74
68 77
68 80
68 82
68 83
68 84
68 86
68 88
68 92
68 93
68 94
68 95
68 96
68 97
68 99
69 71
69 72
69 73
69 74
69 75
69 76
69 77
69 78
69 79
69 80
69 82
69 83
69 84
69 86
69 88
69 90
69 91
69 92
69 93
69 96
69 99
70 72
70 76
70 77
70 78
70 81
70 82
70 84
70 85
70 87
70 88
70 89
70 90
70 91
70 93
70 95
70 96
70 97
70 98
71 72
71 76
71 78
71 81
71 82
71 86
71 87
71 88
71 93
71 96
71 97
72 73
72 74
72 76
72 77
72 80
72 81
72 82
72 83
72 85
72 86
72 89
72 92
72 93
72 94
72 98
73 76
73 77
73 80
73 82
73 83
73 85
73 86
73 90
73 92
73 93
73 95
73 96
73 97
73 98
74 75
74 78
74 79
74 80
74 81
74 82
74 85
74 89
74 91
74 94
74 95
74 96
75 77
75 78
75 79
75 82
75 83
75 87
75 88
75 90
75 91
75 94
75 96
75 98
76 77
76 79
76 80
76 87
76 91
76 92
76 94
76 99
77 79
77 83
77 88
77 92
77 93
77 96
77 97
78 79
78 80
78 81
78 83
78 86
78 89
78 92
78 94
78 95
78 97
78 98
79 81
79 82
79 85
79 87
79 88
79 89
79 92
79 93
79 96
79 99
80 82
80 86
80 87
80 90
80 91
80 92
80 94
80 96
80 98
80 99
81 84
81 86
81 88
81 90
81 91
81 92
81 95
81 96
81 97
81 99
82 83
82 86
82 87
82 88
82 90
82 94
82 95
82 96
82 97
82 99
83 84
83 87
83 89
83 90
83 91
83 95
83 96
83 97
84 85
84 88
84 89
84 91
84 93
84 96
84 97
84 99
85 88
85 91
85 92
85 94
85 95
85 96
85 97
86 87
86 90
86 91
86 93
86 98
87 89
87 90
87 91
87 93
87 94
87 95
87 96
88 91
88 92
88 93
88 94
88 95
88 98
89 90
89 92
89 94
89 96
89 98
90 92
90 94
90 96
90 99
91 93
91 96
91 97
91 98
91 99
92 93
92 96
92 97
92 98
92 99
93 95
93 99
95 96
95 98
95 99
96 97
96 98
97 98
