0 1
0 3
0 5
0 8
0 10
0 11
0 13
0 14
0 15
0 16
0 17
0 20
0 21
0 24
0 25
0 28
0 31
0 32
0 33
0 35
0 38
0 39
0 40
0 41
0 42
0 44
0 45
0 46
0 48
0 61
0 64
0 66
0 67
0 69
0 70
0 72
0 73
0 74
0 75
0 77
0 78
0 80
0 84
0 85
0 87
0 91
0 93
0 95
0 98
1 4
1 7
1 12
1 13
1 15
1 17
1 19
1 20
1 21
1 24
1 25
1 27
1 30
1 35
1 36
1 43
1 44
1 45
1 48
1 51
1 52
1 53
1 55
1 56
1 57
1 61
1 62
1 65
1 69
1 72
1 73
1 75
1 76
1 79
1 80
1 81
1 84
1 86
1 88
1 89
1 93
1 97
1 98
1 99
2 3
2 9
2 16
2 23
2 24
2 26
2 30
2 32
2 38
2 39
2 41
2 45
2 47
2 48
2 50
2 51
2 52
2 53
2 54
2 56
2 58
2 60
2 64
2 66
2 69
2 70
2 71
2 77
2 78
2 80
2 82
2 85
2 87
2 88
2 90
2 93
2 96
2 99
3 4
3 5
3 7
3 8
3 10
3 12
3 13
3 17
3 18
3 24
3 26
3 29
3 30
3 31
3 34
3 36
3 37
3 39
3 42
3 43
3 45
3 51
3 55
3 57
3 58
3 66
3 68
3 72
3 73
3 74
3 77
3 80
3 82
3 84
3 85
3 88
3 90
3 99
4 6
4 7
4 14
4 17
4 19
4 20
4 21
4 23
4 25
4 26
4 27
4 28
4 29
4 30
4 32
4 33
4 36
4 38
4 41
4 42
4 43
4 44
4 48
4 49
4 50
4 53
4 54
4 55
4 56
4 59
4 60
4 61
4 66
4 67
4 69
4 70
4 71
4 73
4 75
4 80
4 84
4 86
4 91
4 94
4 95
4 96
4 97
4 99
5 9
5 10
5 11
5 12
5 14
5 16
5 19
5 20
5 24
5 30
5 32
5 33
5 37
5 42
5 43
5 44
5 47
5 49
5 50
5 53
5 54
5 55
5 56
5 57
5 61
5 64
5 65
5 66
5 67
5 72
5 73
5 74
5 75
5 76
5 78
5 80
5 83
5 84
5 86
5 89
5 97
5 99
6 9
6 10
6 11
6 14
6 21
6 24
6 25
6 26
6 27
6 28
6 30
6 33
6 34
6 36
6 37
6 38
6 40
6 41
6 42
6 43
6 44
6 45
6 46
6 47
6 48
6 49
6 50
6 52
6 53
6 55
6 56
6 57
6 58
6 63
6 65
6 66
6 73
6 77
6 78
6 79
6 80
6 83
6 85
6 86
6 89
6 90
6 93
6 94
6 95
6 98
7 8
7 9
7 10
7 12
7 15
7 16
7 17
7 18
7 20
7 22
7 23
7 24
7 25
7 26
7 27
7 29
7 30
7 33
7 35
7 36
7 39
7 40
7 41
7 43
7 45
7 46
7 48
7 50
7 51
7 53
7 55
7 56
7 59
7 60
7 62
7 65
7 67
7 73
7 76
7 78
7 79
7 80
7 84
7 85
7 88
7 89
7 92
7 95
7 96
7 97
7 98
7 99
8 9
8 10
8 12
8 13
8 15
8 18
8 19
8 20
8 26
8 28
8 32
8 36
8 37
8 38
8 39
8 42
8 44
8 46
8 47
8 49
8 51
8 52
8 54
8 55
8 57
8 58
8 60
8 61
8 62
8 67
8 68
8 70
8 71
8 72
8 73
8 74
8 75
8 76
8 77
8 78
8 82
8 83
8 84
8 86
8 90
8 93
8 95
8 97
9 10
9 13
9 15
9 17
9 20
9 22
9 27
9 29
9 30
9 32
9 33
9 34
9 35
9 40
9 41
9 42
9 44
9 45
9 46
9 49
9 52
9 53
9 57
9 58
9 60
9 62
9 63
9 64
9 68
9 69
9 71
9 74
9 75
9 77
9 79
9 80
9 86
9 87
9 88
9 90
9 91
9 92
9 93
9 94
9 96
9 97
9 99
10 12
10 13
10 19
10 20
10 24
10 26
10 28
10 29
10 30
10 32
10 36
10 39
10 41
10 42
10 43
10 44
10 46
10 47
10 48
10 52
10 54
10 57
10 58
10 59
10 62
10 67
10 68
10 69
10 71
10 72
10 74
10 76
10 79
10 80
10 83
10 84
10 86
10 87
10 88
10 89
10 92
10 94
11 17
11 18
11 19
11 20
11 21
11 24
11 27
11 28
11 29
11 31
11 32
11 33
11 34
11 37
11 39
11 41
11 42
11 43
11 44
11 46
11 48
11 49
11 51
11 52
11 55
11 56
11 57
11 58
11 60
11 65
11 67
11 69
11 70
11 72
11 73
11 74
11 77
11 78
11 79
11 82
11 83
11 87
11 89
11 90
11 92
11 94
11 96
11 99
12 13
12 17
12 18
12 21
12 23
12 24
12 25
12 27
12 28
12 31
12 32
12 37
12 38
12 39
12 40
12 42
12 44
12 47
12 48
12 49
12 50
12 51
12 52
12 53
12 57
12 58
12 60
12 61
12 62
12 63
12 64
12 65
12 66
12 67
12 68
12 69
12 71
12 72
12 74
12 75
12 77
12 79
12 80
12 81
12 82
12 84
12 85
12 86
12 87
12 89
12 93
13 16
13 21
13 22
13 24
13 25
13 26
13 27
13 31
13 34
13 39
13 42
13 44
13 46
13 50
13 52
13 56
13 57
13 60
13 61
13 63
13 64
13 65
13 70
13 72
13 74
13 76
13 77
13 78
13 80
13 82
13 84
13 85
13 86
13 87
13 89
13 92
13 93
13 95
13 97
13 98
13 99
14 15
14 16
14 17
14 18
14 19
14 20
14 22
14 25
14 27
14 28
14 30
14 31
14 34
14 36
14 39
14 40
14 41
14 43
14 44
14 45
14 46
14 48
14 49
14 51
14 52
14 53
14 54
14 57
14 58
14 59
14 62
14 63
14 64
14 66
14 67
14 69
14 70
14 71
14 73
14 78
14 79
14 83
14 84
14 86
14 90
15 16
15 19
15 20
15 22
15 23
15 27
15 30
15 37
15 40
15 41
15 42
15 43
15 44
15 45
15 46
15 47
15 48
15 50
15 51
15 52
15 57
15 58
15 59
15 61
15 62
15 65
15 68
15 71
15 72
15 74
15 76
15 79
15 84
15 87
15 89
15 91
15 93
15 95
15 96
15 98
16 17
16 19
16 20
16 24
16 25
16 26
16 29
16 35
16 36
16 38
16 41
16 42
16 45
16 46
16 49
16 50
16 52
16 53
16 54
16 56
16 58
16 62
16 63
16 66
16 69
16 70
16 71
16 73
16 74
16 76
16 77
16 78
16 80
16 84
16 90
16 93
16 98
16 99
17 20
17 21
17 22
17 24
17 26
17 27
17 28
17 29
17 30
17 31
17 32
17 33
17 34
17 35
17 36
17 37
17 38
17 39
17 40
17 44
17 45
17 50
17 53
17 55
17 56
17 58
17 59
17 67
17 68
17 69
17 70
17 72
17 75
17 84
17 85
17 86
17 87
17 88
17 90
17 92
17 93
17 95
17 96
18 20
18 21
18 23
18 27
18 30
18 35
18 38
18 44
18 46
18 53
18 54
18 55
18 56
18 57
18 58
18 61
18 62
18 65
18 67
18 69
18 70
18 74
18 75
18 76
18 77
18 80
18 81
18 82
18 83
18 89
18 90
18 93
18 94
18 95
18 97
18 99
19 21
19 24
19 27
19 30
19 31
19 32
19 36
19 37
19 38
19 39
19 41
19 43
19 45
19 46
19 47
19 49
19 50
19 51
19 52
19 53
19 55
19 56
19 58
19 59
19 60
19 64
19 65
19 66
19 67
19 68
19 71
19 73
19 74
19 77
19 79
19 80
19 83
19 84
19 86
19 88
19 89
19 91
19 92
19 95
19 97
19 99
20 22
20 23
20 24
20 25
20 26
20 28
20 30
20 33
20 34
20 35
20 36
20 37
20 38
20 39
20 42
20 43
20 47
20 50
20 51
20 54
20 55
20 57
20 59
20 61
20 62
20 63
20 65
20 68
20 69
20 70
20 74
20 75
20 76
20 77
20 80
20 82
20 84
20 87
20 96
20 99
21 22
21 23
21 25
21 28
21 29
21 32
21 34
21 35
21 39
21 40
21 41
21 42
21 44
21 47
21 49
21 51
21 53
21 58
21 60
21 61
21 63
21 64
21 66
21 69
21 71
21 73
21 75
21 76
21 81
21 83
21 87
21 89
21 90
21 91
21 92
21 93
21 94
21 95
22 23
22 25
22 26
22 30
22 31
22 32
22 33
22 34
22 38
22 42
22 48
22 50
22 51
22 53
22 54
22 55
22 57
22 58
22 61
22 63
22 64
22 66
22 71
22 72
22 73
22 75
22 78
22 80
22 81
22 82
22 83
22 85
22 86
22 87
22 88
22 90
22 91
22 92
22 94
22 97
22 99
23 29
23 30
23 31
23 33
23 34
23 35
23 36
23 38
23 40
23 43
23 44
23 45
23 50
23 51
23 53
23 54
23 55
23 56
23 59
23 64
23 65
23 66
23 68
23 69
23 70
23 71
23 72
23 75
23 76
23 77
23 79
23 85
23 86
23 87
23 88
23 96
23 97
23 98
23 99
24 26
24 27
24 29
24 30
24 31
24 32
24 34
24 36
24 37
24 41
24 42
24 43
24 44
24 45
24 47
24 54
24 55
24 56
24 57
24 58
24 61
24 62
24 64
24 65
24 67
24 70
24 71
24 73
24 74
24 78
24 79
24 80
24 81
24 82
24 83
24 85
24 86
24 87
24 88
24 90
24 91
24 92
24 95
24 96
25 26
25 29
25 31
25 32
25 33
25 34
25 35
25 37
25 42
25 43
25 46
25 49
25 52
25 53
25 54
25 55
25 56
25 57
25 58
25 59
25 62
25 70
25 71
25 72
25 73
25 74
25 75
25 76
25 77
25 78
25 79
25 80
25 85
25 86
25 88
25 91
25 92
25 96
25 98
25 99
26 29
26 34
26 35
26 40
26 41
26 43
26 45
26 46
26 47
26 48
26 51
26 52
26 56
26 60
26 61
26 62
26 63
26 64
26 67
26 69
26 72
26 77
26 78
26 79
26 81
26 88
26 89
26 91
26 93
26 94
26 96
26 99
27 28
27 30
27 31
27 32
27 38
27 40
27 44
27 45
27 46
27 53
27 55
27 56
27 61
27 64
27 67
27 70
27 71
27 72
27 76
27 77
27 82
27 83
27 86
27 87
27 89
27 90
27 91
27 96
27 98
28 29
28 31
28 32
28 35
28 36
28 39
28 41
28 42
28 44
28 47
28 48
28 51
28 52
28 53
28 54
28 55
28 58
28 62
28 64
28 65
28 67
28 70
28 71
28 72
28 74
28 75
28 76
28 83
28 86
28 87
28 89
28 90
28 93
28 94
28 95
28 96
28 97
28 98
29 31
29 34
29 35
29 36
29 39
29 40
29 42
29 43
29 48
29 49
29 50
29 60
29 61
29 62
29 64
29 65
29 68
29 69
29 70
29 71
29 73
29 74
29 77
29 78
29 79
29 84
29 85
29 88
29 89
29 91
29 92
29 93
29 94
29 96
29 99
30 33
30 34
30 38
30 39
30 45
30 46
30 47
30 49
30 53
30 54
30 61
30 62
30 63
30 64
30 65
30 71
30 72
30 73
30 74
30 75
30 76
30 77
30 78
30 81
30 84
30 85
30 87
30 89
30 92
30 93
30 94
31 33
31 37
31 38
31 40
31 46
31 48
31 49
31 50
31 51
31 59
31 61
31 62
31 63
31 64
31 66
31 69
31 71
31 72
31 73
31 75
31 77
31 78
31 79
31 80
31 81
31 83
31 84
31 85
31 86
31 87
31 90
31 92
31 93
31 94
31 95
31 96
31 97
32 34
32 35
32 37
32 40
32 41
32 42
32 43
32 46
32 48
32 49
32 52
32 53
32 55
32 57
32 58
32 60
32 61
32 62
32 64
32 65
32 66
32 70
32 73
32 74
32 76
32 78
32 79
32 80
32 83
32 84
32 88
32 91
32 93
32 94
32 95
32 96
32 98
33 34
33 35
33 37
33 38
33 39
33 43
33 45
33 48
33 50
33 53
33 56
33 58
33 60
33 63
33 64
33 65
33 66
33 67
33 69
33 72
33 73
33 76
33 79
33 82
33 83
33 84
33 86
33 88
33 89
33 90
33 91
33 92
33 93
33 97
34 35
34 36
34 37
34 38
34 39
34 42
34 44
34 45
34 47
34 48
34 50
34 51
34 53
34 57
34 58
34 61
34 62
34 63
34 64
34 65
34 66
34 67
34 72
34 73
34 74
34 75
34 76
34 77
34 82
34 84
34 85
34 90
34 91
34 92
34 96
34 99
35 36
35 38
35 39
35 41
35 42
35 43
35 44
35 45
35 51
35 53
35 54
35 57
35 58
35 60
35 64
35 65
35 66
35 67
35 71
35 72
35 76
35 77
35 78
35 85
35 86
35 87
35 90
35 91
35 93
35 94
35 95
35 96
35 97
35 98
36 37
36 41
36 42
36 44
36 47
36 48
36 50
36 51
36 54
36 55
36 57
36 58
36 60
36 61
36 62
36 65
36 71
36 73
36 74
36 75
36 76
36 78
36 80
36 81
36 82
36 83
36 84
36 85
36 88
36 89
36 90
36 93
36 96
36 97
37 38
37 39
37 40
37 41
37 42
37 43
37 45
37 49
37 50
37 52
37 55
37 57
37 59
37 60
37 62
37 69
37 73
37 76
37 80
37 81
37 82
37 84
37 86
37 87
37 88
37 89
37 91
37 92
37 93
37 94
37 96
37 97
37 98
37 99
38 42
38 44
38 45
38 46
38 47
38 48
38 49
38 50
38 52
38 53
38 54
38 56
38 58
38 59
38 61
38 65
38 66
38 67
38 68
38 71
38 72
38 73
38 74
38 75
38 77
38 78
38 79
38 80
38 81
38 83
38 84
38 86
38 90
38 93
38 94
38 95
38 97
39 41
39 42
39 48
39 54
39 55
39 56
39 58
39 59
39 60
39 63
39 65
39 71
39 72
39 78
39 79
39 81
39 83
39 87
39 89
39 90
39 91
39 92
39 96
39 97
40 43
40 44
40 45
40 46
40 47
40 48
40 51
40 52
40 53
40 54
40 58
40 59
40 61
40 68
40 69
40 70
40 72
40 73
40 76
40 77
40 78
40 81
40 82
40 87
40 88
40 90
40 91
40 92
40 93
40 94
40 96
40 97
41 42
41 44
41 45
41 46
41 48
41 50
41 51
41 52
41 53
41 55
41 56
41 57
41 58
41 59
41 61
41 67
41 68
41 69
41 73
41 75
41 76
41 79
41 80
41 82
41 84
41 85
41 88
41 93
41 94
41 96
41 97
41 99
42 43
42 44
42 45
42 47
42 48
42 54
42 57
42 59
42 62
42 63
42 64
42 69
42 71
42 72
42 74
42 75
42 79
42 80
42 81
42 83
42 84
42 85
42 87
42 89
42 90
42 93
42 95
43 45
43 47
43 51
43 53
43 55
43 57
43 59
43 60
43 61
43 63
43 67
43 69
43 71
43 73
43 75
43 79
43 83
43 84
43 85
43 88
43 89
43 90
43 91
43 92
43 98
43 99
44 47
44 48
44 52
44 53
44 54
44 56
44 57
44 58
44 61
44 62
44 64
44 65
44 66
44 67
44 69
44 76
44 77
44 79
44 81
44 84
44 86
44 87
44 91
44 92
44 94
44 95
44 97
45 46
45 56
45 57
45 58
45 59
45 63
45 69
45 70
45 71
45 72
45 76
45 77
45 78
45 82
45 83
45 84
45 86
45 87
45 89
45 91
45 92
45 93
45 94
45 95
45 96
45 97
45 98
46 48
46 51
46 52
46 53
46 55
46 57
46 59
46 60
46 61
46 63
46 65
46 66
46 67
46 69
46 72
46 73
46 75
46 76
46 79
46 81
46 87
46 92
46 97
46 98
46 99
47 48
47 49
47 50
47 51
47 54
47 55
47 56
47 60
47 61
47 62
47 64
47 66
47 70
47 71
47 72
47 73
47 74
47 75
47 81
47 82
47 84
47 86
47 87
47 88
47 90
47 92
47 93
47 94
47 95
47 99
48 50
48 51
48 56
48 58
48 59
48 60
48 61
48 63
48 64
48 66
48 69
48 70
48 72
48 73
48 76
48 79
48 80
48 81
48 82
48 83
48 84
48 85
48 88
48 91
48 93
48 96
48 98
48 99
49 50
49 52
49 53
49 55
49 56
49 58
49 59
49 61
49 63
49 64
49 66
49 69
49 70
49 74
49 75
49 76
49 77
49 79
49 86
49 87
49 92
49 93
49 98
50 51
50 54
50 55
50 58
50 64
50 65
50 66
50 67
50 72
50 75
50 76
50 80
50 84
50 88
50 89
50 92
50 94
50 96
50 98
50 99
51 53
51 55
51 57
51 58
51 59
51 63
51 64
51 65
51 67
51 68
51 69
51 70
51 72
51 73
51 75
51 77
51 78
51 80
51 82
51 83
51 84
51 85
51 88
51 91
51 92
51 94
51 97
51 98
51 99
52 53
52 56
52 58
52 60
52 61
52 62
52 63
52 65
52 66
52 68
52 69
52 70
52 71
52 73
52 75
52 77
52 80
52 82
52 83
52 86
52 87
52 89
52 91
52 92
52 96
52 97
52 98
52 99
53 56
53 58
53 59
53 62
53 64
53 65
53 66
53 67
53 69
53 70
53 71
53 72
53 73
53 75
53 77
53 79
53 81
53 82
53 84
53 86
53 88
53 90
53 92
53 93
53 95
53 96
53 97
53 99
54 56
54 57
54 58
54 59
54 60
54 61
54 65
54 66
54 67
54 70
54 71
54 72
54 73
54 74
54 80
54 82
54 83
54 88
54 89
54 90
54 92
54 93
54 95
55 56
55 59
55 60
55 62
55 63
55 64
55 65
55 67
55 69
55 70
55 71
55 73
55 74
55 75
55 77
55 78
55 79
55 81
55 82
55 84
55 85
55 89
55 94
55 95
55 96
56 58
56 59
56 60
56 64
56 65
56 67
56 70
56 76
56 77
56 78
56 80
56 82
56 83
56 85
56 86
56 88
56 92
56 93
56 95
56 99
57 59
57 61
57 64
57 71
57 75
57 77
57 78
57 82
57 84
57 87
57 91
57 92
57 93
57 96
57 97
57 98
57 99
58 61
58 64
58 66
58 68
58 71
58 72
58 73
58 75
58 77
58 80
58 81
58 84
58 89
58 90
58 92
58 93
58 97
58 99
59 61
59 62
59 63
59 64
59 65
59 66
59 72
59 75
59 77
59 78
59 80
59 81
59 83
59 85
59 86
59 87
59 90
59 93
59 94
59 99
60 62
60 63
60 67
60 73
60 76
60 78
60 83
60 85
60 87
60 92
60 94
60 96
60 98
60 99
61 65
61 66
61 71
61 72
61 73
61 74
61 75
61 77
61 79
61 83
61 85
61 86
61 88
61 90
61 91
61 95
61 96
62 64
62 66
62 71
62 75
62 77
62 78
62 81
62 83
62 84
62 85
62 86
62 87
62 89
62 91
62 94
62 95
62 96
62 97
62 98
63 64
63 68
63 72
63 73
63 77
63 78
63 81
63 84
63 87
63 88
63 89
63 90
63 97
64 65
64 71
64 73
64 75
64 80
64 81
64 82
64 83
64 85
64 86
64 87
64 88
64 91
64 92
64 93
64 95
64 98
65 66
65 67
65 71
65 72
65 77
65 82
65 84
65 86
65 87
65 90
65 92
65 94
65 95
65 96
65 97
65 99
66 70
66 74
66 75
66 81
66 82
66 83
66 84
66 85
66 86
66 87
66 88
66 89
66 90
66 92
66 95
66 96
66 97
66 98
66 99
67 68
67 69
67 70
67 72
67 73
67 74
67 75
67 76
67 77
67 78
67 79
67 81
67 82
67 83
67 85
67 86
67 87
67 88
67 92
67 96
67 98
67 99
68 69
68 70
68 72
68 75
68 77
68 78
68 82
68 86
68 87
68 88
68 93
68 94
68 95
69 71
69 72
69 73
69 74
69 76
69 78
69 81
69 82
69 84
69 86
69 87
69 88
69 89
69 92
69 93
69 94
69 97
69 99
70 71
70 73
70 75
70 78
70 79
70 81
70 82
70 83
70 87
70 88
70 90
70 91
70 92
70 94
70 95
70 97
70 98
70 99
71 75
71 79
71 80
71 81
71 83
71 84
71 87
71 88
71 91
71 92
71 95
71 98
72 73
72 74
72 75
72 77
72 78
72 80
72 81
72 82
72 83
72 85
72 86
72 88
72 89
72 90
72 94
72 96
73 76
73 77
73 79
73 81
73 83
73 86
73 88
73 91
73 92
73 93
73 95
73 96
73 98
74 75
74 78
74 84
74 85
74 86
74 87
74 89
74 92
74 93
74 95
74 98
74 99
75 76
75 77
75 78
75 79
75 83
75 85
75 91
75 93
75 94
75 96
75 97
75 99
76 78
76 80
76 81
76 82
76 83
76 85
76 86
76 88
76 89
76 90
76 92
76 94
76 95
76 96
76 97
77 79
77 80
77 83
77 85
77 87
77 88
77 95
77 97
77 98
77 99
78 81
78 82
78 84
78 86
78 87
78 89
78 90
78 91
78 93
78 96
78 98
78 99
79 80
79 83
79 85
79 87
79 88
79 89
79 92
79 95
79 97
79 98
79 99
80 82
80 87
80 90
80 93
80 94
80 96
80 97
81 83
81 84
81 87
81 91
81 92
81 93
81 94
81 95
81 96
81 98
81 99
82 84
82 89
82 91
82 93
82 95
82 96
82 98
82 99
83 84
83 85
83 86
83 88
83 92
83 93
83 95
83 97
84 87
84 88
84 89
84 90
84 91
84 93
84 94
84 96
85 86
85 87
85 90
85 93
85 94
85 97
85 99
86 89
86 95
86 97
87 88
87 89
87 91
87 92
87 96
87 97
87 99
88 89
88 91
88 93
88 94
88 97
89 90
89 91
89 92
89 93
89 97
89 98
90 93
90 94
90 97
91 93
91 96
91 98
91 99
92 94
92 95
92 97
93 96
93 97
94 96
94 99
95 96
95 97
95 99
96 97
96 99
97 98
97 99
98 99
