0 1
0 2
0 5
0 7
0 9
0 10
0 11
0 14
0 15
0 16
0 17
0 18
0 21
0 24
0 26
0 27
0 28
0 29
0 31
0 32
0 33
0 34
0 37
0 38
0 39
0 43
0 44
0 45
0 46
0 50
0 51
0 52
0 58
0 59
0 61
0 62
0 63
0 64
0 69
0 70
0 73
0 74
0 75
0 76
0 77
0 79
0 82
0 83
0 85
0 86
0 88
0 89
0 94
0 96
0 97
0 98
0 99
1 2
1 4
1 6
1 8
1 9
1 12
1 13
1 14
1 15
1 17
1 18
1 19
1 21
1 22
1 24
1 25
1 26
1 27
1 28
1 30
1 31
1 32
1 35
1 41
1 43
1 44
1 46
1 48
1 49
1 52
1 53
1 55
1 57
1 58
1 59
1 60
1 61
1 63
1 66
1 68
1 69
1 70
1 71
1 72
1 75
1 76
1 77
1 79
1 83
1 84
1 85
1 86
1 87
1 89
1 90
1 92
1 93
1 94
1 95
1 96
1 98
1 99
2 3
2 6
2 10
2 13
2 14
2 17
2 23
2 25
2 26
2 27
2 29
2 31
2 32
2 33
2 34
2 38
2 41
2 44
2 46
2 49
2 50
2 51
2 60
2 61
2 64
2 65
2 66
2 67
2 68
2 69
2 72
2 74
2 78
2 79
2 80
2 82
2 83
2 85
2 89
2 91
2 94
2 96
2 97
2 98
2 99
3 5
3 6
3 7
3 9
3 13
3 14
3 15
3 16
3 17
3 18
3 19
3 20
3 24
3 25
3 26
3 30
3 32
3 34
3 37
3 38
3 41
3 42
3 43
3 44
3 45
3 46
3 47
3 48
3 49
3 50
3 51
3 53
3 54
3 56
3 57
3 60
3 61
3 67
3 72
3 74
3 76
3 85
3 86
3 87
3 88
3 89
3 91
3 92
3 94
3 96
3 97
3 98
4 7
4 8
4 12
4 14
4 19
4 24
4 25
4 26
4 28
4 30
4 31
4 32
4 33
4 34
4 35
4 36
4 40
4 45
4 46
4 50
4 54
4 56
4 59
4 62
4 63
4 64
4 65
4 67
4 68
4 71
4 72
4 75
4 77
4 82
4 83
4 85
4 88
4 89
4 90
4 92
4 93
4 98
4 99
5 6
5 7
5 9
5 12
5 16
5 18
5 19
5 20
5 25
5 27
5 30
5 31
5 32
5 33
5 39
5 40
5 41
5 42
5 44
5 45
5 48
5 51
5 52
5 53
5 54
5 56
5 58
5 59
5 60
5 66
5 71
5 72
5 77
5 78
5 80
5 81
5 82
5 83
5 84
5 87
5 88
5 89
5 90
5 92
5 99
6 8
6 9
6 10
6 11
6 13
6 16
6 18
6 19
6 21
6 25
6 28
6 29
6 31
6 33
6 39
6 40
6 41
6 44
6 45
6 46
6 49
6 50
6 53
6 55
6 58
6 62
6 63
6 64
6 66
6 69
6 70
6 72
6 73
6 74
6 77
6 78
6 80
6 84
6 86
6 88
6 89
6 90
6 92
6 93
6 94
6 95
6 96
7 8
7 11
7 13
7 14
7 19
7 30
7 33
7 35
7 36
7 37
7 38
7 39
7 41
7 42
7 46
7 47
7 49
7 50
7 52
7 53
7 54
7 58
7 59
7 60
7 61
7 64
7 67
7 70
7 71
7 73
7 75
7 82
7 85
7 86
7 88
7 89
7 93
7 94
7 95
7 96
7 97
7 99
8 11
8 17
8 18
8 19
8 20
8 22
8 23
8 24
8 28
8 29
8 30
8 33
8 34
8 37
8 38
8 41
8 44
8 49
8 50
8 51
8 52
8 53
8 55
8 56
8 58
8 59
8 61
8 63
8 64
8 67
8 70
8 71
8 72
8 73
8 74
8 76
8 82
8 83
8 84
8 86
8 87
8 88
8 89
8 94
8 97
8 98
8 99
9 11
9 13
9 15
9 16
9 18
9 27
9 29
9 32
9 33
9 35
9 37
9 38
9 42
9 43
9 47
9 50
9 52
9 54
9 56
9 58
9 61
9 63
9 66
9 67
9 70
9 72
9 77
9 81
9 82
9 85
9 88
9 90
9 91
9 92
9 93
9 95
10 13
10 14
10 15
10 16
10 19
10 20
10 21
10 24
10 25
10 28
10 30
10 36
10 37
10 40
10 42
10 43
10 44
10 46
10 50
10 51
10 55
10 56
10 59
10 60
10 61
10 62
10 63
10 64
10 65
10 66
10 67
10 70
10 72
10 73
10 75
10 77
10 78
10 81
10 83
10 85
10 86
10 87
10 89
10 90
10 91
10 92
10 93
10 94
10 95
10 96
10 97
11 12
11 13
11 16
11 18
11 20
11 24
11 27
11 29
11 36
11 37
11 38
11 39
11 43
11 48
11 50
11 52
11 55
11 57
11 59
11 62
11 63
11 65
11 67
11 68
11 70
11 71
11 74
11 76
11 77
11 79
11 80
11 86
11 87
11 88
11 90
11 91
11 96
11 97
12 13
12 14
12 15
12 17
12 20
12 21
12 23
12 24
12 25
12 32
12 36
12 38
12 41
12 45
12 46
12 50
12 51
12 53
12 55
12 57
12 58
12 63
12 65
12 67
12 68
12 70
12 71
12 72
12 73
12 75
12 78
12 80
12 82
12 83
12 87
12 88
12 90
12 96
12 99
13 14
13 17
13 18
13 21
13 23
13 25
13 26
13 27
13 29
13 31
13 32
13 34
13 36
13 37
13 38
13 39
13 40
13 41
13 43
13 44
13 47
13 49
13 54
13 57
13 58
13 59
13 60
13 61
13 63
13 64
13 66
13 67
13 68
13 69
13 71
13 72
13 75
13 77
13 78
13 81
13 82
13 85
13 91
13 92
13 94
13 96
13 97
13 98
13 99
14 16
14 19
14 20
14 22
14 25
14 32
14 33
14 41
14 42
14 45
14 49
14 50
14 51
14 52
14 53
14 55
14 58
14 59
14 60
14 61
14 64
14 65
14 70
14 74
14 77
14 78
14 82
14 85
14 89
14 90
14 92
14 93
14 94
14 96
14 97
14 98
14 99
15 16
15 17
15 20
15 22
15 24
15 25
15 26
15 28
15 30
15 31
15 35
15 36
15 38
15 39
15 40
15 41
15 45
15 46
15 47
15 48
15 51
15 54
15 60
15 64
15 65
15 66
15 68
15 69
15 73
15 74
15 76
15 77
15 79
15 83
15 84
15 85
15 86
15 87
15 88
15 89
15 90
15 92
15 95
15 96
15 99
16 19
16 20
16 24
16 25
16 26
16 27
16 28
16 29
16 32
16 33
16 34
16 37
16 38
16 41
16 42
16 45
16 46
16 47
16 49
16 50
16 51
16 52
16 53
16 54
16 56
16 57
16 58
16 59
16 61
16 62
16 65
16 67
16 68
16 73
16 75
16 76
16 82
16 84
16 87
16 89
16 90
16 91
16 92
16 93
16 95
16 96
16 97
16 98
16 99
17 19
17 24
17 26
17 30
17 31
17 32
17 40
17 43
17 44
17 46
17 48
17 49
17 51
17 52
17 57
17 58
17 59
17 60
17 61
17 62
17 66
17 70
17 72
17 73
17 74
17 76
17 77
17 79
17 80
17 81
17 84
17 85
17 87
17 88
17 89
17 90
17 92
17 93
17 97
18 19
18 21
18 22
18 26
18 30
18 33
18 34
18 35
18 39
18 40
18 45
18 48
18 50
18 51
18 55
18 56
18 57
18 60
18 61
18 63
18 65
18 66
18 68
18 69
18 71
18 74
18 75
18 76
18 77
18 78
18 79
18 80
18 82
18 83
18 84
18 86
18 87
18 88
18 89
18 90
18 94
18 95
18 96
18 97
18 98
19 22
19 24
19 25
19 26
19 28
19 29
19 30
19 31
19 32
19 37
19 39
19 44
19 45
19 46
19 50
19 51
19 52
19 53
19 54
19 58
19 59
19 60
19 66
19 67
19 69
19 72
19 80
19 81
19 82
19 83
19 84
19 86
19 88
19 89
19 90
19 91
19 96
20 21
20 24
20 25
20 26
20 32
20 34
20 35
20 36
20 40
20 41
20 43
20 47
20 51
20 53
20 56
20 58
20 61
20 62
20 66
20 67
20 68
20 69
20 71
20 72
20 73
20 74
20 75
20 77
20 79
20 80
20 85
20 86
20 87
20 88
20 93
20 96
20 97
21 22
21 31
21 32
21 33
21 35
21 38
21 39
21 41
21 43
21 46
21 47
21 50
21 52
21 53
21 54
21 55
21 61
21 62
21 64
21 70
21 72
21 73
21 76
21 77
21 78
21 79
21 80
21 83
21 85
21 86
21 90
21 91
21 92
21 93
21 94
21 95
21 97
21 98
21 99
22 24
22 25
22 26
22 27
22 29
22 32
22 36
22 38
22 39
22 40
22 43
22 45
22 46
22 49
22 50
22 58
22 59
22 60
22 62
22 63
22 64
22 65
22 66
22 68
22 70
22 71
22 72
22 73
22 74
22 75
22 76
22 78
22 79
22 81
22 89
22 94
22 95
23 25
23 27
23 28
23 31
23 32
23 33
23 37
23 38
23 39
23 40
23 41
23 45
23 48
23 52
23 53
23 54
23 55
23 56
23 57
23 59
23 60
23 62
23 63
23 64
23 67
23 69
23 70
23 71
23 76
23 78
23 79
23 83
23 84
23 85
23 88
23 89
23 91
23 92
23 93
23 94
23 95
23 96
23 99
24 27
24 28
24 31
24 32
24 33
24 35
24 37
24 38
24 40
24 43
24 47
24 50
24 53
24 54
24 55
24 56
24 58
24 60
24 62
24 68
24 71
24 73
24 74
24 76
24 78
24 80
24 81
24 82
24 85
24 87
24 90
24 93
24 94
24 96
25 28
25 30
25 31
25 32
25 33
25 34
25 35
25 37
25 38
25 39
25 40
25 41
25 45
25 46
25 50
25 53
25 58
25 60
25 61
25 63
25 65
25 66
25 68
25 69
25 70
25 72
25 75
25 78
25 81
25 82
25 86
25 88
25 89
25 91
25 92
25 93
25 96
25 97
25 99
26 28
26 30
26 33
26 35
26 37
26 44
26 45
26 48
26 49
26 50
26 51
26 56
26 58
26 63
26 65
26 68
26 72
26 73
26 74
26 80
26 81
26 84
26 85
26 86
26 87
26 89
26 90
26 91
26 92
26 96
26 98
27 28
27 29
27 32
27 33
27 35
27 36
27 37
27 39
27 40
27 44
27 48
27 49
27 51
27 53
27 59
27 64
27 66
27 69
27 72
27 75
27 76
27 78
27 82
27 84
27 85
27 88
27 89
27 92
27 95
27 96
27 97
27 99
28 29
28 30
28 31
28 34
28 36
28 37
28 38
28 39
28 40
28 42
28 43
28 45
28 46
28 47
28 48
28 51
28 52
28 53
28 54
28 55
28 56
28 57
28 61
28 63
28 64
28 65
28 66
28 73
28 74
28 75
28 77
28 78
28 80
28 82
28 84
28 86
28 87
28 90
28 92
28 95
29 30
29 31
29 33
29 34
29 35
29 36
29 37
29 38
29 40
29 41
29 42
29 43
29 45
29 47
29 49
29 51
29 54
29 55
29 56
29 57
29 59
29 60
29 61
29 70
29 71
29 73
29 74
29 76
29 78
29 79
29 82
29 83
29 85
29 89
29 90
29 91
29 93
29 94
29 96
29 99
30 32
30 33
30 34
30 35
30 37
30 39
30 41
30 43
30 45
30 47
30 52
30 53
30 54
30 58
30 62
30 64
30 65
30 66
30 67
30 69
30 71
30 74
30 75
30 76
30 78
30 79
30 80
30 82
30 83
30 87
30 90
30 92
30 93
30 96
30 98
31 33
31 34
31 35
31 39
31 41
31 42
31 44
31 47
31 48
31 52
31 54
31 56
31 57
31 58
31 59
31 60
31 64
31 67
31 68
31 71
31 72
31 73
31 75
31 77
31 79
31 80
31 81
31 84
31 85
31 86
31 90
31 91
31 93
32 33
32 34
32 35
32 38
32 40
32 43
32 47
32 48
32 50
32 51
32 54
32 55
32 57
32 58
32 59
32 60
32 61
32 62
32 63
32 64
32 65
32 68
32 72
32 73
32 74
32 75
32 76
32 77
32 85
32 88
32 90
32 92
32 93
32 94
32 96
32 97
33 35
33 36
33 39
33 40
33 41
33 44
33 45
33 47
33 49
33 51
33 53
33 54
33 56
33 58
33 61
33 62
33 65
33 72
33 74
33 76
33 78
33 81
33 85
33 87
33 91
33 92
33 96
34 38
34 39
34 42
34 44
34 45
34 46
34 48
34 51
34 52
34 53
34 54
34 55
34 56
34 59
34 62
34 63
34 69
34 70
34 72
34 74
34 76
34 77
34 78
34 79
34 80
34 83
34 84
34 85
34 88
34 90
34 92
34 93
34 94
34 95
34 96
34 97
34 98
34 99
35 36
35 37
35 39
35 40
35 44
35 45
35 46
35 47
35 48
35 49
35 50
35 53
35 54
35 55
35 56
35 57
35 60
35 62
35 65
35 66
35 68
35 69
35 72
35 73
35 79
35 80
35 81
35 84
35 85
35 86
35 88
35 89
35 90
35 92
35 93
35 96
35 97
36 39
36 41
36 43
36 44
36 46
36 47
36 48
36 49
36 50
36 51
36 53
36 55
36 57
36 58
36 60
36 61
36 65
36 67
36 68
36 70
36 74
36 75
36 77
36 79
36 82
36 85
36 86
36 88
36 90
36 92
36 93
36 96
37 38
37 40
37 41
37 43
37 45
37 46
37 47
37 49
37 50
37 51
37 53
37 54
37 55
37 56
37 58
37 59
37 61
37 62
37 63
37 68
37 70
37 76
37 78
37 79
37 81
37 82
37 83
37 84
37 86
37 88
37 89
37 92
37 93
37 94
37 97
38 40
38 41
38 42
38 44
38 45
38 46
38 49
38 50
38 52
38 53
38 54
38 57
38 58
38 60
38 63
38 64
38 69
38 70
38 72
38 75
38 78
38 86
38 90
38 92
38 94
38 95
38 97
38 98
38 99
39 40
39 45
39 46
39 48
39 49
39 50
39 52
39 53
39 54
39 55
39 58
39 59
39 60
39 61
39 62
39 63
39 66
39 67
39 69
39 70
39 73
39 74
39 75
39 76
39 79
39 80
39 85
39 86
39 89
39 93
39 94
39 95
39 96
39 98
39 99
40 42
40 44
40 45
40 46
40 48
40 49
40 51
40 52
40 55
40 58
40 59
40 61
40 64
40 65
40 70
40 75
40 76
40 77
40 78
40 79
40 82
40 83
40 84
40 85
40 86
40 87
40 89
40 90
40 92
40 94
40 96
40 97
41 43
41 45
41 48
41 49
41 50
41 53
41 56
41 57
41 59
41 63
41 67
41 71
41 72
41 73
41 74
41 75
41 76
41 77
41 78
41 79
41 80
41 83
41 85
41 87
41 88
41 89
41 90
41 91
41 92
41 93
41 96
41 97
41 99
42 43
42 44
42 46
42 50
42 52
42 53
42 54
42 55
42 56
42 57
42 60
42 63
42 64
42 68
42 70
42 72
42 74
42 78
42 79
42 81
42 83
42 87
42 88
42 89
42 90
42 91
42 95
42 96
42 97
42 98
42 99
43 45
43 46
43 47
43 49
43 53
43 55
43 56
43 57
43 58
43 62
43 67
43 68
43 71
43 72
43 73
43 78
43 79
43 80
43 81
43 82
43 84
43 87
43 88
43 89
43 90
43 91
43 93
43 94
43 97
43 99
44 46
44 47
44 48
44 55
44 57
44 63
44 64
44 65
44 67
44 68
44 69
44 70
44 74
44 75
44 78
44 80
44 81
44 84
44 85
44 88
44 89
44 90
44 91
44 92
44 93
44 94
44 96
44 97
44 99
45 46
45 48
45 51
45 52
45 54
45 57
45 59
45 63
45 64
45 65
45 67
45 69
45 74
45 76
45 77
45 78
45 84
45 86
45 88
45 95
45 98
45 99
46 48
46 49
46 50
46 52
46 53
46 54
46 56
46 58
46 59
46 60
46 61
46 62
46 63
46 64
46 65
46 66
46 68
46 69
46 74
46 76
46 77
46 78
46 81
46 82
46 83
46 84
46 87
46 88
46 91
46 92
46 97
46 99
47 49
47 52
47 54
47 55
47 56
47 57
47 59
47 60
47 61
47 62
47 64
47 69
47 71
47 72
47 74
47 75
47 82
47 88
47 89
47 90
47 91
47 94
47 96
47 98
48 49
48 50
48 52
48 53
48 54
48 55
48 56
48 57
48 58
48 60
48 65
48 67
48 70
48 73
48 74
48 75
48 76
48 77
48 79
48 83
48 84
48 85
48 91
48 93
48 96
48 97
48 98
49 51
49 52
49 54
49 56
49 57
49 58
49 59
49 60
49 62
49 64
49 65
49 68
49 71
49 72
49 75
49 76
49 77
49 79
49 82
49 83
49 84
49 87
49 93
49 94
49 95
49 98
49 99
50 52
50 54
50 56
50 57
50 58
50 60
50 61
50 63
50 64
50 68
50 69
50 75
50 76
50 77
50 78
50 81
50 83
50 84
50 85
50 93
50 94
50 95
50 97
50 98
51 53
51 54
51 56
51 57
51 58
51 60
51 61
51 67
51 68
51 69
51 71
51 73
51 78
51 79
51 80
51 83
51 84
51 88
51 89
51 90
51 91
51 93
51 97
51 98
51 99
52 54
52 55
52 61
52 65
52 69
52 70
52 72
52 73
52 74
52 75
52 78
52 80
52 84
52 87
52 89
52 90
52 91
52 92
52 96
53 56
53 59
53 60
53 61
53 65
53 68
53 69
53 71
53 74
53 75
53 76
53 79
53 80
53 81
53 85
53 88
53 91
53 96
53 99
54 56
54 57
54 59
54 64
54 74
54 75
54 78
54 80
54 81
54 82
54 84
54 86
54 87
54 89
54 90
54 91
54 92
54 93
54 94
54 98
55 56
55 59
55 60
55 61
55 62
55 63
55 64
55 65
55 68
55 70
55 71
55 73
55 76
55 77
55 78
55 80
55 81
55 82
55 83
55 84
55 85
55 87
55 88
55 89
55 90
55 91
55 92
55 94
55 97
55 99
56 57
56 60
56 61
56 62
56 63
56 69
56 71
56 72
56 74
56 75
56 77
56 79
56 82
56 85
56 86
56 88
56 89
56 91
56 93
56 95
56 96
56 99
57 60
57 61
57 63
57 64
57 65
57 72
57 75
57 76
57 80
57 82
57 84
57 85
57 87
57 90
57 91
57 92
57 93
57 95
57 98
57 99
58 59
58 63
58 64
58 65
58 66
58 68
58 70
58 74
58 77
58 78
58 79
58 81
58 84
58 85
58 87
58 89
58 90
58 94
58 95
58 96
58 98
59 61
59 63
59 64
59 66
59 68
59 69
59 72
59 74
59 75
59 77
59 80
59 82
59 84
59 85
59 87
59 90
59 91
59 95
59 96
59 97
59 98
60 61
60 63
60 64
60 65
60 66
60 67
60 68
60 69
60 70
60 72
60 73
60 74
60 76
60 78
60 79
60 80
60 87
60 94
60 97
60 99
61 62
61 63
61 67
61 69
61 72
61 73
61 77
61 78
61 79
61 80
61 85
61 86
61 90
61 91
61 92
61 93
61 94
61 98
62 63
62 65
62 66
62 67
62 68
62 69
62 72
62 73
62 74
62 76
62 77
62 78
62 83
62 85
62 87
62 88
62 89
62 90
62 91
62 93
62 94
62 97
62 99
63 66
63 68
63 70
63 71
63 76
63 78
63 80
63 82
63 84
63 85
63 86
63 88
63 94
63 96
63 98
63 99
64 65
64 66
64 68
64 70
64 71
64 72
64 75
64 77
64 78
64 79
64 80
64 81
64 82
64 85
64 86
64 87
64 88
64 89
64 90
64 97
65 66
65 67
65 69
65 72
65 73
65 76
65 77
65 78
65 79
65 83
65 85
65 86
65 87
65 89
65 90
65 96
65 99
66 67
66 71
66 73
66 74
66 75
66 77
66 78
66 80
66 85
66 88
66 89
66 92
66 93
66 95
66 96
67 69
67 70
67 71
67 74
67 75
67 77
67 79
67 80
67 81
67 82
67 83
67 84
67 85
67 86
67 87
67 90
67 91
67 92
67 93
67 94
67 97
67 98
68 69
68 71
68 72
68 74
68 75
68 77
68 78
68 79
68 80
68 81
68 82
68 85
68 87
68 91
68 95
68 98
69 70
69 71
69 72
69 75
69 76
69 77
69 80
69 82
69 84
69 87
69 89
69 93
69 95
69 96
69 97
69 98
69 99
70 73
70 74
70 76
70 77
70 79
70 81
70 84
70 85
70 86
70 88
70 89
70 90
70 91
70 92
70 93
70 95
70 97
70 99
71 72
71 74
71 75
71 76
71 77
71 79
71 81
71 83
71 84
71 85
71 87
71 91
71 94
71 95
71 96
71 98
71 99
72 74
72 75
72 77
72 78
72 81
72 85
72 86
72 89
72 90
72 92
72 93
72 98
73 77
73 78
73 79
73 81
73 82
73 84
73 86
73 87
73 89
73 90
73 91
73 94
73 96
73 99
74 75
74 76
74 77
74 78
74 79
74 80
74 81
74 82
74 84
74 85
74 90
74 91
74 94
74 95
74 96
75 77
75 79
75 80
75 81
75 82
75 84
75 86
75 87
75 88
75 90
75 96
75 97
76 78
76 80
76 83
76 89
76 90
76 91
76 93
76 95
76 96
77 81
77 84
77 85
77 86
77 91
77 92
77 93
77 95
77 97
78 79
78 80
78 82
78 83
78 84
78 85
78 86
78 87
78 88
78 90
78 91
78 93
78 96
78 97
78 98
78 99
79 81
79 84
79 87
79 88
79 89
79 92
79 94
79 95
79 98
79 99
80 82
80 83
80 88
80 90
80 92
80 93
80 97
81 82
81 83
81 84
81 85
81 88
81 90
81 92
81 93
81 95
81 96
81 97
82 90
82 91
82 93
82 99
83 84
83 85
83 86
83 90
83 91
83 92
83 94
83 95
83 98
84 85
84 87
84 88
84 90
84 92
84 94
84 95
84 97
85 88
85 92
85 93
85 95
85 97
85 98
86 88
86 93
86 96
86 98
86 99
87 89
87 90
87 91
87 95
88 92
88 96
88 98
88 99
89 90
89 92
89 93
89 96
89 99
90 91
90 94
90 95
90 96
90 98
91 92
91 94
91 95
91 96
91 99
92 93
92 94
92 97
92 99
93 96
93 98
94 95
94 96
95 96
96 99
