0 4
0 5
0 6
0 7
0 8
0 9
0 10
0 12
0 14
0 16
0 18
0 19
0 23
0 24
0 25
0 27
0 29
0 32
0 34
0 36
0 39
0 40
0 41
0 42
0 45
0 46
0 49
0 50
0 51
0 53
0 54
0 56
0 57
0 58
0 59
0 60
0 61
0 62
0 64
0 65
0 70
0 71
0 73
0 74
0 75
0 76
0 77
0 82
0 85
0 87
0 89
0 90
0 92
0 94
0 95
0 97
0 98
0 99
1 3
1 4
1 5
1 9
1 10
1 11
1 12
1 13
1 14
1 15
1 16
1 17
1 19
1 20
1 22
1 23
1 24
1 26
1 27
1 29
1 31
1 37
1 41
1 42
1 43
1 45
1 47
1 48
1 49
1 51
1 53
1 54
1 58
1 59
1 61
1 62
1 64
1 65
1 66
1 71
1 73
1 77
1 79
1 83
1 86
1 87
1 88
1 90
1 92
1 94
1 95
1 97
2 4
2 5
2 7
2 9
2 10
2 14
2 16
2 18
2 23
2 24
2 25
2 26
2 30
2 31
2 36
2 37
2 38
2 39
2 40
2 41
2 43
2 45
2 46
2 47
2 48
2 49
2 50
2 51
2 55
2 57
2 62
2 63
2 64
2 66
2 68
2 69
2 71
2 73
2 74
2 75
2 79
2 80
2 81
2 83
2 84
2 86
2 87
2 89
2 90
2 92
2 94
2 95
2 96
2 98
2 99
3 6
3 7
3 8
3 9
3 11
3 14
3 16
3 18
3 19
3 20
3 21
3 23
3 24
3 25
3 26
3 28
3 29
3 32
3 36
3 39
3 41
3 43
3 48
3 50
3 51
3 53
3 54
3 57
3 58
3 60
3 61
3 66
3 68
3 69
3 70
3 71
3 72
3 73
3 74
3 78
3 80
3 82
3 83
3 84
3 86
3 88
3 89
3 90
3 91
3 92
3 93
3 95
4 5
4 9
4 11
4 16
4 19
4 25
4 27
4 28
4 30
4 32
4 33
4 37
4 38
4 39
4 41
4 45
4 48
4 50
4 51
4 52
4 53
4 55
4 56
4 57
4 60
4 63
4 64
4 66
4 67
4 68
4 69
4 70
4 71
4 73
4 74
4 75
4 76
4 78
4 80
4 83
4 84
4 86
4 87
4 89
4 90
4 94
4 97
4 98
4 99
5 6
5 7
5 8
5 10
5 11
5 14
5 16
5 18
5 19
5 20
5 21
5 22
5 25
5 26
5 29
5 31
5 33
5 39
5 40
5 42
5 43
5 44
5 48
5 49
5 51
5 52
5 55
5 57
5 60
5 61
5 62
5 63
5 67
5 69
5 71
5 79
5 85
5 89
5 92
5 93
5 94
5 95
5 96
5 98
5 99
6 9
6 10
6 12
6 18
6 22
6 24
6 27
6 31
6 32
6 34
6 37
6 38
6 39
6 40
6 43
6 44
6 46
6 47
6 50
6 52
6 53
6 56
6 61
6 62
6 67
6 69
6 70
6 71
6 72
6 74
6 75
6 76
6 77
6 80
6 82
6 83
6 85
6 89
6 90
6 94
6 99
7 8
7 9
7 11
7 12
7 13
7 14
7 16
7 19
7 20
7 24
7 26
7 30
7 32
7 35
7 36
7 37
7 38
7 42
7 43
7 45
7 46
7 50
7 51
7 56
7 58
7 59
7 62
7 64
7 65
7 66
7 69
7 70
7 72
7 73
7 74
7 75
7 77
7 78
7 79
7 81
7 85
7 86
7 87
7 88
7 89
7 91
7 92
7 93
7 94
7 95
7 96
7 97
7 98
8 12
8 13
8 16
8 23
8 26
8 27
8 28
8 30
8 32
8 33
8 41
8 42
8 43
8 44
8 45
8 46
8 51
8 52
8 54
8 55
8 56
8 57
8 59
8 61
8 63
8 65
8 66
8 67
8 69
8 70
8 72
8 73
8 74
8 75
8 77
8 78
8 80
8 83
8 84
8 88
8 89
8 90
8 91
8 92
8 93
8 96
8 97
8 99
9 10
9 11
9 12
9 14
9 16
9 17
9 18
9 19
9 21
9 22
9 24
9 25
9 32
9 34
9 35
9 36
9 37
9 40
9 42
9 43
9 44
9 45
9 47
9 49
9 50
9 51
9 52
9 53
9 54
9 55
9 56
9 58
9 60
9 61
9 62
9 66
9 67
9 68
9 69
9 72
9 79
9 80
9 81
9 82
9 83
9 85
9 88
9 89
9 90
9 93
9 94
9 96
9 99
10 12
10 13
10 14
10 15
10 16
10 17
10 18
10 19
10 20
10 21
10 24
10 25
10 31
10 39
10 41
10 43
10 44
10 45
10 49
10 51
10 52
10 53
10 54
10 55
10 56
10 57
10 58
10 59
10 60
10 61
10 64
10 65
10 69
10 70
10 72
10 73
10 76
10 78
10 79
10 80
10 84
10 87
10 88
10 92
10 98
10 99
11 14
11 16
11 17
11 18
11 20
11 23
11 25
11 26
11 27
11 28
11 31
11 33
11 34
11 35
11 37
11 40
11 43
11 45
11 46
11 47
11 50
11 52
11 53
11 56
11 58
11 61
11 65
11 66
11 69
11 71
11 75
11 76
11 77
11 78
11 79
11 83
11 89
11 92
11 94
11 95
11 97
12 15
12 16
12 17
12 18
12 20
12 21
12 22
12 24
12 26
12 28
12 30
12 33
12 34
12 35
12 36
12 39
12 40
12 41
12 42
12 43
12 44
12 45
12 46
12 48
12 51
12 57
12 62
12 63
12 66
12 69
12 70
12 71
12 73
12 76
12 78
12 79
12 80
12 81
12 83
12 84
12 86
12 87
12 88
12 89
12 90
12 91
12 92
12 93
12 94
12 99
13 14
13 15
13 16
13 18
13 21
13 26
13 28
13 31
13 32
13 37
13 38
13 40
13 41
13 45
13 46
13 47
13 48
13 50
13 52
13 53
13 54
13 60
13 61
13 62
13 65
13 66
13 69
13 70
13 71
13 78
13 79
13 84
13 87
13 90
13 92
13 93
13 95
13 96
13 97
13 99
14 15
14 16
14 17
14 18
14 19
14 20
14 22
14 23
14 27
14 28
14 30
14 36
14 38
14 40
14 42
14 43
14 44
14 45
14 47
14 50
14 51
14 55
14 57
14 58
14 60
14 64
14 65
14 66
14 70
14 74
14 75
14 76
14 77
14 78
14 81
14 82
14 84
14 88
14 91
14 92
14 95
14 96
14 98
15 16
15 18
15 22
15 23
15 28
15 31
15 38
15 42
15 43
15 47
15 50
15 52
15 54
15 59
15 60
15 62
15 65
15 66
15 67
15 69
15 70
15 71
15 72
15 73
15 74
15 75
15 76
15 80
15 81
15 82
15 85
15 86
15 89
15 93
15 94
15 95
15 96
15 98
15 99
16 17
16 19
16 20
16 23
16 24
16 26
16 35
16 36
16 40
16 43
16 45
16 46
16 47
16 49
16 50
16 51
16 53
16 55
16 56
16 57
16 59
16 60
16 61
16 62
16 64
16 66
16 67
16 68
16 73
16 74
16 77
16 78
16 81
16 82
16 83
16 85
16 89
16 90
16 91
16 92
16 96
16 98
16 99
17 21
17 23
17 25
17 26
17 28
17 29
17 31
17 32
17 33
17 43
17 44
17 50
17 54
17 58
17 61
17 63
17 65
17 66
17 70
17 71
17 73
17 74
17 77
17 78
17 79
17 81
17 82
17 84
17 88
17 89
17 90
17 91
17 93
17 98
17 99
18 19
18 21
18 22
18 23
18 25
18 31
18 33
18 35
18 37
18 39
18 41
18 42
18 43
18 44
18 45
18 48
18 49
18 50
18 51
18 52
18 54
18 55
18 56
18 58
18 59
18 61
18 62
18 64
18 65
18 68
18 69
18 70
18 79
18 83
18 85
18 86
18 87
18 89
18 93
18 94
18 96
18 98
19 20
19 22
19 27
19 28
19 29
19 30
19 32
19 35
19 38
19 40
19 47
19 49
19 51
19 52
19 55
19 57
19 61
19 65
19 68
19 69
19 73
19 74
19 75
19 76
19 77
19 81
19 83
19 84
19 85
19 86
19 88
19 89
19 90
19 91
19 94
19 95
19 98
19 99
20 21
20 24
20 26
20 28
20 30
20 31
20 35
20 39
20 40
20 41
20 43
20 47
20 48
20 49
20 51
20 53
20 55
20 56
20 57
20 58
20 59
20 60
20 66
20 67
20 69
20 72
20 74
20 75
20 77
20 78
20 79
20 80
20 84
20 86
20 91
20 92
20 95
20 96
20 97
20 98
21 23
21 24
21 25
21 27
21 28
21 30
21 31
21 37
21 39
21 41
21 42
21 43
21 44
21 45
21 47
21 49
21 50
21 52
21 54
21 56
21 57
21 58
21 59
21 61
21 63
21 65
21 69
21 73
21 74
21 77
21 79
21 81
21 82
21 83
21 84
21 90
21 94
21 95
21 97
21 99
22 23
22 31
22 33
22 34
22 35
22 37
22 39
22 40
22 43
22 45
22 46
22 50
22 51
22 52
22 53
22 58
22 61
22 62
22 63
22 65
22 66
22 67
22 69
22 70
22 73
22 74
22 76
22 77
22 79
22 80
22 82
22 83
22 84
22 87
22 91
22 92
22 95
23 25
23 28
23 32
23 33
23 34
23 35
23 37
23 39
23 40
23 41
23 42
23 44
23 45
23 48
23 50
23 53
23 54
23 55
23 56
23 57
23 58
23 59
23 61
23 63
23 64
23 67
23 69
23 70
23 71
23 73
23 75
23 76
23 77
23 79
23 81
23 82
23 84
23 85
23 86
23 88
23 93
23 96
23 97
23 98
23 99
24 25
24 26
24 27
24 28
24 30
24 32
24 33
24 34
24 37
24 38
24 39
24 40
24 41
24 43
24 44
24 48
24 50
24 51
24 54
24 58
24 63
24 64
24 65
24 68
24 72
24 73
24 74
24 75
24 76
24 77
24 80
24 81
24 82
24 85
24 86
24 87
24 88
24 90
24 92
24 93
25 27
25 29
25 35
25 38
25 40
25 41
25 43
25 44
25 45
25 46
25 49
25 52
25 56
25 57
25 59
25 60
25 61
25 65
25 66
25 70
25 74
25 76
25 77
25 79
25 80
25 81
25 82
25 85
25 88
25 89
25 91
25 92
25 93
25 95
25 98
26 30
26 31
26 34
26 35
26 36
26 38
26 40
26 45
26 49
26 50
26 54
26 57
26 58
26 59
26 62
26 63
26 64
26 65
26 67
26 68
26 71
26 73
26 75
26 76
26 77
26 78
26 81
26 84
26 86
26 88
26 90
26 91
26 92
26 94
26 95
26 98
26 99
27 28
27 31
27 32
27 34
27 42
27 44
27 45
27 47
27 51
27 53
27 56
27 57
27 59
27 60
27 62
27 67
27 68
27 69
27 71
27 72
27 74
27 76
27 78
27 79
27 80
27 81
27 82
27 85
27 86
27 87
27 89
27 91
27 93
27 94
27 95
27 97
27 98
27 99
28 29
28 30
28 32
28 34
28 35
28 36
28 37
28 41
28 42
28 43
28 45
28 46
28 49
28 52
28 54
28 60
28 61
28 62
28 66
28 67
28 72
28 78
28 79
28 82
28 83
28 89
28 91
28 92
28 93
28 95
28 97
28 98
28 99
29 30
29 34
29 35
29 36
29 38
29 40
29 41
29 43
29 44
29 47
29 49
29 51
29 52
29 54
29 55
29 56
29 57
29 59
29 60
29 64
29 66
29 68
29 69
29 72
29 74
29 75
29 78
29 82
29 84
29 86
29 89
29 90
29 91
29 92
29 93
29 94
29 96
29 98
30 33
30 34
30 35
30 36
30 37
30 38
30 42
30 45
30 48
30 53
30 57
30 59
30 60
30 61
30 63
30 64
30 68
30 70
30 71
30 72
30 78
30 81
30 83
30 84
30 87
30 91
30 92
30 93
30 94
30 96
30 99
31 32
31 33
31 35
31 36
31 38
31 43
31 44
31 47
31 48
31 50
31 51
31 53
31 54
31 56
31 57
31 58
31 59
31 60
31 64
31 65
31 66
31 69
31 70
31 81
31 82
31 83
31 93
31 94
31 95
31 96
31 97
31 98
31 99
32 33
32 34
32 35
32 37
32 39
32 41
32 42
32 43
32 49
32 51
32 54
32 56
32 57
32 58
32 59
32 60
32 64
32 65
32 70
32 74
32 76
32 80
32 81
32 84
32 86
32 88
32 91
32 94
33 34
33 36
33 37
33 38
33 40
33 44
33 45
33 49
33 52
33 53
33 55
33 57
33 60
33 61
33 64
33 66
33 67
33 69
33 71
33 75
33 76
33 80
33 82
33 84
33 88
33 90
33 92
33 95
33 97
33 99
34 36
34 37
34 39
34 45
34 47
34 50
34 52
34 53
34 56
34 58
34 60
34 63
34 66
34 70
34 71
34 72
34 73
34 75
34 76
34 77
34 79
34 80
34 84
34 86
34 87
34 88
34 89
34 91
34 93
34 94
34 95
35 38
35 42
35 43
35 45
35 46
35 48
35 50
35 52
35 55
35 57
35 59
35 62
35 66
35 68
35 71
35 72
35 73
35 74
35 75
35 76
35 77
35 78
35 80
35 82
35 83
35 85
35 87
35 89
35 91
35 92
35 94
35 97
35 99
36 39
36 41
36 42
36 43
36 53
36 54
36 55
36 56
36 58
36 59
36 60
36 63
36 66
36 67
36 71
36 72
36 74
36 76
36 78
36 79
36 81
36 82
36 83
36 84
36 86
36 89
36 91
36 94
36 95
36 96
37 43
37 50
37 52
37 53
37 54
37 56
37 57
37 62
37 64
37 68
37 70
37 71
37 72
37 73
37 76
37 77
37 78
37 79
37 80
37 81
37 92
37 94
37 96
37 97
37 98
37 99
38 42
38 47
38 48
38 50
38 51
38 52
38 55
38 56
38 58
38 59
38 62
38 69
38 70
38 71
38 73
38 75
38 76
38 78
38 79
38 82
38 85
38 88
38 90
38 91
38 92
38 94
39 40
39 42
39 44
39 45
39 46
39 48
39 50
39 51
39 53
39 54
39 58
39 59
39 60
39 61
39 62
39 64
39 65
39 70
39 71
39 73
39 75
39 79
39 80
39 81
39 82
39 85
39 88
39 89
39 91
39 96
39 97
39 98
40 41
40 44
40 45
40 48
40 49
40 50
40 51
40 53
40 56
40 57
40 58
40 60
40 62
40 64
40 67
40 68
40 70
40 76
40 77
40 78
40 80
40 82
40 83
40 84
40 85
40 88
40 90
40 91
40 93
40 95
40 97
40 99
41 43
41 46
41 47
41 48
41 49
41 53
41 54
41 56
41 58
41 64
41 65
41 67
41 68
41 70
41 72
41 77
41 79
41 80
41 81
41 84
41 87
41 88
41 89
41 90
41 93
41 94
41 97
41 98
42 44
42 46
42 48
42 52
42 53
42 56
42 58
42 59
42 60
42 61
42 64
42 67
42 68
42 71
42 74
42 77
42 78
42 83
42 84
42 86
42 87
42 88
42 90
42 91
42 92
42 93
42 94
42 96
42 98
42 99
43 44
43 45
43 46
43 47
43 48
43 50
43 51
43 53
43 58
43 59
43 60
43 61
43 62
43 63
43 65
43 66
43 67
43 68
43 70
43 71
43 73
43 74
43 78
43 79
43 80
43 81
43 82
43 85
43 87
43 89
43 91
43 93
43 94
43 96
43 97
43 98
44 45
44 46
44 48
44 51
44 52
44 53
44 54
44 55
44 59
44 61
44 62
44 64
44 65
44 66
44 68
44 69
44 72
44 74
44 75
44 79
44 90
44 92
44 99
45 47
45 51
45 56
45 59
45 61
45 62
45 63
45 64
45 70
45 71
45 72
45 73
45 75
45 77
45 80
45 82
45 83
45 86
45 92
45 94
45 98
46 48
46 50
46 57
46 58
46 62
46 66
46 67
46 68
46 69
46 71
46 74
46 79
46 86
46 87
46 88
46 90
46 93
46 97
46 98
47 48
47 52
47 53
47 54
47 56
47 58
47 59
47 61
47 62
47 63
47 68
47 73
47 75
47 77
47 79
47 80
47 83
47 84
47 86
47 87
47 88
47 89
47 90
47 91
47 92
47 94
47 97
47 98
48 49
48 52
48 53
48 54
48 56
48 57
48 59
48 60
48 65
48 68
48 70
48 74
48 76
48 79
48 81
48 83
48 85
48 87
48 88
48 89
48 93
48 96
48 97
48 98
49 51
49 53
49 55
49 58
49 60
49 61
49 64
49 68
49 69
49 70
49 71
49 75
49 76
49 78
49 79
49 80
49 83
49 85
49 86
49 89
49 91
49 92
49 97
49 99
50 51
50 52
50 53
50 56
50 57
50 58
50 60
50 61
50 65
50 66
50 69
50 70
50 71
50 73
50 75
50 77
50 78
50 79
50 81
50 82
50 83
50 84
50 86
50 87
50 88
50 89
50 90
50 93
50 95
50 97
50 98
50 99
51 53
51 60
51 63
51 64
51 65
51 68
51 69
51 70
51 72
51 73
51 75
51 76
51 79
51 86
51 87
51 88
51 89
51 90
51 91
51 93
51 94
51 95
51 96
51 97
51 98
51 99
52 53
52 54
52 57
52 58
52 59
52 62
52 68
52 76
52 77
52 79
52 80
52 81
52 82
52 83
52 84
52 85
52 87
52 90
52 91
52 94
52 95
52 97
52 99
53 56
53 57
53 58
53 60
53 63
53 64
53 66
53 73
53 75
53 76
53 78
53 80
53 81
53 84
53 85
53 88
53 89
53 90
53 91
53 95
53 98
54 62
54 63
54 65
54 66
54 67
54 74
54 76
54 77
54 80
54 81
54 83
54 86
54 89
54 90
54 91
54 92
54 93
54 97
54 98
55 56
55 57
55 58
55 59
55 60
55 62
55 63
55 64
55 66
55 67
55 68
55 70
55 74
55 78
55 79
55 80
55 81
55 82
55 83
55 85
55 89
55 90
55 92
55 93
55 97
56 59
56 61
56 66
56 69
56 71
56 72
56 73
56 76
56 77
56 78
56 81
56 82
56 83
56 87
56 89
56 91
56 95
56 99
57 63
57 68
57 72
57 76
57 77
57 79
57 81
57 82
57 84
57 86
57 88
57 91
57 95
57 97
57 98
57 99
58 61
58 65
58 66
58 73
58 75
58 78
58 80
58 82
58 84
58 89
58 90
58 93
58 96
58 98
58 99
59 62
59 65
59 66
59 67
59 70
59 73
59 75
59 77
59 78
59 80
59 82
59 83
59 86
59 87
59 90
59 92
59 93
59 95
59 99
60 61
60 62
60 63
60 64
60 66
60 67
60 68
60 72
60 74
60 75
60 76
60 80
60 83
60 86
60 89
60 90
60 91
60 92
60 94
60 96
60 98
61 69
61 73
61 75
61 78
61 80
61 81
61 82
61 83
61 84
61 85
61 86
61 88
61 89
61 90
61 91
61 92
61 93
61 94
61 96
61 98
61 99
62 63
62 64
62 66
62 67
62 69
62 72
62 74
62 75
62 77
62 79
62 80
62 86
62 91
62 92
62 93
63 65
63 70
63 76
63 82
63 84
63 85
63 87
63 88
63 89
63 90
63 91
63 93
63 94
63 97
63 98
64 68
64 69
64 70
64 72
64 75
64 77
64 79
64 82
64 84
64 89
64 90
64 92
64 93
64 95
64 96
65 66
65 67
65 69
65 70
65 75
65 77
65 79
65 80
65 81
65 82
65 83
65 84
65 85
65 87
65 88
65 89
65 94
65 95
65 97
66 68
66 76
66 79
66 81
66 83
66 84
66 85
66 86
66 89
66 90
66 96
66 97
67 68
67 69
67 70
67 71
67 72
67 73
67 77
67 78
67 79
67 81
67 84
67 85
67 88
67 89
67 91
67 92
67 93
67 95
67 96
67 99
68 70
68 73
68 75
68 76
68 77
68 78
68 79
68 80
68 81
68 82
68 85
68 87
68 88
68 92
68 93
68 94
69 70
69 71
69 74
69 77
69 78
69 79
69 82
69 83
69 85
69 87
69 89
69 90
69 93
69 95
69 96
69 98
69 99
70 71
70 75
70 77
70 78
70 80
70 81
70 83
70 84
70 85
70 86
70 88
70 89
70 90
70 92
70 93
70 95
70 99
71 72
71 74
71 75
71 78
71 79
71 80
71 81
71 83
71 84
71 85
71 87
71 88
71 90
71 91
71 92
71 97
72 73
72 76
72 77
72 78
72 80
72 81
72 82
72 83
72 84
72 87
72 88
72 89
72 90
72 91
72 94
72 97
72 98
72 99
73 75
73 76
73 78
73 85
73 86
73 87
73 90
73 93
73 94
73 96
73 99
74 76
74 80
74 81
74 82
74 89
74 90
74 92
74 93
74 97
75 76
75 77
75 78
75 79
75 81
75 82
75 86
75 88
75 89
75 91
75 94
75 98
75 99
76 77
76 80
76 86
76 88
76 89
76 95
76 98
77 80
77 83
77 85
77 87
77 88
77 89
77 91
77 92
77 93
77 95
77 97
77 98
78 79
78 85
78 86
78 87
78 88
78 89
78 91
78 92
78 94
78 95
78 96
78 97
78 98
79 80
79 85
79 86
79 89
79 90
79 91
79 92
79 93
79 97
80 81
80 82
80 83
80 84
80 88
80 91
80 94
80 95
80 96
80 97
80 98
80 99
81 82
81 83
81 84
81 87
81 88
81 89
81 91
81 92
81 93
81 96
81 98
82 83
82 85
82 88
82 90
82 93
82 94
82 95
82 98
83 87
83 89
83 91
83 92
83 93
83 97
83 99
84 85
84 86
84 87
84 91
84 93
84 94
84 97
85 86
85 88
85 89
85 90
85 91
85 94
85 98
85 99
86 87
86 89
86 90
86 93
86 94
86 97
86 98
87 92
88 89
88 96
88 97
88 98
88 99
89 90
89 92
89 95
89 97
89 99
90 96
90 99
91 94
91 95
92 93
93 96
93 97
93 99
94 95
94 98
95 96
95 98
96 97
96 98
97 99
