0 2
0 3
0 5
0 6
0 7
0 10
0 12
0 15
0 16
0 17
0 19
0 20
0 22
0 27
0 28
0 32
0 37
0 42
0 49
0 50
0 52
0 60
0 61
0 62
0 63
0 67
0 70
0 71
0 76
0 77
0 79
0 80
0 81
0 83
0 84
0 86
0 87
0 89
0 91
0 93
0 94
0 95
0 96
0 99
1 2
1 3
1 5
1 6
1 7
1 9
1 12
1 15
1 16
1 17
1 18
1 20
1 21
1 23
1 24
1 27
1 28
1 29
1 30
1 33
1 34
1 35
1 36
1 38
1 39
1 40
1 41
1 42
1 43
1 44
1 45
1 46
1 47
1 48
1 54
1 55
1 57
1 61
1 63
1 67
1 68
1 69
1 70
1 71
1 74
1 78
1 79
1 86
1 87
1 91
1 93
1 97
1 98
2 3
2 7
2 8
2 9
2 11
2 12
2 13
2 14
2 16
2 17
2 18
2 20
2 21
2 24
2 30
2 32
2 33
2 37
2 38
2 40
2 41
2 43
2 50
2 51
2 54
2 55
2 56
2 57
2 63
2 66
2 70
2 72
2 73
2 75
2 77
2 79
2 81
2 82
2 84
2 86
2 87
2 89
2 90
2 91
2 93
2 94
2 95
2 96
2 98
3 6
3 7
3 8
3 9
3 12
3 13
3 14
3 15
3 17
3 19
3 20
3 21
3 25
3 27
3 28
3 29
3 32
3 34
3 40
3 43
3 46
3 47
3 48
3 49
3 51
3 54
3 55
3 56
3 58
3 59
3 62
3 64
3 66
3 68
3 71
3 75
3 78
3 79
3 82
3 89
3 90
3 92
3 93
3 96
3 97
4 5
4 6
4 7
4 8
4 11
4 12
4 15
4 16
4 17
4 18
4 19
4 21
4 22
4 23
4 24
4 26
4 27
4 29
4 31
4 33
4 34
4 36
4 38
4 39
4 40
4 43
4 44
4 45
4 48
4 49
4 51
4 59
4 62
4 63
4 64
4 66
4 67
4 68
4 69
4 71
4 73
4 74
4 76
4 77
4 79
4 81
4 82
4 84
4 85
4 86
4 87
4 91
4 92
4 94
4 95
4 97
4 98
5 6
5 7
5 8
5 10
5 11
5 12
5 13
5 16
5 19
5 21
5 25
5 27
5 29
5 37
5 38
5 45
5 46
5 48
5 52
5 53
5 54
5 55
5 57
5 59
5 61
5 63
5 66
5 69
5 70
5 71
5 72
5 75
5 77
5 80
5 81
5 83
5 86
5 88
5 93
5 94
5 96
6 8
6 10
6 11
6 12
6 13
6 18
6 19
6 20
6 21
6 23
6 24
6 27
6 29
6 30
6 32
6 33
6 37
6 40
6 41
6 42
6 44
6 45
6 46
6 48
6 51
6 60
6 65
6 66
6 68
6 70
6 71
6 72
6 73
6 74
6 76
6 80
6 86
6 91
6 92
6 93
6 96
6 97
7 9
7 14
7 15
7 18
7 19
7 20
7 21
7 23
7 25
7 28
7 30
7 35
7 37
7 40
7 43
7 45
7 47
7 49
7 50
7 53
7 54
7 55
7 58
7 59
7 61
7 62
7 67
7 69
7 70
7 72
7 79
7 80
7 82
7 84
7 90
7 91
7 92
7 93
7 95
8 9
8 12
8 13
8 16
8 17
8 18
8 19
8 20
8 22
8 23
8 24
8 25
8 26
8 28
8 30
8 31
8 32
8 33
8 34
8 37
8 41
8 42
8 43
8 44
8 45
8 47
8 49
8 51
8 52
8 61
8 63
8 64
8 68
8 70
8 71
8 72
8 74
8 78
8 81
8 82
8 83
8 84
8 85
8 86
8 87
8 88
8 90
8 91
8 94
8 95
8 97
8 98
9 14
9 15
9 16
9 17
9 19
9 26
9 29
9 31
9 33
9 34
9 35
9 37
9 38
9 39
9 41
9 42
9 43
9 47
9 48
9 49
9 50
9 51
9 54
9 56
9 57
9 58
9 59
9 60
9 62
9 63
9 65
9 66
9 67
9 70
9 72
9 76
9 79
9 80
9 81
9 82
9 84
9 86
9 89
9 90
9 91
9 92
9 96
9 98
10 16
10 20
10 22
10 23
10 25
10 26
10 27
10 28
10 29
10 30
10 34
10 40
10 41
10 42
10 44
10 46
10 47
10 48
10 52
10 56
10 57
10 58
10 60
10 62
10 66
10 68
10 72
10 74
10 75
10 78
10 81
10 86
10 90
10 92
10 95
10 98
10 99
11 15
11 18
11 19
11 21
11 24
11 27
11 29
11 30
11 31
11 34
11 38
11 39
11 40
11 46
11 47
11 49
11 52
11 53
11 54
11 55
11 57
11 58
11 59
11 60
11 61
11 62
11 65
11 66
11 68
11 69
11 71
11 73
11 75
11 76
11 78
11 79
11 81
11 82
11 84
11 88
11 93
11 95
11 96
12 14
12 19
12 20
12 21
12 23
12 24
12 25
12 26
12 27
12 28
12 29
12 32
12 33
12 34
12 35
12 36
12 37
12 38
12 40
12 44
12 45
12 48
12 49
12 50
12 51
12 52
12 58
12 62
12 63
12 65
12 67
12 68
12 73
12 74
12 77
12 79
12 80
12 82
12 84
12 85
12 86
12 87
12 89
12 90
12 91
12 93
12 94
12 95
12 98
12 99
13 16
13 18
13 19
13 20
13 22
13 23
13 24
13 27
13 28
13 32
13 34
13 36
13 37
13 38
13 41
13 42
13 44
13 47
13 48
13 49
13 51
13 52
13 53
13 57
13 58
13 59
13 60
13 61
13 63
13 65
13 67
13 69
13 72
13 73
13 80
13 81
13 82
13 83
13 86
13 88
13 91
13 94
14 15
14 18
14 20
14 22
14 24
14 26
14 28
14 30
14 31
14 32
14 33
14 36
14 37
14 40
14 43
14 44
14 45
14 46
14 49
14 50
14 51
14 56
14 57
14 58
14 59
14 61
14 62
14 66
14 67
14 68
14 70
14 74
14 79
14 80
14 81
14 83
14 84
14 85
14 87
14 88
14 91
14 93
14 94
14 95
14 96
14 98
15 16
15 17
15 18
15 19
15 20
15 24
15 29
15 30
15 31
15 33
15 34
15 35
15 39
15 41
15 44
15 45
15 48
15 54
15 56
15 58
15 60
15 68
15 69
15 73
15 74
15 75
15 77
15 81
15 82
15 86
15 87
15 91
15 93
15 98
16 17
16 18
16 19
16 20
16 22
16 26
16 29
16 30
16 34
16 36
16 40
16 42
16 46
16 48
16 50
16 52
16 53
16 55
16 58
16 59
16 61
16 62
16 63
16 66
16 68
16 69
16 70
16 71
16 74
16 75
16 76
16 91
16 92
16 98
17 18
17 19
17 23
17 26
17 29
17 32
17 35
17 38
17 39
17 40
17 42
17 45
17 46
17 47
17 49
17 50
17 51
17 52
17 54
17 57
17 60
17 62
17 68
17 69
17 70
17 71
17 72
17 75
17 76
17 77
17 78
17 79
17 82
17 88
17 89
17 90
18 20
18 21
18 22
18 23
18 24
18 25
18 27
18 28
18 30
18 31
18 32
18 33
18 34
18 35
18 37
18 40
18 45
18 46
18 49
18 56
18 58
18 62
18 64
18 66
18 68
18 69
18 70
18 72
18 74
18 75
18 77
18 81
18 82
18 85
18 86
18 89
18 90
18 91
18 93
18 95
18 96
18 99
19 20
19 21
19 22
19 24
19 25
19 27
19 28
19 29
19 31
19 32
19 34
19 35
19 36
19 38
19 41
19 43
19 45
19 49
19 50
19 51
19 52
19 55
19 57
19 58
19 60
19 61
19 63
19 65
19 67
19 68
19 69
19 70
19 74
19 76
19 77
19 84
19 87
19 95
19 96
19 98
20 21
20 22
20 23
20 24
20 29
20 30
20 32
20 33
20 34
20 35
20 36
20 37
20 38
20 42
20 44
20 46
20 48
20 49
20 51
20 55
20 57
20 62
20 66
20 67
20 69
20 71
20 72
20 73
20 74
20 76
20 82
20 83
20 87
20 90
20 91
20 93
20 94
20 96
20 97
21 22
21 23
21 25
21 31
21 32
21 33
21 34
21 38
21 39
21 40
21 41
21 43
21 45
21 47
21 48
21 49
21 50
21 52
21 55
21 56
21 57
21 59
21 60
21 61
21 63
21 66
21 67
21 68
21 69
21 71
21 72
21 73
21 77
21 78
21 79
21 82
21 88
21 90
21 92
21 96
21 97
22 23
22 26
22 29
22 31
22 32
22 33
22 34
22 36
22 38
22 39
22 41
22 44
22 45
22 46
22 47
22 48
22 50
22 55
22 58
22 59
22 61
22 62
22 63
22 64
22 65
22 68
22 70
22 74
22 75
22 76
22 78
22 80
22 82
22 86
22 89
22 91
22 93
22 94
22 95
23 25
23 26
23 28
23 29
23 30
23 32
23 33
23 34
23 35
23 36
23 37
23 42
23 45
23 46
23 48
23 56
23 61
23 64
23 66
23 69
23 73
23 75
23 78
23 79
23 81
23 83
23 84
23 87
23 88
23 92
23 95
23 96
23 97
23 98
24 25
24 29
24 30
24 31
24 34
24 35
24 36
24 37
24 38
24 39
24 43
24 44
24 46
24 47
24 49
24 52
24 53
24 54
24 57
24 58
24 59
24 60
24 61
24 63
24 65
24 66
24 68
24 69
24 71
24 72
24 75
24 76
24 78
24 86
24 88
24 89
24 90
24 92
24 93
24 94
24 95
24 96
24 97
24 99
25 28
25 30
25 33
25 36
25 38
25 40
25 41
25 42
25 43
25 44
25 45
25 47
25 48
25 53
25 54
25 55
25 56
25 58
25 63
25 65
25 66
25 67
25 68
25 70
25 72
25 76
25 79
25 80
25 82
25 84
25 85
25 89
25 92
25 93
25 95
25 96
25 97
26 27
26 28
26 30
26 31
26 33
26 39
26 41
26 42
26 44
26 50
26 51
26 52
26 54
26 55
26 57
26 59
26 60
26 62
26 63
26 64
26 67
26 69
26 72
26 74
26 75
26 77
26 79
26 81
26 82
26 83
26 85
26 86
26 88
26 90
26 91
26 94
26 97
26 99
27 28
27 29
27 30
27 31
27 35
27 36
27 39
27 40
27 41
27 43
27 44
27 45
27 48
27 49
27 50
27 52
27 53
27 54
27 55
27 56
27 57
27 58
27 60
27 63
27 65
27 67
27 68
27 69
27 72
27 79
27 83
27 86
27 87
27 88
27 90
27 91
27 92
27 94
27 95
27 96
27 97
27 98
28 30
28 31
28 34
28 36
28 37
28 39
28 40
28 41
28 42
28 43
28 44
28 45
28 46
28 48
28 51
28 52
28 53
28 54
28 59
28 60
28 62
28 65
28 66
28 67
28 68
28 72
28 74
28 75
28 79
28 80
28 82
28 83
28 84
28 86
28 89
28 93
28 95
28 96
28 97
28 98
28 99
29 32
29 34
29 36
29 38
29 39
29 40
29 42
29 48
29 51
29 52
29 53
29 54
29 55
29 56
29 57
29 61
29 62
29 63
29 64
29 67
29 70
29 72
29 73
29 74
29 78
29 79
29 84
29 85
29 88
29 90
29 91
29 92
29 93
29 94
29 97
30 31
30 32
30 34
30 36
30 37
30 38
30 41
30 43
30 44
30 47
30 50
30 51
30 55
30 59
30 60
30 65
30 66
30 67
30 68
30 69
30 70
30 71
30 74
30 75
30 77
30 78
30 81
30 82
30 85
30 86
30 87
30 88
30 89
30 92
30 94
30 96
31 32
31 34
31 35
31 36
31 39
31 40
31 42
31 44
31 47
31 48
31 54
31 55
31 57
31 59
31 60
31 62
31 63
31 67
31 69
31 71
31 74
31 79
31 81
31 82
31 83
31 84
31 87
31 88
31 93
31 94
31 95
31 96
31 97
32 34
32 36
32 37
32 38
32 40
32 41
32 45
32 47
32 48
32 50
32 51
32 52
32 53
32 56
32 57
32 58
32 59
32 61
32 62
32 63
32 66
32 67
32 68
32 71
32 73
32 74
32 82
32 83
32 84
32 85
32 89
32 90
32 92
32 94
33 34
33 36
33 38
33 39
33 40
33 41
33 44
33 45
33 46
33 53
33 54
33 55
33 58
33 61
33 66
33 67
33 69
33 72
33 76
33 77
33 78
33 81
33 82
33 84
33 85
33 86
33 88
33 90
33 91
33 92
33 95
33 96
33 97
33 98
33 99
34 35
34 36
34 37
34 40
34 41
34 42
34 43
34 44
34 45
34 46
34 47
34 48
34 49
34 51
34 52
34 53
34 58
34 59
34 60
34 61
34 62
34 63
34 64
34 66
34 69
34 71
34 77
34 78
34 86
34 88
34 93
34 94
34 96
35 36
35 37
35 38
35 39
35 40
35 42
35 43
35 44
35 46
35 47
35 50
35 51
35 52
35 53
35 54
35 57
35 62
35 63
35 64
35 65
35 67
35 68
35 71
35 72
35 73
35 75
35 77
35 83
35 87
35 93
35 94
35 98
36 39
36 40
36 41
36 42
36 46
36 48
36 50
36 53
36 54
36 56
36 58
36 59
36 65
36 66
36 67
36 68
36 72
36 73
36 74
36 75
36 76
36 78
36 81
36 82
36 85
36 86
36 88
36 90
36 91
36 98
37 38
37 41
37 43
37 45
37 48
37 50
37 51
37 53
37 54
37 55
37 62
37 63
37 64
37 65
37 68
37 69
37 70
37 74
37 76
37 79
37 82
37 83
37 84
37 86
37 91
37 92
37 93
37 95
37 96
37 97
38 39
38 41
38 42
38 44
38 46
38 48
38 50
38 56
38 59
38 60
38 62
38 63
38 65
38 66
38 68
38 69
38 73
38 75
38 77
38 79
38 82
38 83
38 84
38 85
38 86
38 89
38 93
38 94
38 95
38 96
38 98
39 40
39 41
39 42
39 45
39 46
39 48
39 51
39 53
39 54
39 56
39 57
39 58
39 59
39 64
39 65
39 66
39 69
39 70
39 71
39 73
39 74
39 75
39 78
39 79
39 80
39 85
39 90
39 92
39 94
39 96
39 97
39 98
40 43
40 44
40 45
40 46
40 51
40 52
40 53
40 57
40 59
40 60
40 61
40 63
40 64
40 65
40 66
40 68
40 70
40 72
40 73
40 78
40 79
40 80
40 81
40 82
40 83
40 91
40 93
40 94
40 97
40 98
40 99
41 42
41 43
41 50
41 53
41 58
41 60
41 64
41 68
41 70
41 74
41 76
41 77
41 78
41 80
41 82
41 85
41 87
41 88
41 89
41 90
41 91
41 93
41 94
41 95
41 97
42 44
42 46
42 47
42 48
42 52
42 53
42 54
42 55
42 59
42 60
42 62
42 63
42 64
42 65
42 66
42 67
42 69
42 72
42 77
42 80
42 82
42 84
42 89
42 93
42 96
42 99
43 44
43 46
43 49
43 51
43 55
43 56
43 57
43 58
43 66
43 67
43 69
43 70
43 71
43 72
43 76
43 78
43 81
43 84
43 87
43 88
43 89
43 91
43 93
43 94
43 96
43 98
44 50
44 53
44 55
44 56
44 57
44 58
44 59
44 63
44 64
44 68
44 71
44 72
44 75
44 76
44 77
44 78
44 80
44 83
44 84
44 88
44 89
44 90
44 91
44 93
44 97
44 98
44 99
45 47
45 48
45 50
45 51
45 52
45 55
45 57
45 58
45 60
45 62
45 63
45 65
45 68
45 70
45 71
45 72
45 78
45 79
45 80
45 81
45 82
45 83
45 86
45 87
45 89
45 90
45 92
45 94
45 97
45 99
46 49
46 50
46 53
46 54
46 56
46 57
46 58
46 59
46 61
46 62
46 64
46 66
46 67
46 68
46 71
46 73
46 77
46 78
46 81
46 82
46 83
46 89
46 90
46 98
46 99
47 49
47 52
47 53
47 54
47 55
47 56
47 57
47 58
47 60
47 61
47 65
47 66
47 69
47 70
47 71
47 72
47 74
47 78
47 81
47 88
47 89
47 93
47 96
47 97
47 99
48 51
48 52
48 54
48 55
48 56
48 59
48 60
48 61
48 62
48 66
48 68
48 69
48 70
48 75
48 79
48 82
48 83
48 86
48 87
48 88
48 89
48 90
48 91
48 93
48 94
48 95
48 96
48 97
48 98
49 52
49 53
49 55
49 57
49 58
49 61
49 62
49 64
49 65
49 67
49 68
49 70
49 71
49 72
49 78
49 79
49 81
49 82
49 84
49 85
49 90
49 94
49 96
49 98
49 99
50 51
50 53
50 54
50 56
50 58
50 59
50 61
50 62
50 65
50 70
50 71
50 73
50 75
50 76
50 82
50 86
50 90
50 91
50 92
50 93
50 94
50 96
50 97
51 53
51 54
51 59
51 63
51 64
51 71
51 73
51 74
51 75
51 76
51 78
51 81
51 83
51 84
51 87
51 88
51 89
51 90
51 91
51 97
52 55
52 56
52 58
52 62
52 64
52 66
52 67
52 68
52 75
52 77
52 78
52 79
52 80
52 81
52 84
52 85
52 87
52 89
52 91
52 96
52 99
53 54
53 57
53 58
53 59
53 62
53 67
53 71
53 72
53 73
53 76
53 78
53 81
53 82
53 86
53 87
53 88
53 89
53 94
53 96
53 99
54 56
54 57
54 59
54 60
54 65
54 75
54 78
54 79
54 81
54 82
54 84
54 87
54 88
54 89
54 90
54 93
54 95
54 97
54 98
55 56
55 57
55 58
55 60
55 62
55 64
55 66
55 67
55 69
55 75
55 76
55 77
55 79
55 80
55 81
55 82
55 84
55 86
55 87
55 88
55 89
55 90
55 91
55 92
55 96
56 58
56 59
56 60
56 62
56 63
56 67
56 68
56 69
56 71
56 73
56 77
56 78
56 80
56 81
56 82
56 84
56 85
56 88
56 89
56 93
56 94
56 95
56 98
57 58
57 61
57 62
57 65
57 67
57 68
57 69
57 70
57 71
57 72
57 80
57 83
57 86
57 88
57 89
57 94
57 96
57 97
58 59
58 62
58 65
58 71
58 73
58 74
58 75
58 77
58 81
58 82
58 89
58 90
58 92
58 93
58 94
58 95
58 96
58 97
59 60
59 61
59 62
59 63
59 64
59 66
59 67
59 68
59 70
59 71
59 73
59 77
59 79
59 80
59 85
59 86
59 88
59 89
59 91
59 92
59 95
59 96
59 99
60 63
60 64
60 65
60 68
60 69
60 70
60 71
60 72
60 74
60 75
60 77
60 78
60 79
60 80
60 81
60 93
60 95
60 96
60 98
61 62
61 64
61 67
61 69
61 76
61 77
61 81
61 82
61 83
61 87
61 89
61 92
61 95
61 98
62 63
62 66
62 67
62 68
62 71
62 72
62 73
62 74
62 81
62 83
62 84
62 86
62 89
62 92
62 93
62 94
62 95
62 97
63 64
63 74
63 75
63 76
63 77
63 78
63 82
63 84
63 88
63 90
63 91
63 93
63 95
63 97
63 98
64 65
64 68
64 69
64 71
64 73
64 75
64 76
64 77
64 80
64 81
64 85
64 87
64 88
64 89
64 92
64 93
64 94
64 95
64 96
64 97
64 98
65 66
65 67
65 68
65 69
65 72
65 74
65 77
65 78
65 80
65 82
65 83
65 84
65 87
65 88
65 89
65 91
65 93
65 95
65 97
65 99
66 67
66 68
66 70
66 71
66 73
66 74
66 76
66 78
66 80
66 81
66 82
66 90
66 92
66 93
66 94
67 68
67 71
67 72
67 73
67 74
67 76
67 80
67 81
67 83
67 88
67 90
67 91
67 93
67 96
67 97
67 99
68 69
68 71
68 73
68 74
68 75
68 76
68 79
68 81
68 82
68 87
68 88
68 89
68 91
68 92
68 94
68 95
68 96
68 97
68 99
69 72
69 73
69 74
69 77
69 79
69 81
69 82
69 85
69 86
69 91
69 92
69 93
69 94
70 81
70 85
70 86
70 87
70 89
70 90
70 95
70 96
70 98
70 99
71 74
71 76
71 77
71 81
71 83
71 85
71 90
71 91
71 93
71 95
71 96
72 74
72 78
72 79
72 80
72 83
72 86
72 87
72 89
72 90
72 91
72 94
72 95
72 96
72 97
72 98
73 74
73 75
73 76
73 79
73 80
73 82
73 84
73 86
73 88
73 89
73 90
73 92
73 93
73 94
74 77
74 78
74 80
74 81
74 85
74 93
74 94
74 97
74 99
75 76
75 77
75 79
75 81
75 84
75 87
75 91
75 92
75 93
75 97
75 98
76 81
76 84
76 85
76 87
76 88
76 89
76 92
76 93
76 99
77 79
77 81
77 84
77 85
77 88
77 89
77 90
77 91
77 97
77 99
78 83
78 84
78 85
78 86
78 87
78 90
78 91
78 94
78 97
78 98
79 84
79 85
79 89
79 90
79 94
79 95
79 97
79 99
80 81
80 86
80 88
80 89
80 90
80 91
80 92
80 93
80 94
80 97
80 99
81 82
81 83
81 85
81 86
81 96
81 97
81 99
82 84
82 85
82 88
82 89
82 90
82 91
82 92
82 95
82 98
83 87
83 88
83 90
83 91
83 92
83 93
83 96
84 85
84 86
84 89
84 92
84 96
84 99
85 86
85 88
85 89
85 90
85 92
85 93
85 96
85 97
86 88
86 91
86 92
86 93
86 94
86 95
86 96
86 98
86 99
87 88
87 92
87 95
87 96
87 97
87 98
87 99
88 92
88 94
88 95
88 96
88 97
88 99
89 91
89 95
89 97
89 98
90 91
90 94
90 96
90 97
91 93
91 95
91 96
91 99
92 93
92 97
92 98
92 99
93 94
93 95
93 96
93 97
93 99
94 95
94 99
95 96
95 97
96 97
96 99
97 98
98 99
