0 1
0 2
0 3
0 4
0 5
0 6
0 7
0 8
0 11
0 12
0 13
0 14
0 18
0 19
0 20
0 22
0 24
0 25
0 28
0 30
0 32
0 33
0 34
0 35
0 36
0 37
0 39
0 40
0 41
0 43
0 45
0 46
0 47
0 48
0 49
0 53
0 56
0 58
0 59
0 61
0 62
0 63
0 64
0 66
0 67
0 68
0 69
0 71
0 73
0 74
0 75
0 76
0 77
0 82
0 83
0 84
0 85
0 89
0 90
0 96
0 98
0 99
1 3
1 4
1 5
1 6
1 8
1 9
1 12
1 16
1 17
1 18
1 19
1 21
1 22
1 25
1 26
1 28
1 31
1 34
1 37
1 41
1 43
1 44
1 45
1 47
1 48
1 51
1 52
1 53
1 56
1 57
1 59
1 62
1 63
1 67
1 68
1 69
1 75
1 76
1 77
1 78
1 81
1 83
1 84
1 86
1 87
1 91
1 96
1 97
1 99
2 3
2 4
2 7
2 8
2 9
2 10
2 15
2 16
2 17
2 19
2 21
2 24
2 25
2 26
2 27
2 29
2 31
2 32
2 34
2 36
2 37
2 39
2 40
2 41
2 43
2 44
2 47
2 51
2 52
2 53
2 54
2 55
2 56
2 57
2 59
2 60
2 61
2 62
2 64
2 66
2 67
2 68
2 71
2 76
2 78
2 80
2 84
2 85
2 87
2 90
2 91
2 95
2 98
2 99
3 5
3 6
3 7
3 15
3 16
3 18
3 19
3 20
3 22
3 25
3 26
3 27
3 30
3 31
3 33
3 35
3 36
3 38
3 39
3 40
3 43
3 44
3 45
3 46
3 48
3 50
3 51
3 53
3 55
3 58
3 60
3 63
3 64
3 66
3 74
3 77
3 78
3 79
3 81
3 83
3 86
3 92
3 93
3 96
3 98
3 99
4 7
4 10
4 13
4 16
4 17
4 19
4 20
4 21
4 24
4 26
4 27
4 29
4 30
4 33
4 36
4 37
4 38
4 39
4 40
4 42
4 43
4 44
4 45
4 49
4 50
4 54
4 60
4 61
4 62
4 63
4 65
4 66
4 67
4 68
4 71
4 77
4 79
4 80
4 83
4 84
4 85
4 87
4 88
4 89
4 90
4 93
4 94
4 96
4 99
5 6
5 7
5 8
5 10
5 12
5 15
5 23
5 24
5 26
5 28
5 30
5 32
5 33
5 35
5 37
5 40
5 41
5 43
5 47
5 48
5 51
5 55
5 57
5 58
5 59
5 60
5 61
5 62
5 64
5 65
5 66
5 67
5 69
5 70
5 71
5 73
5 75
5 77
5 81
5 82
5 87
5 89
5 90
5 93
5 95
5 97
5 98
6 7
6 8
6 9
6 13
6 14
6 15
6 16
6 17
6 18
6 19
6 20
6 21
6 22
6 24
6 27
6 28
6 30
6 35
6 39
6 40
6 42
6 44
6 48
6 50
6 51
6 52
6 53
6 56
6 59
6 60
6 62
6 67
6 69
6 72
6 76
6 80
6 82
6 85
6 86
6 88
6 89
6 90
6 91
6 92
6 93
6 94
6 95
6 97
6 98
6 99
7 8
7 9
7 11
7 12
7 14
7 17
7 19
7 21
7 27
7 29
7 32
7 33
7 37
7 40
7 41
7 42
7 44
7 45
7 47
7 48
7 53
7 54
7 56
7 59
7 60
7 61
7 70
7 74
7 75
7 76
7 77
7 79
7 80
7 82
7 83
7 84
7 86
7 88
7 92
7 93
7 96
7 97
7 98
8 9
8 12
8 14
8 16
8 17
8 19
8 21
8 23
8 24
8 26
8 29
8 32
8 33
8 36
8 37
8 41
8 44
8 45
8 47
8 48
8 49
8 50
8 51
8 56
8 59
8 60
8 62
8 64
8 66
8 68
8 70
8 77
8 79
8 80
8 82
8 84
8 85
8 86
8 88
8 89
8 93
8 96
8 99
9 12
9 13
9 14
9 15
9 17
9 21
9 23
9 25
9 29
9 31
9 32
9 33
9 34
9 36
9 37
9 38
9 39
9 40
9 42
9 49
9 52
9 53
9 54
9 55
9 57
9 58
9 62
9 63
9 64
9 66
9 70
9 73
9 74
9 78
9 80
9 81
9 82
9 83
9 84
9 85
9 86
9 87
9 88
9 90
9 93
9 95
9 98
10 12
10 17
10 18
10 24
10 25
10 26
10 27
10 29
10 31
10 32
10 34
10 36
10 42
10 44
10 45
10 50
10 51
10 53
10 56
10 58
10 61
10 64
10 65
10 66
10 67
10 68
10 69
10 70
10 71
10 72
10 75
10 82
10 84
10 87
10 90
10 91
10 96
10 98
10 99
11 12
11 13
11 16
11 17
11 18
11 22
11 25
11 27
11 29
11 33
11 34
11 37
11 38
11 40
11 42
11 44
11 45
11 46
11 48
11 49
11 50
11 51
11 52
11 54
11 56
11 60
11 61
11 63
11 65
11 66
11 67
11 68
11 69
11 72
11 76
11 80
11 82
11 83
11 89
11 90
11 91
11 95
11 96
11 98
12 13
12 14
12 15
12 18
12 19
12 20
12 21
12 22
12 23
12 24
12 25
12 27
12 28
12 29
12 34
12 35
12 37
12 39
12 41
12 42
12 43
12 44
12 52
12 53
12 54
12 57
12 58
12 59
12 64
12 67
12 68
12 69
12 71
12 73
12 74
12 75
12 76
12 77
12 78
12 79
12 81
12 84
12 85
12 89
12 90
12 93
12 94
12 96
12 97
12 99
13 14
13 16
13 19
13 20
13 23
13 25
13 26
13 27
13 31
13 32
13 33
13 34
13 35
13 36
13 37
13 38
13 39
13 41
13 42
13 43
13 46
13 47
13 51
13 52
13 54
13 58
13 59
13 61
13 64
13 69
13 71
13 73
13 78
13 79
13 81
13 83
13 85
13 86
13 90
13 92
13 94
13 95
13 96
13 97
13 99
14 18
14 19
14 21
14 22
14 23
14 24
14 25
14 28
14 29
14 30
14 32
14 38
14 39
14 41
14 42
14 43
14 45
14 46
14 47
14 51
14 52
14 56
14 57
14 60
14 61
14 64
14 65
14 66
14 69
14 70
14 72
14 77
14 78
14 79
14 81
14 84
14 86
14 87
14 88
14 89
14 90
14 91
14 92
14 94
14 96
14 97
14 98
15 16
15 17
15 18
15 20
15 21
15 23
15 26
15 28
15 31
15 34
15 38
15 39
15 40
15 41
15 43
15 44
15 49
15 50
15 51
15 54
15 55
15 57
15 60
15 61
15 62
15 63
15 64
15 65
15 66
15 67
15 73
15 75
15 77
15 79
15 82
15 83
15 86
15 87
15 88
15 89
15 90
15 91
15 92
15 94
15 95
15 96
15 97
16 18
16 19
16 20
16 21
16 22
16 23
16 24
16 27
16 30
16 34
16 35
16 42
16 43
16 44
16 48
16 49
16 50
16 52
16 54
16 57
16 60
16 61
16 65
16 68
16 72
16 75
16 78
16 80
16 82
16 83
16 84
16 88
16 89
16 95
16 97
16 98
17 22
17 23
17 30
17 33
17 36
17 37
17 39
17 40
17 41
17 42
17 43
17 44
17 46
17 50
17 52
17 53
17 54
17 58
17 60
17 61
17 63
17 66
17 67
17 70
17 71
17 72
17 73
17 75
17 76
17 81
17 82
17 88
17 90
17 94
17 95
17 96
17 98
18 20
18 22
18 23
18 24
18 25
18 26
18 27
18 29
18 30
18 31
18 32
18 33
18 34
18 41
18 45
18 46
18 47
18 50
18 52
18 53
18 54
18 55
18 57
18 58
18 60
18 61
18 63
18 64
18 65
18 67
18 68
18 69
18 75
18 77
18 78
18 83
18 85
18 88
18 91
18 93
18 94
18 97
19 22
19 24
19 26
19 30
19 31
19 32
19 34
19 35
19 37
19 39
19 40
19 41
19 42
19 47
19 48
19 50
19 54
19 57
19 58
19 59
19 60
19 63
19 66
19 67
19 72
19 74
19 75
19 79
19 84
19 85
19 86
19 87
19 89
19 90
19 92
19 93
19 94
19 95
19 96
19 97
19 98
19 99
20 22
20 24
20 25
20 31
20 32
20 35
20 38
20 41
20 44
20 47
20 48
20 50
20 51
20 52
20 54
20 55
20 59
20 61
20 62
20 63
20 64
20 65
20 66
20 70
20 71
20 72
20 74
20 76
20 79
20 81
20 82
20 83
20 85
20 91
20 92
20 97
21 22
21 23
21 26
21 27
21 28
21 31
21 32
21 35
21 36
21 37
21 38
21 39
21 45
21 48
21 51
21 54
21 56
21 62
21 63
21 66
21 67
21 69
21 70
21 71
21 72
21 73
21 74
21 76
21 78
21 80
21 84
21 89
21 90
21 91
21 94
21 95
21 97
21 98
22 24
22 29
22 33
22 34
22 35
22 36
22 37
22 39
22 40
22 42
22 43
22 44
22 45
22 47
22 48
22 49
22 52
22 53
22 55
22 58
22 60
22 63
22 64
22 66
22 67
22 70
22 72
22 74
22 75
22 76
22 78
22 80
22 81
22 83
22 84
22 86
22 87
22 88
22 89
22 92
22 93
22 96
22 98
22 99
23 26
23 27
23 28
23 29
23 31
23 33
23 38
23 39
23 40
23 43
23 44
23 45
23 46
23 47
23 48
23 49
23 50
23 52
23 53
23 57
23 62
23 64
23 66
23 67
23 68
23 69
23 72
23 73
23 76
23 79
23 80
23 84
23 86
23 90
23 92
23 94
23 97
23 98
23 99
24 25
24 26
24 27
24 33
24 36
24 37
24 40
24 42
24 43
24 45
24 49
24 51
24 54
24 55
24 56
24 57
24 61
24 64
24 66
24 67
24 70
24 71
24 72
24 73
24 76
24 77
24 78
24 80
24 81
24 82
24 88
24 90
24 91
24 93
24 95
24 98
24 99
25 26
25 32
25 35
25 44
25 45
25 46
25 49
25 51
25 53
25 55
25 56
25 58
25 62
25 63
25 64
25 67
25 68
25 70
25 71
25 73
25 75
25 77
25 85
25 88
25 89
25 90
25 92
25 93
25 94
25 95
25 96
25 98
25 99
26 31
26 32
26 33
26 34
26 35
26 40
26 43
26 44
26 45
26 46
26 47
26 49
26 50
26 56
26 57
26 60
26 62
26 64
26 65
26 66
26 68
26 71
26 74
26 77
26 78
26 79
26 80
26 82
26 84
26 86
26 89
26 91
26 94
26 95
26 96
26 97
26 98
27 29
27 31
27 32
27 33
27 35
27 36
27 38
27 39
27 40
27 41
27 42
27 50
27 52
27 53
27 54
27 57
27 58
27 60
27 62
27 64
27 69
27 71
27 72
27 73
27 76
27 78
27 82
27 83
27 85
27 86
27 91
27 95
27 96
27 97
27 98
28 29
28 31
28 32
28 36
28 40
28 43
28 44
28 45
28 46
28 48
28 49
28 51
28 53
28 57
28 58
28 60
28 61
28 62
28 63
28 64
28 66
28 67
28 68
28 69
28 70
28 72
28 73
28 75
28 78
28 81
28 84
28 86
28 87
28 89
28 90
28 94
29 32
29 37
29 38
29 39
29 40
29 47
29 48
29 50
29 51
29 52
29 53
29 54
29 55
29 56
29 57
29 58
29 61
29 63
29 64
29 65
29 66
29 67
29 72
29 73
29 76
29 77
29 78
29 79
29 80
29 84
29 86
29 88
29 89
29 97
29 98
29 99
30 35
30 36
30 38
30 43
30 46
30 47
30 49
30 52
30 53
30 57
30 60
30 61
30 62
30 64
30 66
30 67
30 68
30 70
30 71
30 72
30 73
30 77
30 78
30 79
30 81
30 84
30 86
30 88
30 90
30 92
30 93
30 94
30 95
30 96
30 97
31 32
31 34
31 38
31 41
31 43
31 44
31 49
31 51
31 55
31 57
31 58
31 59
31 60
31 61
31 63
31 64
31 66
31 68
31 70
31 73
31 75
31 76
31 77
31 78
31 81
31 87
31 88
31 89
31 91
31 93
31 94
31 95
32 34
32 37
32 38
32 39
32 40
32 43
32 46
32 49
32 50
32 52
32 53
32 55
32 56
32 57
32 60
32 63
32 65
32 66
32 68
32 69
32 70
32 71
32 74
32 75
32 83
32 84
32 85
32 86
32 87
32 88
32 90
32 92
32 93
32 95
32 98
32 99
33 34
33 38
33 39
33 40
33 41
33 43
33 44
33 47
33 48
33 53
33 56
33 57
33 59
33 60
33 61
33 63
33 64
33 66
33 68
33 69
33 71
33 74
33 77
33 78
33 79
33 81
33 82
33 85
33 90
33 91
33 93
33 95
33 96
33 99
34 36
34 38
34 41
34 42
34 43
34 44
34 45
34 46
34 49
34 50
34 52
34 54
34 55
34 57
34 59
34 61
34 62
34 63
34 64
34 65
34 72
34 73
34 74
34 84
34 86
34 88
34 89
34 90
34 91
34 93
34 94
34 98
34 99
35 38
35 39
35 42
35 47
35 48
35 50
35 51
35 52
35 54
35 55
35 57
35 61
35 63
35 64
35 68
35 70
35 71
35 73
35 74
35 76
35 77
35 79
35 85
35 86
35 88
35 90
35 92
35 93
35 94
35 97
35 99
36 38
36 40
36 42
36 43
36 44
36 45
36 46
36 47
36 48
36 50
36 52
36 55
36 58
36 59
36 64
36 65
36 66
36 67
36 69
36 71
36 75
36 77
36 78
36 81
36 83
36 84
36 86
36 88
36 89
36 91
36 96
36 98
37 38
37 40
37 42
37 44
37 47
37 48
37 49
37 55
37 59
37 62
37 64
37 65
37 66
37 67
37 68
37 69
37 76
37 77
37 80
37 87
37 88
37 89
37 90
37 91
37 92
38 39
38 40
38 41
38 43
38 44
38 45
38 46
38 47
38 50
38 53
38 54
38 57
38 61
38 62
38 63
38 65
38 69
38 70
38 71
38 72
38 73
38 74
38 78
38 80
38 82
38 83
38 84
38 86
38 87
38 88
38 90
38 92
38 97
38 98
39 41
39 42
39 44
39 45
39 46
39 48
39 49
39 51
39 52
39 53
39 54
39 55
39 56
39 57
39 58
39 62
39 65
39 66
39 68
39 70
39 74
39 75
39 76
39 77
39 79
39 81
39 82
39 84
39 86
39 88
39 91
39 93
39 94
39 96
39 98
40 41
40 43
40 44
40 45
40 46
40 48
40 50
40 51
40 52
40 54
40 56
40 58
40 63
40 72
40 74
40 75
40 77
40 80
40 82
40 83
40 84
40 86
40 87
40 91
40 93
40 94
40 96
40 97
40 98
41 44
41 45
41 49
41 50
41 52
41 53
41 58
41 63
41 65
41 66
41 67
41 70
41 72
41 74
41 77
41 81
41 87
41 88
41 91
41 93
41 96
41 97
41 99
42 48
42 49
42 50
42 52
42 55
42 56
42 57
42 58
42 61
42 62
42 64
42 68
42 69
42 70
42 71
42 72
42 75
42 79
42 80
42 87
42 89
42 96
42 99
43 44
43 45
43 46
43 48
43 50
43 52
43 53
43 55
43 56
43 58
43 64
43 66
43 69
43 70
43 72
43 73
43 74
43 76
43 79
43 83
43 89
43 90
43 92
43 96
43 98
44 45
44 46
44 50
44 53
44 56
44 57
44 62
44 64
44 66
44 67
44 68
44 69
44 71
44 76
44 78
44 79
44 80
44 81
44 85
44 88
44 90
44 92
44 94
44 97
45 46
45 47
45 49
45 51
45 53
45 54
45 56
45 57
45 58
45 59
45 60
45 61
45 62
45 64
45 66
45 70
45 71
45 72
45 77
45 79
45 80
45 81
45 82
45 84
45 86
45 87
45 88
45 92
45 94
45 97
46 47
46 49
46 50
46 51
46 53
46 58
46 59
46 62
46 63
46 65
46 67
46 68
46 72
46 77
46 80
46 82
46 84
46 85
46 86
46 98
47 48
47 49
47 52
47 53
47 55
47 57
47 58
47 62
47 65
47 66
47 69
47 70
47 72
47 73
47 74
47 78
47 79
47 81
47 82
47 83
47 84
47 85
47 87
47 89
47 91
47 94
47 97
48 51
48 54
48 56
48 57
48 58
48 60
48 61
48 62
48 63
48 64
48 65
48 67
48 69
48 70
48 73
48 75
48 78
48 81
48 86
48 91
48 92
48 95
48 96
48 97
48 98
48 99
49 51
49 54
49 55
49 56
49 60
49 63
49 67
49 68
49 70
49 71
49 72
49 73
49 75
49 77
49 79
49 80
49 81
49 82
49 85
49 86
49 87
49 88
49 89
49 90
49 91
49 92
49 93
49 94
49 95
49 96
49 97
49 98
49 99
50 52
50 55
50 57
50 58
50 64
50 65
50 66
50 68
50 71
50 75
50 77
50 79
50 80
50 82
50 83
50 86
50 87
50 92
50 95
50 96
50 97
50 98
51 54
51 57
51 58
51 59
51 63
51 64
51 66
51 67
51 69
51 73
51 78
51 79
51 82
51 83
51 85
51 88
51 90
51 92
51 94
51 95
51 96
51 99
52 53
52 56
52 57
52 59
52 60
52 61
52 62
52 63
52 64
52 69
52 71
52 76
52 82
52 83
52 86
52 90
52 91
52 95
52 99
53 56
53 58
53 60
53 62
53 64
53 65
53 66
53 67
53 69
53 70
53 72
53 74
53 75
53 78
53 79
53 80
53 81
53 82
53 83
53 92
53 93
53 94
53 95
53 98
54 55
54 56
54 58
54 59
54 61
54 62
54 63
54 64
54 66
54 67
54 68
54 70
54 71
54 78
54 81
54 83
54 84
54 87
54 90
54 91
54 92
54 93
54 94
54 95
54 97
54 98
55 59
55 62
55 64
55 69
55 72
55 77
55 78
55 83
55 86
55 87
55 89
55 92
55 93
55 96
55 97
55 98
56 57
56 58
56 59
56 61
56 64
56 65
56 66
56 69
56 70
56 72
56 73
56 74
56 75
56 77
56 78
56 79
56 83
56 85
56 86
56 89
56 90
56 91
56 92
56 93
56 94
56 97
56 99
57 59
57 61
57 62
57 64
57 67
57 68
57 69
57 71
57 75
57 78
57 79
57 83
57 86
57 88
57 90
57 91
57 95
57 97
57 99
58 61
58 63
58 64
58 66
58 71
58 72
58 73
58 77
58 78
58 87
58 91
58 92
58 93
58 94
58 96
58 99
59 62
59 64
59 68
59 69
59 70
59 71
59 74
59 80
59 81
59 82
59 83
59 84
59 85
59 86
59 87
59 91
59 92
59 97
59 98
60 61
60 62
60 63
60 65
60 66
60 67
60 68
60 69
60 71
60 72
60 73
60 75
60 76
60 78
60 79
60 80
60 82
60 83
60 84
60 85
60 87
60 88
60 89
60 91
60 93
60 95
60 96
60 98
61 62
61 64
61 65
61 67
61 69
61 70
61 74
61 75
61 77
61 79
61 81
61 85
61 87
61 89
61 95
61 99
62 63
62 66
62 68
62 69
62 71
62 72
62 73
62 74
62 75
62 79
62 80
62 81
62 83
62 84
62 89
62 93
62 95
62 97
62 98
63 64
63 68
63 70
63 72
63 73
63 75
63 76
63 78
63 79
63 80
63 81
63 82
63 88
63 90
63 92
63 93
63 97
63 98
63 99
64 65
64 67
64 70
64 74
64 75
64 76
64 77
64 78
64 80
64 81
64 83
64 87
64 88
64 89
64 94
65 69
65 70
65 73
65 75
65 78
65 80
65 81
65 82
65 83
65 85
65 87
65 88
65 89
65 91
65 95
65 96
65 98
65 99
66 70
66 73
66 75
66 78
66 79
66 80
66 81
66 83
66 84
66 85
66 89
66 92
66 93
66 95
66 97
66 98
66 99
67 70
67 75
67 76
67 79
67 83
67 92
67 93
67 94
67 95
67 96
67 97
67 98
68 70
68 73
68 77
68 78
68 80
68 81
68 82
68 84
68 85
68 86
68 88
68 89
68 91
68 94
68 97
68 98
68 99
69 71
69 73
69 78
69 80
69 81
69 82
69 90
69 93
69 94
69 95
69 98
70 73
70 75
70 77
70 78
70 79
70 80
70 82
70 83
70 85
70 87
70 88
70 89
70 92
70 94
70 95
70 97
70 99
71 74
71 75
71 76
71 77
71 80
71 81
71 82
71 83
71 86
71 87
71 88
71 91
71 93
71 94
71 95
71 96
71 97
71 99
72 73
72 74
72 80
72 81
72 82
72 84
72 86
72 87
72 89
72 90
72 91
72 96
72 99
73 74
73 75
73 79
73 80
73 82
73 84
73 85
73 86
73 89
73 90
73 91
73 92
73 95
73 96
73 97
73 98
73 99
74 75
74 79
74 80
74 82
74 83
74 85
74 86
74 87
74 88
74 89
74 91
74 92
75 76
75 77
75 78
75 80
75 81
75 83
75 84
75 88
75 91
75 92
75 94
75 98
76 77
76 81
76 82
76 83
76 88
76 89
76 90
76 91
76 92
76 94
76 98
76 99
77 78
77 80
77 82
77 84
77 87
77 88
77 89
77 91
77 92
77 93
77 94
77 95
77 96
77 98
77 99
78 79
78 83
78 85
78 87
78 89
78 94
78 95
78 97
78 98
78 99
79 80
79 81
79 85
79 87
79 88
79 92
79 93
79 94
79 96
79 97
79 98
80 81
80 84
80 85
80 86
80 87
80 91
80 94
80 97
80 98
81 84
81 88
81 91
81 92
81 95
81 96
81 97
81 98
81 99
82 86
82 89
82 91
82 93
82 96
82 97
82 98
82 99
83 85
83 86
83 89
83 91
83 92
83 93
83 95
83 97
83 99
84 87
84 88
84 90
84 92
84 93
84 94
85 86
85 87
85 89
85 90
85 94
85 95
85 96
85 98
85 99
86 88
86 89
86 92
86 93
86 98
86 99
87 89
87 91
87 92
87 93
87 95
87 96
87 99
88 93
88 95
88 98
89 90
89 91
89 92
89 94
89 95
89 96
89 98
90 91
90 92
90 96
91 94
91 96
91 97
91 99
92 95
92 96
92 97
93 94
93 97
93 98
93 99
94 95
94 96
94 98
95 97
95 99
96 98
98 99
