0 3
0 4
0 6
0 7
0 9
0 11
0 14
0 15
0 18
0 19
0 20
0 25
0 27
0 29
0 32
0 39
0 40
0 41
0 42
0 43
0 44
0 47
0 48
0 50
0 51
0 52
0 54
0 56
0 58
0 59
0 60
0 64
0 67
0 68
0 72
0 77
0 78
0 80
0 82
0 84
0 86
0 87
0 88
0 95
0 97
0 98
0 99
1 2
1 3
1 5
1 6
1 7
1 8
1 10
1 11
1 12
1 15
1 17
1 18
1 19
1 20
1 21
1 23
1 24
1 25
1 26
1 28
1 30
1 31
1 32
1 34
1 35
1 36
1 37
1 38
1 40
1 41
1 42
1 43
1 44
1 47
1 48
1 49
1 51
1 58
1 60
1 64
1 65
1 71
1 73
1 76
1 77
1 78
1 79
1 80
1 81
1 89
1 90
1 91
1 95
1 96
1 99
2 4
2 6
2 8
2 9
2 11
2 12
2 13
2 14
2 18
2 20
2 21
2 22
2 27
2 28
2 31
2 32
2 33
2 35
2 41
2 42
2 45
2 49
2 51
2 52
2 59
2 61
2 63
2 64
2 65
2 66
2 69
2 70
2 72
2 73
2 75
2 79
2 84
2 92
2 93
2 94
2 95
2 96
2 99
3 4
3 6
3 7
3 9
3 10
3 11
3 15
3 16
3 20
3 21
3 22
3 23
3 24
3 25
3 27
3 28
3 30
3 31
3 33
3 34
3 35
3 37
3 38
3 39
3 43
3 45
3 46
3 47
3 48
3 51
3 52
3 53
3 55
3 56
3 57
3 59
3 60
3 63
3 64
3 66
3 69
3 71
3 72
3 76
3 80
3 81
3 82
3 85
3 86
3 89
3 91
3 94
3 95
3 96
3 99
4 5
4 8
4 11
4 12
4 16
4 17
4 18
4 19
4 20
4 22
4 26
4 29
4 35
4 36
4 37
4 38
4 39
4 44
4 45
4 48
4 50
4 51
4 52
4 54
4 55
4 58
4 63
4 65
4 66
4 67
4 69
4 71
4 72
4 73
4 74
4 75
4 77
4 81
4 82
4 83
4 87
4 89
4 90
4 92
4 93
4 94
4 96
4 98
4 99
5 6
5 7
5 8
5 9
5 13
5 14
5 15
5 17
5 19
5 21
5 22
5 23
5 25
5 27
5 29
5 31
5 33
5 36
5 38
5 40
5 43
5 44
5 47
5 48
5 49
5 51
5 52
5 55
5 57
5 59
5 60
5 62
5 63
5 64
5 67
5 68
5 69
5 70
5 76
5 78
5 79
5 80
5 81
5 82
5 86
5 88
5 89
5 90
5 92
5 93
5 98
6 8
6 9
6 11
6 13
6 14
6 15
6 16
6 17
6 18
6 19
6 21
6 23
6 24
6 25
6 26
6 29
6 30
6 31
6 32
6 34
6 36
6 40
6 41
6 46
6 51
6 52
6 55
6 57
6 58
6 60
6 61
6 62
6 63
6 65
6 66
6 67
6 68
6 69
6 70
6 72
6 73
6 75
6 76
6 77
6 78
6 79
6 84
6 88
6 89
6 90
6 91
6 93
6 95
6 96
6 99
7 9
7 10
7 18
7 21
7 22
7 24
7 25
7 26
7 27
7 28
7 32
7 33
7 37
7 39
7 40
7 42
7 43
7 45
7 48
7 50
7 54
7 59
7 60
7 63
7 65
7 66
7 67
7 68
7 73
7 74
7 77
7 78
7 80
7 81
7 82
7 86
7 89
7 90
7 91
7 92
7 94
7 95
7 97
8 9
8 11
8 12
8 15
8 18
8 19
8 22
8 24
8 25
8 26
8 27
8 29
8 30
8 32
8 33
8 34
8 38
8 40
8 46
8 47
8 49
8 50
8 52
8 53
8 54
8 55
8 56
8 58
8 60
8 64
8 65
8 66
8 67
8 68
8 69
8 70
8 71
8 72
8 73
8 74
8 77
8 80
8 81
8 84
8 85
8 86
8 88
8 90
8 99
9 10
9 14
9 20
9 21
9 23
9 24
9 26
9 27
9 29
9 35
9 36
9 37
9 38
9 39
9 40
9 42
9 44
9 45
9 51
9 53
9 57
9 59
9 61
9 63
9 66
9 70
9 71
9 72
9 76
9 78
9 80
9 82
9 85
9 86
9 91
9 92
10 11
10 12
10 17
10 20
10 21
10 22
10 23
10 24
10 25
10 26
10 27
10 28
10 30
10 32
10 38
10 42
10 43
10 45
10 46
10 47
10 52
10 53
10 54
10 56
10 57
10 58
10 59
10 60
10 63
10 65
10 67
10 68
10 70
10 72
10 74
10 76
10 77
10 80
10 81
10 87
10 88
10 89
10 92
10 95
10 97
10 99
11 14
11 15
11 17
11 20
11 23
11 24
11 25
11 29
11 30
11 31
11 33
11 34
11 35
11 36
11 37
11 38
11 39
11 41
11 42
11 44
11 46
11 48
11 50
11 51
11 53
11 54
11 55
11 56
11 60
11 61
11 68
11 72
11 73
11 75
11 77
11 79
11 80
11 81
11 82
11 85
11 88
11 89
11 92
11 94
11 96
11 99
12 14
12 15
12 19
12 21
12 24
12 26
12 27
12 29
12 31
12 32
12 34
12 36
12 38
12 41
12 43
12 45
12 46
12 50
12 51
12 53
12 54
12 56
12 58
12 59
12 62
12 63
12 64
12 65
12 69
12 70
12 72
12 74
12 78
12 79
12 80
12 83
12 85
12 86
12 87
12 90
12 91
12 93
12 94
12 95
12 96
12 99
13 17
13 18
13 19
13 24
13 29
13 30
13 31
13 34
13 36
13 37
13 46
13 49
13 51
13 52
13 54
13 56
13 57
13 58
13 60
13 61
13 64
13 67
13 69
13 70
13 75
13 76
13 77
13 79
13 82
13 84
13 85
13 87
13 88
13 92
13 94
13 96
13 98
14 15
14 16
14 17
14 18
14 19
14 22
14 23
14 24
14 25
14 26
14 28
14 29
14 32
14 33
14 37
14 38
14 40
14 42
14 46
14 53
14 55
14 58
14 62
14 63
14 66
14 67
14 69
14 72
14 75
14 76
14 77
14 78
14 80
14 81
14 89
14 92
14 93
14 95
14 96
14 97
14 98
14 99
15 16
15 17
15 18
15 20
15 24
15 28
15 30
15 32
15 33
15 35
15 36
15 38
15 39
15 42
15 43
15 45
15 46
15 47
15 48
15 49
15 50
15 51
15 52
15 56
15 58
15 59
15 61
15 62
15 63
15 64
15 65
15 66
15 69
15 70
15 71
15 72
15 77
15 78
15 80
15 82
15 83
15 85
15 87
15 88
15 89
15 92
15 93
15 94
15 95
15 96
15 97
15 99
16 19
16 20
16 21
16 23
16 24
16 26
16 27
16 28
16 30
16 31
16 33
16 35
16 36
16 41
16 42
16 43
16 44
16 47
16 48
16 51
16 52
16 53
16 62
16 63
16 67
16 68
16 72
16 73
16 74
16 75
16 76
16 77
16 79
16 81
16 87
16 88
16 91
16 94
16 98
17 19
17 22
17 23
17 25
17 26
17 32
17 33
17 34
17 38
17 39
17 40
17 42
17 43
17 44
17 46
17 48
17 49
17 53
17 55
17 57
17 59
17 61
17 62
17 65
17 67
17 69
17 70
17 71
17 75
17 77
17 80
17 82
17 86
17 89
17 93
17 94
17 96
17 97
17 99
18 19
18 22
18 23
18 24
18 25
18 29
18 33
18 34
18 36
18 38
18 39
18 40
18 42
18 43
18 45
18 48
18 49
18 54
18 56
18 58
18 61
18 64
18 65
18 66
18 71
18 76
18 79
18 83
18 85
18 91
18 92
18 94
18 95
18 97
18 98
18 99
19 21
19 23
19 24
19 25
19 26
19 28
19 29
19 31
19 35
19 38
19 42
19 43
19 44
19 46
19 51
19 53
19 54
19 55
19 56
19 57
19 58
19 62
19 63
19 64
19 65
19 66
19 67
19 69
19 71
19 73
19 74
19 77
19 79
19 82
19 83
19 85
19 86
19 88
19 89
19 90
19 95
19 97
19 99
20 21
20 23
20 27
20 29
20 30
20 33
20 34
20 36
20 39
20 40
20 43
20 44
20 46
20 48
20 51
20 52
20 53
20 55
20 56
20 59
20 62
20 63
20 65
20 69
20 77
20 79
20 80
20 81
20 83
20 84
20 86
20 87
20 88
20 90
20 91
20 93
20 94
20 96
20 98
21 22
21 23
21 25
21 26
21 30
21 32
21 33
21 34
21 36
21 43
21 45
21 46
21 47
21 54
21 55
21 58
21 59
21 60
21 61
21 62
21 63
21 64
21 67
21 68
21 69
21 71
21 73
21 76
21 78
21 79
21 81
21 83
21 84
21 86
21 87
21 89
21 90
21 91
21 93
21 94
21 95
22 23
22 24
22 25
22 26
22 28
22 30
22 34
22 38
22 39
22 40
22 41
22 42
22 44
22 46
22 47
22 49
22 51
22 52
22 55
22 56
22 57
22 58
22 59
22 60
22 61
22 62
22 63
22 66
22 67
22 68
22 69
22 73
22 74
22 76
22 77
22 78
22 79
22 80
22 81
22 92
22 93
22 94
22 95
22 97
22 98
23 24
23 26
23 27
23 28
23 29
23 30
23 32
23 34
23 42
23 50
23 51
23 52
23 54
23 55
23 56
23 57
23 58
23 60
23 62
23 63
23 64
23 66
23 68
23 69
23 75
23 77
23 80
23 81
23 82
23 83
23 84
23 87
23 89
23 92
23 93
23 98
23 99
24 27
24 31
24 33
24 34
24 36
24 38
24 40
24 41
24 44
24 46
24 47
24 49
24 51
24 53
24 58
24 59
24 61
24 63
24 66
24 68
24 70
24 71
24 73
24 77
24 78
24 80
24 81
24 84
24 85
24 86
24 87
24 88
24 89
24 90
24 93
24 94
24 96
25 26
25 27
25 28
25 31
25 32
25 33
25 39
25 40
25 41
25 44
25 46
25 47
25 51
25 54
25 55
25 57
25 58
25 59
25 61
25 65
25 66
25 67
25 68
25 69
25 70
25 71
25 75
25 76
25 78
25 79
25 80
25 81
25 82
25 84
25 85
25 86
25 87
25 90
25 91
25 93
25 94
26 27
26 28
26 30
26 32
26 34
26 35
26 36
26 39
26 40
26 41
26 42
26 43
26 46
26 48
26 52
26 54
26 55
26 56
26 58
26 62
26 63
26 69
26 70
26 71
26 72
26 77
26 79
26 80
26 86
26 90
26 91
26 92
26 93
26 94
27 30
27 31
27 33
27 34
27 36
27 37
27 38
27 42
27 44
27 45
27 46
27 47
27 50
27 53
27 55
27 56
27 57
27 58
27 63
27 65
27 71
27 73
27 74
27 75
27 79
27 81
27 82
27 83
27 85
27 87
27 88
27 90
27 91
27 93
27 95
27 96
27 97
27 99
28 29
28 32
28 33
28 35
28 38
28 43
28 46
28 47
28 51
28 55
28 57
28 58
28 60
28 61
28 67
28 68
28 71
28 75
28 77
28 78
28 80
28 81
28 84
28 86
28 87
28 88
28 89
28 91
28 96
29 30
29 32
29 39
29 40
29 42
29 43
29 45
29 46
29 48
29 51
29 52
29 54
29 56
29 57
29 58
29 60
29 62
29 65
29 68
29 69
29 72
29 74
29 77
29 78
29 79
29 80
29 82
29 83
29 84
29 85
29 86
29 87
29 89
29 92
29 95
29 96
30 31
30 32
30 33
30 34
30 35
30 36
30 38
30 40
30 43
30 44
30 45
30 46
30 47
30 49
30 53
30 54
30 55
30 56
30 57
30 60
30 61
30 62
30 63
30 64
30 65
30 66
30 67
30 70
30 71
30 74
30 76
30 77
30 78
30 79
30 83
30 85
30 86
30 87
30 89
30 90
30 92
30 94
30 96
30 99
31 32
31 33
31 34
31 35
31 36
31 37
31 38
31 39
31 41
31 42
31 44
31 52
31 54
31 56
31 60
31 61
31 64
31 66
31 68
31 71
31 73
31 74
31 75
31 76
31 77
31 81
31 82
31 84
31 86
31 87
31 88
31 89
31 93
31 95
31 96
32 34
32 35
32 36
32 39
32 40
32 43
32 46
32 48
32 49
32 50
32 53
32 56
32 57
32 58
32 65
32 67
32 69
32 70
32 72
32 76
32 78
32 81
32 86
32 87
32 88
32 90
32 91
32 92
32 96
32 98
32 99
33 36
33 40
33 41
33 42
33 43
33 44
33 47
33 49
33 52
33 53
33 54
33 61
33 62
33 63
33 64
33 66
33 69
33 71
33 72
33 73
33 75
33 77
33 81
33 84
33 85
33 87
33 88
33 89
33 92
33 93
33 96
33 97
33 99
34 36
34 38
34 39
34 41
34 42
34 45
34 47
34 51
34 52
34 55
34 56
34 57
34 60
34 62
34 63
34 64
34 65
34 67
34 68
34 69
34 71
34 76
34 78
34 80
34 85
34 88
34 93
34 94
34 96
35 40
35 42
35 43
35 44
35 48
35 49
35 51
35 53
35 55
35 64
35 65
35 67
35 72
35 73
35 74
35 76
35 77
35 81
35 82
35 83
35 86
35 89
35 91
35 93
35 96
35 97
36 37
36 40
36 41
36 42
36 45
36 46
36 47
36 48
36 50
36 53
36 56
36 58
36 61
36 62
36 64
36 66
36 67
36 68
36 71
36 72
36 77
36 81
36 83
36 84
36 86
36 87
36 89
36 91
36 94
36 95
36 97
37 38
37 39
37 42
37 44
37 45
37 46
37 47
37 49
37 53
37 54
37 59
37 61
37 63
37 65
37 66
37 72
37 74
37 76
37 81
37 82
37 83
37 88
37 93
37 97
38 39
38 41
38 45
38 47
38 48
38 49
38 50
38 52
38 53
38 56
38 59
38 60
38 62
38 63
38 64
38 66
38 69
38 72
38 73
38 75
38 80
38 83
38 84
38 86
38 87
38 89
38 90
38 98
39 41
39 43
39 45
39 46
39 52
39 54
39 56
39 57
39 59
39 61
39 64
39 65
39 66
39 67
39 70
39 71
39 72
39 73
39 75
39 76
39 79
39 87
39 89
39 91
39 93
39 94
39 95
39 96
39 98
39 99
40 42
40 44
40 49
40 50
40 53
40 57
40 58
40 62
40 64
40 65
40 66
40 68
40 71
40 76
40 78
40 79
40 81
40 82
40 85
40 86
40 87
40 88
40 89
40 90
40 93
40 95
40 96
40 97
41 42
41 45
41 46
41 50
41 53
41 55
41 60
41 63
41 64
41 65
41 66
41 67
41 68
41 72
41 74
41 76
41 78
41 81
41 82
41 85
41 86
41 88
41 89
41 91
41 94
41 97
41 98
41 99
42 43
42 44
42 47
42 51
42 52
42 53
42 54
42 55
42 56
42 61
42 64
42 66
42 77
42 78
42 79
42 80
42 81
42 86
42 88
42 89
42 92
42 93
42 96
42 98
43 44
43 45
43 48
43 51
43 53
43 55
43 58
43 59
43 60
43 62
43 69
43 71
43 73
43 75
43 77
43 80
43 82
43 83
43 84
43 87
43 90
43 91
43 94
43 95
43 99
44 45
44 46
44 48
44 50
44 51
44 52
44 53
44 54
44 55
44 59
44 61
44 63
44 64
44 65
44 66
44 67
44 70
44 71
44 74
44 75
44 78
44 79
44 81
44 82
44 84
44 85
44 86
44 87
44 88
44 91
44 92
44 95
44 96
44 97
44 98
45 49
45 50
45 51
45 52
45 53
45 55
45 56
45 57
45 58
45 59
45 62
45 64
45 66
45 67
45 68
45 70
45 71
45 74
45 75
45 76
45 78
45 81
45 82
45 83
45 84
45 85
45 86
45 87
45 90
45 91
45 94
45 95
45 96
46 47
46 48
46 50
46 51
46 52
46 61
46 62
46 64
46 66
46 68
46 69
46 70
46 74
46 75
46 80
46 81
46 84
46 86
46 87
46 93
46 97
46 99
47 49
47 51
47 55
47 56
47 57
47 58
47 63
47 66
47 68
47 69
47 70
47 71
47 74
47 75
47 76
47 78
47 80
47 83
47 84
47 88
47 95
47 97
48 51
48 52
48 58
48 59
48 60
48 66
48 67
48 68
48 69
48 72
48 75
48 78
48 80
48 81
48 83
48 87
48 88
48 93
48 94
49 51
49 54
49 55
49 56
49 58
49 59
49 61
49 64
49 66
49 68
49 69
49 70
49 73
49 75
49 77
49 81
49 82
49 83
49 84
49 85
49 86
49 88
49 94
49 98
49 99
50 51
50 52
50 53
50 55
50 57
50 61
50 62
50 65
50 66
50 69
50 73
50 75
50 77
50 80
50 81
50 82
50 83
50 84
50 85
50 86
50 87
50 88
50 89
50 92
50 93
50 96
50 97
51 53
51 54
51 56
51 57
51 58
51 59
51 61
51 62
51 63
51 66
51 67
51 69
51 72
51 77
51 79
51 82
51 83
51 84
51 85
51 90
51 93
51 97
52 54
52 55
52 60
52 62
52 66
52 67
52 69
52 71
52 73
52 74
52 75
52 76
52 79
52 80
52 81
52 83
52 84
52 86
52 87
52 88
52 90
52 91
52 92
52 96
52 97
52 98
52 99
53 56
53 57
53 59
53 60
53 62
53 65
53 67
53 71
53 72
53 79
53 81
53 85
53 86
53 87
53 88
53 89
53 93
53 94
53 95
53 96
53 97
53 98
53 99
54 55
54 57
54 58
54 63
54 65
54 70
54 71
54 72
54 74
54 79
54 80
54 81
54 82
54 83
54 88
54 89
54 90
54 91
54 94
54 98
55 56
55 57
55 59
55 61
55 62
55 64
55 66
55 69
55 70
55 71
55 73
55 74
55 75
55 79
55 81
55 84
55 86
55 88
55 91
55 92
55 94
55 97
55 99
56 57
56 58
56 59
56 60
56 61
56 62
56 64
56 66
56 70
56 71
56 73
56 77
56 80
56 82
56 83
56 84
56 85
56 86
56 89
56 93
56 95
56 98
56 99
57 59
57 61
57 62
57 67
57 68
57 71
57 73
57 75
57 76
57 77
57 81
57 86
57 88
57 89
57 93
57 99
58 59
58 61
58 63
58 64
58 65
58 66
58 68
58 69
58 70
58 71
58 75
58 76
58 78
58 82
58 88
58 91
58 93
58 94
58 95
58 96
58 99
59 60
59 63
59 67
59 68
59 69
59 70
59 71
59 72
59 74
59 76
59 77
59 78
59 79
59 80
59 81
59 82
59 84
59 86
59 88
59 89
59 91
59 92
59 93
59 95
59 99
60 62
60 64
60 66
60 67
60 69
60 71
60 72
60 74
60 75
60 79
60 80
60 81
60 83
60 85
60 86
60 89
60 90
60 91
60 93
60 97
60 99
61 64
61 65
61 66
61 67
61 68
61 71
61 72
61 73
61 74
61 75
61 77
61 78
61 79
61 80
61 84
61 85
61 86
61 87
61 91
61 92
61 94
61 97
62 63
62 64
62 66
62 69
62 73
62 75
62 79
62 83
62 86
62 88
62 90
62 93
62 94
62 97
63 64
63 65
63 68
63 70
63 71
63 73
63 75
63 81
63 82
63 84
63 86
63 89
63 93
63 94
63 96
63 99
64 67
64 68
64 69
64 71
64 72
64 74
64 75
64 80
64 82
64 84
64 88
64 89
64 90
64 92
64 93
64 94
64 96
64 97
65 66
65 67
65 68
65 71
65 72
65 74
65 75
65 77
65 78
65 79
65 81
65 83
65 84
65 85
65 86
65 88
65 91
65 92
65 93
65 94
65 95
66 67
66 69
66 71
66 73
66 74
66 77
66 78
66 79
66 83
66 85
66 86
66 87
66 89
66 92
66 93
66 95
66 96
66 97
66 98
67 71
67 75
67 77
67 78
67 79
67 80
67 81
67 84
67 85
67 86
67 89
67 96
67 98
67 99
68 69
68 71
68 72
68 73
68 75
68 77
68 78
68 79
68 80
68 82
68 91
68 92
68 94
68 96
68 98
68 99
69 70
69 72
69 74
69 75
69 76
69 80
69 83
69 86
69 87
69 89
69 91
69 92
69 96
69 98
69 99
70 71
70 72
70 76
70 77
70 80
70 81
70 82
70 84
70 87
70 89
70 90
70 91
70 94
70 99
71 72
71 74
71 77
71 79
71 80
71 82
71 84
71 86
71 87
71 89
71 90
71 91
71 92
71 96
71 99
72 73
72 75
72 76
72 77
72 80
72 82
72 85
72 87
72 88
72 89
72 92
72 93
72 97
72 98
72 99
73 74
73 77
73 78
73 79
73 80
73 83
73 86
73 94
73 95
73 97
73 98
74 77
74 80
74 84
74 91
74 92
74 93
74 95
74 97
74 98
75 76
75 79
75 81
75 83
75 84
75 85
75 87
75 88
75 89
75 90
75 91
75 93
75 94
75 95
75 96
75 97
75 98
76 80
76 83
76 84
76 85
76 88
76 89
76 91
76 94
76 95
76 99
77 80
77 81
77 82
77 83
77 85
77 86
77 87
77 88
77 90
77 92
77 96
77 97
78 79
78 81
78 83
78 84
78 85
78 86
78 88
78 89
78 92
78 94
78 95
78 96
78 97
78 98
79 81
79 82
79 83
79 86
79 88
79 90
79 92
79 94
79 97
79 98
79 99
80 83
80 85
80 87
80 89
80 91
80 94
80 97
81 82
81 87
81 90
81 91
81 94
81 98
81 99
82 83
82 87
82 88
82 93
82 94
82 95
82 97
82 98
82 99
83 84
83 87
83 88
83 93
83 94
83 95
83 97
83 98
83 99
84 85
84 88
84 91
84 96
84 98
85 90
85 92
85 93
85 97
85 98
86 87
86 90
86 91
86 93
86 95
86 96
87 88
87 91
87 97
87 99
88 89
88 93
88 97
89 90
89 94
89 96
89 97
89 99
90 91
90 94
90 95
90 97
91 95
92 93
92 95
92 96
93 94
94 99
95 96
95 99
