0 1
0 2
0 3
0 5
0 7
0 9
0 10
0 11
0 13
0 14
0 16
0 17
0 20
0 26
0 27
0 28
0 29
0 32
0 34
0 36
0 40
0 42
0 44
0 46
0 48
0 49
0 52
0 55
0 56
0 60
0 62
0 64
0 66
0 67
0 68
0 69
0 70
0 71
0 72
0 73
0 76
0 80
0 85
0 86
0 88
0 91
0 92
0 94
0 95
0 98
0 99
1 3
1 6
1 11
1 12
1 14
1 15
1 17
1 18
1 20
1 23
1 24
1 25
1 27
1 32
1 33
1 38
1 39
1 40
1 42
1 43
1 45
1 46
1 47
1 48
1 49
1 51
1 52
1 53
1 54
1 55
1 56
1 57
1 58
1 62
1 63
1 64
1 65
1 66
1 68
1 69
1 70
1 73
1 74
1 76
1 79
1 81
1 84
1 85
1 87
1 89
1 91
1 92
1 93
1 95
1 96
1 98
2 3
2 4
2 5
2 6
2 7
2 8
2 9
2 10
2 11
2 12
2 13
2 14
2 15
2 17
2 18
2 21
2 24
2 26
2 27
2 28
2 29
2 30
2 33
2 36
2 38
2 39
2 42
2 43
2 44
2 46
2 49
2 51
2 52
2 53
2 54
2 56
2 57
2 59
2 60
2 65
2 67
2 69
2 70
2 71
2 73
2 74
2 75
2 76
2 77
2 78
2 79
2 80
2 84
2 85
2 88
2 89
2 90
2 93
2 94
2 96
2 97
3 5
3 6
3 8
3 11
3 13
3 14
3 15
3 16
3 17
3 18
3 23
3 26
3 27
3 28
3 29
3 31
3 33
3 34
3 36
3 37
3 40
3 44
3 46
3 49
3 51
3 52
3 53
3 54
3 56
3 57
3 59
3 60
3 61
3 64
3 65
3 70
3 71
3 74
3 76
3 77
3 80
3 82
3 83
3 86
3 89
3 94
3 95
3 96
4 7
4 9
4 10
4 13
4 14
4 15
4 18
4 22
4 23
4 24
4 27
4 30
4 31
4 33
4 34
4 35
4 36
4 38
4 39
4 40
4 41
4 42
4 45
4 46
4 50
4 52
4 53
4 54
4 56
4 60
4 66
4 69
4 71
4 72
4 74
4 75
4 79
4 83
4 85
4 86
4 88
4 89
4 90
4 91
4 92
4 93
5 6
5 8
5 10
5 12
5 14
5 15
5 19
5 21
5 24
5 25
5 26
5 27
5 28
5 29
5 32
5 35
5 39
5 40
5 41
5 42
5 45
5 46
5 49
5 50
5 51
5 56
5 60
5 64
5 65
5 68
5 69
5 70
5 72
5 75
5 77
5 78
5 85
5 86
5 87
5 88
5 95
5 96
5 98
6 13
6 16
6 17
6 19
6 20
6 23
6 28
6 30
6 31
6 33
6 35
6 38
6 39
6 40
6 42
6 45
6 46
6 47
6 48
6 51
6 52
6 54
6 55
6 57
6 59
6 62
6 64
6 67
6 70
6 71
6 80
6 81
6 82
6 83
6 84
6 87
6 90
6 91
6 92
6 93
6 94
6 97
7 8
7 9
7 12
7 13
7 14
7 15
7 17
7 20
7 21
7 22
7 24
7 26
7 27
7 28
7 32
7 33
7 34
7 37
7 38
7 40
7 42
7 43
7 49
7 52
7 54
7 57
7 58
7 59
7 60
7 67
7 70
7 72
7 74
7 77
7 78
7 80
7 81
7 82
7 89
7 90
7 91
7 94
7 97
7 98
8 10
8 15
8 20
8 23
8 29
8 31
8 32
8 34
8 40
8 41
8 43
8 44
8 45
8 46
8 48
8 52
8 55
8 56
8 58
8 61
8 62
8 65
8 66
8 69
8 72
8 74
8 76
8 78
8 81
8 83
8 84
8 85
8 86
8 88
8 89
8 91
8 92
8 93
8 98
8 99
9 15
9 16
9 17
9 18
9 20
9 28
9 30
9 32
9 36
9 38
9 40
9 46
9 48
9 49
9 52
9 55
9 56
9 61
9 62
9 64
9 65
9 67
9 73
9 78
9 81
9 83
9 85
9 88
9 89
9 92
9 97
9 99
10 11
10 12
10 14
10 15
10 17
10 18
10 19
10 21
10 26
10 31
10 37
10 39
10 42
10 44
10 49
10 50
10 51
10 57
10 60
10 61
10 62
10 64
10 65
10 67
10 74
10 79
10 80
10 81
10 83
10 86
10 92
10 95
10 96
10 97
11 17
11 20
11 22
11 23
11 24
11 25
11 26
11 27
11 30
11 32
11 34
11 35
11 36
11 39
11 40
11 42
11 44
11 45
11 48
11 49
11 52
11 54
11 56
11 57
11 60
11 61
11 64
11 66
11 67
11 68
11 69
11 70
11 71
11 75
11 77
11 81
11 83
11 84
11 85
11 86
11 87
11 88
11 94
11 96
11 99
12 13
12 14
12 15
12 16
12 18
12 19
12 21
12 22
12 23
12 25
12 26
12 31
12 32
12 34
12 39
12 41
12 44
12 46
12 50
12 51
12 55
12 56
12 58
12 59
12 63
12 64
12 65
12 72
12 73
12 74
12 75
12 79
12 81
12 82
12 84
12 89
12 91
12 92
12 93
12 97
12 98
12 99
13 16
13 19
13 24
13 28
13 31
13 32
13 33
13 35
13 36
13 40
13 41
13 44
13 47
13 48
13 50
13 51
13 53
13 54
13 55
13 59
13 60
13 63
13 64
13 65
13 67
13 72
13 73
13 74
13 75
13 80
13 82
13 83
13 84
13 87
13 93
13 94
13 95
13 98
13 99
14 15
14 16
14 17
14 20
14 21
14 23
14 24
14 27
14 30
14 31
14 32
14 34
14 35
14 37
14 39
14 40
14 41
14 43
14 45
14 46
14 49
14 52
14 54
14 56
14 59
14 60
14 61
14 63
14 64
14 69
14 71
14 72
14 75
14 77
14 78
14 79
14 80
14 81
14 82
14 84
14 86
14 89
14 91
14 92
14 94
14 95
14 97
14 98
15 18
15 19
15 22
15 24
15 25
15 28
15 29
15 32
15 33
15 35
15 38
15 39
15 42
15 43
15 45
15 48
15 49
15 50
15 52
15 53
15 58
15 59
15 60
15 61
15 62
15 63
15 64
15 67
15 68
15 71
15 74
15 78
15 80
15 82
15 84
15 85
15 87
15 88
15 90
15 91
15 95
15 97
15 98
16 17
16 19
16 21
16 22
16 23
16 24
16 25
16 26
16 27
16 28
16 30
16 32
16 35
16 37
16 39
16 42
16 45
16 46
16 47
16 50
16 54
16 58
16 60
16 61
16 62
16 63
16 65
16 72
16 74
16 75
16 78
16 80
16 83
16 85
16 86
16 87
16 93
16 99
17 18
17 19
17 22
17 23
17 24
17 30
17 31
17 32
17 33
17 34
17 37
17 39
17 45
17 48
17 49
17 51
17 53
17 54
17 55
17 56
17 57
17 60
17 64
17 65
17 67
17 68
17 69
17 72
17 74
17 75
17 76
17 82
17 86
17 88
17 90
17 93
17 94
17 96
17 98
17 99
18 22
18 24
18 26
18 28
18 30
18 32
18 33
18 34
18 35
18 36
18 37
18 38
18 40
18 41
18 44
18 51
18 52
18 58
18 61
18 63
18 64
18 67
18 69
18 70
18 73
18 74
18 76
18 79
18 80
18 81
18 84
18 86
18 87
18 88
18 90
18 93
18 94
18 96
18 99
19 20
19 22
19 26
19 27
19 28
19 29
19 30
19 31
19 34
19 36
19 38
19 39
19 42
19 44
19 47
19 48
19 49
19 50
19 51
19 53
19 55
19 56
19 59
19 61
19 63
19 65
19 67
19 68
19 70
19 73
19 74
19 76
19 77
19 79
19 81
19 82
19 83
19 84
19 86
19 87
19 90
19 93
19 94
19 95
19 96
20 21
20 22
20 28
20 29
20 30
20 31
20 32
20 35
20 36
20 38
20 42
20 46
20 49
20 53
20 54
20 56
20 57
20 58
20 60
20 62
20 65
20 68
20 69
20 72
20 76
20 77
20 81
20 83
20 84
20 85
20 86
20 89
20 92
20 94
20 95
20 96
20 98
21 25
21 27
21 28
21 31
21 32
21 33
21 34
21 35
21 38
21 40
21 41
21 43
21 44
21 49
21 50
21 52
21 55
21 56
21 64
21 65
21 66
21 68
21 70
21 71
21 72
21 75
21 77
21 80
21 83
21 93
21 94
21 95
21 96
22 24
22 26
22 27
22 28
22 29
22 30
22 33
22 41
22 43
22 44
22 45
22 51
22 54
22 55
22 56
22 58
22 60
22 61
22 62
22 63
22 64
22 66
22 70
22 72
22 74
22 78
22 80
22 85
22 88
22 93
22 94
22 95
23 24
23 28
23 29
23 30
23 33
23 37
23 39
23 41
23 42
23 44
23 47
23 51
23 52
23 55
23 58
23 59
23 60
23 62
23 65
23 69
23 70
23 74
23 75
23 76
23 77
23 79
23 80
23 81
23 82
23 83
23 85
23 86
23 90
23 91
23 93
23 95
23 96
24 27
24 28
24 30
24 33
24 34
24 35
24 36
24 38
24 40
24 41
24 43
24 44
24 47
24 49
24 54
24 55
24 57
24 59
24 62
24 64
24 65
24 66
24 68
24 70
24 71
24 72
24 73
24 74
24 77
24 87
24 92
24 96
24 97
24 98
24 99
25 26
25 27
25 30
25 31
25 33
25 35
25 38
25 39
25 42
25 43
25 44
25 45
25 47
25 48
25 49
25 51
25 53
25 54
25 55
25 56
25 58
25 60
25 61
25 62
25 64
25 66
25 68
25 69
25 71
25 72
25 73
25 74
25 76
25 79
25 81
25 84
25 85
25 87
25 88
25 93
25 94
26 27
26 29
26 30
26 31
26 32
26 34
26 35
26 40
26 42
26 47
26 49
26 53
26 54
26 55
26 56
26 59
26 60
26 65
26 66
26 71
26 73
26 74
26 75
26 76
26 79
26 80
26 84
26 86
26 88
26 89
26 93
26 94
26 95
26 97
26 98
27 29
27 31
27 33
27 36
27 40
27 41
27 43
27 45
27 46
27 47
27 53
27 54
27 56
27 58
27 59
27 60
27 61
27 62
27 63
27 64
27 65
27 70
27 71
27 74
27 76
27 77
27 78
27 79
27 82
27 83
27 84
27 86
27 87
27 90
27 93
27 94
27 95
28 29
28 31
28 33
28 34
28 35
28 36
28 39
28 40
28 41
28 45
28 46
28 47
28 48
28 51
28 52
28 53
28 54
28 56
28 58
28 59
28 62
28 66
28 68
28 69
28 70
28 71
28 73
28 74
28 77
28 80
28 81
28 82
28 85
28 86
28 89
28 95
28 97
28 98
28 99
29 30
29 33
29 37
29 39
29 42
29 46
29 50
29 51
29 52
29 53
29 54
29 55
29 57
29 59
29 61
29 66
29 67
29 71
29 73
29 75
29 76
29 78
29 80
29 82
29 88
29 93
29 94
29 95
29 96
29 97
29 98
30 34
30 37
30 39
30 40
30 43
30 46
30 48
30 49
30 51
30 53
30 54
30 57
30 58
30 59
30 60
30 63
30 65
30 66
30 67
30 68
30 70
30 72
30 73
30 74
30 79
30 81
30 82
30 83
30 84
30 85
30 86
30 87
30 88
30 90
30 91
30 92
30 95
30 98
31 32
31 34
31 36
31 38
31 39
31 40
31 41
31 52
31 54
31 55
31 57
31 58
31 59
31 62
31 64
31 66
31 67
31 68
31 71
31 73
31 74
31 77
31 78
31 79
31 80
31 82
31 85
31 87
31 88
31 89
31 92
31 93
31 98
32 35
32 37
32 40
32 41
32 44
32 45
32 47
32 49
32 56
32 59
32 60
32 61
32 62
32 63
32 64
32 67
32 69
32 71
32 72
32 73
32 74
32 75
32 76
32 77
32 78
32 79
32 84
32 90
32 92
32 94
32 95
32 97
32 98
33 36
33 37
33 38
33 41
33 42
33 44
33 45
33 46
33 47
33 48
33 49
33 51
33 52
33 53
33 55
33 59
33 63
33 65
33 66
33 69
33 70
33 72
33 73
33 75
33 76
33 79
33 80
33 82
33 84
33 89
33 92
33 94
34 36
34 38
34 39
34 42
34 43
34 44
34 45
34 46
34 50
34 52
34 53
34 54
34 56
34 58
34 59
34 61
34 62
34 63
34 65
34 69
34 71
34 72
34 74
34 76
34 78
34 79
34 81
34 82
34 85
34 89
34 90
34 92
34 94
34 96
34 98
35 36
35 37
35 40
35 47
35 53
35 54
35 56
35 57
35 60
35 61
35 66
35 70
35 72
35 73
35 76
35 78
35 79
35 80
35 81
35 84
35 85
35 86
35 87
35 90
35 91
35 92
35 96
35 97
35 98
36 37
36 39
36 41
36 44
36 45
36 49
36 51
36 52
36 53
36 54
36 55
36 57
36 58
36 59
36 60
36 61
36 63
36 64
36 66
36 68
36 69
36 72
36 75
36 76
36 82
36 84
36 85
36 86
36 88
36 89
36 90
36 91
36 92
36 93
36 94
36 96
36 99
37 38
37 39
37 40
37 41
37 44
37 45
37 46
37 51
37 52
37 53
37 55
37 56
37 57
37 59
37 60
37 64
37 68
37 71
37 72
37 74
37 76
37 78
37 80
37 81
37 82
37 84
37 85
37 86
37 87
37 88
37 90
37 91
37 92
37 93
37 94
37 95
37 99
38 39
38 44
38 46
38 47
38 48
38 50
38 56
38 57
38 59
38 60
38 61
38 62
38 65
38 66
38 72
38 74
38 77
38 78
38 84
38 86
38 88
38 90
38 91
38 94
38 95
38 99
39 40
39 41
39 42
39 46
39 47
39 49
39 51
39 52
39 57
39 58
39 61
39 63
39 64
39 65
39 66
39 68
39 72
39 76
39 77
39 80
39 87
39 88
39 90
39 91
39 92
39 93
39 95
39 99
40 43
40 45
40 48
40 49
40 53
40 54
40 56
40 58
40 59
40 61
40 68
40 69
40 71
40 73
40 74
40 76
40 78
40 79
40 80
40 82
40 84
40 86
40 87
40 94
40 96
40 97
40 98
41 42
41 44
41 45
41 47
41 49
41 52
41 55
41 56
41 57
41 59
41 60
41 61
41 64
41 65
41 66
41 67
41 68
41 69
41 70
41 73
41 77
41 78
41 79
41 80
41 82
41 83
41 84
41 85
41 87
41 89
41 90
41 91
41 92
41 94
41 95
41 99
42 45
42 47
42 48
42 50
42 53
42 57
42 58
42 59
42 62
42 64
42 66
42 67
42 68
42 69
42 70
42 72
42 73
42 76
42 77
42 78
42 81
42 83
42 84
42 88
42 89
42 91
42 92
42 93
42 94
42 95
42 96
42 97
42 98
43 44
43 45
43 47
43 49
43 50
43 51
43 54
43 55
43 57
43 58
43 59
43 62
43 65
43 68
43 69
43 70
43 73
43 76
43 77
43 82
43 83
43 84
43 85
43 87
43 90
43 91
43 92
43 93
43 95
43 96
43 97
43 98
43 99
44 45
44 47
44 49
44 56
44 59
44 60
44 65
44 68
44 69
44 70
44 71
44 72
44 73
44 75
44 78
44 79
44 82
44 84
44 85
44 86
44 87
44 90
44 94
44 96
45 49
45 50
45 53
45 57
45 58
45 59
45 60
45 63
45 64
45 66
45 67
45 68
45 69
45 72
45 73
45 74
45 77
45 78
45 80
45 81
45 82
45 83
45 84
45 87
45 90
45 91
45 92
45 98
46 47
46 48
46 49
46 51
46 52
46 54
46 56
46 57
46 58
46 59
46 60
46 61
46 63
46 65
46 67
46 68
46 69
46 71
46 72
46 76
46 80
46 84
46 86
46 87
46 88
46 89
46 90
46 91
46 96
46 99
47 48
47 49
47 51
47 52
47 55
47 56
47 57
47 60
47 62
47 63
47 64
47 66
47 67
47 68
47 71
47 72
47 73
47 75
47 80
47 81
47 83
47 88
47 91
47 92
47 94
47 97
47 98
47 99
48 49
48 52
48 54
48 56
48 57
48 61
48 62
48 65
48 66
48 67
48 71
48 72
48 73
48 74
48 75
48 77
48 78
48 79
48 81
48 83
48 84
48 88
48 91
48 92
48 93
48 94
48 95
48 96
48 97
48 99
49 52
49 55
49 57
49 59
49 60
49 62
49 63
49 65
49 67
49 68
49 69
49 70
49 73
49 75
49 76
49 78
49 79
49 80
49 82
49 86
49 87
49 89
49 92
49 93
49 94
49 99
50 51
50 57
50 59
50 60
50 61
50 62
50 64
50 68
50 69
50 71
50 73
50 75
50 78
50 79
50 81
50 86
50 89
50 90
50 92
50 94
50 97
50 98
51 52
51 53
51 55
51 57
51 61
51 63
51 64
51 65
51 68
51 71
51 72
51 74
51 77
51 78
51 80
51 81
51 82
51 85
51 89
51 95
52 53
52 55
52 59
52 61
52 63
52 64
52 66
52 67
52 71
52 72
52 74
52 78
52 79
52 81
52 82
52 85
52 88
52 89
52 90
52 91
52 92
52 93
52 95
52 96
52 99
53 55
53 59
53 63
53 65
53 66
53 68
53 71
53 72
53 81
53 82
53 83
53 84
53 85
53 87
53 89
53 90
53 92
53 96
53 97
53 98
53 99
54 55
54 56
54 58
54 59
54 64
54 65
54 67
54 68
54 69
54 71
54 72
54 74
54 75
54 77
54 78
54 81
54 82
54 83
54 85
54 88
54 90
54 91
54 93
54 95
54 96
54 97
54 98
55 56
55 57
55 59
55 61
55 62
55 65
55 66
55 67
55 68
55 74
55 75
55 80
55 81
55 82
55 86
55 88
55 93
55 95
55 97
56 57
56 58
56 60
56 66
56 67
56 68
56 70
56 73
56 75
56 80
56 81
56 82
56 85
56 86
56 89
56 90
56 92
56 93
56 94
56 95
56 96
57 58
57 61
57 64
57 69
57 71
57 74
57 79
57 84
57 87
57 88
57 90
57 92
57 93
57 94
57 95
57 96
58 59
58 63
58 64
58 65
58 66
58 68
58 72
58 73
58 75
58 77
58 83
58 85
58 89
58 91
58 92
58 95
58 98
58 99
59 60
59 61
59 65
59 66
59 68
59 69
59 71
59 75
59 83
59 86
59 87
59 89
59 91
59 92
59 93
59 95
59 96
59 97
59 99
60 61
60 63
60 66
60 67
60 68
60 71
60 77
60 78
60 79
60 80
60 82
60 83
60 87
60 89
60 90
60 91
60 92
60 94
60 95
60 97
60 98
61 62
61 65
61 67
61 68
61 69
61 70
61 72
61 74
61 76
61 77
61 78
61 79
61 80
61 81
61 82
61 83
61 84
61 86
61 88
61 91
61 95
61 96
61 97
62 65
62 66
62 69
62 70
62 72
62 73
62 76
62 77
62 78
62 81
62 82
62 84
62 86
62 87
62 88
62 89
62 90
62 92
62 93
62 94
62 97
62 99
63 68
63 70
63 71
63 75
63 76
63 78
63 79
63 80
63 81
63 82
63 83
63 87
63 88
63 89
63 91
63 92
63 94
63 95
63 98
64 67
64 68
64 71
64 76
64 81
64 83
64 87
64 90
64 91
64 92
64 94
64 95
64 98
64 99
65 67
65 68
65 71
65 73
65 74
65 75
65 76
65 82
65 84
65 90
65 95
65 96
66 67
66 68
66 69
66 70
66 72
66 74
66 75
66 77
66 78
66 81
66 82
66 84
66 86
66 87
66 89
66 90
66 92
66 96
66 99
67 73
67 74
67 75
67 78
67 79
67 82
67 83
67 85
67 93
67 94
67 95
67 97
67 99
68 69
68 70
68 72
68 74
68 75
68 77
68 86
68 87
68 88
68 89
68 92
68 93
68 94
68 97
68 99
69 70
69 72
69 73
69 74
69 75
69 77
69 78
69 79
69 80
69 81
69 85
69 86
69 89
69 90
69 91
69 93
69 94
69 96
69 97
70 71
70 73
70 74
70 75
70 77
70 78
70 83
70 87
70 89
70 92
70 93
70 98
70 99
71 73
71 74
71 75
71 79
71 80
71 81
71 83
71 84
71 86
71 87
71 88
71 90
71 91
71 92
71 93
71 94
71 95
71 96
71 97
72 73
72 74
72 78
72 79
72 81
72 82
72 83
72 87
72 88
72 91
72 93
72 94
72 96
73 78
73 82
73 84
73 85
73 89
73 90
73 91
73 92
73 93
73 95
73 96
74 75
74 76
74 77
74 78
74 79
74 80
74 83
74 84
74 85
74 86
74 91
74 94
74 96
74 97
75 78
75 80
75 81
75 82
75 85
75 86
75 87
75 88
75 89
75 91
75 94
75 96
75 98
76 77
76 79
76 80
76 83
76 84
76 87
76 88
76 91
76 92
76 97
76 98
77 78
77 83
77 86
77 87
77 89
77 93
77 94
77 95
77 96
77 97
77 99
78 80
78 81
78 83
78 84
78 90
78 91
78 95
78 97
78 99
79 81
79 87
79 90
79 94
79 96
79 99
80 81
80 82
80 83
80 85
80 87
80 90
80 91
80 93
80 94
80 95
80 96
80 97
81 85
81 86
81 87
81 88
81 90
81 91
81 96
81 97
81 98
82 83
82 84
82 86
82 87
82 89
82 91
82 95
82 96
83 86
83 88
83 90
83 93
83 97
83 98
83 99
84 87
84 89
84 91
84 96
84 98
85 86
85 87
85 88
85 89
85 91
85 95
85 96
85 99
86 87
86 89
86 90
86 92
86 94
86 95
86 97
86 98
86 99
87 89
87 91
87 92
87 93
87 94
87 95
87 99
88 91
88 92
88 96
88 97
89 92
89 94
89 96
89 97
89 98
89 99
90 94
90 98
90 99
91 93
91 94
91 95
91 98
92 96
92 98
93 95
93 97
93 98
94 97
94 98
95 96
95 97
95 98
96 97
96 98
