0 1
0 2
0 6
0 7
0 8
0 10
0 12
0 18
0 21
0 23
0 24
0 25
0 27
0 29
0 30
0 31
0 32
0 33
0 34
0 35
0 36
0 37
0 41
0 42
0 43
0 44
0 45
0 49
0 51
0 52
0 54
0 55
0 56
0 57
0 58
0 59
0 61
0 65
0 67
0 68
0 69
0 72
0 77
0 80
0 81
0 82
0 87
0 89
0 92
0 94
0 97
0 98
1 2
1 3
1 11
1 12
1 13
1 14
1 19
1 21
1 22
1 24
1 26
1 27
1 28
1 30
1 31
1 32
1 35
1 36
1 39
1 43
1 46
1 49
1 50
1 52
1 54
1 63
1 64
1 65
1 67
1 68
1 70
1 72
1 73
1 76
1 77
1 78
1 80
1 82
1 85
1 86
1 89
1 91
1 92
1 97
1 98
2 3
2 4
2 7
2 8
2 11
2 12
2 15
2 20
2 22
2 23
2 26
2 30
2 31
2 34
2 35
2 38
2 39
2 40
2 41
2 45
2 46
2 47
2 48
2 49
2 51
2 57
2 59
2 60
2 62
2 63
2 66
2 67
2 68
2 70
2 71
2 72
2 73
2 75
2 77
2 78
2 88
2 90
2 92
2 93
2 95
2 96
2 97
2 98
3 5
3 6
3 7
3 11
3 12
3 13
3 16
3 17
3 18
3 19
3 24
3 26
3 29
3 31
3 32
3 34
3 35
3 36
3 40
3 44
3 47
3 48
3 49
3 52
3 53
3 58
3 59
3 61
3 62
3 63
3 65
3 70
3 71
3 72
3 81
3 83
3 84
3 86
3 88
3 96
3 97
3 98
4 5
4 6
4 7
4 8
4 9
4 11
4 15
4 20
4 21
4 23
4 27
4 30
4 31
4 34
4 35
4 36
4 38
4 42
4 43
4 44
4 51
4 52
4 53
4 57
4 58
4 60
4 61
4 67
4 69
4 71
4 73
4 74
4 77
4 78
4 80
4 82
4 86
4 88
4 89
4 93
4 95
4 99
5 6
5 8
5 9
5 10
5 11
5 12
5 13
5 14
5 15
5 17
5 20
5 22
5 24
5 25
5 26
5 29
5 30
5 31
5 32
5 34
5 37
5 38
5 39
5 44
5 45
5 47
5 51
5 52
5 57
5 59
5 66
5 67
5 76
5 77
5 81
5 82
5 83
5 84
5 86
5 95
5 96
5 97
5 99
6 7
6 8
6 9
6 10
6 12
6 13
6 14
6 15
6 18
6 23
6 29
6 30
6 31
6 32
6 33
6 35
6 36
6 46
6 48
6 49
6 53
6 54
6 56
6 59
6 60
6 61
6 62
6 63
6 65
6 66
6 67
6 68
6 72
6 73
6 74
6 75
6 77
6 78
6 79
6 80
6 82
6 85
6 87
6 89
6 93
6 94
6 95
6 98
7 14
7 16
7 18
7 19
7 20
7 21
7 22
7 23
7 26
7 27
7 28
7 29
7 30
7 31
7 35
7 39
7 40
7 41
7 42
7 43
7 46
7 47
7 49
7 50
7 52
7 54
7 55
7 56
7 57
7 58
7 59
7 63
7 65
7 66
7 70
7 72
7 76
7 78
7 79
7 80
7 82
7 83
7 84
7 85
7 94
7 95
7 97
7 99
8 9
8 11
8 12
8 13
8 14
8 17
8 21
8 22
8 23
8 24
8 25
8 27
8 34
8 35
8 37
8 39
8 40
8 43
8 44
8 45
8 47
8 53
8 54
8 56
8 59
8 60
8 61
8 62
8 64
8 65
8 67
8 69
8 70
8 71
8 73
8 76
8 77
8 78
8 79
8 80
8 82
8 83
8 86
8 87
8 89
8 97
8 98
9 15
9 18
9 19
9 20
9 21
9 23
9 24
9 27
9 29
9 31
9 32
9 33
9 34
9 40
9 41
9 42
9 43
9 44
9 45
9 47
9 48
9 53
9 54
9 56
9 57
9 58
9 59
9 61
9 62
9 64
9 66
9 67
9 68
9 72
9 73
9 74
9 76
9 78
9 79
9 83
9 84
9 85
9 86
9 87
9 88
9 89
9 93
9 94
9 95
9 97
9 98
10 12
10 14
10 16
10 17
10 21
10 22
10 23
10 26
10 27
10 31
10 32
10 33
10 34
10 37
10 41
10 42
10 43
10 45
10 46
10 47
10 50
10 53
10 56
10 57
10 60
10 63
10 64
10 65
10 68
10 71
10 77
10 78
10 79
10 83
10 85
10 86
10 87
10 88
10 90
10 94
10 97
10 98
11 12
11 13
11 16
11 18
11 22
11 23
11 27
11 28
11 29
11 31
11 32
11 33
11 38
11 39
11 40
11 42
11 43
11 49
11 50
11 54
11 57
11 59
11 60
11 63
11 67
11 68
11 69
11 70
11 72
11 75
11 76
11 77
11 78
11 81
11 84
11 85
11 88
11 90
11 91
11 93
11 94
11 95
12 13
12 14
12 15
12 16
12 18
12 20
12 22
12 23
12 24
12 26
12 31
12 32
12 37
12 38
12 39
12 44
12 45
12 46
12 49
12 50
12 54
12 57
12 63
12 64
12 67
12 69
12 70
12 71
12 73
12 74
12 76
12 77
12 81
12 82
12 86
12 89
12 91
12 96
12 97
12 99
13 14
13 16
13 17
13 19
13 20
13 21
13 22
13 23
13 25
13 29
13 30
13 31
13 32
13 33
13 34
13 35
13 36
13 38
13 40
13 42
13 43
13 44
13 48
13 50
13 51
13 52
13 54
13 56
13 58
13 59
13 61
13 65
13 67
13 68
13 72
13 74
13 77
13 78
13 80
13 81
13 82
13 84
13 87
13 88
13 91
13 92
13 93
13 94
13 95
13 96
13 99
14 18
14 20
14 21
14 22
14 23
14 24
14 25
14 27
14 30
14 31
14 32
14 34
14 36
14 39
14 42
14 43
14 46
14 47
14 50
14 53
14 57
14 59
14 61
14 62
14 63
14 64
14 65
14 69
14 72
14 75
14 76
14 77
14 78
14 83
14 84
14 85
14 86
14 87
14 89
14 93
14 94
14 95
14 96
14 97
14 99
15 18
15 19
15 21
15 24
15 25
15 26
15 27
15 28
15 30
15 31
15 33
15 35
15 38
15 39
15 42
15 43
15 44
15 46
15 50
15 51
15 52
15 53
15 54
15 55
15 56
15 60
15 62
15 64
15 66
15 68
15 69
15 70
15 76
15 77
15 79
15 82
15 84
15 88
15 91
15 92
15 93
15 97
15 98
15 99
16 18
16 20
16 21
16 22
16 25
16 26
16 27
16 28
16 29
16 33
16 34
16 37
16 40
16 42
16 43
16 44
16 45
16 46
16 47
16 49
16 56
16 58
16 59
16 61
16 64
16 65
16 68
16 71
16 74
16 75
16 76
16 78
16 79
16 82
16 83
16 86
16 87
16 88
16 89
16 91
16 93
16 94
16 97
16 99
17 20
17 23
17 26
17 27
17 32
17 33
17 34
17 36
17 38
17 46
17 49
17 50
17 51
17 53
17 54
17 56
17 57
17 58
17 60
17 61
17 62
17 67
17 71
17 74
17 75
17 76
17 77
17 79
17 80
17 83
17 85
17 86
17 88
17 89
17 90
17 91
17 92
17 94
17 99
18 23
18 26
18 27
18 28
18 30
18 31
18 34
18 36
18 37
18 39
18 40
18 44
18 45
18 49
18 50
18 55
18 56
18 60
18 61
18 63
18 64
18 70
18 74
18 76
18 77
18 78
18 80
18 81
18 82
18 83
18 86
18 89
18 90
18 92
18 95
18 97
18 99
19 21
19 22
19 29
19 33
19 35
19 38
19 39
19 42
19 43
19 45
19 50
19 51
19 54
19 55
19 56
19 62
19 63
19 64
19 66
19 69
19 70
19 73
19 76
19 77
19 85
19 88
19 89
19 90
19 92
20 21
20 23
20 24
20 30
20 31
20 33
20 34
20 38
20 39
20 43
20 44
20 46
20 47
20 49
20 52
20 55
20 56
20 58
20 60
20 62
20 63
20 65
20 68
20 73
20 74
20 75
20 77
20 78
20 79
20 81
20 82
20 83
20 84
20 85
20 86
20 90
20 91
20 95
21 25
21 26
21 28
21 29
21 31
21 33
21 34
21 35
21 36
21 37
21 38
21 39
21 40
21 44
21 45
21 46
21 47
21 48
21 56
21 60
21 63
21 65
21 67
21 68
21 71
21 73
21 75
21 76
21 78
21 83
21 84
21 85
21 86
21 87
21 88
21 90
21 94
21 95
21 96
21 97
21 99
22 28
22 29
22 30
22 32
22 33
22 34
22 35
22 36
22 38
22 39
22 41
22 42
22 49
22 50
22 56
22 57
22 58
22 60
22 61
22 66
22 73
22 77
22 78
22 80
22 81
22 82
22 84
22 85
22 86
22 90
22 91
22 94
22 98
22 99
23 24
23 25
23 26
23 27
23 29
23 31
23 33
23 36
23 38
23 39
23 42
23 43
23 46
23 48
23 51
23 52
23 53
23 54
23 55
23 59
23 60
23 61
23 64
23 65
23 66
23 70
23 71
23 74
23 75
23 76
23 77
23 80
23 83
23 87
23 90
23 94
23 95
23 99
24 25
24 26
24 28
24 29
24 30
24 31
24 35
24 38
24 41
24 42
24 43
24 45
24 47
24 48
24 50
24 51
24 52
24 56
24 57
24 59
24 61
24 64
24 65
24 72
24 73
24 74
24 82
24 83
24 87
24 88
24 89
24 95
24 97
24 99
25 26
25 28
25 30
25 33
25 34
25 35
25 37
25 39
25 41
25 42
25 47
25 48
25 50
25 51
25 55
25 56
25 58
25 60
25 61
25 63
25 66
25 68
25 69
25 70
25 71
25 72
25 74
25 75
25 78
25 80
25 82
25 83
25 84
25 86
25 88
25 89
25 90
25 91
25 93
25 96
25 97
25 98
26 28
26 29
26 30
26 33
26 35
26 38
26 39
26 40
26 41
26 46
26 47
26 50
26 52
26 53
26 54
26 60
26 61
26 63
26 64
26 67
26 70
26 71
26 73
26 79
26 81
26 82
26 84
26 85
26 88
26 89
26 95
26 97
26 98
27 28
27 29
27 31
27 37
27 39
27 41
27 42
27 44
27 45
27 47
27 50
27 52
27 55
27 56
27 61
27 64
27 66
27 67
27 69
27 70
27 71
27 74
27 75
27 76
27 81
27 84
27 85
27 86
27 87
27 93
27 95
27 96
27 97
27 98
28 31
28 32
28 33
28 37
28 39
28 44
28 45
28 51
28 52
28 54
28 55
28 57
28 59
28 61
28 64
28 66
28 67
28 68
28 69
28 70
28 72
28 76
28 77
28 80
28 83
28 88
28 89
28 90
28 91
28 93
28 94
28 95
28 96
28 99
29 31
29 33
29 34
29 36
29 39
29 41
29 43
29 44
29 47
29 51
29 52
29 54
29 56
29 57
29 62
29 65
29 68
29 69
29 72
29 73
29 75
29 79
29 86
29 88
29 92
29 93
29 96
29 98
29 99
30 31
30 36
30 37
30 38
30 39
30 40
30 44
30 45
30 47
30 51
30 54
30 56
30 57
30 62
30 68
30 69
30 70
30 75
30 76
30 78
30 79
30 80
30 81
30 84
30 90
30 96
30 97
30 98
31 32
31 34
31 41
31 43
31 47
31 48
31 51
31 52
31 53
31 54
31 55
31 57
31 61
31 64
31 65
31 67
31 69
31 70
31 73
31 74
31 75
31 79
31 81
31 82
31 84
31 88
31 90
31 92
31 95
31 97
31 98
32 35
32 37
32 38
32 39
32 40
32 41
32 44
32 45
32 46
32 47
32 49
32 51
32 52
32 55
32 56
32 61
32 63
32 65
32 66
32 70
32 73
32 74
32 75
32 76
32 77
32 82
32 84
32 87
32 88
32 89
32 91
32 92
32 98
33 35
33 40
33 44
33 45
33 46
33 47
33 48
33 50
33 51
33 52
33 53
33 55
33 56
33 57
33 58
33 59
33 62
33 64
33 65
33 66
33 67
33 69
33 73
33 76
33 79
33 86
33 87
33 88
33 89
33 90
33 93
33 94
33 95
33 98
34 35
34 40
34 41
34 42
34 45
34 46
34 49
34 53
34 54
34 55
34 56
34 57
34 58
34 64
34 65
34 66
34 68
34 70
34 71
34 74
34 75
34 82
34 83
34 86
34 88
34 89
34 91
34 96
34 97
34 98
34 99
35 37
35 39
35 41
35 42
35 47
35 49
35 52
35 53
35 54
35 55
35 56
35 58
35 59
35 60
35 62
35 64
35 66
35 67
35 69
35 72
35 73
35 79
35 80
35 82
35 83
35 85
35 87
35 89
35 90
35 93
35 94
35 97
36 37
36 38
36 40
36 43
36 44
36 47
36 50
36 51
36 56
36 57
36 59
36 62
36 63
36 64
36 66
36 67
36 68
36 72
36 74
36 76
36 78
36 79
36 80
36 83
36 84
36 86
36 87
36 88
36 89
36 92
36 98
36 99
37 42
37 44
37 45
37 46
37 49
37 52
37 54
37 55
37 62
37 63
37 69
37 73
37 75
37 76
37 77
37 82
37 83
37 86
37 87
37 89
37 90
37 92
37 94
37 95
37 97
37 98
38 39
38 42
38 43
38 45
38 46
38 47
38 48
38 53
38 54
38 55
38 56
38 57
38 58
38 59
38 62
38 64
38 65
38 66
38 67
38 70
38 71
38 75
38 77
38 78
38 81
38 82
38 83
38 85
38 86
38 89
38 93
38 94
38 95
38 97
38 98
38 99
39 42
39 45
39 50
39 52
39 53
39 54
39 57
39 58
39 59
39 60
39 62
39 64
39 66
39 68
39 70
39 72
39 73
39 75
39 76
39 82
39 83
39 84
39 87
39 88
39 89
39 90
39 92
39 95
39 97
39 98
40 48
40 49
40 50
40 51
40 55
40 57
40 58
40 60
40 61
40 63
40 64
40 67
40 68
40 69
40 72
40 73
40 75
40 76
40 77
40 78
40 79
40 81
40 82
40 84
40 85
40 88
40 90
40 92
40 93
40 97
41 42
41 43
41 44
41 46
41 47
41 48
41 49
41 50
41 51
41 56
41 58
41 59
41 60
41 61
41 62
41 67
41 69
41 71
41 72
41 74
41 76
41 77
41 82
41 84
41 86
41 89
41 90
41 92
41 93
41 94
41 96
42 45
42 47
42 49
42 50
42 51
42 53
42 54
42 57
42 58
42 59
42 60
42 62
42 63
42 64
42 66
42 69
42 70
42 76
42 77
42 79
42 85
42 87
42 88
42 92
42 93
42 95
43 44
43 47
43 49
43 53
43 54
43 55
43 56
43 58
43 59
43 60
43 63
43 66
43 67
43 68
43 71
43 72
43 74
43 75
43 76
43 79
43 80
43 81
43 82
43 83
43 84
43 86
43 89
43 92
43 93
43 96
43 99
44 47
44 48
44 50
44 54
44 55
44 58
44 60
44 61
44 62
44 63
44 66
44 67
44 69
44 71
44 72
44 74
44 75
44 78
44 80
44 81
44 85
44 88
44 95
44 96
45 47
45 48
45 49
45 50
45 51
45 52
45 53
45 54
45 55
45 56
45 57
45 58
45 59
45 61
45 63
45 64
45 65
45 66
45 67
45 69
45 72
45 76
45 79
45 81
45 82
45 83
45 84
45 88
45 89
45 91
45 93
45 94
45 98
46 47
46 49
46 52
46 53
46 55
46 56
46 57
46 58
46 63
46 64
46 65
46 67
46 69
46 70
46 71
46 72
46 74
46 75
46 76
46 77
46 78
46 80
46 84
46 87
46 88
46 93
46 97
46 99
47 48
47 50
47 51
47 52
47 53
47 54
47 58
47 59
47 60
47 62
47 63
47 65
47 66
47 67
47 69
47 71
47 75
47 76
47 77
47 78
47 80
47 82
47 83
47 84
47 86
47 89
47 91
47 92
47 93
47 95
47 97
47 99
48 53
48 54
48 55
48 57
48 58
48 61
48 63
48 65
48 67
48 68
48 69
48 70
48 71
48 72
48 74
48 76
48 79
48 83
48 84
48 85
48 92
48 93
48 98
48 99
49 53
49 54
49 55
49 58
49 59
49 62
49 64
49 67
49 68
49 70
49 71
49 72
49 74
49 75
49 77
49 80
49 81
49 82
49 83
49 86
49 89
49 91
49 92
49 95
49 96
50 52
50 53
50 54
50 55
50 56
50 57
50 58
50 59
50 65
50 66
50 68
50 69
50 71
50 72
50 73
50 74
50 75
50 77
50 80
50 81
50 82
50 84
50 86
50 87
50 89
50 96
50 97
50 99
51 53
51 55
51 56
51 57
51 58
51 59
51 60
51 64
51 66
51 67
51 68
51 69
51 72
51 73
51 74
51 75
51 77
51 78
51 80
51 81
51 82
51 85
51 87
51 90
51 94
51 98
52 53
52 56
52 57
52 60
52 61
52 64
52 71
52 80
52 81
52 82
52 86
52 89
52 92
52 94
52 95
52 96
53 54
53 57
53 58
53 60
53 65
53 67
53 69
53 74
53 75
53 76
53 77
53 78
53 79
53 81
53 82
53 84
53 86
53 88
53 89
53 91
53 92
53 93
53 94
53 95
53 96
53 99
54 55
54 58
54 59
54 60
54 61
54 66
54 69
54 71
54 72
54 74
54 75
54 76
54 77
54 79
54 81
54 84
54 87
54 88
54 89
54 91
54 95
54 96
54 97
54 99
55 56
55 57
55 58
55 59
55 60
55 61
55 65
55 66
55 68
55 69
55 70
55 71
55 73
55 74
55 75
55 76
55 78
55 79
55 81
55 82
55 86
55 89
55 90
55 91
55 92
55 93
55 95
55 99
56 57
56 58
56 63
56 64
56 65
56 68
56 71
56 73
56 74
56 78
56 79
56 81
56 82
56 85
56 86
56 88
56 90
56 91
56 94
56 95
56 96
56 97
56 98
56 99
57 61
57 63
57 64
57 68
57 69
57 72
57 73
57 76
57 77
57 80
57 81
57 84
57 89
57 91
57 93
57 98
58 59
58 61
58 64
58 65
58 69
58 70
58 74
58 76
58 81
58 82
58 84
58 85
58 86
58 87
58 89
58 90
58 91
58 92
58 93
58 94
58 95
58 96
58 97
58 98
59 60
59 61
59 62
59 65
59 66
59 68
59 69
59 72
59 73
59 78
59 80
59 81
59 85
59 88
59 90
59 91
59 92
59 94
59 95
59 99
60 61
60 63
60 66
60 68
60 69
60 71
60 73
60 76
60 79
60 80
60 85
60 86
60 87
60 92
60 93
60 97
60 98
60 99
61 62
61 63
61 64
61 66
61 67
61 69
61 75
61 77
61 79
61 80
61 82
61 88
61 89
61 91
61 92
61 97
62 63
62 66
62 67
62 68
62 70
62 72
62 73
62 75
62 79
62 80
62 82
62 84
62 85
62 86
62 88
62 89
62 90
62 93
62 95
62 96
62 99
63 64
63 69
63 72
63 73
63 74
63 75
63 76
63 78
63 79
63 80
63 82
63 83
63 84
63 90
63 92
63 93
63 94
63 95
63 99
64 65
64 66
64 67
64 69
64 70
64 71
64 72
64 73
64 75
64 79
64 81
64 83
64 86
64 88
64 91
64 97
64 98
64 99
65 68
65 70
65 71
65 73
65 74
65 79
65 80
65 83
65 84
65 85
65 87
65 88
65 92
65 93
65 94
65 99
66 68
66 70
66 77
66 78
66 79
66 80
66 81
66 82
66 84
66 87
66 90
66 91
66 94
66 95
66 98
66 99
67 68
67 69
67 72
67 73
67 75
67 78
67 80
67 81
67 86
67 87
67 88
67 91
67 92
67 94
67 95
67 96
67 97
67 99
68 69
68 70
68 72
68 73
68 75
68 76
68 78
68 83
68 84
68 86
68 87
68 88
68 95
69 70
69 71
69 72
69 73
69 75
69 76
69 77
69 79
69 80
69 84
69 88
69 89
69 90
69 91
69 92
69 93
69 94
69 95
69 96
69 98
70 71
70 74
70 75
70 79
70 85
70 87
70 88
70 90
70 91
70 92
70 93
70 98
71 73
71 75
71 79
71 80
71 82
71 83
71 84
71 85
71 87
71 88
71 91
71 93
71 94
71 95
71 98
72 76
72 77
72 79
72 81
72 82
72 87
72 88
72 90
72 93
72 94
72 96
72 97
72 99
73 75
73 77
73 78
73 82
73 83
73 84
73 89
73 92
73 93
73 95
73 96
73 97
73 98
73 99
74 80
74 82
74 85
74 88
74 90
74 92
74 96
74 99
75 76
75 77
75 79
75 80
75 81
75 82
75 85
75 86
75 88
75 90
75 91
75 93
75 94
75 95
75 96
75 97
76 78
76 79
76 81
76 84
76 85
76 87
76 88
76 91
76 92
76 93
76 96
76 97
77 78
77 80
77 82
77 83
77 84
77 85
77 88
77 90
77 91
77 94
77 95
77 96
77 97
77 99
78 84
78 85
78 88
78 91
78 94
78 95
78 96
78 97
79 82
79 86
79 87
79 89
79 91
79 92
79 94
79 96
79 97
80 81
80 83
80 85
80 87
80 88
80 90
80 91
80 93
80 94
80 99
81 82
81 84
81 87
81 89
81 90
81 94
81 96
81 99
82 83
82 85
82 90
82 91
82 95
83 84
83 85
83 89
83 91
83 92
83 96
83 98
84 86
84 87
84 88
84 93
84 94
84 95
84 96
84 97
84 99
85 87
85 89
85 91
85 92
85 94
85 95
85 96
85 98
86 92
86 94
86 95
86 96
86 99
87 89
87 90
87 91
87 93
87 95
87 97
87 98
88 90
88 91
88 92
88 93
88 94
89 93
89 94
89 95
89 96
89 99
90 91
90 92
90 94
90 97
91 92
91 94
91 95
91 96
91 99
92 96
92 98
93 94
93 96
95 97
96 97
96 98
97 99
98 99
