0 1
0 3
0 5
0 7
0 9
0 10
0 11
0 13
0 16
0 17
0 19
0 21
0 22
0 27
0 31
0 33
0 34
0 37
0 38
0 39
0 41
0 44
0 46
0 47
0 48
0 49
0 50
0 54
0 56
0 57
0 58
0 59
0 61
0 62
0 63
0 64
0 66
0 72
0 79
0 81
0 82
0 87
0 88
0 90
0 92
0 95
0 97
1 2
1 4
1 6
1 7
1 10
1 12
1 13
1 16
1 18
1 20
1 21
1 23
1 25
1 26
1 28
1 30
1 33
1 34
1 35
1 36
1 37
1 40
1 41
1 43
1 45
1 50
1 51
1 52
1 53
1 54
1 55
1 57
1 63
1 64
1 65
1 66
1 67
1 69
1 72
1 73
1 78
1 79
1 80
1 85
1 86
1 87
1 88
1 95
1 96
1 97
1 98
1 99
2 4
2 6
2 7
2 9
2 10
2 11
2 13
2 14
2 15
2 16
2 17
2 20
2 22
2 24
2 28
2 31
2 33
2 35
2 36
2 40
2 42
2 43
2 44
2 47
2 48
2 49
2 54
2 55
2 60
2 61
2 62
2 64
2 65
2 66
2 67
2 68
2 73
2 74
2 75
2 76
2 77
2 79
2 81
2 82
2 85
2 87
2 92
2 94
2 97
2 99
3 4
3 6
3 8
3 11
3 12
3 14
3 15
3 16
3 24
3 27
3 30
3 36
3 39
3 40
3 41
3 44
3 45
3 46
3 49
3 51
3 53
3 54
3 56
3 57
3 61
3 62
3 63
3 69
3 72
3 73
3 74
3 76
3 77
3 78
3 79
3 80
3 81
3 82
3 83
3 85
3 86
3 91
3 92
3 94
3 95
3 96
4 6
4 7
4 9
4 10
4 12
4 13
4 14
4 15
4 17
4 18
4 22
4 26
4 27
4 28
4 32
4 34
4 38
4 39
4 44
4 50
4 51
4 52
4 53
4 54
4 55
4 56
4 59
4 62
4 63
4 64
4 68
4 69
4 71
4 73
4 75
4 77
4 78
4 79
4 81
4 82
4 86
4 88
4 89
4 90
4 91
4 94
4 95
4 96
4 98
4 99
5 7
5 10
5 11
5 13
5 18
5 19
5 22
5 23
5 24
5 27
5 28
5 29
5 30
5 31
5 37
5 40
5 41
5 42
5 43
5 46
5 47
5 48
5 49
5 50
5 52
5 55
5 56
5 57
5 58
5 59
5 60
5 61
5 62
5 67
5 68
5 71
5 73
5 75
5 80
5 81
5 83
5 85
5 89
5 92
5 95
5 96
5 99
6 10
6 12
6 13
6 15
6 16
6 17
6 18
6 19
6 20
6 21
6 22
6 30
6 32
6 33
6 34
6 36
6 38
6 42
6 43
6 44
6 46
6 48
6 51
6 52
6 54
6 57
6 59
6 60
6 62
6 64
6 65
6 66
6 68
6 69
6 70
6 71
6 75
6 77
6 78
6 81
6 84
6 87
6 88
6 89
6 92
6 93
6 95
6 96
6 97
6 98
6 99
7 8
7 10
7 11
7 12
7 14
7 15
7 16
7 18
7 19
7 21
7 25
7 26
7 27
7 29
7 30
7 31
7 32
7 34
7 35
7 36
7 37
7 38
7 39
7 44
7 48
7 51
7 53
7 55
7 61
7 62
7 64
7 67
7 73
7 74
7 75
7 79
7 80
7 81
7 84
7 87
7 88
7 92
7 97
7 98
8 10
8 13
8 16
8 17
8 18
8 19
8 21
8 22
8 24
8 27
8 31
8 34
8 35
8 36
8 39
8 41
8 43
8 44
8 46
8 47
8 48
8 52
8 54
8 58
8 62
8 65
8 66
8 67
8 69
8 70
8 71
8 72
8 74
8 75
8 76
8 77
8 80
8 81
8 83
8 85
8 86
8 87
8 92
8 94
8 96
8 97
8 98
9 12
9 13
9 14
9 17
9 18
9 21
9 22
9 24
9 29
9 32
9 34
9 35
9 36
9 39
9 40
9 41
9 43
9 47
9 48
9 51
9 52
9 57
9 59
9 60
9 61
9 63
9 76
9 78
9 79
9 88
9 89
9 92
9 93
9 94
9 99
10 11
10 13
10 17
10 18
10 19
10 22
10 26
10 29
10 30
10 31
10 35
10 36
10 38
10 40
10 41
10 42
10 43
10 44
10 48
10 51
10 53
10 59
10 61
10 62
10 63
10 65
10 66
10 68
10 69
10 70
10 72
10 73
10 76
10 80
10 81
10 82
10 86
10 87
10 89
10 90
10 91
10 94
10 97
10 98
11 13
11 14
11 16
11 17
11 19
11 24
11 25
11 27
11 30
11 31
11 34
11 35
11 38
11 39
11 40
11 41
11 42
11 43
11 46
11 48
11 50
11 52
11 55
11 56
11 57
11 60
11 65
11 67
11 68
11 69
11 73
11 74
11 75
11 79
11 83
11 84
11 85
11 87
11 88
11 89
11 91
11 92
11 95
11 97
11 99
12 14
12 15
12 16
12 18
12 20
12 23
12 24
12 28
12 30
12 31
12 32
12 34
12 37
12 39
12 40
12 44
12 45
12 50
12 53
12 56
12 57
12 59
12 60
12 64
12 67
12 74
12 77
12 78
12 79
12 80
12 81
12 82
12 85
12 90
12 92
12 93
12 94
13 15
13 16
13 17
13 18
13 20
13 21
13 27
13 28
13 29
13 30
13 32
13 33
13 37
13 39
13 41
13 44
13 45
13 46
13 47
13 50
13 56
13 59
13 63
13 66
13 68
13 69
13 71
13 72
13 73
13 74
13 75
13 77
13 80
13 84
13 85
13 89
13 93
13 94
13 96
13 97
13 98
13 99
14 15
14 17
14 19
14 20
14 21
14 22
14 23
14 24
14 27
14 28
14 30
14 31
14 32
14 36
14 38
14 39
14 42
14 43
14 46
14 51
14 52
14 54
14 56
14 62
14 63
14 65
14 70
14 71
14 73
14 74
14 76
14 77
14 79
14 80
14 81
14 82
14 83
14 88
14 89
14 92
14 94
14 96
14 97
14 98
15 17
15 18
15 20
15 21
15 24
15 25
15 26
15 31
15 32
15 35
15 45
15 50
15 51
15 52
15 54
15 58
15 59
15 61
15 62
15 63
15 67
15 69
15 70
15 71
15 72
15 73
15 74
15 75
15 77
15 78
15 81
15 84
15 85
15 88
15 89
15 92
15 95
15 98
16 17
16 19
16 20
16 21
16 22
16 23
16 25
16 27
16 29
16 30
16 33
16 35
16 36
16 38
16 42
16 45
16 48
16 50
16 52
16 53
16 54
16 57
16 59
16 62
16 64
16 65
16 66
16 67
16 68
16 69
16 72
16 73
16 74
16 77
16 78
16 80
16 81
16 82
16 86
16 88
16 90
16 92
16 93
16 95
16 96
16 98
17 19
17 20
17 21
17 26
17 28
17 30
17 31
17 32
17 33
17 34
17 37
17 39
17 40
17 42
17 45
17 48
17 52
17 53
17 54
17 55
17 57
17 60
17 63
17 65
17 68
17 69
17 70
17 71
17 72
17 73
17 74
17 75
17 76
17 77
17 82
17 83
17 84
17 85
17 87
17 89
17 91
17 94
17 96
17 97
18 20
18 21
18 23
18 25
18 26
18 28
18 32
18 33
18 34
18 37
18 38
18 40
18 42
18 43
18 44
18 46
18 47
18 48
18 50
18 51
18 53
18 55
18 56
18 60
18 64
18 65
18 67
18 70
18 71
18 73
18 75
18 77
18 79
18 81
18 83
18 85
18 86
18 87
18 90
18 92
18 95
19 22
19 26
19 30
19 31
19 32
19 33
19 34
19 35
19 36
19 39
19 42
19 45
19 46
19 47
19 49
19 51
19 53
19 58
19 59
19 61
19 63
19 64
19 66
19 68
19 71
19 76
19 78
19 79
19 80
19 81
19 82
19 83
19 84
19 85
19 86
19 90
19 91
19 93
19 96
19 97
19 99
20 22
20 25
20 26
20 28
20 31
20 33
20 34
20 37
20 38
20 39
20 40
20 41
20 43
20 45
20 46
20 47
20 52
20 54
20 57
20 58
20 59
20 60
20 62
20 64
20 65
20 66
20 68
20 70
20 73
20 75
20 77
20 78
20 79
20 80
20 81
20 82
20 83
20 85
20 88
20 92
20 93
20 95
20 99
21 22
21 24
21 27
21 30
21 31
21 32
21 34
21 37
21 40
21 41
21 42
21 44
21 45
21 48
21 49
21 52
21 59
21 64
21 65
21 67
21 68
21 72
21 74
21 76
21 77
21 79
21 80
21 81
21 84
21 85
21 89
21 90
21 91
21 92
21 94
21 95
21 96
21 97
21 99
22 25
22 26
22 27
22 29
22 30
22 31
22 34
22 37
22 38
22 39
22 43
22 44
22 46
22 47
22 48
22 49
22 51
22 52
22 54
22 55
22 56
22 57
22 59
22 62
22 63
22 71
22 72
22 73
22 74
22 78
22 81
22 82
22 83
22 85
22 86
22 87
22 89
22 90
22 92
22 95
22 97
22 98
23 25
23 26
23 27
23 29
23 32
23 34
23 35
23 39
23 40
23 42
23 44
23 45
23 48
23 49
23 50
23 51
23 53
23 60
23 61
23 62
23 63
23 64
23 65
23 67
23 68
23 69
23 70
23 71
23 72
23 73
23 77
23 80
23 82
23 83
23 84
23 85
23 87
23 90
23 92
23 94
23 95
23 96
23 97
23 99
24 27
24 28
24 30
24 31
24 33
24 35
24 37
24 39
24 42
24 43
24 44
24 47
24 48
24 49
24 50
24 53
24 55
24 59
24 63
24 64
24 65
24 68
24 69
24 70
24 71
24 72
24 76
24 77
24 78
24 80
24 81
24 83
24 85
24 90
24 93
24 97
24 98
25 27
25 28
25 29
25 31
25 32
25 34
25 35
25 36
25 40
25 41
25 43
25 46
25 47
25 48
25 49
25 51
25 53
25 57
25 58
25 59
25 61
25 62
25 64
25 65
25 67
25 69
25 70
25 71
25 72
25 74
25 75
25 76
25 81
25 83
25 84
25 86
25 87
25 88
25 89
25 95
25 97
26 27
26 30
26 31
26 33
26 35
26 36
26 38
26 39
26 42
26 51
26 52
26 54
26 55
26 56
26 57
26 58
26 59
26 61
26 62
26 64
26 67
26 68
26 70
26 72
26 74
26 75
26 78
26 79
26 85
26 87
26 88
26 91
26 93
26 94
26 95
26 98
26 99
27 28
27 31
27 35
27 36
27 38
27 39
27 43
27 44
27 46
27 47
27 48
27 49
27 52
27 53
27 54
27 57
27 58
27 60
27 62
27 67
27 68
27 70
27 74
27 76
27 77
27 79
27 80
27 81
27 83
27 86
27 87
27 88
27 91
27 93
27 95
27 98
28 30
28 32
28 34
28 36
28 42
28 44
28 45
28 47
28 48
28 51
28 56
28 59
28 62
28 63
28 65
28 66
28 68
28 69
28 71
28 72
28 78
28 79
28 81
28 82
28 83
28 85
28 88
28 89
28 91
28 93
28 95
28 96
28 99
29 31
29 34
29 37
29 38
29 39
29 41
29 43
29 44
29 49
29 52
29 53
29 54
29 55
29 58
29 60
29 61
29 63
29 64
29 65
29 66
29 68
29 69
29 70
29 75
29 76
29 77
29 79
29 83
29 84
29 87
29 91
29 98
29 99
30 31
30 33
30 34
30 35
30 36
30 37
30 38
30 45
30 46
30 49
30 52
30 53
30 55
30 56
30 58
30 59
30 62
30 64
30 65
30 66
30 67
30 69
30 70
30 71
30 72
30 73
30 75
30 77
30 78
30 81
30 82
30 83
30 84
30 85
30 86
30 88
30 89
30 93
30 95
30 96
30 99
31 32
31 34
31 36
31 37
31 38
31 40
31 42
31 45
31 48
31 50
31 53
31 56
31 57
31 58
31 59
31 61
31 63
31 64
31 65
31 66
31 67
31 68
31 69
31 71
31 73
31 74
31 76
31 77
31 80
31 81
31 82
31 84
31 85
31 87
31 88
31 91
31 93
31 95
31 96
31 97
32 34
32 36
32 39
32 41
32 42
32 43
32 46
32 48
32 49
32 51
32 54
32 58
32 59
32 60
32 61
32 62
32 63
32 64
32 65
32 66
32 67
32 70
32 72
32 77
32 79
32 81
32 83
32 90
32 91
32 94
32 95
32 96
32 97
32 98
33 35
33 36
33 37
33 38
33 39
33 43
33 44
33 45
33 46
33 47
33 50
33 51
33 53
33 55
33 57
33 58
33 61
33 62
33 63
33 67
33 68
33 71
33 72
33 73
33 75
33 80
33 82
33 83
33 84
33 85
33 90
33 91
33 92
33 96
33 97
33 98
33 99
34 40
34 42
34 44
34 46
34 47
34 48
34 49
34 50
34 51
34 54
34 55
34 58
34 60
34 61
34 63
34 64
34 65
34 66
34 67
34 69
34 72
34 73
34 74
34 76
34 80
34 82
34 86
34 87
34 88
34 91
34 93
34 94
34 95
34 98
34 99
35 38
35 39
35 40
35 41
35 42
35 43
35 46
35 48
35 51
35 56
35 57
35 58
35 59
35 62
35 64
35 65
35 67
35 72
35 73
35 74
35 79
35 83
35 85
35 88
35 89
35 91
35 94
35 96
35 97
35 99
36 37
36 42
36 43
36 45
36 46
36 49
36 50
36 51
36 52
36 53
36 54
36 55
36 56
36 58
36 60
36 61
36 63
36 64
36 70
36 72
36 73
36 75
36 78
36 81
36 82
36 83
36 84
36 85
36 87
36 88
36 89
36 90
36 91
36 92
36 93
36 95
36 97
36 98
36 99
37 40
37 47
37 50
37 53
37 56
37 57
37 58
37 60
37 61
37 64
37 65
37 66
37 67
37 69
37 70
37 76
37 77
37 79
37 83
37 84
37 85
37 87
37 90
37 92
37 95
37 96
37 98
37 99
38 40
38 41
38 43
38 45
38 47
38 50
38 53
38 54
38 56
38 58
38 59
38 61
38 63
38 65
38 67
38 68
38 70
38 72
38 76
38 78
38 79
38 83
38 86
38 89
38 90
38 97
38 99
39 40
39 42
39 45
39 46
39 49
39 50
39 51
39 52
39 56
39 57
39 59
39 65
39 67
39 68
39 71
39 74
39 75
39 76
39 78
39 79
39 84
39 88
39 92
39 93
39 95
39 98
40 41
40 44
40 45
40 47
40 48
40 49
40 50
40 52
40 53
40 55
40 56
40 57
40 60
40 63
40 67
40 69
40 72
40 73
40 74
40 75
40 76
40 77
40 78
40 79
40 81
40 82
40 84
40 89
40 90
40 93
41 43
41 45
41 48
41 49
41 52
41 56
41 59
41 62
41 63
41 64
41 66
41 68
41 73
41 77
41 81
41 82
41 83
41 85
41 86
41 88
41 90
41 91
42 46
42 49
42 52
42 53
42 57
42 59
42 60
42 62
42 64
42 65
42 69
42 73
42 75
42 76
42 77
42 79
42 82
42 85
42 86
42 88
42 90
42 93
42 94
42 95
42 96
42 98
43 44
43 51
43 53
43 54
43 55
43 56
43 58
43 59
43 60
43 61
43 63
43 65
43 66
43 68
43 71
43 73
43 75
43 76
43 78
43 79
43 80
43 85
43 90
43 93
43 94
43 95
43 97
43 98
44 47
44 50
44 57
44 59
44 60
44 62
44 63
44 68
44 71
44 72
44 73
44 74
44 77
44 78
44 83
44 86
44 93
44 94
44 95
44 96
44 97
44 98
45 46
45 47
45 50
45 52
45 53
45 56
45 57
45 58
45 59
45 61
45 64
45 66
45 67
45 74
45 79
45 86
45 88
45 90
45 91
46 47
46 49
46 50
46 51
46 55
46 56
46 57
46 60
46 62
46 64
46 65
46 68
46 70
46 72
46 75
46 76
46 78
46 81
46 82
46 83
46 85
46 86
46 87
46 88
46 89
46 95
46 98
46 99
47 48
47 50
47 53
47 54
47 57
47 58
47 61
47 62
47 66
47 74
47 75
47 80
47 81
47 82
47 83
47 84
47 87
47 89
47 93
47 94
47 95
47 96
47 98
48 49
48 52
48 53
48 56
48 58
48 62
48 64
48 65
48 67
48 68
48 70
48 71
48 72
48 73
48 76
48 78
48 82
48 83
48 84
48 85
48 86
48 87
48 90
48 91
48 92
48 93
48 96
48 97
48 99
49 50
49 54
49 55
49 56
49 59
49 62
49 63
49 64
49 65
49 66
49 71
49 72
49 74
49 75
49 77
49 78
49 80
49 81
49 85
49 87
49 88
49 91
49 92
49 93
49 95
49 96
50 52
50 53
50 54
50 56
50 57
50 59
50 61
50 62
50 63
50 64
50 66
50 68
50 69
50 71
50 72
50 77
50 78
50 80
50 82
50 83
50 86
50 88
50 89
50 90
50 91
50 99
51 54
51 57
51 58
51 59
51 63
51 65
51 66
51 69
51 70
51 71
51 75
51 79
51 80
51 81
51 83
51 84
51 85
51 87
51 88
51 94
51 95
51 99
52 55
52 56
52 59
52 60
52 61
52 63
52 65
52 66
52 67
52 69
52 70
52 71
52 73
52 75
52 76
52 77
52 80
52 81
52 82
52 85
52 86
52 87
52 89
52 90
52 92
52 96
52 98
52 99
53 58
53 60
53 61
53 62
53 64
53 65
53 67
53 68
53 69
53 70
53 71
53 72
53 73
53 76
53 79
53 80
53 83
53 84
53 88
53 89
53 92
53 95
53 96
53 97
53 98
53 99
54 58
54 59
54 63
54 64
54 65
54 71
54 72
54 75
54 77
54 78
54 80
54 81
54 82
54 85
54 87
54 88
54 89
54 92
54 94
54 96
54 98
55 56
55 59
55 60
55 61
55 64
55 67
55 69
55 72
55 73
55 74
55 75
55 76
55 79
55 80
55 82
55 85
55 86
55 88
55 89
55 91
55 98
56 57
56 60
56 62
56 66
56 67
56 68
56 69
56 70
56 71
56 72
56 74
56 78
56 79
56 84
56 85
56 86
56 87
56 92
56 93
56 95
56 98
57 59
57 62
57 63
57 64
57 65
57 67
57 70
57 75
57 76
57 81
57 85
57 89
57 96
57 97
57 99
58 59
58 60
58 61
58 64
58 65
58 67
58 69
58 71
58 73
58 76
58 77
58 78
58 80
58 86
58 87
58 88
58 93
58 94
58 96
58 98
58 99
59 61
59 62
59 63
59 64
59 65
59 66
59 67
59 68
59 69
59 70
59 71
59 73
59 74
59 75
59 77
59 80
59 82
59 83
59 89
59 90
59 91
59 92
59 94
59 97
59 98
59 99
60 65
60 75
60 76
60 84
60 85
60 88
60 95
60 98
60 99
61 69
61 72
61 73
61 76
61 77
61 79
61 80
61 81
61 82
61 85
61 87
61 88
61 89
61 91
61 94
61 95
61 96
61 97
61 98
62 64
62 65
62 66
62 67
62 68
62 69
62 73
62 79
62 80
62 81
62 87
62 89
62 90
62 93
62 95
62 97
62 98
63 65
63 69
63 70
63 71
63 72
63 75
63 79
63 80
63 81
63 82
63 84
63 87
63 88
63 89
63 91
63 94
63 96
63 97
63 98
64 66
64 67
64 69
64 71
64 74
64 75
64 77
64 78
64 82
64 83
64 85
64 89
64 90
64 91
64 92
64 93
64 97
64 99
65 66
65 67
65 73
65 75
65 76
65 79
65 81
65 82
65 83
65 84
65 87
65 88
65 89
65 90
65 92
65 93
65 95
65 98
65 99
66 67
66 69
66 72
66 73
66 74
66 77
66 80
66 82
66 86
66 87
66 90
66 91
66 92
66 95
66 98
66 99
67 68
67 69
67 71
67 73
67 74
67 77
67 80
67 82
67 83
67 85
67 88
67 89
67 90
67 91
67 93
67 95
67 96
67 97
67 98
68 71
68 75
68 79
68 80
68 82
68 84
68 87
68 91
68 93
68 95
68 98
69 73
69 76
69 82
69 83
69 84
69 85
69 88
69 89
69 91
69 93
69 94
69 96
70 72
70 75
70 76
70 77
70 78
70 79
70 80
70 81
70 83
70 87
70 89
70 90
70 91
70 93
70 95
70 97
71 74
71 76
71 78
71 79
71 80
71 84
71 85
71 86
71 88
71 95
71 98
72 75
72 76
72 79
72 82
72 86
72 87
72 88
72 89
72 92
72 93
73 74
73 75
73 76
73 77
73 78
73 80
73 81
73 82
73 83
73 84
73 85
73 86
73 88
73 90
73 91
73 92
73 93
73 94
74 77
74 78
74 80
74 87
74 89
74 90
74 95
74 96
74 97
75 79
75 80
75 81
75 86
75 88
75 90
75 91
75 93
75 94
75 95
75 99
76 77
76 78
76 80
76 84
76 85
76 88
76 89
76 90
76 92
76 93
76 95
76 96
76 97
76 99
77 79
77 80
77 81
77 82
77 83
77 84
77 87
77 88
77 90
77 93
77 95
77 98
77 99
78 79
78 80
78 83
78 85
78 86
78 88
78 89
78 95
78 96
79 81
79 83
79 84
79 85
79 86
79 87
79 88
79 91
79 92
79 97
79 99
80 81
80 82
80 83
80 88
80 95
80 97
81 82
81 86
81 88
81 90
81 93
81 95
82 86
82 87
82 93
82 94
82 96
82 99
83 84
83 87
83 90
83 91
83 94
83 96
83 98
84 86
84 89
84 90
84 93
84 94
84 95
84 99
85 86
85 87
85 88
85 90
85 91
85 92
85 94
85 95
85 98
85 99
86 87
86 90
86 92
86 93
86 97
86 98
87 89
87 91
87 92
87 93
87 94
87 96
87 97
87 98
88 94
88 96
88 97
88 99
89 90
89 92
89 93
89 94
90 92
90 94
90 96
90 99
91 94
91 97
91 98
92 93
92 94
92 95
92 99
93 94
93 95
93 98
94 96
94 98
95 96
95 98
95 99
96 97
96 98
96 99
97 98
98 99
