0 2
0 3
0 5
0 9
0 10
0 14
0 17
0 20
0 22
0 23
0 24
0 25
0 31
0 32
0 33
0 34
0 36
0 38
0 39
0 40
0 44
0 45
0 46
0 47
0 52
0 53
0 55
0 56
0 57
0 58
0 59
0 60
0 67
0 70
0 71
0 72
0 73
0 75
0 79
0 80
0 82
0 83
0 86
0 87
0 88
0 89
0 90
0 91
0 92
0 94
0 95
0 97
0 99
1 2
1 3
1 6
1 11
1 12
1 14
1 18
1 21
1 26
1 29
1 30
1 31
1 33
1 35
1 38
1 40
1 42
1 44
1 46
1 49
1 52
1 53
1 54
1 55
1 57
1 58
1 59
1 61
1 62
1 64
1 66
1 69
1 74
1 75
1 76
1 79
1 85
1 86
1 87
1 90
1 91
1 92
1 95
1 97
2 3
2 5
2 6
2 10
2 11
2 12
2 16
2 17
2 18
2 19
2 20
2 21
2 24
2 25
2 28
2 29
2 31
2 32
2 33
2 34
2 35
2 36
2 37
2 39
2 41
2 43
2 45
2 46
2 51
2 53
2 54
2 56
2 58
2 59
2 60
2 61
2 64
2 66
2 68
2 70
2 75
2 77
2 79
2 80
2 82
2 83
2 84
2 89
2 92
2 93
2 95
2 96
2 97
2 98
3 4
3 6
3 8
3 9
3 10
3 11
3 12
3 15
3 17
3 18
3 19
3 20
3 22
3 23
3 26
3 27
3 28
3 31
3 32
3 35
3 36
3 37
3 38
3 41
3 43
3 44
3 45
3 46
3 52
3 54
3 58
3 59
3 60
3 61
3 62
3 65
3 67
3 68
3 77
3 82
3 83
3 86
3 88
3 89
3 91
3 94
3 95
3 96
3 97
3 98
4 5
4 11
4 13
4 14
4 15
4 17
4 18
4 19
4 21
4 24
4 27
4 28
4 29
4 31
4 32
4 34
4 35
4 36
4 37
4 39
4 42
4 43
4 44
4 45
4 47
4 48
4 49
4 53
4 56
4 57
4 58
4 59
4 63
4 64
4 66
4 68
4 69
4 70
4 72
4 73
4 75
4 77
4 78
4 79
4 81
4 82
4 83
4 84
4 86
4 89
4 91
4 99
5 7
5 9
5 11
5 12
5 13
5 14
5 17
5 19
5 22
5 24
5 26
5 28
5 29
5 30
5 31
5 34
5 35
5 36
5 37
5 38
5 41
5 42
5 43
5 47
5 48
5 49
5 50
5 51
5 52
5 53
5 56
5 57
5 59
5 61
5 63
5 65
5 68
5 74
5 81
5 83
5 85
5 86
5 88
5 89
5 90
5 96
5 97
5 98
6 7
6 8
6 9
6 10
6 12
6 13
6 14
6 15
6 16
6 18
6 19
6 27
6 29
6 41
6 42
6 43
6 44
6 46
6 47
6 48
6 50
6 51
6 52
6 56
6 58
6 62
6 63
6 65
6 66
6 69
6 70
6 72
6 74
6 75
6 76
6 77
6 81
6 82
6 84
6 87
6 89
6 92
6 93
6 99
7 8
7 10
7 11
7 12
7 13
7 15
7 16
7 18
7 20
7 21
7 27
7 28
7 31
7 36
7 37
7 43
7 44
7 45
7 47
7 50
7 51
7 53
7 55
7 56
7 58
7 59
7 61
7 62
7 63
7 66
7 70
7 74
7 77
7 78
7 79
7 81
7 82
7 83
7 84
7 85
7 88
7 89
7 90
7 91
7 93
7 97
8 16
8 17
8 18
8 19
8 22
8 23
8 24
8 25
8 27
8 28
8 30
8 36
8 37
8 38
8 41
8 42
8 44
8 46
8 47
8 48
8 49
8 50
8 51
8 53
8 54
8 55
8 56
8 58
8 59
8 61
8 63
8 66
8 67
8 69
8 71
8 72
8 73
8 74
8 75
8 77
8 78
8 81
8 83
8 85
8 86
8 87
8 90
8 91
8 92
8 93
8 94
9 13
9 15
9 20
9 22
9 26
9 27
9 28
9 32
9 33
9 35
9 36
9 37
9 40
9 41
9 42
9 44
9 46
9 47
9 49
9 50
9 51
9 55
9 57
9 58
9 59
9 60
9 61
9 64
9 71
9 74
9 75
9 77
9 79
9 81
9 83
9 87
9 88
9 90
9 93
9 94
9 97
9 98
9 99
10 12
10 13
10 19
10 21
10 22
10 23
10 24
10 25
10 26
10 27
10 29
10 30
10 33
10 34
10 35
10 36
10 37
10 40
10 41
10 43
10 49
10 50
10 51
10 54
10 55
10 57
10 59
10 60
10 61
10 62
10 63
10 67
10 69
10 70
10 72
10 73
10 76
10 78
10 79
10 86
10 87
10 90
10 91
10 93
10 95
10 96
10 97
10 99
11 15
11 16
11 17
11 21
11 24
11 26
11 27
11 29
11 32
11 35
11 36
11 39
11 40
11 41
11 42
11 43
11 44
11 45
11 46
11 51
11 52
11 53
11 54
11 58
11 59
11 60
11 61
11 62
11 66
11 67
11 69
11 70
11 72
11 75
11 79
11 84
11 89
11 92
11 94
11 99
12 14
12 15
12 16
12 17
12 18
12 21
12 22
12 23
12 24
12 26
12 27
12 29
12 32
12 36
12 38
12 41
12 43
12 47
12 48
12 50
12 51
12 52
12 56
12 57
12 58
12 63
12 64
12 66
12 67
12 72
12 73
12 75
12 77
12 78
12 81
12 82
12 83
12 84
12 85
12 86
12 87
12 88
12 90
12 95
12 96
12 98
13 19
13 20
13 21
13 22
13 25
13 26
13 28
13 29
13 30
13 31
13 35
13 38
13 39
13 43
13 44
13 45
13 46
13 48
13 50
13 51
13 52
13 54
13 55
13 59
13 60
13 61
13 62
13 63
13 66
13 67
13 70
13 71
13 73
13 74
13 75
13 77
13 78
13 80
13 82
13 83
13 85
13 87
13 88
13 89
13 90
13 91
13 92
13 93
13 96
13 97
13 99
14 17
14 19
14 20
14 22
14 24
14 25
14 27
14 30
14 31
14 33
14 34
14 35
14 36
14 38
14 41
14 43
14 44
14 47
14 48
14 52
14 53
14 54
14 55
14 56
14 63
14 64
14 66
14 68
14 72
14 73
14 78
14 80
14 81
14 83
14 84
14 87
14 89
14 90
14 92
14 95
14 96
14 98
14 99
15 18
15 20
15 21
15 22
15 24
15 25
15 27
15 30
15 31
15 33
15 34
15 36
15 37
15 38
15 40
15 42
15 43
15 44
15 45
15 47
15 49
15 50
15 53
15 54
15 57
15 61
15 62
15 63
15 64
15 66
15 67
15 70
15 72
15 74
15 75
15 78
15 79
15 81
15 82
15 83
15 86
15 87
15 88
15 89
15 90
15 91
15 92
15 93
15 94
15 97
15 98
16 17
16 18
16 19
16 25
16 31
16 32
16 33
16 34
16 35
16 37
16 38
16 39
16 40
16 41
16 42
16 44
16 45
16 46
16 47
16 49
16 50
16 51
16 56
16 57
16 58
16 63
16 65
16 67
16 68
16 69
16 70
16 71
16 72
16 73
16 74
16 75
16 76
16 78
16 79
16 81
16 87
16 92
16 94
16 95
16 96
16 97
17 19
17 20
17 23
17 25
17 26
17 27
17 28
17 29
17 36
17 37
17 38
17 41
17 42
17 47
17 48
17 51
17 52
17 54
17 58
17 61
17 67
17 71
17 72
17 74
17 77
17 78
17 79
17 80
17 81
17 82
17 83
17 86
17 88
17 90
17 91
17 97
17 99
18 20
18 23
18 24
18 27
18 31
18 32
18 33
18 34
18 35
18 37
18 41
18 44
18 45
18 46
18 47
18 49
18 52
18 53
18 55
18 56
18 58
18 62
18 64
18 65
18 67
18 69
18 73
18 76
18 77
18 80
18 81
18 83
18 84
18 86
18 87
18 89
18 90
18 94
18 95
18 99
19 20
19 21
19 22
19 24
19 25
19 26
19 27
19 28
19 29
19 32
19 33
19 34
19 35
19 37
19 42
19 43
19 47
19 49
19 51
19 52
19 57
19 58
19 61
19 63
19 64
19 65
19 69
19 73
19 75
19 79
19 80
19 82
19 83
19 84
19 85
19 87
19 91
19 96
19 97
19 98
20 22
20 24
20 25
20 26
20 27
20 29
20 31
20 32
20 33
20 36
20 40
20 41
20 42
20 47
20 48
20 49
20 50
20 52
20 54
20 59
20 60
20 62
20 63
20 64
20 65
20 66
20 67
20 68
20 69
20 72
20 73
20 74
20 75
20 77
20 80
20 82
20 84
20 88
20 89
20 90
20 96
20 99
21 22
21 27
21 29
21 30
21 33
21 34
21 35
21 38
21 42
21 43
21 45
21 46
21 48
21 50
21 51
21 52
21 55
21 57
21 61
21 64
21 66
21 67
21 70
21 71
21 73
21 76
21 77
21 78
21 79
21 81
21 82
21 83
21 84
21 85
21 86
21 87
21 91
21 92
21 93
21 94
21 97
22 25
22 28
22 29
22 30
22 36
22 37
22 39
22 40
22 41
22 42
22 44
22 45
22 47
22 48
22 50
22 52
22 54
22 56
22 59
22 60
22 62
22 65
22 66
22 70
22 71
22 73
22 75
22 76
22 80
22 82
22 83
22 84
22 90
22 94
22 96
22 97
23 26
23 27
23 30
23 31
23 33
23 34
23 37
23 39
23 40
23 42
23 43
23 45
23 46
23 47
23 49
23 50
23 51
23 54
23 57
23 61
23 62
23 66
23 67
23 68
23 69
23 70
23 71
23 72
23 73
23 75
23 77
23 81
23 82
23 83
23 86
23 89
23 90
23 91
23 92
23 94
23 95
23 96
23 97
24 25
24 30
24 32
24 33
24 34
24 40
24 41
24 44
24 48
24 50
24 53
24 54
24 56
24 57
24 58
24 59
24 63
24 67
24 68
24 69
24 74
24 75
24 76
24 77
24 83
24 84
24 86
24 88
24 91
24 93
24 94
24 95
24 99
25 26
25 28
25 29
25 30
25 32
25 33
25 34
25 35
25 38
25 40
25 41
25 43
25 47
25 48
25 49
25 50
25 52
25 53
25 55
25 56
25 57
25 59
25 60
25 61
25 62
25 63
25 65
25 66
25 67
25 69
25 71
25 75
25 78
25 79
25 80
25 81
25 85
25 87
25 88
25 89
25 90
25 91
25 92
25 93
25 95
25 97
25 99
26 29
26 30
26 31
26 33
26 36
26 37
26 38
26 39
26 40
26 41
26 42
26 44
26 46
26 47
26 48
26 49
26 51
26 52
26 53
26 54
26 56
26 61
26 62
26 64
26 65
26 67
26 70
26 71
26 72
26 73
26 74
26 76
26 78
26 79
26 81
26 82
26 83
26 84
26 85
26 87
26 88
26 95
26 96
26 99
27 28
27 30
27 31
27 32
27 33
27 35
27 38
27 41
27 42
27 43
27 44
27 47
27 48
27 49
27 50
27 51
27 52
27 53
27 54
27 56
27 57
27 58
27 61
27 64
27 65
27 67
27 69
27 78
27 79
27 81
27 83
27 85
27 86
27 87
27 92
27 94
27 97
27 99
28 29
28 31
28 32
28 38
28 41
28 42
28 49
28 51
28 52
28 57
28 60
28 61
28 62
28 63
28 64
28 66
28 68
28 69
28 70
28 71
28 75
28 76
28 77
28 78
28 79
28 80
28 81
28 83
28 85
28 86
28 87
28 93
28 95
28 96
28 97
29 33
29 35
29 39
29 44
29 47
29 48
29 57
29 60
29 62
29 64
29 66
29 67
29 72
29 77
29 78
29 79
29 81
29 83
29 85
29 87
29 91
29 92
29 94
29 95
29 97
30 31
30 32
30 34
30 35
30 37
30 43
30 44
30 46
30 48
30 50
30 51
30 54
30 60
30 62
30 64
30 68
30 69
30 77
30 78
30 79
30 81
30 82
30 85
30 86
30 87
30 88
30 89
30 91
30 92
30 93
30 95
30 96
30 98
30 99
31 34
31 38
31 43
31 47
31 49
31 50
31 52
31 53
31 54
31 58
31 61
31 66
31 67
31 68
31 69
31 72
31 73
31 77
31 80
31 89
31 90
31 98
31 99
32 35
32 37
32 39
32 40
32 48
32 49
32 50
32 57
32 58
32 60
32 61
32 62
32 65
32 69
32 74
32 76
32 82
32 84
32 85
32 86
32 88
32 93
32 97
33 34
33 36
33 38
33 48
33 49
33 50
33 53
33 54
33 60
33 61
33 64
33 65
33 66
33 67
33 69
33 70
33 71
33 72
33 73
33 74
33 78
33 80
33 81
33 83
33 84
33 86
33 88
33 89
33 92
33 93
33 96
33 98
33 99
34 35
34 37
34 38
34 39
34 44
34 45
34 46
34 48
34 50
34 52
34 54
34 55
34 56
34 57
34 58
34 60
34 61
34 62
34 63
34 64
34 65
34 67
34 70
34 73
34 74
34 75
34 76
34 77
34 78
34 79
34 81
34 82
34 83
34 85
34 87
34 89
34 90
34 92
34 93
34 95
34 98
34 99
35 37
35 39
35 41
35 42
35 45
35 46
35 48
35 51
35 52
35 53
35 57
35 60
35 61
35 67
35 77
35 79
35 80
35 83
35 88
35 89
35 91
35 92
35 94
35 95
35 96
35 97
36 37
36 44
36 46
36 47
36 51
36 52
36 53
36 56
36 57
36 58
36 65
36 67
36 68
36 74
36 76
36 77
36 78
36 81
36 84
36 85
36 86
36 88
36 91
36 93
36 98
37 41
37 43
37 45
37 46
37 48
37 50
37 51
37 53
37 56
37 57
37 58
37 59
37 60
37 64
37 69
37 70
37 72
37 74
37 76
37 80
37 81
37 82
37 83
37 86
37 87
37 88
37 91
37 94
37 99
38 39
38 42
38 43
38 45
38 46
38 49
38 51
38 52
38 59
38 62
38 63
38 64
38 65
38 75
38 76
38 77
38 78
38 82
38 83
38 84
38 86
38 87
38 89
38 91
38 93
38 97
38 98
39 40
39 44
39 46
39 48
39 49
39 51
39 54
39 55
39 60
39 64
39 67
39 68
39 70
39 71
39 72
39 74
39 75
39 77
39 81
39 83
39 85
39 90
39 93
39 94
39 97
39 99
40 41
40 43
40 44
40 45
40 46
40 47
40 48
40 49
40 50
40 51
40 52
40 54
40 58
40 62
40 65
40 69
40 76
40 78
40 81
40 82
40 83
40 88
40 90
40 91
40 92
40 93
40 94
40 95
40 96
40 98
41 42
41 45
41 46
41 47
41 48
41 49
41 53
41 55
41 61
41 65
41 73
41 74
41 75
41 76
41 85
41 87
41 95
41 97
42 43
42 46
42 52
42 53
42 54
42 56
42 58
42 62
42 65
42 66
42 69
42 70
42 72
42 73
42 75
42 82
42 85
42 86
42 87
42 89
42 90
42 91
42 93
42 96
42 97
42 98
43 44
43 46
43 48
43 52
43 53
43 58
43 66
43 67
43 68
43 69
43 70
43 71
43 73
43 75
43 81
43 82
43 88
43 90
43 95
43 98
43 99
44 45
44 49
44 55
44 56
44 61
44 62
44 64
44 68
44 69
44 70
44 71
44 74
44 76
44 78
44 80
44 84
44 85
44 87
44 89
44 95
44 96
44 97
44 98
44 99
45 46
45 48
45 50
45 51
45 52
45 54
45 55
45 56
45 58
45 59
45 60
45 63
45 64
45 65
45 68
45 70
45 73
45 77
45 83
45 86
45 88
45 90
45 91
45 93
45 94
45 97
45 98
46 54
46 56
46 57
46 58
46 62
46 64
46 65
46 66
46 69
46 70
46 72
46 73
46 74
46 76
46 77
46 79
46 80
46 81
46 82
46 83
46 84
46 85
46 87
46 88
46 89
46 91
46 92
46 94
46 95
46 96
46 97
46 99
47 48
47 49
47 50
47 53
47 54
47 55
47 60
47 65
47 69
47 70
47 73
47 76
47 78
47 80
47 82
47 85
47 90
47 92
47 93
47 96
47 97
47 98
47 99
48 49
48 50
48 53
48 56
48 57
48 58
48 60
48 63
48 67
48 68
48 69
48 73
48 77
48 79
48 80
48 81
48 84
48 88
48 89
48 92
48 93
48 95
48 98
48 99
49 50
49 51
49 52
49 54
49 56
49 57
49 58
49 61
49 62
49 67
49 71
49 73
49 77
49 78
49 81
49 82
49 85
49 86
49 88
49 89
49 95
49 96
49 97
49 98
49 99
50 51
50 52
50 54
50 56
50 57
50 59
50 61
50 62
50 65
50 66
50 67
50 69
50 70
50 71
50 72
50 73
50 75
50 80
50 81
50 84
50 87
50 88
50 89
50 91
50 92
50 93
50 96
50 99
51 52
51 55
51 57
51 58
51 60
51 61
51 65
51 66
51 68
51 69
51 70
51 71
51 72
51 74
51 75
51 77
51 78
51 80
51 81
51 83
51 84
51 87
51 92
51 93
51 94
51 95
51 96
51 97
51 98
51 99
52 55
52 56
52 57
52 58
52 59
52 61
52 62
52 65
52 66
52 68
52 69
52 71
52 72
52 76
52 78
52 79
52 80
52 81
52 82
52 83
52 85
52 86
52 87
52 89
52 93
52 94
52 98
53 54
53 56
53 59
53 61
53 62
53 64
53 65
53 66
53 67
53 68
53 69
53 71
53 72
53 73
53 79
53 80
53 82
53 83
53 88
53 96
53 98
53 99
54 57
54 58
54 59
54 60
54 61
54 64
54 65
54 66
54 68
54 70
54 71
54 73
54 74
54 76
54 78
54 80
54 82
54 84
54 85
54 86
54 88
54 90
54 91
54 92
54 94
54 97
54 99
55 61
55 63
55 67
55 68
55 71
55 72
55 73
55 74
55 75
55 78
55 80
55 83
55 85
55 86
55 91
55 94
55 96
55 98
56 59
56 60
56 62
56 64
56 66
56 67
56 68
56 69
56 70
56 71
56 73
56 74
56 76
56 77
56 79
56 80
56 83
56 84
56 85
56 86
56 87
56 90
56 94
56 97
57 61
57 62
57 63
57 65
57 66
57 67
57 69
57 70
57 71
57 73
57 75
57 76
57 78
57 81
57 84
57 85
57 87
57 89
57 93
57 95
57 96
58 61
58 64
58 66
58 69
58 70
58 72
58 75
58 76
58 77
58 78
58 79
58 83
58 85
58 88
58 89
58 94
58 99
59 60
59 64
59 66
59 67
59 69
59 70
59 71
59 72
59 73
59 74
59 78
59 80
59 81
59 83
59 84
59 85
59 87
59 88
59 90
59 91
59 94
59 95
59 96
60 62
60 64
60 66
60 67
60 69
60 70
60 73
60 75
60 76
60 79
60 81
60 82
60 83
60 85
60 87
60 89
60 91
60 95
60 96
60 97
61 63
61 66
61 69
61 70
61 72
61 73
61 74
61 75
61 78
61 79
61 80
61 83
61 84
61 85
61 88
61 89
61 90
61 91
61 93
62 63
62 64
62 65
62 66
62 67
62 69
62 72
62 82
62 84
62 85
62 86
62 88
62 90
62 92
62 94
62 97
62 98
63 65
63 67
63 68
63 73
63 74
63 75
63 76
63 77
63 80
63 81
63 82
63 87
63 88
63 89
63 90
63 92
63 93
63 94
63 95
63 97
63 98
64 65
64 66
64 67
64 68
64 69
64 70
64 72
64 75
64 77
64 78
64 79
64 81
64 84
64 85
64 86
64 87
64 90
64 91
64 92
64 93
64 94
64 95
64 98
64 99
65 70
65 71
65 74
65 76
65 77
65 78
65 81
65 83
65 84
65 85
65 90
65 91
65 92
65 93
65 94
65 96
65 99
66 67
66 68
66 70
66 73
66 74
66 75
66 78
66 80
66 82
66 83
66 85
66 88
66 90
66 91
66 93
66 97
67 72
67 73
67 74
67 75
67 76
67 77
67 78
67 80
67 81
67 82
67 84
67 88
67 97
68 69
68 70
68 72
68 73
68 76
68 77
68 82
68 86
68 87
68 89
68 91
68 92
68 94
68 95
68 98
68 99
69 70
69 71
69 73
69 75
69 79
69 80
69 82
69 84
69 85
69 86
69 89
69 91
69 93
69 95
69 96
69 99
70 71
70 72
70 73
70 77
70 80
70 86
70 88
70 92
70 93
70 94
70 95
70 97
70 98
70 99
71 72
71 77
71 78
71 82
71 83
71 84
71 86
71 87
71 88
71 91
71 93
71 97
71 98
71 99
72 73
72 74
72 76
72 78
72 79
72 80
72 82
72 83
72 84
72 88
72 92
72 94
72 95
72 96
72 99
73 74
73 75
73 78
73 79
73 81
73 83
73 87
73 89
73 91
73 93
73 94
73 96
73 98
73 99
74 76
74 77
74 78
74 80
74 85
74 88
74 91
74 93
74 95
74 98
74 99
75 77
75 78
75 79
75 80
75 82
75 84
75 88
75 90
75 91
75 92
75 93
75 98
76 77
76 78
76 79
76 81
76 82
76 83
76 87
76 88
76 89
76 90
76 95
76 97
77 78
77 83
77 84
77 85
77 87
77 90
77 94
77 95
78 79
78 80
78 83
78 85
78 90
78 91
79 87
79 90
79 91
79 92
79 95
79 96
79 97
79 98
80 82
80 83
80 84
80 88
80 89
80 91
80 92
80 96
80 97
81 82
81 83
81 88
81 90
81 91
81 92
81 93
82 83
82 84
82 85
82 86
82 88
82 91
82 94
82 95
83 84
83 86
83 88
83 89
83 90
83 91
83 93
83 94
83 95
83 96
83 97
83 98
84 85
84 86
84 88
84 90
84 93
84 98
84 99
85 89
85 90
85 92
85 94
85 95
85 96
86 89
86 91
86 92
86 93
86 96
86 98
86 99
87 93
87 95
87 96
87 97
88 92
88 97
89 93
89 94
89 95
89 96
89 98
90 91
90 93
90 94
90 96
91 93
91 94
91 95
91 96
91 97
91 98
91 99
92 93
92 94
92 96
92 99
93 95
93 99
94 95
94 98
95 96
95 97
95 99
96 98
96 99
97 98
