0 3
0 4
0 5
0 6
0 11
0 12
0 14
0 16
0 17
0 18
0 19
0 20
0 21
0 22
0 23
0 25
0 26
0 32
0 35
0 37
0 39
0 42
0 43
0 44
0 45
0 46
0 48
0 56
0 57
0 60
0 68
0 74
0 75
0 77
0 79
0 81
0 82
0 87
0 89
0 90
0 91
0 93
0 95
0 97
0 98
0 99
1 3
1 4
1 5
1 7
1 8
1 10
1 11
1 13
1 14
1 16
1 17
1 18
1 22
1 27
1 31
1 32
1 35
1 37
1 39
1 40
1 41
1 42
1 43
1 44
1 47
1 50
1 51
1 52
1 53
1 54
1 55
1 56
1 57
1 59
1 60
1 62
1 66
1 70
1 74
1 75
1 78
1 81
1 82
1 86
1 87
1 88
1 90
1 91
1 92
1 94
1 95
1 96
1 97
2 3
2 8
2 9
2 11
2 12
2 13
2 14
2 15
2 16
2 18
2 19
2 21
2 23
2 24
2 25
2 26
2 28
2 30
2 31
2 32
2 34
2 36
2 37
2 38
2 39
2 40
2 41
2 42
2 43
2 44
2 45
2 47
2 49
2 50
2 54
2 57
2 58
2 59
2 60
2 61
2 64
2 66
2 67
2 69
2 70
2 72
2 76
2 77
2 78
2 80
2 85
2 87
2 88
2 89
2 90
2 91
2 92
2 93
2 94
2 98
2 99
3 4
3 5
3 10
3 11
3 13
3 14
3 15
3 16
3 17
3 18
3 19
3 20
3 22
3 24
3 25
3 27
3 30
3 33
3 37
3 40
3 43
3 44
3 48
3 49
3 50
3 52
3 53
3 54
3 55
3 57
3 58
3 59
3 60
3 61
3 62
3 63
3 64
3 65
3 66
3 68
3 71
3 72
3 75
3 76
3 78
3 80
3 82
3 85
3 87
3 89
3 90
3 91
3 94
3 97
3 99
4 5
4 6
4 7
4 10
4 15
4 17
4 19
4 23
4 25
4 27
4 28
4 30
4 31
4 35
4 36
4 37
4 38
4 40
4 42
4 43
4 45
4 48
4 49
4 51
4 52
4 54
4 57
4 58
4 60
4 62
4 66
4 67
4 68
4 69
4 71
4 72
4 74
4 77
4 78
4 80
4 85
4 86
4 87
4 88
4 89
4 90
4 91
4 93
4 95
4 99
5 12
5 13
5 16
5 19
5 20
5 22
5 25
5 27
5 28
5 30
5 32
5 36
5 43
5 45
5 47
5 50
5 51
5 52
5 54
5 56
5 57
5 58
5 59
5 60
5 64
5 73
5 74
5 79
5 80
5 81
5 83
5 84
5 87
5 88
5 89
5 96
5 97
6 8
6 11
6 15
6 17
6 18
6 19
6 22
6 23
6 24
6 26
6 28
6 29
6 35
6 37
6 38
6 40
6 45
6 46
6 50
6 53
6 54
6 55
6 59
6 63
6 64
6 65
6 68
6 71
6 72
6 74
6 77
6 78
6 82
6 83
6 85
6 89
6 91
6 92
6 95
6 96
6 98
7 11
7 13
7 14
7 15
7 21
7 23
7 24
7 25
7 27
7 29
7 30
7 31
7 32
7 35
7 36
7 39
7 40
7 41
7 42
7 43
7 44
7 47
7 49
7 50
7 51
7 52
7 53
7 55
7 56
7 59
7 60
7 69
7 73
7 75
7 77
7 78
7 80
7 82
7 85
7 86
7 92
7 93
7 94
7 96
7 98
7 99
8 9
8 10
8 11
8 12
8 14
8 15
8 17
8 21
8 22
8 24
8 25
8 28
8 31
8 32
8 33
8 34
8 36
8 37
8 38
8 41
8 42
8 49
8 51
8 52
8 53
8 55
8 58
8 59
8 60
8 62
8 63
8 64
8 67
8 70
8 73
8 74
8 75
8 76
8 77
8 80
8 81
8 82
8 83
8 84
8 88
8 89
8 93
8 95
8 96
8 99
9 14
9 17
9 18
9 20
9 22
9 24
9 25
9 26
9 27
9 28
9 31
9 32
9 35
9 36
9 37
9 39
9 40
9 42
9 46
9 49
9 51
9 56
9 58
9 60
9 61
9 62
9 64
9 65
9 66
9 67
9 70
9 71
9 72
9 73
9 74
9 78
9 79
9 80
9 81
9 82
9 83
9 85
9 88
9 89
9 90
9 97
9 98
9 99
10 12
10 13
10 17
10 19
10 23
10 27
10 29
10 30
10 31
10 33
10 34
10 36
10 37
10 39
10 40
10 42
10 44
10 45
10 47
10 48
10 49
10 51
10 52
10 55
10 57
10 60
10 61
10 63
10 64
10 66
10 67
10 68
10 73
10 74
10 76
10 77
10 78
10 79
10 81
10 82
10 83
10 86
10 89
10 90
10 91
10 95
10 96
10 99
11 13
11 17
11 19
11 20
11 21
11 22
11 24
11 27
11 28
11 30
11 31
11 33
11 36
11 38
11 39
11 41
11 45
11 50
11 51
11 52
11 55
11 57
11 58
11 59
11 63
11 64
11 65
11 66
11 67
11 68
11 70
11 71
11 73
11 74
11 79
11 81
11 83
11 84
11 86
11 87
11 88
11 91
11 94
11 95
11 97
11 98
11 99
12 13
12 14
12 15
12 16
12 18
12 19
12 21
12 22
12 25
12 29
12 30
12 31
12 34
12 35
12 36
12 37
12 38
12 40
12 48
12 49
12 51
12 55
12 56
12 57
12 58
12 60
12 65
12 66
12 68
12 69
12 71
12 72
12 75
12 79
12 80
12 81
12 82
12 83
12 84
12 85
12 86
12 89
12 93
12 96
12 98
12 99
13 14
13 15
13 16
13 17
13 19
13 22
13 23
13 25
13 26
13 27
13 28
13 30
13 32
13 33
13 35
13 37
13 38
13 43
13 45
13 48
13 49
13 51
13 52
13 53
13 55
13 56
13 59
13 60
13 62
13 63
13 67
13 73
13 74
13 79
13 80
13 81
13 82
13 84
13 86
13 90
13 92
13 93
13 94
13 97
13 98
14 15
14 16
14 18
14 22
14 27
14 29
14 33
14 34
14 35
14 36
14 37
14 38
14 42
14 45
14 49
14 50
14 52
14 55
14 58
14 60
14 61
14 62
14 67
14 68
14 70
14 71
14 72
14 74
14 78
14 79
14 80
14 82
14 84
14 86
14 88
14 90
14 97
15 20
15 21
15 23
15 24
15 25
15 28
15 29
15 31
15 32
15 35
15 38
15 39
15 40
15 41
15 42
15 43
15 44
15 47
15 54
15 56
15 58
15 59
15 62
15 64
15 65
15 67
15 70
15 72
15 75
15 76
15 78
15 79
15 80
15 81
15 88
15 89
15 90
15 95
15 96
15 97
16 17
16 19
16 20
16 21
16 22
16 23
16 24
16 25
16 26
16 32
16 33
16 35
16 38
16 39
16 41
16 42
16 43
16 45
16 46
16 47
16 48
16 50
16 51
16 55
16 57
16 58
16 59
16 61
16 62
16 63
16 65
16 66
16 67
16 68
16 69
16 71
16 75
16 76
16 78
16 79
16 83
16 84
16 85
16 86
16 93
16 94
16 95
16 96
16 97
16 98
17 19
17 20
17 21
17 23
17 25
17 27
17 28
17 29
17 31
17 35
17 37
17 40
17 41
17 42
17 44
17 46
17 47
17 49
17 50
17 51
17 52
17 55
17 58
17 60
17 61
17 63
17 64
17 65
17 67
17 68
17 70
17 71
17 72
17 76
17 78
17 81
17 83
17 84
17 86
17 89
17 92
17 96
17 99
18 20
18 21
18 23
18 24
18 28
18 29
18 30
18 34
18 36
18 37
18 38
18 44
18 45
18 47
18 51
18 52
18 53
18 54
18 55
18 58
18 59
18 60
18 61
18 62
18 64
18 65
18 69
18 70
18 74
18 75
18 77
18 78
18 79
18 81
18 83
18 84
18 85
18 88
18 97
19 21
19 26
19 27
19 30
19 32
19 33
19 35
19 36
19 37
19 38
19 39
19 45
19 48
19 50
19 51
19 54
19 56
19 57
19 63
19 64
19 65
19 66
19 67
19 68
19 69
19 71
19 73
19 74
19 76
19 79
19 83
19 91
19 92
19 93
19 94
19 95
19 98
19 99
20 25
20 27
20 28
20 33
20 34
20 35
20 38
20 39
20 45
20 47
20 48
20 49
20 52
20 54
20 57
20 59
20 60
20 62
20 63
20 66
20 68
20 69
20 73
20 76
20 77
20 78
20 81
20 86
20 88
20 89
20 90
20 92
20 93
20 95
20 96
20 99
21 24
21 29
21 31
21 32
21 33
21 37
21 38
21 40
21 45
21 46
21 47
21 48
21 50
21 51
21 55
21 58
21 59
21 60
21 61
21 64
21 66
21 67
21 68
21 72
21 73
21 76
21 78
21 79
21 81
21 82
21 83
21 84
21 85
21 87
21 88
21 89
21 97
21 98
22 23
22 26
22 27
22 28
22 31
22 33
22 34
22 35
22 36
22 38
22 42
22 44
22 46
22 47
22 48
22 51
22 53
22 55
22 58
22 61
22 66
22 67
22 71
22 72
22 75
22 77
22 80
22 86
22 87
22 91
22 94
22 95
22 96
22 97
23 26
23 27
23 31
23 32
23 33
23 35
23 37
23 39
23 40
23 42
23 43
23 44
23 45
23 46
23 50
23 51
23 53
23 54
23 56
23 57
23 58
23 62
23 63
23 65
23 71
23 77
23 79
23 81
23 83
23 85
23 88
23 90
23 91
23 92
23 94
23 95
23 97
23 98
23 99
24 26
24 29
24 31
24 32
24 33
24 34
24 37
24 38
24 39
24 42
24 43
24 46
24 48
24 49
24 50
24 55
24 57
24 58
24 59
24 61
24 62
24 63
24 65
24 67
24 68
24 71
24 78
24 82
24 83
24 85
24 86
24 90
24 94
24 95
24 97
24 98
24 99
25 26
25 31
25 32
25 33
25 34
25 38
25 39
25 41
25 46
25 47
25 48
25 49
25 50
25 54
25 55
25 58
25 60
25 61
25 62
25 66
25 68
25 73
25 75
25 77
25 80
25 81
25 85
25 89
25 93
25 97
26 27
26 32
26 36
26 37
26 38
26 39
26 41
26 44
26 46
26 51
26 52
26 53
26 55
26 56
26 59
26 60
26 64
26 65
26 66
26 67
26 68
26 69
26 71
26 73
26 75
26 76
26 78
26 79
26 81
26 82
26 83
26 84
26 85
26 88
26 91
26 92
26 93
26 95
26 97
26 98
26 99
27 34
27 36
27 40
27 43
27 45
27 46
27 48
27 51
27 53
27 55
27 59
27 60
27 61
27 68
27 71
27 77
27 79
27 81
27 83
27 85
27 86
27 87
27 88
27 91
27 92
27 93
27 94
27 95
27 96
27 97
28 35
28 36
28 41
28 44
28 45
28 48
28 51
28 54
28 56
28 57
28 58
28 59
28 61
28 62
28 63
28 65
28 66
28 68
28 69
28 70
28 71
28 72
28 73
28 76
28 77
28 78
28 80
28 81
28 83
28 84
28 85
28 86
28 89
28 90
28 91
28 97
29 33
29 38
29 41
29 42
29 44
29 45
29 50
29 53
29 54
29 55
29 56
29 57
29 58
29 61
29 62
29 63
29 65
29 66
29 67
29 69
29 75
29 77
29 79
29 80
29 85
29 92
29 97
30 35
30 38
30 39
30 42
30 43
30 46
30 48
30 49
30 51
30 52
30 53
30 54
30 55
30 58
30 59
30 60
30 63
30 64
30 65
30 66
30 67
30 68
30 69
30 73
30 74
30 76
30 77
30 78
30 79
30 81
30 84
30 86
30 88
30 89
30 91
30 96
30 98
30 99
31 35
31 36
31 39
31 40
31 41
31 44
31 47
31 48
31 49
31 51
31 54
31 55
31 59
31 62
31 66
31 69
31 72
31 73
31 74
31 75
31 79
31 80
31 82
31 83
31 85
31 86
31 90
31 91
31 95
31 97
31 99
32 36
32 39
32 40
32 41
32 43
32 44
32 45
32 46
32 48
32 51
32 52
32 53
32 54
32 56
32 57
32 59
32 62
32 63
32 66
32 67
32 68
32 71
32 72
32 73
32 77
32 78
32 79
32 80
32 91
32 92
32 94
32 96
32 97
32 98
33 35
33 36
33 38
33 40
33 41
33 45
33 46
33 48
33 51
33 54
33 56
33 57
33 60
33 61
33 62
33 66
33 68
33 69
33 71
33 72
33 73
33 74
33 76
33 77
33 78
33 82
33 84
33 85
33 86
33 87
33 89
33 90
33 95
33 97
33 98
33 99
34 35
34 41
34 42
34 43
34 44
34 45
34 46
34 47
34 48
34 50
34 52
34 53
34 54
34 55
34 56
34 60
34 62
34 63
34 67
34 68
34 69
34 71
34 72
34 75
34 76
34 82
34 83
34 89
34 90
34 91
34 95
34 96
34 98
35 37
35 39
35 40
35 41
35 42
35 43
35 47
35 48
35 49
35 50
35 52
35 55
35 56
35 57
35 58
35 59
35 61
35 63
35 68
35 69
35 70
35 73
35 74
35 75
35 78
35 82
35 84
35 85
35 87
35 88
35 90
35 92
35 93
35 95
35 96
36 38
36 40
36 41
36 43
36 44
36 45
36 47
36 48
36 51
36 53
36 54
36 55
36 57
36 59
36 61
36 63
36 64
36 65
36 67
36 69
36 70
36 73
36 77
36 79
36 82
36 83
36 84
36 85
36 86
36 87
36 89
36 91
36 92
36 93
36 94
36 97
37 38
37 40
37 41
37 43
37 45
37 46
37 47
37 48
37 49
37 51
37 52
37 55
37 57
37 59
37 60
37 62
37 64
37 65
37 67
37 68
37 69
37 70
37 72
37 73
37 76
37 82
37 83
37 89
37 91
37 92
37 93
37 94
37 97
37 98
38 39
38 40
38 41
38 43
38 44
38 45
38 49
38 51
38 54
38 56
38 57
38 58
38 59
38 60
38 65
38 66
38 67
38 68
38 71
38 73
38 74
38 82
38 90
38 91
38 94
38 95
38 98
39 40
39 41
39 42
39 43
39 44
39 45
39 47
39 48
39 50
39 53
39 59
39 63
39 65
39 66
39 67
39 68
39 69
39 70
39 75
39 78
39 80
39 81
39 83
39 86
39 87
39 89
39 90
39 91
39 92
39 93
39 94
40 41
40 44
40 45
40 46
40 47
40 50
40 53
40 55
40 56
40 57
40 58
40 59
40 60
40 62
40 63
40 67
40 68
40 69
40 70
40 72
40 75
40 80
40 81
40 86
40 87
40 89
40 90
40 91
40 93
40 96
40 97
40 99
41 42
41 43
41 44
41 45
41 47
41 51
41 52
41 53
41 55
41 57
41 59
41 60
41 61
41 62
41 66
41 68
41 71
41 72
41 73
41 74
41 76
41 77
41 78
41 83
41 84
41 85
41 86
41 87
41 90
41 92
41 93
41 94
41 95
41 98
41 99
42 44
42 49
42 50
42 51
42 52
42 53
42 58
42 60
42 62
42 63
42 65
42 67
42 69
42 71
42 73
42 76
42 78
42 79
42 80
42 83
42 85
42 87
42 89
42 90
42 91
42 93
42 94
42 97
42 99
43 47
43 49
43 50
43 51
43 52
43 53
43 54
43 55
43 59
43 64
43 65
43 70
43 71
43 75
43 77
43 79
43 81
43 82
43 83
43 85
43 87
43 88
43 89
43 94
43 98
44 45
44 47
44 50
44 51
44 52
44 53
44 57
44 58
44 59
44 61
44 62
44 63
44 64
44 65
44 66
44 67
44 68
44 69
44 73
44 74
44 76
44 77
44 78
44 85
44 87
44 91
44 92
44 93
44 94
45 48
45 49
45 51
45 54
45 55
45 57
45 59
45 62
45 63
45 64
45 65
45 69
45 71
45 73
45 76
45 81
45 82
45 86
45 88
45 89
45 91
45 92
45 94
45 95
46 48
46 51
46 52
46 53
46 59
46 60
46 61
46 62
46 63
46 66
46 67
46 68
46 71
46 72
46 73
46 74
46 75
46 78
46 80
46 81
46 82
46 83
46 84
46 85
46 86
46 87
46 88
46 89
46 93
46 94
46 95
46 96
47 48
47 49
47 50
47 51
47 53
47 54
47 58
47 63
47 64
47 66
47 68
47 69
47 74
47 76
47 77
47 78
47 80
47 81
47 82
47 84
47 85
47 86
47 88
47 89
47 94
47 95
47 96
47 97
47 98
48 50
48 51
48 52
48 53
48 54
48 55
48 56
48 58
48 59
48 60
48 61
48 64
48 70
48 71
48 73
48 74
48 79
48 80
48 81
48 83
48 85
48 86
48 91
48 94
48 95
48 96
48 97
48 99
49 50
49 53
49 56
49 57
49 58
49 59
49 61
49 64
49 65
49 67
49 68
49 69
49 70
49 71
49 73
49 76
49 78
49 79
49 81
49 82
49 83
49 84
49 85
49 86
49 87
49 88
49 89
49 90
49 92
49 96
49 97
49 98
49 99
50 51
50 52
50 53
50 55
50 58
50 60
50 61
50 62
50 64
50 67
50 68
50 69
50 70
50 71
50 77
50 78
50 81
50 84
50 85
50 88
50 89
50 90
50 92
50 94
50 97
50 98
50 99
51 52
51 53
51 54
51 55
51 59
51 60
51 62
51 63
51 66
51 67
51 68
51 69
51 70
51 73
51 75
51 76
51 77
51 81
51 82
51 85
51 86
51 88
51 90
51 92
51 93
51 94
51 95
51 97
51 98
51 99
52 54
52 59
52 60
52 61
52 62
52 65
52 66
52 67
52 70
52 71
52 72
52 73
52 74
52 79
52 82
52 84
52 85
52 86
52 87
52 88
52 89
52 90
52 94
52 95
52 98
53 54
53 55
53 57
53 59
53 60
53 61
53 62
53 63
53 64
53 65
53 67
53 68
53 69
53 71
53 74
53 75
53 76
53 78
53 81
53 82
53 83
53 84
53 87
53 90
53 94
53 98
54 58
54 59
54 60
54 61
54 63
54 67
54 69
54 71
54 72
54 74
54 77
54 79
54 80
54 82
54 84
54 86
54 87
54 88
54 89
54 91
54 94
54 95
55 56
55 57
55 61
55 65
55 69
55 73
55 74
55 75
55 80
55 82
55 83
55 87
55 88
55 89
55 90
55 91
55 92
55 93
55 96
55 98
56 58
56 60
56 61
56 63
56 64
56 65
56 70
56 71
56 72
56 73
56 75
56 76
56 79
56 81
56 84
56 85
56 92
56 93
56 94
56 96
56 97
56 98
56 99
57 58
57 59
57 60
57 62
57 63
57 64
57 68
57 71
57 74
57 76
57 77
57 78
57 81
57 83
57 87
57 89
57 90
57 91
57 92
57 93
57 94
57 99
58 59
58 62
58 64
58 66
58 73
58 74
58 75
58 77
58 82
58 83
58 85
58 86
58 87
58 93
58 95
58 97
58 98
59 64
59 65
59 66
59 67
59 76
59 77
59 79
59 80
59 81
59 85
59 90
59 92
59 96
60 61
60 62
60 63
60 64
60 66
60 68
60 71
60 72
60 73
60 75
60 76
60 79
60 81
60 83
60 85
60 87
60 88
60 89
60 90
60 92
60 93
60 94
60 98
60 99
61 62
61 63
61 64
61 65
61 67
61 68
61 69
61 70
61 71
61 73
61 74
61 75
61 77
61 79
61 81
61 82
61 83
61 91
61 92
61 95
61 97
61 98
61 99
62 65
62 66
62 68
62 69
62 71
62 72
62 74
62 75
62 79
62 80
62 87
62 90
62 91
62 92
62 93
62 94
62 95
62 98
63 64
63 66
63 67
63 68
63 70
63 71
63 72
63 74
63 76
63 77
63 78
63 82
63 83
63 85
63 87
63 89
63 90
63 96
63 97
63 98
63 99
64 66
64 67
64 68
64 69
64 70
64 71
64 72
64 76
64 77
64 80
64 84
64 86
64 87
64 88
64 89
64 91
64 92
64 94
64 96
64 98
64 99
65 67
65 68
65 70
65 71
65 74
65 76
65 77
65 78
65 80
65 81
65 83
65 86
65 88
65 92
65 93
65 95
65 96
65 97
65 98
65 99
66 67
66 76
66 77
66 78
66 79
66 81
66 83
66 87
66 90
66 91
66 92
66 94
66 99
67 71
67 72
67 74
67 77
67 78
67 79
67 82
67 83
67 85
67 86
67 89
67 90
67 91
67 93
67 94
67 95
67 96
67 97
67 99
68 69
68 71
68 72
68 75
68 77
68 82
68 86
68 89
68 94
68 96
68 97
68 98
68 99
69 70
69 73
69 75
69 76
69 77
69 79
69 81
69 83
69 85
69 88
69 91
69 92
69 93
69 96
69 97
70 71
70 72
70 73
70 75
70 76
70 81
70 83
70 85
70 86
70 88
70 89
70 90
70 92
70 94
70 96
70 97
71 72
71 73
71 75
71 77
71 78
71 79
71 81
71 82
71 86
71 87
71 89
71 91
71 92
71 95
71 97
71 98
71 99
72 73
72 75
72 76
72 77
72 79
72 80
72 81
72 83
72 84
72 85
72 86
72 87
72 90
72 91
72 92
72 93
72 95
72 96
72 97
72 98
72 99
73 74
73 77
73 78
73 79
73 80
73 81
73 84
73 85
73 90
73 93
73 96
73 97
74 75
74 76
74 78
74 80
74 81
74 82
74 86
74 90
74 97
74 99
75 78
75 79
75 80
75 81
75 83
75 84
75 85
75 87
75 92
75 96
76 77
76 78
76 79
76 81
76 82
76 85
76 86
76 89
76 92
76 94
76 95
76 97
76 99
77 79
77 81
77 83
77 86
77 88
77 90
77 94
77 96
77 97
77 98
78 79
78 80
78 81
78 83
78 86
78 87
78 89
78 90
78 95
78 97
78 98
78 99
79 80
79 81
79 82
79 84
79 85
79 86
79 87
79 90
79 96
79 98
80 81
80 82
80 85
80 88
80 91
80 92
80 95
80 97
80 98
81 82
81 83
81 87
81 88
81 89
81 91
81 94
81 98
82 83
82 84
82 85
82 88
82 91
82 92
82 93
82 98
82 99
83 84
83 86
83 88
83 91
83 92
83 93
83 94
83 95
83 96
83 97
83 99
84 85
84 88
84 90
84 92
84 94
84 95
84 96
85 87
85 88
85 89
85 91
85 92
85 95
85 97
85 99
86 89
86 90
86 94
86 97
86 98
87 88
87 89
87 90
87 91
87 92
87 94
87 95
87 96
87 98
88 92
88 93
88 94
88 95
88 99
89 91
89 92
89 93
89 95
89 96
89 97
89 98
89 99
90 93
90 96
91 92
91 96
91 99
92 93
92 96
92 98
93 94
93 97
94 96
94 97
95 96
95 98
96 97
96 98
97 99
