0 1
0 2
0 3
0 4
0 6
0 7
0 8
0 11
0 15
0 16
0 18
0 19
0 20
0 22
0 23
0 24
0 25
0 26
0 27
0 28
0 29
0 30
0 31
0 32
0 35
0 36
0 37
0 38
0 39
0 41
0 44
0 47
0 55
0 57
0 58
0 59
0 61
0 64
0 65
0 69
0 73
0 74
0 76
0 79
0 80
0 89
0 93
0 95
0 97
0 99
1 3
1 5
1 7
1 8
1 10
1 11
1 12
1 14
1 15
1 17
1 18
1 19
1 21
1 26
1 27
1 28
1 32
1 39
1 40
1 43
1 44
1 45
1 46
1 47
1 49
1 50
1 52
1 56
1 59
1 61
1 64
1 65
1 68
1 70
1 72
1 73
1 75
1 76
1 78
1 80
1 85
1 86
1 87
1 89
1 91
1 96
1 97
1 98
2 3
2 6
2 7
2 9
2 12
2 13
2 17
2 18
2 19
2 21
2 31
2 39
2 40
2 41
2 42
2 43
2 45
2 49
2 59
2 63
2 64
2 68
2 70
2 72
2 77
2 80
2 81
2 82
2 85
2 86
2 87
2 88
2 90
2 91
2 95
2 98
3 5
3 8
3 10
3 11
3 13
3 14
3 16
3 17
3 20
3 22
3 23
3 24
3 26
3 27
3 29
3 30
3 33
3 35
3 36
3 37
3 38
3 40
3 41
3 46
3 47
3 50
3 51
3 53
3 55
3 56
3 57
3 60
3 63
3 68
3 70
3 77
3 78
3 81
3 82
3 86
3 87
3 88
3 91
3 92
3 94
3 95
3 98
4 10
4 11
4 13
4 16
4 17
4 22
4 25
4 26
4 27
4 28
4 30
4 31
4 33
4 37
4 40
4 43
4 44
4 45
4 46
4 55
4 56
4 57
4 58
4 61
4 62
4 63
4 64
4 65
4 66
4 67
4 68
4 69
4 74
4 75
4 76
4 78
4 82
4 83
4 84
4 87
4 89
4 94
4 96
4 97
4 98
5 7
5 8
5 11
5 16
5 17
5 18
5 19
5 20
5 24
5 30
5 32
5 34
5 36
5 40
5 41
5 42
5 43
5 46
5 48
5 51
5 54
5 55
5 61
5 63
5 64
5 65
5 67
5 68
5 70
5 71
5 72
5 73
5 75
5 76
5 77
5 78
5 79
5 81
5 82
5 83
5 85
5 86
5 88
5 89
5 90
5 93
5 95
5 96
5 97
5 99
6 7
6 11
6 15
6 17
6 22
6 23
6 25
6 30
6 33
6 34
6 35
6 37
6 41
6 42
6 43
6 44
6 45
6 49
6 54
6 57
6 59
6 61
6 64
6 65
6 67
6 68
6 70
6 72
6 79
6 80
6 82
6 84
6 85
6 86
6 89
6 91
6 93
6 94
6 96
6 98
7 8
7 11
7 12
7 13
7 14
7 15
7 19
7 22
7 25
7 28
7 29
7 34
7 35
7 37
7 41
7 43
7 45
7 46
7 47
7 49
7 52
7 55
7 56
7 59
7 62
7 63
7 64
7 67
7 70
7 72
7 75
7 76
7 77
7 78
7 79
7 81
7 82
7 83
7 84
7 85
7 87
7 88
7 89
7 92
7 94
7 96
7 97
7 98
7 99
8 10
8 14
8 16
8 17
8 20
8 23
8 24
8 25
8 26
8 27
8 28
8 29
8 30
8 31
8 32
8 33
8 34
8 36
8 37
8 38
8 41
8 42
8 44
8 45
8 46
8 47
8 50
8 52
8 53
8 57
8 67
8 69
8 70
8 72
8 74
8 75
8 81
8 83
8 85
8 87
8 89
8 91
8 93
8 94
8 95
8 96
8 97
8 99
9 10
9 14
9 17
9 20
9 21
9 22
9 23
9 24
9 25
9 26
9 28
9 30
9 31
9 32
9 33
9 34
9 35
9 41
9 43
9 44
9 45
9 46
9 48
9 49
9 50
9 51
9 52
9 53
9 54
9 55
9 56
9 58
9 61
9 63
9 64
9 67
9 68
9 69
9 71
9 76
9 77
9 79
9 81
9 86
9 87
9 89
9 90
9 91
9 94
9 95
9 98
10 12
10 13
10 15
10 16
10 17
10 18
10 19
10 22
10 23
10 24
10 26
10 27
10 30
10 32
10 33
10 35
10 37
10 38
10 39
10 40
10 41
10 42
10 44
10 47
10 49
10 51
10 55
10 60
10 62
10 63
10 65
10 66
10 68
10 69
10 70
10 71
10 73
10 74
10 78
10 81
10 83
10 84
10 85
10 88
10 90
10 93
10 94
10 95
10 96
10 99
11 13
11 17
11 18
11 19
11 20
11 21
11 22
11 24
11 27
11 29
11 32
11 35
11 37
11 39
11 44
11 45
11 46
11 48
11 50
11 51
11 55
11 58
11 60
11 64
11 65
11 67
11 69
11 71
11 73
11 74
11 75
11 80
11 84
11 85
11 86
11 87
11 89
11 91
11 94
11 95
11 96
12 15
12 16
12 17
12 18
12 20
12 21
12 22
12 23
12 24
12 25
12 26
12 27
12 30
12 31
12 33
12 34
12 35
12 36
12 37
12 38
12 41
12 44
12 48
12 49
12 50
12 52
12 55
12 56
12 57
12 58
12 59
12 64
12 66
12 69
12 73
12 74
12 78
12 79
12 84
12 87
12 89
12 91
12 92
12 93
12 95
12 97
12 98
13 16
13 19
13 21
13 22
13 24
13 27
13 28
13 29
13 30
13 36
13 38
13 39
13 43
13 44
13 45
13 46
13 57
13 58
13 60
13 61
13 62
13 63
13 64
13 65
13 66
13 67
13 68
13 69
13 71
13 73
13 74
13 75
13 76
13 78
13 79
13 83
13 84
13 88
13 94
13 95
13 99
14 15
14 16
14 19
14 25
14 27
14 28
14 29
14 31
14 34
14 35
14 36
14 39
14 40
14 41
14 45
14 50
14 51
14 52
14 55
14 56
14 57
14 58
14 59
14 60
14 61
14 62
14 64
14 67
14 70
14 73
14 75
14 77
14 80
14 81
14 82
14 84
14 85
14 87
14 88
14 89
14 92
14 93
14 98
14 99
15 16
15 19
15 20
15 22
15 23
15 24
15 25
15 26
15 28
15 31
15 32
15 34
15 36
15 37
15 41
15 42
15 43
15 45
15 46
15 48
15 49
15 51
15 52
15 53
15 55
15 56
15 57
15 58
15 60
15 62
15 65
15 70
15 71
15 74
15 75
15 77
15 79
15 83
15 84
15 88
15 91
15 92
15 95
15 97
15 98
16 22
16 25
16 28
16 29
16 31
16 33
16 34
16 36
16 37
16 40
16 41
16 42
16 45
16 46
16 47
16 55
16 57
16 58
16 59
16 60
16 61
16 63
16 74
16 75
16 77
16 78
16 79
16 80
16 82
16 85
16 87
16 89
16 90
16 91
16 93
16 94
16 95
16 99
17 18
17 21
17 22
17 26
17 27
17 28
17 32
17 33
17 34
17 35
17 36
17 37
17 38
17 39
17 41
17 42
17 43
17 45
17 47
17 48
17 49
17 50
17 51
17 52
17 57
17 58
17 59
17 61
17 62
17 65
17 66
17 67
17 68
17 69
17 72
17 73
17 74
17 75
17 79
17 81
17 82
17 83
17 85
17 88
17 90
17 92
17 93
17 95
17 96
17 97
17 99
18 19
18 20
18 22
18 23
18 24
18 25
18 27
18 31
18 32
18 33
18 34
18 36
18 39
18 40
18 41
18 42
18 45
18 47
18 48
18 50
18 51
18 52
18 53
18 55
18 56
18 57
18 62
18 63
18 64
18 65
18 67
18 68
18 71
18 72
18 73
18 74
18 78
18 80
18 84
18 86
18 90
18 92
18 95
18 96
18 97
18 98
19 20
19 21
19 22
19 24
19 28
19 31
19 32
19 33
19 34
19 37
19 40
19 42
19 45
19 46
19 47
19 52
19 53
19 54
19 57
19 58
19 59
19 60
19 61
19 62
19 64
19 65
19 66
19 69
19 70
19 74
19 76
19 80
19 81
19 83
19 86
19 87
19 88
19 91
19 94
19 97
19 98
20 21
20 23
20 26
20 28
20 29
20 33
20 34
20 35
20 36
20 37
20 38
20 41
20 44
20 48
20 50
20 57
20 58
20 62
20 63
20 64
20 65
20 67
20 70
20 72
20 73
20 75
20 76
20 77
20 78
20 83
20 87
20 88
20 89
20 92
20 93
20 95
20 96
20 99
21 22
21 23
21 24
21 26
21 27
21 28
21 30
21 32
21 35
21 37
21 38
21 39
21 42
21 43
21 46
21 47
21 48
21 49
21 51
21 52
21 53
21 54
21 56
21 57
21 60
21 61
21 63
21 64
21 65
21 68
21 70
21 71
21 74
21 77
21 78
21 79
21 81
21 82
21 83
21 84
21 86
21 87
21 89
21 90
21 91
21 93
21 97
22 24
22 25
22 26
22 28
22 29
22 32
22 33
22 34
22 35
22 36
22 37
22 38
22 39
22 42
22 44
22 46
22 49
22 50
22 53
22 61
22 63
22 64
22 66
22 68
22 69
22 70
22 73
22 74
22 76
22 82
22 85
22 86
22 87
22 88
22 91
22 94
22 97
23 24
23 25
23 28
23 35
23 38
23 39
23 46
23 47
23 50
23 51
23 52
23 53
23 55
23 57
23 59
23 60
23 62
23 66
23 70
23 72
23 75
23 76
23 79
23 80
23 82
23 84
23 87
23 88
23 90
23 91
23 93
23 95
23 98
24 27
24 28
24 32
24 34
24 37
24 38
24 39
24 41
24 47
24 48
24 50
24 52
24 53
24 57
24 60
24 62
24 67
24 68
24 69
24 71
24 74
24 75
24 76
24 78
24 82
24 84
24 85
24 87
24 90
24 91
24 94
24 95
24 97
24 99
25 26
25 28
25 30
25 31
25 32
25 33
25 34
25 35
25 39
25 40
25 41
25 44
25 46
25 48
25 49
25 50
25 52
25 54
25 55
25 56
25 60
25 66
25 67
25 68
25 69
25 70
25 71
25 77
25 78
25 80
25 84
25 86
25 87
25 90
25 92
25 93
25 95
25 96
25 97
26 28
26 32
26 34
26 35
26 36
26 43
26 44
26 46
26 47
26 48
26 53
26 54
26 59
26 60
26 63
26 64
26 67
26 71
26 73
26 77
26 79
26 80
26 81
26 84
26 86
26 88
26 90
26 91
26 92
26 94
26 95
26 96
26 99
27 28
27 29
27 30
27 33
27 34
27 36
27 41
27 48
27 49
27 52
27 53
27 57
27 58
27 59
27 61
27 63
27 65
27 66
27 67
27 68
27 69
27 70
27 73
27 74
27 75
27 77
27 81
27 83
27 87
27 91
27 93
27 95
27 96
27 98
27 99
28 33
28 35
28 36
28 37
28 39
28 40
28 41
28 47
28 48
28 53
28 55
28 57
28 58
28 63
28 64
28 65
28 66
28 67
28 68
28 69
28 70
28 73
28 76
28 77
28 79
28 80
28 81
28 82
28 83
28 84
28 85
28 87
28 88
28 89
28 90
28 92
28 99
29 31
29 34
29 36
29 37
29 39
29 41
29 43
29 49
29 50
29 51
29 56
29 57
29 58
29 59
29 63
29 66
29 68
29 72
29 73
29 74
29 75
29 77
29 80
29 82
29 83
29 84
29 89
29 90
29 91
29 93
29 94
29 96
29 97
30 32
30 34
30 39
30 44
30 45
30 46
30 48
30 50
30 54
30 56
30 57
30 59
30 61
30 63
30 64
30 67
30 68
30 72
30 74
30 77
30 78
30 79
30 80
30 81
30 84
30 86
30 90
30 91
30 93
30 94
30 95
30 97
30 98
31 33
31 34
31 36
31 38
31 39
31 40
31 45
31 47
31 50
31 56
31 59
31 60
31 61
31 62
31 63
31 68
31 69
31 70
31 71
31 72
31 73
31 74
31 75
31 80
31 81
31 82
31 83
31 84
31 87
31 91
31 94
32 34
32 38
32 41
32 42
32 44
32 47
32 56
32 57
32 60
32 61
32 63
32 64
32 76
32 79
32 80
32 81
32 82
32 84
32 85
32 87
32 89
32 90
32 91
32 97
32 98
33 41
33 42
33 43
33 46
33 47
33 48
33 50
33 57
33 59
33 61
33 62
33 63
33 64
33 65
33 67
33 68
33 69
33 72
33 74
33 76
33 78
33 80
33 84
33 87
33 88
33 89
33 96
33 98
33 99
34 35
34 36
34 37
34 38
34 40
34 41
34 44
34 46
34 48
34 50
34 55
34 57
34 58
34 59
34 60
34 61
34 64
34 65
34 66
34 67
34 68
34 69
34 71
34 72
34 73
34 74
34 75
34 79
34 80
34 81
34 82
34 84
34 86
34 87
34 88
34 90
34 91
34 93
34 94
34 99
35 37
35 39
35 40
35 41
35 42
35 43
35 44
35 47
35 51
35 52
35 56
35 61
35 63
35 67
35 69
35 70
35 71
35 73
35 76
35 77
35 81
35 83
35 84
35 87
35 89
35 92
35 93
35 96
36 41
36 43
36 47
36 48
36 49
36 50
36 52
36 53
36 54
36 55
36 56
36 57
36 62
36 69
36 71
36 73
36 74
36 77
36 79
36 80
36 84
36 86
36 88
36 93
36 96
36 97
36 98
37 39
37 42
37 45
37 46
37 48
37 49
37 50
37 52
37 53
37 56
37 59
37 60
37 61
37 62
37 63
37 64
37 65
37 66
37 67
37 68
37 70
37 71
37 72
37 73
37 76
37 82
37 84
37 89
37 90
37 92
37 93
37 94
37 95
37 97
37 99
38 41
38 42
38 44
38 47
38 49
38 50
38 52
38 54
38 55
38 56
38 57
38 60
38 61
38 65
38 66
38 67
38 69
38 71
38 72
38 73
38 75
38 76
38 79
38 82
38 84
38 86
38 87
38 91
38 94
38 95
38 96
38 97
38 98
38 99
39 40
39 43
39 44
39 45
39 49
39 50
39 53
39 54
39 55
39 59
39 60
39 62
39 64
39 67
39 68
39 69
39 72
39 73
39 74
39 75
39 77
39 80
39 85
39 87
39 89
39 90
39 91
39 92
39 95
39 96
39 97
40 41
40 43
40 44
40 47
40 48
40 51
40 52
40 53
40 55
40 58
40 59
40 60
40 62
40 67
40 68
40 70
40 72
40 73
40 78
40 80
40 88
40 90
40 91
40 92
40 94
40 95
40 98
40 99
41 42
41 43
41 45
41 47
41 48
41 49
41 51
41 52
41 58
41 59
41 60
41 61
41 63
41 64
41 65
41 67
41 69
41 70
41 71
41 75
41 78
41 82
41 83
41 84
41 87
41 88
41 90
41 92
41 93
41 96
41 97
42 43
42 44
42 45
42 46
42 50
42 52
42 54
42 55
42 56
42 58
42 59
42 68
42 69
42 73
42 74
42 75
42 77
42 78
42 81
42 82
42 85
42 86
42 88
42 89
42 90
42 91
42 92
42 93
42 94
42 96
43 44
43 48
43 51
43 52
43 55
43 59
43 61
43 62
43 65
43 68
43 69
43 72
43 76
43 77
43 78
43 79
43 85
43 86
43 87
43 89
43 91
43 94
43 98
43 99
44 46
44 49
44 52
44 53
44 54
44 56
44 58
44 62
44 66
44 70
44 71
44 73
44 78
44 79
44 80
44 81
44 83
44 84
44 85
44 87
44 88
44 89
44 90
44 93
44 96
44 97
45 46
45 48
45 50
45 51
45 54
45 56
45 57
45 59
45 60
45 62
45 63
45 69
45 70
45 72
45 73
45 75
45 76
45 79
45 80
45 81
45 82
45 84
45 87
45 88
45 91
45 92
45 93
45 97
46 47
46 48
46 49
46 50
46 52
46 53
46 54
46 56
46 57
46 58
46 61
46 62
46 64
46 65
46 66
46 68
46 70
46 72
46 76
46 77
46 83
46 84
46 85
46 87
46 91
46 92
46 95
46 96
46 97
46 98
47 48
47 49
47 52
47 53
47 54
47 57
47 58
47 62
47 64
47 66
47 67
47 70
47 72
47 74
47 75
47 77
47 78
47 79
47 80
47 84
47 85
47 86
47 89
47 92
47 94
47 96
47 97
47 98
47 99
48 49
48 50
48 53
48 54
48 56
48 58
48 59
48 60
48 62
48 63
48 64
48 65
48 66
48 73
48 75
48 76
48 77
48 78
48 79
48 80
48 83
48 89
48 92
48 94
48 96
48 98
49 50
49 52
49 53
49 54
49 57
49 59
49 61
49 64
49 68
49 69
49 74
49 75
49 76
49 80
49 86
49 87
49 88
49 89
49 91
49 93
49 95
49 97
50 51
50 53
50 54
50 55
50 56
50 61
50 63
50 64
50 70
50 71
50 73
50 74
50 75
50 77
50 80
50 83
50 86
50 88
50 89
50 91
50 92
50 96
50 98
50 99
51 54
51 55
51 59
51 64
51 66
51 68
51 69
51 71
51 72
51 74
51 77
51 78
51 81
51 85
51 86
51 87
51 89
51 90
51 94
51 97
51 98
51 99
52 55
52 59
52 61
52 63
52 64
52 69
52 71
52 74
52 75
52 76
52 78
52 79
52 80
52 81
52 82
52 86
52 91
52 93
52 94
52 96
52 98
53 56
53 59
53 63
53 64
53 67
53 69
53 73
53 75
53 77
53 79
53 80
53 81
53 82
53 84
53 86
53 89
53 90
53 94
53 95
53 97
53 99
54 56
54 57
54 58
54 60
54 61
54 64
54 66
54 67
54 68
54 69
54 72
54 73
54 79
54 83
54 84
54 86
54 87
54 89
54 91
54 92
55 56
55 57
55 58
55 60
55 61
55 62
55 64
55 65
55 69
55 70
55 71
55 72
55 75
55 78
55 79
55 80
55 82
55 83
55 84
55 85
55 86
55 89
55 90
55 91
55 92
55 96
55 99
56 57
56 58
56 61
56 63
56 67
56 68
56 70
56 72
56 73
56 75
56 76
56 77
56 79
56 81
56 83
56 86
56 90
56 91
56 94
56 96
56 97
56 98
57 59
57 61
57 62
57 64
57 66
57 68
57 69
57 72
57 77
57 78
57 80
57 88
57 91
57 92
57 98
58 65
58 67
58 68
58 69
58 73
58 75
58 77
58 79
58 80
58 81
58 90
58 92
59 61
59 62
59 63
59 67
59 68
59 69
59 75
59 76
59 79
59 80
59 81
59 83
59 84
59 85
59 87
59 88
59 91
59 92
59 93
59 94
59 95
59 96
59 97
59 98
59 99
60 61
60 62
60 65
60 66
60 69
60 70
60 71
60 73
60 75
60 76
60 78
60 79
60 81
60 82
60 86
60 87
60 88
60 90
60 93
60 96
60 97
60 98
60 99
61 62
61 63
61 64
61 66
61 67
61 70
61 71
61 72
61 74
61 76
61 77
61 78
61 80
61 82
61 83
61 84
61 86
61 88
61 89
61 90
61 91
61 92
61 94
61 97
62 64
62 66
62 67
62 68
62 70
62 71
62 72
62 73
62 74
62 77
62 79
62 80
62 85
62 90
62 91
62 93
62 94
62 95
62 99
63 67
63 68
63 71
63 72
63 73
63 74
63 75
63 76
63 77
63 78
63 79
63 81
63 83
63 88
63 91
63 95
63 96
63 97
63 99
64 66
64 67
64 68
64 70
64 72
64 75
64 76
64 79
64 80
64 82
64 84
64 86
64 91
64 92
64 93
64 95
64 96
64 99
65 66
65 70
65 73
65 75
65 78
65 80
65 82
65 85
65 87
65 88
65 89
65 92
65 93
65 94
65 95
65 96
65 97
66 69
66 70
66 72
66 73
66 76
66 77
66 79
66 80
66 81
66 84
66 85
66 87
66 88
66 89
66 96
66 99
67 69
67 70
67 71
67 73
67 74
67 76
67 77
67 78
67 81
67 82
67 84
67 85
67 90
67 91
67 96
67 97
68 76
68 77
68 79
68 80
68 81
68 82
68 83
68 85
68 87
68 88
68 89
68 92
68 99
69 72
69 78
69 81
69 83
69 84
69 87
69 89
69 91
69 92
69 94
69 98
69 99
70 72
70 73
70 74
70 78
70 79
70 82
70 87
70 89
70 90
70 91
70 93
70 95
71 80
71 81
71 84
71 85
71 86
71 90
71 91
71 93
71 94
71 95
71 97
72 73
72 74
72 75
72 76
72 81
72 82
72 83
72 85
72 87
72 88
72 89
72 92
72 93
72 96
72 97
72 99
73 75
73 77
73 78
73 79
73 84
73 85
73 91
73 92
73 93
73 95
73 96
73 97
73 98
73 99
74 78
74 81
74 82
74 86
74 91
74 93
74 94
74 97
75 81
75 82
75 86
75 87
75 89
75 91
75 94
75 95
75 98
75 99
76 78
76 79
76 80
76 82
76 85
76 86
76 88
76 90
76 93
76 96
77 78
77 81
77 82
77 85
77 88
77 89
77 91
77 93
77 96
77 98
78 79
78 80
78 82
78 83
78 85
78 87
78 88
78 89
78 90
78 92
78 93
78 95
78 97
78 99
79 81
79 82
79 86
79 87
79 90
79 92
79 94
79 96
79 97
79 98
80 83
80 84
80 86
80 88
80 92
80 93
80 95
81 83
81 84
81 86
81 93
81 95
81 96
81 97
81 99
82 83
82 84
82 86
82 87
82 88
82 89
82 91
82 92
82 96
82 97
83 85
83 86
83 95
83 99
84 85
84 86
84 90
84 91
84 93
84 94
84 96
85 87
85 93
85 94
85 97
85 99
86 89
86 91
86 92
86 94
86 97
87 88
87 89
87 92
87 93
87 95
87 97
87 98
87 99
88 89
88 90
88 92
88 95
88 98
89 90
89 92
89 95
89 96
89 97
89 98
89 99
90 92
90 93
90 96
90 97
90 99
91 92
91 93
91 94
91 96
91 97
92 94
92 97
93 95
93 97
93 99
94 95
95 96
96 98
97 98
98 99
