0 1
0 2
0 4
0 5
0 6
0 8
0 14
0 16
0 17
0 19
0 21
0 22
0 29
0 31
0 32
0 34
0 36
0 37
0 38
0 39
0 41
0 42
0 48
0 49
0 50
0 52
0 53
0 56
0 58
0 63
0 64
0 69
0 72
0 76
0 77
0 83
0 84
0 87
0 90
0 91
0 92
0 93
1 2
1 3
1 7
1 13
1 14
1 15
1 19
1 22
1 26
1 27
1 31
1 32
1 33
1 34
1 36
1 37
1 40
1 46
1 48
1 49
1 54
1 55
1 58
1 59
1 60
1 63
1 65
1 66
1 67
1 69
1 71
1 72
1 73
1 74
1 75
1 76
1 77
1 79
1 80
1 82
1 86
1 88
1 89
1 92
1 93
1 96
1 97
1 98
1 99
2 3
2 5
2 6
2 10
2 11
2 12
2 16
2 18
2 19
2 20
2 21
2 23
2 24
2 26
2 32
2 35
2 38
2 39
2 40
2 41
2 42
2 46
2 47
2 49
2 50
2 52
2 54
2 61
2 64
2 67
2 68
2 72
2 74
2 76
2 77
2 81
2 84
2 88
2 89
2 92
2 94
2 95
2 96
3 4
3 5
3 7
3 8
3 9
3 10
3 11
3 14
3 15
3 18
3 19
3 22
3 25
3 26
3 29
3 31
3 32
3 33
3 36
3 38
3 40
3 42
3 43
3 44
3 47
3 48
3 49
3 50
3 51
3 53
3 57
3 60
3 63
3 64
3 65
3 66
3 67
3 69
3 70
3 72
3 73
3 74
3 77
3 79
3 81
3 83
3 85
3 88
3 90
3 92
3 93
3 94
3 95
3 96
4 7
4 9
4 10
4 11
4 15
4 16
4 18
4 20
4 22
4 26
4 30
4 32
4 33
4 34
4 38
4 39
4 40
4 41
4 45
4 46
4 48
4 52
4 53
4 55
4 56
4 57
4 61
4 62
4 63
4 64
4 65
4 66
4 69
4 71
4 72
4 73
4 77
4 79
4 83
4 85
4 86
4 87
4 90
4 91
4 92
4 93
4 94
4 95
4 99
5 6
5 8
5 9
5 10
5 11
5 12
5 13
5 14
5 16
5 19
5 22
5 24
5 25
5 26
5 30
5 32
5 33
5 36
5 38
5 43
5 44
5 47
5 48
5 50
5 51
5 52
5 53
5 55
5 56
5 57
5 59
5 60
5 62
5 63
5 64
5 66
5 67
5 68
5 69
5 72
5 74
5 75
5 77
5 78
5 80
5 81
5 82
5 83
5 84
5 86
5 87
5 91
5 93
5 94
5 98
6 10
6 14
6 17
6 18
6 28
6 29
6 31
6 32
6 33
6 34
6 35
6 45
6 48
6 51
6 52
6 56
6 57
6 58
6 63
6 69
6 73
6 75
6 77
6 78
6 79
6 81
6 82
6 83
6 86
6 87
6 88
6 93
6 98
6 99
7 9
7 10
7 11
7 12
7 14
7 19
7 20
7 23
7 24
7 25
7 29
7 30
7 32
7 33
7 35
7 39
7 44
7 46
7 47
7 49
7 50
7 54
7 56
7 57
7 58
7 62
7 63
7 65
7 68
7 69
7 73
7 74
7 76
7 77
7 80
7 81
7 82
7 83
7 84
7 86
7 89
7 90
7 94
7 97
8 9
8 10
8 14
8 16
8 20
8 21
8 22
8 24
8 28
8 29
8 34
8 39
8 41
8 43
8 45
8 47
8 48
8 51
8 52
8 53
8 57
8 60
8 61
8 63
8 64
8 65
8 67
8 69
8 70
8 73
8 74
8 75
8 78
8 79
8 81
8 83
8 84
8 89
8 91
8 93
8 95
8 98
8 99
9 10
9 12
9 15
9 16
9 18
9 19
9 26
9 27
9 29
9 30
9 34
9 35
9 37
9 40
9 44
9 45
9 48
9 49
9 50
9 51
9 52
9 53
9 54
9 55
9 59
9 60
9 62
9 63
9 64
9 65
9 66
9 69
9 71
9 72
9 73
9 74
9 75
9 76
9 77
9 78
9 82
9 83
9 84
9 86
9 87
9 90
9 91
9 93
9 98
9 99
10 16
10 17
10 18
10 19
10 20
10 21
10 23
10 27
10 28
10 30
10 32
10 33
10 36
10 38
10 42
10 44
10 45
10 46
10 47
10 48
10 56
10 58
10 63
10 65
10 67
10 68
10 71
10 72
10 74
10 76
10 79
10 80
10 81
10 82
10 83
10 84
10 86
10 87
10 91
10 94
10 95
10 98
10 99
11 13
11 14
11 16
11 17
11 18
11 19
11 21
11 22
11 23
11 24
11 25
11 31
11 32
11 34
11 38
11 40
11 43
11 44
11 45
11 47
11 50
11 54
11 56
11 57
11 59
11 60
11 64
11 66
11 67
11 68
11 71
11 72
11 76
11 78
11 79
11 80
11 81
11 82
11 84
11 88
11 89
11 92
11 93
11 95
11 96
11 97
11 98
11 99
12 15
12 16
12 17
12 20
12 23
12 27
12 28
12 29
12 30
12 31
12 33
12 34
12 35
12 36
12 39
12 42
12 45
12 47
12 57
12 63
12 68
12 69
12 70
12 72
12 75
12 76
12 77
12 81
12 82
12 83
12 84
12 87
12 91
12 93
12 94
12 95
12 97
13 14
13 15
13 16
13 17
13 18
13 19
13 20
13 22
13 23
13 25
13 30
13 31
13 33
13 34
13 35
13 36
13 37
13 43
13 45
13 49
13 51
13 52
13 53
13 59
13 62
13 63
13 64
13 75
13 77
13 82
13 84
13 87
13 88
13 90
13 93
13 94
13 95
13 96
13 98
14 15
14 18
14 19
14 25
14 26
14 28
14 29
14 30
14 31
14 33
14 34
14 38
14 39
14 41
14 44
14 45
14 46
14 47
14 49
14 53
14 54
14 58
14 60
14 61
14 62
14 64
14 66
14 67
14 68
14 72
14 73
14 75
14 76
14 80
14 81
14 83
14 85
14 86
14 87
14 89
14 90
14 95
14 99
15 17
15 18
15 22
15 26
15 28
15 31
15 34
15 35
15 36
15 40
15 41
15 43
15 44
15 46
15 47
15 48
15 51
15 53
15 56
15 57
15 62
15 63
15 67
15 73
15 79
15 80
15 82
15 83
15 84
15 85
15 86
15 88
15 91
15 95
15 96
15 97
15 99
16 19
16 22
16 24
16 25
16 26
16 27
16 29
16 30
16 33
16 37
16 38
16 39
16 40
16 41
16 45
16 47
16 49
16 57
16 59
16 60
16 63
16 64
16 65
16 67
16 71
16 72
16 74
16 75
16 76
16 82
16 83
16 91
16 92
16 93
16 94
17 19
17 20
17 23
17 25
17 27
17 29
17 32
17 34
17 38
17 39
17 44
17 48
17 52
17 53
17 55
17 57
17 59
17 60
17 61
17 64
17 67
17 69
17 71
17 72
17 74
17 75
17 78
17 79
17 81
17 84
17 95
17 97
17 99
18 20
18 21
18 22
18 23
18 25
18 26
18 30
18 33
18 35
18 37
18 39
18 42
18 46
18 49
18 50
18 52
18 54
18 57
18 60
18 61
18 62
18 63
18 67
18 68
18 72
18 73
18 75
18 76
18 77
18 79
18 80
18 81
18 82
18 83
18 85
18 89
18 90
18 91
18 92
18 95
18 98
18 99
19 20
19 21
19 22
19 23
19 25
19 26
19 29
19 30
19 36
19 39
19 42
19 44
19 47
19 50
19 53
19 55
19 57
19 58
19 60
19 61
19 62
19 63
19 64
19 67
19 68
19 69
19 72
19 75
19 80
19 81
19 83
19 87
19 90
19 91
19 94
19 98
19 99
20 21
20 22
20 23
20 24
20 25
20 26
20 27
20 28
20 31
20 33
20 35
20 36
20 37
20 39
20 40
20 41
20 42
20 46
20 47
20 51
20 52
20 53
20 58
20 59
20 60
20 63
20 64
20 67
20 69
20 70
20 72
20 74
20 77
20 78
20 80
20 81
20 82
20 83
20 84
20 86
20 87
20 89
20 90
20 91
20 93
20 94
20 96
20 98
20 99
21 23
21 25
21 27
21 28
21 29
21 31
21 32
21 33
21 36
21 38
21 39
21 40
21 41
21 42
21 43
21 46
21 47
21 49
21 50
21 51
21 52
21 53
21 59
21 60
21 62
21 64
21 68
21 70
21 72
21 74
21 76
21 77
21 81
21 86
21 88
21 89
21 90
21 91
21 92
21 94
21 96
21 99
22 26
22 27
22 29
22 36
22 37
22 38
22 40
22 41
22 42
22 44
22 45
22 48
22 49
22 50
22 51
22 53
22 59
22 61
22 63
22 65
22 68
22 73
22 75
22 76
22 78
22 83
22 88
22 93
22 94
22 95
22 98
22 99
23 25
23 27
23 30
23 32
23 34
23 36
23 37
23 38
23 39
23 43
23 44
23 45
23 47
23 49
23 50
23 52
23 55
23 58
23 60
23 61
23 62
23 63
23 65
23 70
23 73
23 79
23 81
23 83
23 86
23 88
23 89
23 93
23 94
23 97
23 99
24 29
24 30
24 31
24 32
24 37
24 43
24 46
24 47
24 48
24 50
24 51
24 52
24 53
24 54
24 56
24 57
24 59
24 60
24 61
24 62
24 63
24 65
24 68
24 69
24 70
24 71
24 72
24 78
24 82
24 84
24 85
24 87
24 88
24 90
24 93
24 94
24 95
24 96
24 98
25 27
25 28
25 30
25 31
25 32
25 34
25 36
25 37
25 38
25 39
25 42
25 44
25 46
25 48
25 49
25 52
25 53
25 54
25 56
25 57
25 59
25 62
25 63
25 64
25 66
25 69
25 70
25 71
25 75
25 76
25 81
25 83
25 84
25 85
25 86
25 87
25 88
25 89
25 90
25 91
25 92
25 94
25 95
25 96
25 99
26 27
26 28
26 30
26 32
26 33
26 35
26 36
26 39
26 41
26 47
26 48
26 49
26 50
26 56
26 60
26 63
26 69
26 70
26 72
26 73
26 75
26 76
26 78
26 79
26 80
26 81
26 82
26 86
26 87
26 92
26 93
26 94
26 95
26 97
27 28
27 29
27 35
27 36
27 39
27 46
27 49
27 50
27 52
27 54
27 57
27 58
27 62
27 63
27 64
27 66
27 67
27 69
27 70
27 72
27 73
27 74
27 75
27 76
27 77
27 78
27 80
27 81
27 85
27 86
27 87
27 88
27 90
27 91
27 97
27 98
27 99
28 29
28 30
28 35
28 38
28 39
28 40
28 43
28 44
28 46
28 51
28 52
28 53
28 55
28 56
28 58
28 62
28 64
28 66
28 71
28 74
28 75
28 76
28 77
28 79
28 81
28 82
28 84
28 85
28 86
28 88
28 90
28 91
28 92
28 95
28 96
28 98
28 99
29 30
29 31
29 34
29 35
29 36
29 38
29 39
29 46
29 47
29 48
29 52
29 54
29 56
29 57
29 59
29 60
29 62
29 67
29 68
29 74
29 75
29 76
29 77
29 78
29 79
29 81
29 83
29 86
29 90
29 91
29 92
29 93
29 95
29 96
29 97
29 99
30 31
30 33
30 34
30 35
30 38
30 39
30 41
30 44
30 47
30 49
30 50
30 51
30 57
30 58
30 62
30 64
30 67
30 69
30 70
30 72
30 75
30 77
30 78
30 79
30 80
30 84
30 85
30 86
30 87
30 88
30 89
30 90
30 91
30 92
30 94
30 95
30 97
30 98
30 99
31 32
31 33
31 34
31 35
31 36
31 37
31 38
31 42
31 44
31 47
31 48
31 49
31 51
31 55
31 58
31 59
31 60
31 62
31 63
31 66
31 67
31 68
31 70
31 72
31 77
31 79
31 81
31 82
31 83
31 85
31 86
31 89
31 93
31 94
31 97
31 99
32 33
32 37
32 38
32 40
32 41
32 43
32 45
32 47
32 48
32 49
32 50
32 55
32 56
32 58
32 62
32 65
32 66
32 68
32 73
32 76
32 77
32 78
32 79
32 80
32 82
32 83
32 84
32 85
32 86
32 87
32 88
32 90
32 91
32 93
32 94
32 95
32 96
32 97
33 34
33 36
33 38
33 40
33 43
33 48
33 49
33 51
33 52
33 53
33 55
33 57
33 58
33 59
33 60
33 61
33 62
33 63
33 69
33 70
33 71
33 73
33 75
33 78
33 82
33 83
33 84
33 87
33 88
33 90
33 91
33 92
33 94
34 35
34 36
34 37
34 39
34 46
34 50
34 51
34 56
34 60
34 62
34 64
34 65
34 66
34 67
34 68
34 69
34 71
34 72
34 74
34 75
34 76
34 77
34 78
34 80
34 81
34 83
34 84
34 86
34 87
34 89
34 93
34 94
34 96
35 36
35 37
35 41
35 43
35 45
35 47
35 51
35 54
35 55
35 58
35 59
35 60
35 61
35 62
35 63
35 65
35 69
35 74
35 78
35 79
35 80
35 83
35 86
35 87
35 88
35 89
35 90
35 91
35 93
35 94
35 95
35 96
35 97
36 39
36 44
36 45
36 46
36 47
36 56
36 58
36 60
36 61
36 63
36 66
36 68
36 71
36 73
36 77
36 78
36 81
36 82
36 83
36 85
36 86
36 87
36 88
36 92
36 93
36 94
36 95
36 96
36 97
36 99
37 39
37 40
37 41
37 44
37 45
37 46
37 49
37 51
37 52
37 53
37 56
37 60
37 61
37 62
37 66
37 67
37 68
37 69
37 71
37 72
37 75
37 82
37 87
37 90
37 91
37 95
37 96
37 99
38 39
38 42
38 43
38 44
38 45
38 49
38 51
38 52
38 53
38 56
38 57
38 60
38 61
38 62
38 64
38 69
38 71
38 73
38 75
38 76
38 83
38 84
38 87
38 88
38 90
38 91
38 92
38 94
38 96
38 99
39 40
39 41
39 42
39 43
39 46
39 50
39 51
39 56
39 57
39 60
39 61
39 63
39 64
39 66
39 70
39 71
39 72
39 77
39 81
39 84
39 85
39 86
39 88
39 90
39 92
39 97
39 98
39 99
40 41
40 43
40 46
40 47
40 53
40 54
40 55
40 58
40 62
40 67
40 68
40 70
40 71
40 72
40 74
40 75
40 77
40 80
40 85
40 86
40 87
40 89
40 90
40 91
40 93
40 95
40 98
40 99
41 47
41 48
41 49
41 51
41 53
41 55
41 56
41 57
41 58
41 59
41 61
41 63
41 66
41 70
41 73
41 74
41 75
41 77
41 80
41 81
41 82
41 83
41 84
41 89
41 96
41 97
41 98
41 99
42 43
42 46
42 49
42 52
42 53
42 54
42 56
42 57
42 58
42 60
42 62
42 64
42 65
42 67
42 68
42 69
42 72
42 73
42 75
42 78
42 79
42 81
42 82
42 83
42 84
42 85
42 87
42 92
42 93
42 94
42 95
42 98
43 49
43 50
43 52
43 55
43 56
43 57
43 58
43 61
43 62
43 64
43 65
43 68
43 69
43 70
43 71
43 72
43 73
43 74
43 75
43 76
43 79
43 80
43 83
43 84
43 85
43 91
43 92
43 93
43 94
43 95
43 97
43 98
43 99
44 45
44 46
44 47
44 53
44 54
44 55
44 56
44 57
44 59
44 60
44 61
44 62
44 63
44 66
44 73
44 75
44 79
44 82
44 87
44 88
44 89
44 90
44 91
44 92
44 93
44 94
44 96
44 98
44 99
45 47
45 48
45 49
45 51
45 53
45 54
45 56
45 59
45 60
45 61
45 62
45 67
45 68
45 71
45 72
45 73
45 75
45 76
45 79
45 81
45 83
45 84
45 87
45 89
45 90
45 91
45 93
45 94
45 95
45 96
45 99
46 57
46 58
46 61
46 63
46 67
46 69
46 70
46 74
46 79
46 80
46 83
46 88
46 89
46 90
46 92
46 93
46 95
47 49
47 52
47 55
47 58
47 59
47 60
47 63
47 65
47 67
47 72
47 73
47 74
47 76
47 78
47 80
47 81
47 82
47 83
47 84
47 85
47 86
47 88
47 91
47 92
47 95
47 96
47 97
48 49
48 50
48 51
48 52
48 53
48 61
48 63
48 67
48 71
48 72
48 73
48 74
48 75
48 76
48 77
48 87
48 88
48 89
48 90
48 94
48 96
48 98
48 99
49 52
49 55
49 57
49 59
49 61
49 62
49 64
49 65
49 67
49 69
49 70
49 71
49 72
49 73
49 75
49 77
49 81
49 83
49 91
49 92
49 95
49 96
49 97
49 98
49 99
50 53
50 54
50 55
50 62
50 63
50 67
50 70
50 71
50 72
50 74
50 75
50 76
50 77
50 78
50 80
50 85
50 87
50 88
50 89
50 90
50 91
50 92
50 96
50 97
50 98
50 99
51 56
51 59
51 60
51 61
51 64
51 65
51 67
51 75
51 76
51 77
51 78
51 79
51 80
51 82
51 83
51 89
51 90
51 91
51 92
51 93
51 94
51 96
51 99
52 53
52 54
52 58
52 60
52 67
52 68
52 70
52 71
52 72
52 73
52 76
52 78
52 79
52 81
52 82
52 83
52 86
52 87
52 88
52 89
52 95
52 96
52 98
52 99
53 59
53 60
53 61
53 64
53 69
53 70
53 72
53 73
53 75
53 77
53 81
53 83
53 84
53 87
53 88
53 90
53 92
53 94
53 97
54 55
54 56
54 57
54 60
54 62
54 63
54 64
54 67
54 68
54 70
54 73
54 74
54 75
54 79
54 80
54 81
54 84
54 86
54 87
54 88
54 89
54 90
54 93
54 96
54 97
54 99
55 57
55 58
55 59
55 60
55 61
55 66
55 69
55 70
55 71
55 73
55 76
55 79
55 83
55 87
55 89
55 90
55 93
55 94
55 95
55 96
55 99
56 58
56 59
56 61
56 67
56 69
56 71
56 72
56 74
56 80
56 82
56 85
56 87
56 92
56 95
56 96
56 97
56 98
56 99
57 59
57 60
57 62
57 63
57 65
57 69
57 71
57 74
57 75
57 76
57 77
57 80
57 81
57 82
57 85
57 86
57 87
57 88
57 89
57 90
57 92
57 93
57 94
57 95
57 99
58 60
58 62
58 65
58 66
58 67
58 68
58 71
58 72
58 73
58 74
58 75
58 76
58 78
58 79
58 80
58 81
58 82
58 84
58 89
58 91
58 94
58 95
58 97
58 99
59 60
59 61
59 62
59 63
59 64
59 71
59 72
59 75
59 76
59 79
59 80
59 88
59 89
59 90
59 91
59 92
59 93
59 95
59 97
59 99
60 63
60 65
60 66
60 67
60 68
60 69
60 73
60 74
60 77
60 78
60 80
60 81
60 83
60 86
60 87
60 89
60 90
60 92
60 93
60 95
60 96
60 97
60 99
61 62
61 64
61 66
61 68
61 69
61 72
61 73
61 76
61 78
61 79
61 80
61 81
61 82
61 83
61 85
61 86
61 91
61 92
61 93
61 94
61 99
62 63
62 65
62 66
62 68
62 70
62 72
62 74
62 77
62 78
62 80
62 85
62 86
62 87
62 88
62 89
62 90
62 91
62 92
62 93
62 99
63 64
63 65
63 67
63 68
63 69
63 70
63 74
63 76
63 78
63 81
63 83
63 84
63 85
63 86
63 87
63 88
63 90
63 91
63 92
63 93
63 94
63 97
63 98
64 65
64 67
64 71
64 74
64 78
64 79
64 85
64 86
64 89
64 92
64 95
64 96
64 98
65 66
65 67
65 68
65 69
65 70
65 71
65 72
65 73
65 74
65 75
65 76
65 82
65 84
65 85
65 86
65 89
65 90
65 92
65 93
65 95
65 96
65 97
65 98
65 99
66 72
66 73
66 74
66 75
66 78
66 80
66 81
66 83
66 84
66 85
66 89
66 90
66 92
66 94
66 95
66 98
67 69
67 71
67 75
67 76
67 79
67 80
67 82
67 83
67 84
67 85
67 86
67 87
67 89
67 90
67 92
67 93
67 94
67 95
67 96
67 99
68 69
68 70
68 71
68 72
68 74
68 75
68 79
68 82
68 83
68 87
68 91
68 94
68 97
68 98
68 99
69 70
69 72
69 73
69 75
69 77
69 78
69 79
69 80
69 82
69 83
69 84
69 86
69 87
69 91
69 93
69 94
69 95
69 96
69 97
69 98
70 74
70 76
70 78
70 80
70 81
70 82
70 83
70 84
70 87
70 90
70 91
70 92
70 93
70 94
70 96
70 98
70 99
71 72
71 74
71 78
71 79
71 80
71 81
71 82
71 85
71 86
71 88
71 91
71 93
71 94
71 96
71 98
71 99
72 73
72 74
72 77
72 78
72 79
72 83
72 88
72 89
72 90
72 91
72 92
72 95
73 76
73 78
73 80
73 84
73 85
73 86
73 88
73 90
73 91
73 93
73 97
73 98
73 99
74 76
74 78
74 81
74 82
74 84
74 87
74 88
74 89
74 91
74 94
74 95
74 99
75 77
75 79
75 80
75 84
75 85
75 86
75 89
75 90
75 92
75 94
75 96
75 97
75 98
75 99
76 79
76 81
76 83
76 85
76 86
76 87
76 92
76 93
76 94
76 95
77 78
77 81
77 82
77 87
77 89
77 93
77 94
77 96
77 99
78 80
78 81
78 82
78 86
78 88
78 89
78 94
78 95
78 96
78 99
79 80
79 82
79 85
79 87
79 89
79 90
79 91
79 94
79 97
79 98
80 85
80 92
80 93
80 95
80 98
81 85
81 86
81 87
81 90
81 93
81 94
81 96
81 99
82 83
82 85
82 86
82 88
82 89
82 90
82 92
82 99
83 87
83 89
83 92
83 94
83 96
83 97
83 99
84 86
84 87
84 88
84 89
84 91
84 92
84 96
85 86
85 87
85 89
85 90
85 91
85 94
85 95
85 96
85 97
85 98
86 89
86 91
86 92
86 93
86 96
86 97
86 99
87 88
87 91
87 93
87 94
87 95
87 97
87 98
88 89
88 92
88 94
88 97
88 98
88 99
89 90
89 93
89 96
89 97
89 99
90 91
90 96
90 97
90 98
90 99
91 93
91 95
91 96
92 93
92 94
92 95
92 96
92 97
93 95
93 96
93 98
93 99
94 95
94 96
94 99
95 97
97 98
98 99
