0 5
0 7
0 11
0 12
0 13
0 15
0 16
0 17
0 19
0 23
0 25
0 26
0 28
0 29
0 30
0 32
0 33
0 34
0 36
0 38
0 40
0 42
0 43
0 47
0 49
0 53
0 54
0 55
0 56
0 57
0 58
0 60
0 61
0 62
0 63
0 65
0 68
0 71
0 72
0 74
0 79
0 81
0 82
0 83
0 84
0 86
0 87
0 89
0 90
0 96
0 97
1 3
1 5
1 6
1 7
1 9
1 10
1 13
1 15
1 19
1 20
1 22
1 24
1 26
1 27
1 28
1 29
1 31
1 39
1 42
1 43
1 45
1 46
1 51
1 52
1 56
1 58
1 60
1 66
1 67
1 68
1 69
1 70
1 71
1 72
1 73
1 74
1 79
1 81
1 88
1 91
1 92
1 93
1 94
1 95
1 96
1 98
2 6
2 8
2 9
2 11
2 13
2 18
2 19
2 23
2 24
2 25
2 28
2 29
2 31
2 35
2 39
2 41
2 43
2 46
2 47
2 49
2 50
2 52
2 55
2 59
2 62
2 63
2 65
2 68
2 71
2 73
2 74
2 75
2 76
2 79
2 81
2 83
2 84
2 85
2 89
2 92
2 94
2 98
2 99
3 5
3 6
3 11
3 13
3 15
3 16
3 17
3 19
3 21
3 27
3 32
3 34
3 38
3 39
3 41
3 42
3 43
3 45
3 48
3 49
3 50
3 51
3 52
3 53
3 56
3 58
3 59
3 61
3 62
3 63
3 64
3 66
3 70
3 71
3 72
3 73
3 79
3 80
3 82
3 83
3 84
3 86
3 87
3 88
3 92
3 93
3 97
4 5
4 7
4 11
4 12
4 16
4 17
4 18
4 19
4 23
4 25
4 27
4 29
4 31
4 32
4 34
4 35
4 36
4 37
4 40
4 41
4 42
4 44
4 45
4 46
4 48
4 53
4 54
4 59
4 60
4 62
4 63
4 65
4 66
4 67
4 68
4 69
4 70
4 71
4 78
4 79
4 81
4 82
4 85
4 96
4 97
4 99
5 10
5 12
5 13
5 14
5 15
5 16
5 17
5 18
5 19
5 20
5 26
5 28
5 29
5 30
5 34
5 35
5 37
5 41
5 47
5 48
5 49
5 50
5 51
5 52
5 56
5 57
5 59
5 60
5 61
5 62
5 67
5 68
5 70
5 72
5 73
5 74
5 75
5 76
5 77
5 79
5 81
5 83
5 86
5 88
5 91
5 92
5 93
5 94
5 98
6 7
6 11
6 13
6 16
6 19
6 21
6 22
6 24
6 27
6 28
6 31
6 39
6 40
6 41
6 42
6 45
6 47
6 48
6 49
6 50
6 51
6 53
6 54
6 58
6 60
6 64
6 65
6 66
6 67
6 69
6 70
6 71
6 73
6 74
6 75
6 76
6 77
6 78
6 81
6 85
6 86
6 87
6 88
6 89
6 90
6 91
6 92
6 94
6 98
7 8
7 9
7 11
7 13
7 15
7 17
7 18
7 19
7 20
7 21
7 27
7 28
7 30
7 31
7 32
7 41
7 46
7 47
7 48
7 49
7 51
7 52
7 53
7 54
7 55
7 56
7 58
7 59
7 61
7 64
7 65
7 66
7 67
7 68
7 70
7 73
7 76
7 77
7 78
7 81
7 82
7 83
7 84
7 85
7 86
7 88
7 90
7 91
7 92
7 95
7 97
7 99
8 9
8 11
8 12
8 15
8 16
8 20
8 26
8 27
8 28
8 30
8 31
8 32
8 37
8 39
8 41
8 44
8 47
8 49
8 51
8 53
8 54
8 56
8 61
8 63
8 65
8 66
8 69
8 72
8 73
8 75
8 76
8 77
8 81
8 86
8 92
8 98
9 11
9 13
9 15
9 17
9 18
9 19
9 26
9 27
9 28
9 32
9 33
9 34
9 35
9 40
9 41
9 42
9 45
9 47
9 50
9 51
9 52
9 55
9 56
9 58
9 59
9 61
9 63
9 67
9 68
9 69
9 70
9 72
9 73
9 74
9 79
9 80
9 81
9 87
9 88
9 89
9 91
9 92
9 93
9 95
9 97
10 13
10 18
10 19
10 21
10 22
10 24
10 25
10 27
10 30
10 33
10 34
10 37
10 39
10 41
10 43
10 45
10 46
10 47
10 54
10 57
10 58
10 59
10 63
10 65
10 66
10 69
10 70
10 72
10 73
10 75
10 78
10 79
10 80
10 83
10 84
10 85
10 89
10 90
10 91
10 94
10 97
10 98
11 14
11 16
11 17
11 18
11 20
11 21
11 22
11 26
11 27
11 30
11 34
11 35
11 36
11 37
11 39
11 40
11 41
11 45
11 48
11 51
11 54
11 56
11 57
11 62
11 63
11 64
11 66
11 71
11 73
11 74
11 76
11 77
11 78
11 80
11 81
11 83
11 84
11 87
11 88
11 91
11 93
11 95
11 96
11 97
11 98
11 99
12 13
12 15
12 17
12 22
12 23
12 26
12 29
12 30
12 36
12 39
12 40
12 41
12 43
12 44
12 45
12 46
12 48
12 50
12 51
12 53
12 55
12 58
12 61
12 62
12 65
12 67
12 68
12 69
12 70
12 71
12 72
12 73
12 76
12 79
12 82
12 84
12 85
12 90
12 91
12 95
13 16
13 17
13 19
13 22
13 24
13 25
13 31
13 33
13 36
13 40
13 42
13 43
13 45
13 47
13 50
13 52
13 58
13 60
13 61
13 62
13 65
13 68
13 69
13 71
13 73
13 74
13 75
13 76
13 77
13 80
13 84
13 86
13 87
13 88
13 92
13 94
13 96
13 98
13 99
14 16
14 17
14 18
14 19
14 20
14 22
14 25
14 27
14 28
14 29
14 31
14 32
14 33
14 36
14 39
14 41
14 46
14 47
14 48
14 50
14 55
14 56
14 57
14 60
14 61
14 62
14 63
14 64
14 66
14 68
14 69
14 70
14 71
14 72
14 75
14 76
14 78
14 79
14 81
14 82
14 85
14 91
14 92
14 93
14 95
14 96
14 97
15 16
15 17
15 21
15 24
15 30
15 32
15 33
15 34
15 44
15 45
15 47
15 49
15 50
15 52
15 55
15 56
15 61
15 65
15 69
15 71
15 72
15 74
15 75
15 77
15 79
15 81
15 82
15 83
15 86
15 88
15 91
15 93
15 94
15 95
15 96
15 98
16 17
16 19
16 22
16 23
16 24
16 25
16 27
16 30
16 31
16 34
16 35
16 38
16 41
16 42
16 43
16 45
16 47
16 48
16 49
16 50
16 51
16 53
16 54
16 56
16 57
16 60
16 61
16 62
16 63
16 65
16 67
16 70
16 72
16 73
16 76
16 78
16 79
16 80
16 81
16 85
16 87
16 88
16 90
16 92
16 96
16 97
16 99
17 19
17 25
17 27
17 28
17 29
17 30
17 31
17 33
17 36
17 39
17 41
17 42
17 46
17 54
17 56
17 57
17 59
17 62
17 63
17 64
17 65
17 68
17 69
17 70
17 72
17 75
17 76
17 77
17 88
17 90
17 91
17 93
17 94
17 95
17 96
17 98
18 20
18 21
18 25
18 26
18 27
18 29
18 31
18 33
18 35
18 36
18 40
18 43
18 45
18 46
18 47
18 48
18 51
18 53
18 55
18 56
18 58
18 62
18 66
18 67
18 70
18 72
18 74
18 82
18 84
18 86
18 87
18 88
18 89
18 91
18 92
18 93
18 94
18 95
18 97
19 20
19 23
19 26
19 27
19 29
19 30
19 31
19 33
19 34
19 38
19 39
19 41
19 44
19 46
19 49
19 51
19 57
19 60
19 61
19 65
19 66
19 67
19 68
19 69
19 74
19 75
19 76
19 77
19 78
19 79
19 80
19 81
19 82
19 83
19 88
19 91
19 92
19 93
19 94
19 97
20 21
20 23
20 27
20 28
20 30
20 32
20 33
20 34
20 35
20 36
20 37
20 38
20 40
20 41
20 45
20 47
20 49
20 51
20 55
20 56
20 57
20 58
20 59
20 62
20 63
20 65
20 66
20 67
20 70
20 71
20 73
20 74
20 77
20 79
20 80
20 81
20 83
20 84
20 88
20 94
20 96
20 99
21 23
21 24
21 25
21 27
21 28
21 30
21 31
21 32
21 34
21 35
21 37
21 38
21 39
21 40
21 41
21 43
21 44
21 46
21 50
21 52
21 55
21 57
21 58
21 59
21 60
21 61
21 63
21 65
21 71
21 79
21 81
21 82
21 87
21 89
21 92
21 97
21 99
22 23
22 24
22 25
22 26
22 29
22 31
22 32
22 34
22 36
22 38
22 39
22 40
22 42
22 43
22 45
22 46
22 47
22 51
22 52
22 53
22 55
22 57
22 58
22 61
22 64
22 65
22 66
22 69
22 70
22 73
22 74
22 76
22 77
22 78
22 79
22 81
22 82
22 83
22 85
22 86
22 90
22 91
22 92
22 93
22 95
22 96
22 97
23 26
23 30
23 31
23 33
23 35
23 36
23 39
23 42
23 43
23 45
23 46
23 47
23 49
23 53
23 54
23 55
23 56
23 57
23 58
23 60
23 63
23 64
23 66
23 67
23 68
23 69
23 73
23 76
23 77
23 78
23 81
23 82
23 84
23 85
23 89
23 91
23 94
23 96
24 25
24 26
24 29
24 33
24 36
24 38
24 41
24 44
24 49
24 52
24 54
24 55
24 58
24 60
24 61
24 63
24 64
24 67
24 71
24 73
24 77
24 79
24 81
24 83
24 91
24 95
24 96
24 97
25 30
25 32
25 33
25 35
25 37
25 39
25 43
25 45
25 47
25 48
25 49
25 50
25 52
25 54
25 57
25 58
25 60
25 64
25 70
25 71
25 72
25 78
25 79
25 80
25 84
25 88
25 93
25 94
25 96
25 97
26 27
26 28
26 30
26 35
26 37
26 38
26 39
26 40
26 42
26 43
26 45
26 46
26 47
26 54
26 57
26 58
26 59
26 60
26 61
26 64
26 65
26 66
26 67
26 68
26 71
26 79
26 83
26 84
26 85
26 86
26 87
26 89
26 90
26 92
26 93
26 94
26 96
26 98
27 28
27 30
27 38
27 39
27 41
27 47
27 48
27 50
27 51
27 52
27 53
27 55
27 57
27 59
27 63
27 65
27 67
27 68
27 70
27 71
27 72
27 76
27 77
27 80
27 83
27 84
27 85
27 86
27 87
27 91
27 92
27 93
27 94
27 97
27 98
28 29
28 34
28 37
28 38
28 41
28 42
28 43
28 44
28 45
28 49
28 51
28 52
28 54
28 55
28 56
28 59
28 60
28 61
28 62
28 63
28 64
28 66
28 68
28 71
28 74
28 75
28 77
28 81
28 87
28 88
28 90
28 91
28 93
28 94
28 96
28 98
29 35
29 36
29 39
29 42
29 44
29 45
29 47
29 48
29 50
29 51
29 53
29 54
29 56
29 59
29 60
29 61
29 63
29 64
29 65
29 66
29 71
29 72
29 77
29 78
29 79
29 82
29 83
29 84
29 85
29 87
29 88
29 89
29 92
29 93
29 94
29 99
30 31
30 32
30 35
30 43
30 44
30 46
30 49
30 51
30 52
30 53
30 54
30 57
30 58
30 59
30 60
30 64
30 65
30 66
30 67
30 70
30 71
30 75
30 76
30 80
30 82
30 87
30 88
30 92
30 93
30 94
30 96
30 98
30 99
31 32
31 33
31 41
31 43
31 44
31 45
31 46
31 49
31 51
31 54
31 57
31 64
31 67
31 68
31 70
31 73
31 77
31 78
31 80
31 81
31 82
31 83
31 86
31 88
31 89
31 90
31 91
31 92
31 98
32 39
32 40
32 41
32 45
32 48
32 51
32 52
32 54
32 57
32 58
32 59
32 60
32 67
32 68
32 72
32 73
32 74
32 75
32 78
32 80
32 82
32 83
32 84
32 86
32 88
32 89
32 94
32 95
32 96
32 97
32 98
32 99
33 34
33 36
33 38
33 41
33 43
33 44
33 45
33 46
33 47
33 48
33 50
33 51
33 52
33 53
33 54
33 57
33 61
33 62
33 63
33 64
33 66
33 68
33 69
33 71
33 73
33 74
33 78
33 80
33 82
33 83
33 85
33 86
33 92
33 93
33 94
33 95
33 96
33 97
33 98
33 99
34 37
34 38
34 42
34 45
34 46
34 55
34 56
34 57
34 58
34 61
34 64
34 70
34 71
34 73
34 75
34 76
34 78
34 79
34 80
34 81
34 82
34 85
34 87
34 92
34 93
34 94
34 95
35 37
35 38
35 39
35 43
35 45
35 46
35 47
35 49
35 52
35 54
35 55
35 56
35 58
35 59
35 60
35 62
35 63
35 64
35 65
35 66
35 71
35 73
35 74
35 77
35 80
35 81
35 85
35 86
35 90
35 91
35 93
35 97
36 37
36 41
36 42
36 46
36 47
36 48
36 49
36 50
36 51
36 52
36 53
36 54
36 55
36 56
36 58
36 63
36 64
36 65
36 66
36 67
36 68
36 71
36 73
36 74
36 81
36 82
36 89
36 91
36 93
36 94
36 99
37 41
37 43
37 46
37 53
37 54
37 57
37 58
37 63
37 65
37 71
37 72
37 74
37 83
37 84
37 86
37 90
37 91
37 93
37 95
37 97
38 39
38 40
38 41
38 42
38 43
38 45
38 49
38 50
38 52
38 55
38 57
38 58
38 60
38 64
38 65
38 67
38 69
38 73
38 77
38 78
38 81
38 82
38 85
38 86
38 90
38 91
38 92
38 93
38 95
38 96
38 97
39 41
39 43
39 44
39 46
39 47
39 50
39 54
39 55
39 58
39 59
39 63
39 67
39 68
39 69
39 70
39 71
39 74
39 78
39 80
39 83
39 85
39 86
39 90
39 95
39 96
39 97
39 99
40 41
40 42
40 47
40 48
40 49
40 50
40 51
40 54
40 58
40 61
40 62
40 64
40 68
40 70
40 71
40 73
40 76
40 77
40 80
40 83
40 88
40 90
40 92
40 93
41 42
41 44
41 45
41 47
41 52
41 54
41 55
41 57
41 58
41 59
41 60
41 61
41 62
41 63
41 64
41 66
41 67
41 68
41 69
41 70
41 71
41 79
41 82
41 83
41 88
41 90
41 93
41 94
41 95
41 96
41 97
41 99
42 43
42 45
42 46
42 49
42 53
42 58
42 60
42 61
42 62
42 65
42 67
42 68
42 69
42 71
42 72
42 73
42 77
42 78
42 80
42 81
42 86
42 88
42 92
42 96
42 98
43 46
43 47
43 48
43 52
43 54
43 57
43 62
43 65
43 67
43 72
43 75
43 76
43 77
43 78
43 79
43 80
43 81
43 83
43 84
43 89
43 92
43 93
43 96
44 46
44 48
44 52
44 53
44 54
44 56
44 57
44 61
44 64
44 65
44 66
44 68
44 72
44 73
44 74
44 75
44 76
44 79
44 80
44 82
44 87
44 89
44 90
44 96
44 97
45 48
45 49
45 50
45 51
45 52
45 53
45 54
45 56
45 59
45 60
45 62
45 66
45 69
45 70
45 78
45 80
45 82
45 85
45 86
45 87
45 90
45 91
45 93
45 95
45 96
45 97
45 98
46 52
46 54
46 58
46 59
46 61
46 62
46 64
46 65
46 68
46 72
46 73
46 75
46 79
46 81
46 85
46 86
46 87
46 88
46 89
46 92
46 93
46 96
46 99
47 48
47 50
47 51
47 53
47 55
47 56
47 58
47 59
47 62
47 65
47 66
47 68
47 70
47 72
47 75
47 76
47 78
47 81
47 82
47 85
47 86
47 87
47 88
47 89
47 90
47 91
47 92
47 93
47 96
48 52
48 53
48 54
48 57
48 60
48 62
48 63
48 66
48 68
48 70
48 72
48 73
48 74
48 76
48 78
48 79
48 80
48 81
48 82
48 84
48 87
48 88
48 89
48 90
48 91
48 92
48 93
48 97
48 98
49 50
49 51
49 52
49 55
49 58
49 59
49 60
49 61
49 63
49 65
49 67
49 68
49 69
49 71
49 72
49 74
49 75
49 79
49 81
49 82
49 83
49 84
49 85
49 87
49 88
49 91
49 95
50 52
50 54
50 55
50 56
50 57
50 62
50 63
50 64
50 71
50 72
50 73
50 74
50 75
50 76
50 77
50 80
50 82
50 83
50 86
50 88
50 93
50 97
51 52
51 53
51 55
51 58
51 60
51 61
51 63
51 64
51 66
51 67
51 70
51 72
51 77
51 80
51 82
51 83
51 84
51 85
51 86
51 87
51 88
51 90
51 92
51 94
51 97
52 53
52 54
52 55
52 57
52 60
52 66
52 67
52 68
52 69
52 70
52 71
52 72
52 74
52 76
52 77
52 78
52 81
52 83
52 84
52 89
52 91
52 94
53 56
53 59
53 63
53 69
53 70
53 74
53 75
53 76
53 77
53 81
53 83
53 86
53 87
53 90
53 91
53 92
53 93
53 94
53 95
53 96
53 97
53 99
54 55
54 56
54 58
54 59
54 60
54 61
54 63
54 64
54 66
54 67
54 70
54 75
54 78
54 79
54 81
54 82
54 87
54 88
54 90
54 91
54 92
54 94
54 95
54 96
54 98
55 60
55 62
55 65
55 66
55 67
55 68
55 71
55 75
55 76
55 79
55 80
55 82
55 83
55 84
55 86
55 87
55 88
55 89
55 91
55 92
55 93
55 95
55 97
55 98
56 58
56 59
56 60
56 61
56 65
56 69
56 74
56 76
56 77
56 82
56 83
56 85
56 86
56 87
56 89
56 90
56 92
56 94
56 96
56 98
57 58
57 59
57 61
57 62
57 64
57 65
57 70
57 72
57 73
57 76
57 77
57 78
57 79
57 81
57 82
57 85
57 86
57 91
57 93
57 95
57 96
58 63
58 64
58 65
58 67
58 70
58 71
58 72
58 73
58 74
58 75
58 77
58 79
58 80
58 81
58 85
58 86
58 87
58 90
58 92
58 94
58 95
58 98
58 99
59 60
59 61
59 62
59 65
59 67
59 70
59 71
59 74
59 77
59 79
59 80
59 81
59 82
59 84
59 85
59 87
59 92
59 95
59 96
59 97
59 98
59 99
60 63
60 65
60 66
60 69
60 74
60 75
60 76
60 77
60 78
60 79
60 86
60 89
60 93
60 96
60 98
61 62
61 63
61 69
61 71
61 72
61 76
61 79
61 80
61 81
61 85
61 86
61 87
61 90
61 91
61 93
61 95
62 63
62 64
62 65
62 66
62 67
62 69
62 73
62 75
62 82
62 84
62 86
62 87
62 88
62 90
62 92
62 96
62 97
63 66
63 67
63 72
63 74
63 78
63 84
63 85
63 86
63 88
63 93
63 95
63 96
63 98
64 65
64 69
64 70
64 71
64 72
64 73
64 74
64 75
64 77
64 79
64 82
64 84
64 87
64 88
64 89
64 90
64 91
64 93
64 94
64 97
64 98
64 99
65 67
65 68
65 70
65 73
65 77
65 81
65 82
65 84
65 85
65 86
65 88
65 89
65 91
65 93
65 94
65 96
65 99
66 68
66 69
66 70
66 71
66 72
66 73
66 74
66 77
66 80
66 81
66 85
66 86
66 88
66 91
66 92
66 93
66 95
66 96
66 98
67 68
67 69
67 70
67 71
67 72
67 73
67 75
67 78
67 83
67 84
67 85
67 86
67 88
67 90
67 91
67 92
67 94
67 95
67 97
67 99
68 70
68 72
68 74
68 75
68 78
68 81
68 84
68 85
68 86
68 88
68 89
68 92
68 93
68 94
68 96
68 98
68 99
69 70
69 71
69 72
69 75
69 77
69 80
69 85
69 90
69 91
69 92
69 93
69 95
69 96
69 99
70 72
70 75
70 76
70 78
70 79
70 87
70 88
70 89
70 90
70 91
70 92
70 95
70 97
70 99
71 73
71 74
71 75
71 79
71 80
71 81
71 84
71 85
71 87
71 88
71 89
71 90
71 91
71 92
71 94
71 95
71 96
71 99
72 74
72 75
72 76
72 77
72 78
72 81
72 83
72 84
72 86
72 88
72 89
72 90
72 92
72 94
72 96
72 97
72 98
73 74
73 78
73 79
73 85
73 87
73 88
73 91
73 93
73 96
73 97
73 99
74 76
74 79
74 80
74 83
74 85
74 87
74 89
74 92
74 95
74 96
74 98
75 76
75 81
75 82
75 83
75 89
75 90
75 91
75 92
75 93
75 94
75 95
75 97
75 98
75 99
76 77
76 79
76 84
76 85
76 86
76 88
76 89
76 90
76 91
76 93
76 94
76 98
77 78
77 80
77 81
77 82
77 84
77 85
77 87
77 88
77 91
77 95
77 96
77 98
77 99
78 82
78 83
78 89
78 92
78 93
78 96
78 99
79 80
79 81
79 82
79 83
79 89
79 90
79 93
80 81
80 82
80 83
80 86
80 90
80 91
80 93
80 94
80 95
80 96
80 97
80 98
80 99
81 86
81 90
81 92
81 93
81 95
82 85
82 90
82 91
82 92
83 84
83 85
83 88
83 92
83 94
83 96
83 98
84 86
84 89
84 92
84 93
84 94
84 96
84 98
85 88
85 89
85 90
85 91
85 92
86 88
86 91
86 93
86 94
86 99
87 88
87 91
87 95
87 96
87 97
87 98
88 89
88 93
88 95
88 96
88 98
89 90
89 92
89 94
89 99
90 94
90 95
90 96
91 92
91 95
91 96
91 97
91 98
91 99
92 95
92 98
92 99
93 94
93 95
93 96
93 97
94 99
95 96
95 98
95 99
97 98
97 99
