0 1
0 2
0 4
0 9
0 11
0 12
0 13
0 14
0 16
0 19
0 21
0 24
0 26
0 27
0 28
0 34
0 36
0 41
0 42
0 44
0 45
0 46
0 48
0 51
0 54
0 55
0 57
0 59
0 61
0 62
0 63
0 64
0 65
0 66
0 68
0 69
0 70
0 73
0 74
0 75
0 78
0 79
0 80
0 81
0 83
0 85
0 87
0 89
0 90
0 91
0 92
0 93
0 94
0 95
0 99
1 2
1 4
1 5
1 7
1 10
1 13
1 14
1 16
1 19
1 20
1 21
1 23
1 25
1 26
1 27
1 28
1 30
1 32
1 33
1 34
1 38
1 41
1 42
1 43
1 45
1 48
1 49
1 50
1 53
1 56
1 59
1 60
1 63
1 66
1 70
1 71
1 72
1 79
1 81
1 82
1 83
1 84
1 86
1 93
1 96
2 4
2 5
2 6
2 7
2 9
2 11
2 16
2 17
2 19
2 24
2 30
2 32
2 33
2 34
2 38
2 40
2 45
2 49
2 51
2 52
2 53
2 54
2 55
2 57
2 59
2 63
2 64
2 65
2 66
2 67
2 68
2 69
2 73
2 76
2 78
2 80
2 81
2 82
2 83
2 84
2 87
2 89
2 93
2 94
2 96
2 97
2 98
3 4
3 5
3 8
3 9
3 10
3 13
3 14
3 15
3 16
3 17
3 18
3 22
3 23
3 24
3 25
3 27
3 29
3 31
3 38
3 40
3 45
3 46
3 50
3 51
3 53
3 54
3 55
3 56
3 57
3 58
3 61
3 62
3 63
3 65
3 70
3 71
3 76
3 78
3 79
3 80
3 82
3 83
3 85
3 87
3 88
3 91
3 92
3 93
3 95
4 5
4 6
4 8
4 11
4 12
4 14
4 17
4 22
4 24
4 26
4 27
4 30
4 31
4 32
4 34
4 38
4 42
4 46
4 51
4 52
4 54
4 55
4 57
4 60
4 65
4 66
4 68
4 70
4 72
4 78
4 80
4 81
4 82
4 84
4 86
4 88
4 89
4 92
4 94
4 99
5 7
5 8
5 11
5 12
5 13
5 14
5 16
5 18
5 19
5 20
5 21
5 22
5 23
5 26
5 27
5 30
5 32
5 37
5 40
5 41
5 43
5 45
5 46
5 47
5 48
5 49
5 51
5 56
5 58
5 59
5 60
5 61
5 62
5 64
5 67
5 68
5 69
5 77
5 82
5 84
5 86
5 88
5 89
5 91
5 93
5 97
6 8
6 9
6 10
6 11
6 13
6 14
6 15
6 17
6 18
6 20
6 21
6 24
6 26
6 27
6 29
6 30
6 34
6 39
6 40
6 43
6 44
6 46
6 49
6 54
6 59
6 64
6 66
6 69
6 77
6 78
6 80
6 82
6 83
6 86
6 87
6 89
6 91
6 92
6 93
6 94
6 99
7 8
7 10
7 11
7 12
7 15
7 18
7 19
7 20
7 21
7 26
7 31
7 33
7 38
7 39
7 41
7 42
7 44
7 47
7 49
7 50
7 51
7 52
7 53
7 54
7 56
7 57
7 59
7 60
7 62
7 63
7 64
7 65
7 68
7 70
7 72
7 74
7 76
7 78
7 80
7 81
7 83
7 87
7 88
7 89
7 91
7 94
7 96
7 97
8 12
8 14
8 15
8 18
8 20
8 21
8 22
8 24
8 26
8 30
8 31
8 34
8 35
8 36
8 38
8 40
8 43
8 45
8 46
8 47
8 51
8 53
8 54
8 55
8 56
8 57
8 58
8 60
8 61
8 62
8 66
8 68
8 69
8 70
8 72
8 74
8 75
8 76
8 77
8 79
8 80
8 82
8 84
8 85
8 87
8 88
8 90
8 91
8 93
8 95
8 96
8 97
9 12
9 14
9 15
9 17
9 19
9 20
9 23
9 26
9 28
9 32
9 33
9 36
9 42
9 43
9 44
9 45
9 46
9 47
9 48
9 50
9 51
9 52
9 53
9 54
9 55
9 57
9 59
9 60
9 62
9 64
9 66
9 67
9 68
9 71
9 72
9 75
9 76
9 77
9 78
9 79
9 81
9 82
9 83
9 84
9 85
9 87
9 89
9 92
9 95
9 98
10 11
10 12
10 14
10 15
10 16
10 17
10 18
10 19
10 21
10 22
10 23
10 27
10 32
10 33
10 34
10 36
10 42
10 43
10 44
10 49
10 52
10 56
10 60
10 61
10 62
10 64
10 66
10 67
10 68
10 69
10 71
10 75
10 76
10 77
10 78
10 79
10 82
10 84
10 87
10 89
10 91
10 92
10 93
10 99
11 14
11 15
11 16
11 17
11 20
11 21
11 22
11 24
11 25
11 26
11 27
11 29
11 35
11 36
11 37
11 39
11 40
11 41
11 46
11 48
11 49
11 51
11 56
11 57
11 59
11 61
11 62
11 64
11 66
11 68
11 70
11 76
11 77
11 78
11 80
11 82
11 83
11 85
11 86
11 87
11 88
11 91
11 96
11 99
12 13
12 14
12 17
12 18
12 19
12 20
12 22
12 24
12 30
12 33
12 35
12 37
12 38
12 39
12 41
12 42
12 45
12 46
12 48
12 51
12 58
12 60
12 61
12 62
12 63
12 64
12 65
12 66
12 67
12 68
12 70
12 75
12 77
12 79
12 82
12 84
12 85
12 87
12 88
12 90
12 91
12 94
12 95
12 96
12 99
13 17
13 19
13 21
13 22
13 23
13 24
13 27
13 28
13 32
13 35
13 36
13 40
13 42
13 44
13 45
13 46
13 47
13 48
13 50
13 51
13 52
13 53
13 54
13 57
13 60
13 63
13 64
13 66
13 67
13 68
13 77
13 78
13 82
13 84
13 85
13 86
13 87
13 88
13 90
13 91
13 92
13 95
13 96
13 97
13 99
14 15
14 17
14 18
14 20
14 23
14 24
14 25
14 26
14 29
14 33
14 34
14 35
14 38
14 39
14 40
14 45
14 46
14 48
14 51
14 52
14 54
14 55
14 56
14 57
14 59
14 61
14 63
14 64
14 67
14 68
14 70
14 71
14 76
14 79
14 80
14 83
14 88
14 89
14 91
14 92
14 94
14 98
15 17
15 18
15 24
15 25
15 26
15 27
15 31
15 32
15 33
15 34
15 36
15 38
15 39
15 40
15 41
15 42
15 47
15 49
15 51
15 53
15 55
15 56
15 57
15 58
15 60
15 63
15 64
15 65
15 66
15 67
15 70
15 71
15 72
15 75
15 79
15 82
15 83
15 86
15 87
15 91
15 93
15 94
15 95
15 97
15 99
16 19
16 22
16 25
16 26
16 28
16 29
16 35
16 36
16 39
16 41
16 43
16 44
16 45
16 46
16 48
16 50
16 53
16 54
16 55
16 57
16 60
16 61
16 62
16 64
16 65
16 66
16 70
16 71
16 72
16 73
16 74
16 75
16 77
16 80
16 83
16 85
16 87
16 88
16 91
16 93
16 94
16 95
16 98
16 99
17 18
17 21
17 23
17 24
17 28
17 29
17 30
17 32
17 36
17 37
17 39
17 41
17 43
17 44
17 45
17 46
17 47
17 48
17 52
17 54
17 55
17 56
17 58
17 59
17 60
17 63
17 67
17 68
17 70
17 71
17 72
17 73
17 74
17 75
17 78
17 81
17 83
17 84
17 86
17 87
17 88
17 90
17 91
17 93
17 95
17 96
18 19
18 20
18 22
18 25
18 28
18 31
18 33
18 36
18 42
18 44
18 45
18 46
18 47
18 48
18 49
18 50
18 56
18 57
18 59
18 60
18 61
18 62
18 64
18 66
18 68
18 69
18 70
18 71
18 73
18 75
18 78
18 81
18 83
18 84
18 89
18 90
18 91
18 93
18 94
18 95
18 97
18 98
18 99
19 22
19 23
19 24
19 26
19 28
19 29
19 32
19 34
19 35
19 36
19 37
19 39
19 42
19 43
19 45
19 47
19 51
19 52
19 54
19 55
19 56
19 57
19 59
19 60
19 61
19 63
19 64
19 65
19 68
19 73
19 76
19 77
19 80
19 81
19 82
19 88
19 91
19 92
19 96
20 21
20 22
20 28
20 29
20 30
20 31
20 34
20 35
20 36
20 39
20 40
20 41
20 42
20 43
20 44
20 45
20 47
20 48
20 50
20 55
20 57
20 58
20 59
20 61
20 62
20 63
20 64
20 65
20 66
20 67
20 71
20 72
20 73
20 74
20 75
20 77
20 78
20 79
20 80
20 81
20 83
20 84
20 89
20 91
20 93
20 94
20 96
20 97
20 98
20 99
21 23
21 25
21 26
21 27
21 28
21 29
21 30
21 31
21 33
21 35
21 36
21 37
21 40
21 41
21 43
21 44
21 45
21 46
21 51
21 52
21 53
21 55
21 56
21 57
21 58
21 59
21 60
21 61
21 63
21 65
21 67
21 68
21 69
21 77
21 80
21 82
21 85
21 86
21 87
21 89
21 91
21 92
21 93
21 94
21 96
21 98
22 23
22 27
22 29
22 31
22 32
22 33
22 35
22 36
22 39
22 40
22 41
22 45
22 47
22 49
22 50
22 51
22 56
22 58
22 59
22 60
22 62
22 64
22 65
22 66
22 68
22 70
22 71
22 72
22 74
22 75
22 79
22 80
22 82
22 83
22 85
22 86
22 87
22 88
22 92
22 94
22 95
22 98
22 99
23 24
23 25
23 26
23 30
23 32
23 35
23 36
23 45
23 49
23 51
23 56
23 58
23 62
23 63
23 66
23 68
23 70
23 74
23 76
23 79
23 80
23 81
23 85
23 87
23 89
23 92
23 93
23 95
24 26
24 30
24 32
24 33
24 34
24 35
24 38
24 39
24 43
24 45
24 47
24 49
24 50
24 51
24 54
24 55
24 60
24 62
24 68
24 71
24 72
24 73
24 74
24 80
24 83
24 84
24 85
24 87
24 89
24 91
24 92
24 94
24 95
24 96
24 98
24 99
25 27
25 28
25 33
25 36
25 37
25 40
25 42
25 43
25 50
25 51
25 58
25 61
25 63
25 64
25 67
25 68
25 69
25 70
25 73
25 75
25 76
25 78
25 79
25 81
25 82
25 84
25 85
25 88
25 89
25 91
25 92
25 93
25 97
25 99
26 27
26 28
26 32
26 33
26 35
26 36
26 37
26 38
26 43
26 44
26 48
26 50
26 52
26 56
26 57
26 60
26 63
26 65
26 67
26 71
26 76
26 77
26 78
26 81
26 83
26 86
26 87
26 89
26 93
26 97
26 98
26 99
27 28
27 29
27 31
27 35
27 38
27 39
27 40
27 43
27 44
27 46
27 47
27 48
27 50
27 56
27 57
27 64
27 68
27 70
27 71
27 73
27 77
27 78
27 81
27 82
27 85
27 86
27 88
27 89
27 91
27 93
27 94
27 96
27 99
28 29
28 31
28 32
28 33
28 35
28 37
28 38
28 39
28 41
28 42
28 44
28 47
28 49
28 51
28 52
28 53
28 55
28 57
28 58
28 61
28 64
28 65
28 69
28 71
28 74
28 77
28 80
28 81
28 86
28 87
28 90
28 91
28 92
28 96
28 97
29 30
29 31
29 34
29 38
29 39
29 41
29 42
29 44
29 45
29 47
29 49
29 55
29 57
29 58
29 59
29 61
29 62
29 64
29 66
29 67
29 68
29 69
29 70
29 72
29 74
29 77
29 78
29 80
29 81
29 82
29 83
29 90
29 95
29 99
30 35
30 38
30 39
30 42
30 44
30 45
30 46
30 47
30 49
30 50
30 51
30 52
30 53
30 57
30 60
30 61
30 63
30 68
30 71
30 73
30 75
30 76
30 78
30 79
30 81
30 83
30 84
30 86
30 87
30 88
30 91
30 92
30 93
30 97
30 99
31 32
31 35
31 37
31 38
31 46
31 50
31 54
31 56
31 60
31 65
31 66
31 67
31 68
31 69
31 73
31 76
31 80
31 81
31 85
31 89
31 90
31 93
31 99
32 33
32 34
32 35
32 36
32 37
32 38
32 39
32 43
32 45
32 46
32 48
32 51
32 55
32 56
32 60
32 61
32 62
32 64
32 65
32 66
32 69
32 71
32 72
32 73
32 76
32 78
32 81
32 83
32 87
32 90
32 91
32 98
32 99
33 39
33 40
33 41
33 42
33 43
33 45
33 48
33 51
33 53
33 54
33 55
33 58
33 60
33 61
33 62
33 63
33 73
33 74
33 77
33 90
33 95
33 96
34 35
34 36
34 39
34 41
34 42
34 43
34 44
34 46
34 47
34 49
34 51
34 52
34 54
34 56
34 60
34 62
34 69
34 70
34 74
34 75
34 76
34 77
34 78
34 79
34 80
34 83
34 90
34 91
34 96
34 97
34 98
34 99
35 36
35 39
35 41
35 42
35 43
35 45
35 46
35 47
35 50
35 52
35 53
35 56
35 60
35 61
35 62
35 64
35 67
35 69
35 70
35 75
35 76
35 77
35 80
35 83
35 84
35 85
35 86
35 87
35 91
35 94
35 98
35 99
36 37
36 45
36 46
36 50
36 51
36 52
36 53
36 54
36 55
36 59
36 61
36 62
36 63
36 64
36 66
36 68
36 71
36 82
36 84
36 85
36 88
36 90
36 91
36 92
36 94
36 96
36 98
36 99
37 40
37 42
37 43
37 44
37 45
37 50
37 53
37 55
37 56
37 59
37 61
37 63
37 67
37 69
37 72
37 74
37 77
37 80
37 82
37 83
37 88
37 89
37 92
37 94
37 96
37 98
37 99
38 44
38 45
38 47
38 48
38 50
38 51
38 54
38 57
38 59
38 60
38 63
38 64
38 66
38 67
38 68
38 71
38 72
38 74
38 79
38 80
38 81
38 85
38 86
38 88
38 90
38 91
38 92
38 96
39 52
39 56
39 57
39 62
39 63
39 64
39 65
39 66
39 71
39 73
39 77
39 78
39 79
39 80
39 81
39 83
39 84
39 85
39 86
39 88
39 89
39 91
39 92
39 93
39 94
39 99
40 43
40 46
40 49
40 50
40 53
40 54
40 56
40 57
40 59
40 61
40 62
40 64
40 67
40 68
40 69
40 71
40 72
40 77
40 78
40 82
40 83
40 85
40 86
40 87
40 88
40 89
40 90
40 91
40 92
40 94
40 95
40 96
40 97
40 99
41 42
41 43
41 44
41 45
41 46
41 47
41 49
41 52
41 54
41 57
41 58
41 59
41 60
41 66
41 67
41 71
41 76
41 77
41 78
41 79
41 81
41 82
41 83
41 84
41 85
41 89
41 92
41 97
42 45
42 49
42 50
42 52
42 53
42 54
42 56
42 57
42 58
42 59
42 61
42 63
42 64
42 65
42 67
42 71
42 73
42 74
42 75
42 77
42 79
42 81
42 82
42 86
42 88
42 90
42 92
42 94
43 46
43 48
43 49
43 50
43 51
43 53
43 55
43 56
43 59
43 60
43 64
43 65
43 66
43 68
43 69
43 70
43 72
43 74
43 75
43 76
43 77
43 78
43 81
43 84
43 86
43 87
43 92
43 95
43 96
43 97
43 98
44 45
44 48
44 49
44 53
44 54
44 56
44 57
44 58
44 59
44 61
44 65
44 66
44 67
44 71
44 72
44 75
44 78
44 82
44 84
44 90
44 92
44 95
44 97
45 49
45 50
45 51
45 52
45 53
45 55
45 58
45 59
45 61
45 65
45 72
45 75
45 77
45 81
45 85
45 86
45 87
45 88
45 89
45 91
45 94
45 95
45 98
46 47
46 48
46 52
46 54
46 55
46 57
46 58
46 62
46 63
46 65
46 69
46 71
46 73
46 74
46 76
46 78
46 79
46 80
46 82
46 83
46 84
46 85
46 86
46 89
46 91
46 92
46 93
46 95
46 97
47 48
47 49
47 57
47 58
47 59
47 60
47 61
47 62
47 67
47 68
47 71
47 72
47 74
47 81
47 83
47 85
47 86
47 89
47 90
47 92
47 93
47 95
47 96
47 98
48 49
48 50
48 51
48 52
48 54
48 55
48 58
48 61
48 62
48 64
48 66
48 71
48 72
48 76
48 78
48 79
48 81
48 83
48 84
48 85
48 86
48 89
48 92
48 98
49 51
49 56
49 58
49 63
49 64
49 65
49 66
49 69
49 70
49 71
49 72
49 73
49 75
49 78
49 79
49 80
49 81
49 86
49 87
49 90
49 91
49 94
49 95
49 96
49 97
50 53
50 56
50 57
50 58
50 59
50 61
50 64
50 67
50 69
50 71
50 73
50 74
50 76
50 79
50 80
50 81
50 84
50 88
50 90
50 93
50 94
50 96
50 98
51 52
51 53
51 55
51 56
51 57
51 58
51 60
51 61
51 63
51 69
51 70
51 71
51 72
51 73
51 74
51 75
51 76
51 81
51 82
51 83
51 85
51 86
51 91
51 93
51 94
51 96
51 99
52 57
52 58
52 59
52 65
52 67
52 68
52 69
52 73
52 75
52 77
52 78
52 82
52 85
52 86
52 90
52 91
52 94
53 55
53 56
53 57
53 59
53 61
53 62
53 63
53 65
53 66
53 67
53 68
53 69
53 70
53 73
53 74
53 76
53 78
53 80
53 81
53 87
53 88
53 90
53 91
53 92
53 94
53 97
53 98
53 99
54 56
54 57
54 60
54 61
54 63
54 64
54 65
54 67
54 68
54 70
54 74
54 76
54 77
54 81
54 83
54 87
54 88
54 89
54 90
54 91
54 95
54 98
55 56
55 58
55 61
55 62
55 63
55 67
55 76
55 79
55 81
55 82
55 83
55 84
55 85
55 95
55 96
55 98
55 99
56 58
56 60
56 63
56 67
56 69
56 71
56 72
56 73
56 76
56 83
56 84
56 86
56 90
56 91
56 93
56 95
56 96
56 99
57 61
57 64
57 65
57 67
57 68
57 69
57 70
57 74
57 77
57 78
57 81
57 82
57 83
57 85
57 86
57 87
57 92
57 94
57 96
57 97
58 61
58 62
58 63
58 64
58 68
58 69
58 71
58 72
58 73
58 75
58 76
58 79
58 81
58 82
58 85
58 86
58 87
58 90
58 91
58 92
58 93
58 95
59 60
59 62
59 66
59 70
59 71
59 72
59 73
59 74
59 75
59 80
59 81
59 82
59 83
59 88
59 89
59 90
59 93
59 94
59 97
59 99
60 63
60 68
60 73
60 74
60 75
60 76
60 80
60 81
60 82
60 83
60 84
60 87
60 90
60 91
60 92
60 93
60 94
60 95
60 96
60 98
61 62
61 63
61 64
61 65
61 66
61 67
61 68
61 69
61 70
61 71
61 73
61 74
61 76
61 77
61 78
61 80
61 82
61 83
61 84
61 86
61 88
61 90
61 91
61 92
61 93
61 97
61 98
62 63
62 64
62 66
62 67
62 68
62 69
62 72
62 74
62 77
62 78
62 85
62 86
62 89
62 91
62 94
62 95
62 97
62 98
63 67
63 68
63 72
63 75
63 77
63 78
63 81
63 83
63 85
63 87
63 91
63 93
63 94
63 99
64 65
64 67
64 69
64 72
64 73
64 76
64 79
64 81
64 82
64 84
64 85
64 87
64 88
64 89
64 90
64 91
64 93
64 96
64 97
65 66
65 68
65 73
65 74
65 77
65 78
65 81
65 82
65 84
65 85
65 87
65 90
65 91
65 95
65 96
65 97
65 99
66 68
66 69
66 70
66 71
66 72
66 73
66 75
66 76
66 78
66 80
66 82
66 83
66 85
66 86
66 89
66 91
66 93
66 98
67 68
67 69
67 70
67 71
67 73
67 74
67 75
67 76
67 82
67 86
67 91
67 93
67 95
67 99
68 72
68 73
68 75
68 76
68 77
68 78
68 79
68 81
68 82
68 83
68 86
68 87
68 89
68 90
68 92
68 98
69 71
69 74
69 75
69 78
69 79
69 82
69 85
69 86
69 88
69 89
69 93
69 94
69 95
69 97
69 98
69 99
70 72
70 73
70 75
70 76
70 77
70 78
70 79
70 80
70 82
70 83
70 91
70 92
70 95
70 96
70 97
70 99
71 73
71 75
71 77
71 78
71 80
71 82
71 86
71 89
71 90
71 96
71 98
72 73
72 74
72 77
72 78
72 80
72 81
72 82
72 84
72 87
72 89
72 90
72 94
72 95
72 96
72 97
72 98
72 99
73 74
73 75
73 76
73 79
73 81
73 82
73 83
73 84
73 85
73 86
73 87
73 88
73 93
73 94
73 96
73 97
73 98
74 78
74 80
74 81
74 83
74 85
74 89
74 94
74 95
74 96
74 97
74 98
74 99
75 79
75 80
75 83
75 84
75 86
75 88
75 89
75 92
75 94
75 96
75 97
75 99
76 78
76 80
76 82
76 85
76 87
76 88
76 91
76 92
76 94
76 96
76 98
77 80
77 82
77 85
77 86
77 89
77 90
77 91
77 95
77 96
77 98
77 99
78 81
78 83
78 86
78 87
78 89
78 90
78 91
78 92
78 93
78 94
79 80
79 83
79 88
79 90
79 91
79 93
79 95
79 96
79 98
79 99
80 82
80 83
80 84
80 86
80 88
80 89
80 90
80 92
80 96
80 98
81 82
81 83
81 85
81 87
81 91
81 92
81 93
81 94
81 96
81 97
81 99
82 86
82 87
82 89
82 90
82 93
82 95
82 96
82 99
83 86
83 87
83 89
83 90
83 91
83 92
83 93
83 94
83 95
83 97
84 88
84 93
84 94
84 95
84 97
84 99
85 86
85 89
85 90
85 91
85 92
85 94
85 96
85 98
86 91
86 93
86 96
86 97
86 98
87 88
87 89
87 90
87 91
87 93
87 96
87 98
87 99
88 89
88 91
88 95
88 99
89 90
89 93
89 94
89 95
89 96
89 97
90 93
90 94
90 98
90 99
91 95
91 96
92 93
92 95
92 98
93 94
93 97
94 95
94 96
94 97
94 98
95 96
95 97
95 98
96 98
97 99
