0 1
0 3
0 4
0 5
0 8
0 10
0 11
0 12
0 13
0 14
0 17
0 19
0 20
0 22
0 24
0 28
0 29
0 32
0 33
0 36
0 37
0 38
0 39
0 41
0 42
0 43
0 44
0 53
0 56
0 57
0 58
0 59
0 60
0 62
0 65
0 74
0 75
0 76
0 77
0 81
0 82
0 83
0 84
0 87
0 89
0 90
0 91
0 92
0 93
0 95
0 96
0 98
0 99
1 5
1 6
1 7
1 9
1 10
1 14
1 17
1 18
1 20
1 21
1 23
1 27
1 30
1 32
1 33
1 36
1 37
1 42
1 43
1 44
1 45
1 46
1 52
1 53
1 55
1 56
1 58
1 59
1 65
1 66
1 67
1 69
1 70
1 71
1 75
1 79
1 81
1 86
1 88
1 90
1 92
1 93
1 94
1 97
2 3
2 4
2 9
2 10
2 11
2 13
2 15
2 18
2 22
2 23
2 24
2 25
2 27
2 31
2 37
2 39
2 40
2 41
2 42
2 44
2 47
2 48
2 49
2 51
2 54
2 58
2 62
2 65
2 66
2 67
2 69
2 70
2 74
2 79
2 80
2 82
2 85
2 88
2 90
2 93
2 95
2 97
3 4
3 5
3 6
3 7
3 8
3 16
3 20
3 25
3 26
3 27
3 30
3 31
3 32
3 33
3 34
3 38
3 39
3 40
3 41
3 42
3 44
3 46
3 49
3 50
3 53
3 55
3 56
3 57
3 58
3 60
3 65
3 67
3 70
3 72
3 73
3 75
3 76
3 79
3 85
3 86
3 89
3 94
4 6
4 7
4 8
4 9
4 10
4 12
4 15
4 17
4 19
4 20
4 26
4 27
4 28
4 32
4 34
4 36
4 41
4 42
4 46
4 50
4 51
4 52
4 53
4 54
4 55
4 57
4 60
4 61
4 62
4 64
4 65
4 68
4 70
4 71
4 72
4 73
4 74
4 75
4 77
4 78
4 83
4 84
4 88
4 91
4 93
4 94
4 95
4 96
4 99
5 6
5 7
5 10
5 11
5 12
5 13
5 14
5 15
5 22
5 25
5 28
5 29
5 30
5 31
5 32
5 36
5 39
5 40
5 41
5 43
5 44
5 45
5 48
5 49
5 51
5 52
5 55
5 57
5 58
5 59
5 61
5 63
5 65
5 66
5 67
5 68
5 69
5 71
5 73
5 75
5 78
5 79
5 82
5 83
5 85
5 86
5 87
5 90
5 92
5 93
5 94
5 95
6 8
6 10
6 11
6 13
6 14
6 16
6 19
6 20
6 22
6 23
6 25
6 26
6 27
6 30
6 31
6 32
6 33
6 36
6 39
6 42
6 44
6 46
6 49
6 52
6 53
6 56
6 58
6 59
6 60
6 61
6 63
6 66
6 67
6 71
6 73
6 74
6 75
6 76
6 79
6 82
6 91
6 96
7 8
7 9
7 12
7 13
7 16
7 18
7 19
7 20
7 22
7 24
7 26
7 27
7 28
7 30
7 31
7 32
7 33
7 34
7 36
7 37
7 41
7 42
7 43
7 45
7 46
7 50
7 51
7 53
7 55
7 57
7 58
7 59
7 61
7 63
7 64
7 65
7 67
7 68
7 70
7 73
7 76
7 77
7 81
7 82
7 83
7 84
7 85
7 87
7 88
7 89
7 90
7 91
7 95
7 97
7 98
8 9
8 10
8 11
8 13
8 14
8 15
8 16
8 17
8 18
8 20
8 21
8 22
8 24
8 25
8 29
8 34
8 40
8 43
8 44
8 45
8 47
8 48
8 49
8 50
8 51
8 54
8 56
8 57
8 59
8 60
8 61
8 63
8 65
8 66
8 68
8 73
8 75
8 78
8 79
8 80
8 81
8 87
8 88
8 89
8 91
8 92
8 93
8 95
8 97
8 99
9 13
9 15
9 16
9 18
9 19
9 20
9 22
9 23
9 28
9 32
9 33
9 34
9 35
9 36
9 38
9 40
9 45
9 46
9 47
9 50
9 51
9 55
9 56
9 57
9 62
9 63
9 66
9 68
9 69
9 70
9 71
9 72
9 73
9 75
9 76
9 77
9 78
9 79
9 80
9 82
9 85
9 87
9 88
9 89
9 90
9 93
9 95
9 99
10 11
10 15
10 17
10 18
10 21
10 23
10 26
10 28
10 33
10 34
10 35
10 39
10 43
10 45
10 46
10 48
10 49
10 53
10 55
10 56
10 57
10 59
10 61
10 62
10 66
10 67
10 76
10 77
10 78
10 79
10 83
10 88
10 93
10 94
10 96
10 97
11 12
11 13
11 17
11 21
11 23
11 25
11 26
11 27
11 30
11 32
11 34
11 35
11 36
11 39
11 42
11 45
11 48
11 50
11 52
11 55
11 56
11 58
11 59
11 61
11 65
11 66
11 67
11 69
11 70
11 71
11 73
11 75
11 76
11 78
11 79
11 80
11 83
11 88
11 89
11 92
11 95
11 96
11 98
12 15
12 16
12 17
12 18
12 19
12 20
12 22
12 23
12 26
12 27
12 29
12 31
12 33
12 34
12 37
12 38
12 42
12 47
12 48
12 49
12 50
12 51
12 53
12 54
12 55
12 58
12 60
12 61
12 62
12 63
12 64
12 65
12 69
12 71
12 73
12 77
12 78
12 79
12 80
12 82
12 85
12 90
12 91
12 93
12 95
12 96
12 98
12 99
13 14
13 17
13 20
13 21
13 24
13 25
13 27
13 29
13 31
13 32
13 36
13 38
13 41
13 43
13 47
13 50
13 52
13 53
13 54
13 55
13 59
13 60
13 63
13 68
13 73
13 75
13 81
13 83
13 84
13 90
13 91
13 92
14 18
14 21
14 25
14 26
14 28
14 30
14 32
14 33
14 34
14 35
14 38
14 39
14 41
14 44
14 47
14 48
14 53
14 54
14 57
14 58
14 59
14 62
14 64
14 65
14 67
14 69
14 72
14 75
14 76
14 77
14 79
14 81
14 82
14 85
14 87
14 88
14 90
14 93
14 94
14 97
14 99
15 16
15 17
15 18
15 21
15 23
15 24
15 25
15 28
15 29
15 30
15 31
15 33
15 34
15 35
15 36
15 38
15 41
15 45
15 46
15 47
15 49
15 50
15 54
15 55
15 58
15 63
15 65
15 66
15 67
15 71
15 75
15 78
15 79
15 80
15 84
15 86
15 87
15 88
15 90
15 92
15 93
15 94
15 95
15 97
15 98
15 99
16 17
16 18
16 20
16 21
16 26
16 28
16 30
16 34
16 36
16 37
16 38
16 39
16 42
16 43
16 45
16 46
16 47
16 48
16 49
16 50
16 52
16 54
16 57
16 58
16 61
16 63
16 64
16 65
16 67
16 68
16 69
16 70
16 71
16 72
16 73
16 74
16 76
16 78
16 80
16 81
16 83
16 85
16 86
16 89
16 91
16 92
16 94
16 95
16 96
16 97
16 98
16 99
17 18
17 19
17 20
17 22
17 23
17 24
17 30
17 32
17 33
17 34
17 35
17 37
17 38
17 39
17 41
17 46
17 49
17 50
17 52
17 53
17 54
17 55
17 56
17 57
17 60
17 63
17 67
17 68
17 69
17 71
17 73
17 74
17 77
17 78
17 80
17 82
17 83
17 85
17 86
17 87
17 89
17 90
17 92
17 93
18 19
18 20
18 22
18 23
18 24
18 26
18 33
18 35
18 37
18 39
18 41
18 42
18 45
18 47
18 48
18 50
18 51
18 57
18 58
18 60
18 63
18 65
18 66
18 69
18 75
18 76
18 77
18 79
18 80
18 81
18 82
18 84
18 85
18 87
18 88
18 89
18 93
18 94
18 96
18 98
19 21
19 22
19 23
19 27
19 28
19 29
19 35
19 36
19 37
19 38
19 40
19 41
19 42
19 44
19 45
19 47
19 48
19 49
19 50
19 51
19 52
19 53
19 55
19 56
19 57
19 58
19 59
19 60
19 65
19 68
19 69
19 70
19 71
19 72
19 73
19 74
19 80
19 81
19 82
19 85
19 86
19 89
19 92
19 93
19 94
20 23
20 24
20 26
20 27
20 28
20 29
20 30
20 31
20 32
20 33
20 35
20 36
20 37
20 38
20 40
20 42
20 46
20 51
20 53
20 55
20 57
20 58
20 59
20 60
20 62
20 63
20 64
20 65
20 67
20 68
20 70
20 72
20 73
20 74
20 75
20 76
20 77
20 78
20 80
20 81
20 85
20 89
20 91
20 92
20 96
20 98
21 23
21 24
21 25
21 31
21 33
21 37
21 38
21 41
21 43
21 45
21 46
21 47
21 51
21 52
21 54
21 55
21 56
21 57
21 61
21 67
21 70
21 72
21 74
21 76
21 77
21 78
21 79
21 80
21 83
21 84
21 85
21 89
21 90
21 91
21 92
21 93
21 94
21 98
21 99
22 23
22 24
22 25
22 32
22 33
22 37
22 39
22 40
22 41
22 43
22 44
22 49
22 50
22 53
22 55
22 57
22 60
22 62
22 63
22 64
22 68
22 71
22 73
22 74
22 76
22 77
22 80
22 81
22 82
22 85
22 88
22 91
22 92
22 93
22 95
22 97
22 98
22 99
23 24
23 25
23 27
23 28
23 32
23 33
23 35
23 38
23 39
23 40
23 42
23 43
23 44
23 45
23 47
23 48
23 50
23 51
23 52
23 53
23 54
23 55
23 56
23 61
23 62
23 65
23 66
23 68
23 69
23 70
23 71
23 80
23 83
23 85
23 89
23 93
23 94
24 26
24 29
24 31
24 33
24 34
24 35
24 37
24 38
24 42
24 45
24 46
24 47
24 51
24 57
24 58
24 61
24 62
24 63
24 67
24 69
24 70
24 71
24 72
24 74
24 76
24 77
24 79
24 80
24 81
24 82
24 84
24 85
24 88
24 89
24 91
24 92
24 96
24 97
24 99
25 26
25 27
25 33
25 34
25 35
25 36
25 40
25 42
25 47
25 51
25 52
25 53
25 56
25 57
25 58
25 60
25 61
25 63
25 64
25 65
25 67
25 69
25 70
25 71
25 72
25 73
25 74
25 75
25 76
25 78
25 79
25 80
25 81
25 83
25 85
25 86
25 89
25 93
25 98
26 29
26 31
26 34
26 36
26 37
26 38
26 40
26 44
26 46
26 47
26 48
26 49
26 51
26 60
26 61
26 62
26 63
26 64
26 68
26 69
26 72
26 73
26 74
26 79
26 80
26 82
26 84
26 86
26 92
26 93
26 94
26 95
26 97
27 30
27 31
27 33
27 34
27 36
27 37
27 38
27 41
27 43
27 44
27 45
27 46
27 48
27 51
27 52
27 53
27 56
27 57
27 58
27 59
27 60
27 63
27 64
27 68
27 71
27 72
27 73
27 75
27 76
27 77
27 79
27 81
27 83
27 84
27 85
27 86
27 89
27 90
27 91
27 92
27 93
27 94
27 95
27 96
27 97
27 98
27 99
28 34
28 36
28 37
28 38
28 40
28 41
28 44
28 45
28 47
28 54
28 56
28 61
28 62
28 65
28 68
28 70
28 71
28 72
28 73
28 75
28 80
28 81
28 88
28 89
28 90
28 91
28 92
28 94
28 98
29 38
29 40
29 41
29 44
29 46
29 48
29 52
29 55
29 56
29 58
29 59
29 63
29 64
29 68
29 70
29 71
29 72
29 73
29 74
29 75
29 76
29 80
29 83
29 84
29 85
29 86
29 87
29 88
29 90
29 94
30 35
30 44
30 45
30 48
30 49
30 50
30 54
30 55
30 56
30 59
30 62
30 63
30 66
30 68
30 70
30 71
30 72
30 74
30 80
30 82
30 83
30 89
30 90
30 91
30 92
30 93
30 95
30 96
30 99
31 35
31 36
31 37
31 39
31 42
31 46
31 51
31 52
31 54
31 56
31 57
31 58
31 59
31 60
31 62
31 63
31 64
31 65
31 66
31 67
31 70
31 71
31 72
31 74
31 76
31 81
31 85
31 87
31 89
31 92
31 94
31 96
31 97
31 98
32 33
32 37
32 40
32 41
32 42
32 48
32 49
32 50
32 51
32 52
32 54
32 55
32 56
32 59
32 62
32 64
32 70
32 72
32 73
32 75
32 76
32 77
32 82
32 83
32 84
32 85
32 86
32 87
32 89
32 91
32 92
32 93
32 94
32 95
32 96
32 97
32 99
33 34
33 36
33 37
33 38
33 39
33 41
33 44
33 45
33 47
33 49
33 51
33 55
33 57
33 59
33 62
33 65
33 66
33 70
33 71
33 74
33 79
33 80
33 82
33 83
33 85
33 86
33 87
33 89
33 91
33 92
33 93
33 96
33 97
33 98
34 36
34 39
34 41
34 42
34 44
34 47
34 49
34 50
34 52
34 53
34 55
34 56
34 57
34 61
34 63
34 64
34 65
34 66
34 67
34 69
34 70
34 71
34 76
34 77
34 78
34 79
34 83
34 84
34 85
34 93
34 96
34 97
34 98
34 99
35 42
35 43
35 44
35 47
35 49
35 50
35 52
35 53
35 55
35 56
35 57
35 60
35 63
35 64
35 67
35 71
35 72
35 76
35 78
35 79
35 80
35 82
35 84
35 87
35 89
35 90
35 91
35 94
36 37
36 39
36 43
36 46
36 48
36 51
36 52
36 53
36 56
36 57
36 59
36 61
36 62
36 63
36 64
36 66
36 67
36 75
36 77
36 78
36 80
36 81
36 82
36 84
36 87
36 88
36 90
36 91
36 93
36 94
36 97
36 98
37 38
37 41
37 43
37 45
37 47
37 48
37 50
37 51
37 52
37 54
37 55
37 60
37 62
37 64
37 65
37 66
37 67
37 68
37 71
37 73
37 74
37 78
37 82
37 84
37 85
37 86
37 89
37 93
37 99
38 40
38 42
38 50
38 51
38 53
38 54
38 55
38 56
38 59
38 60
38 61
38 67
38 70
38 71
38 72
38 73
38 75
38 77
38 82
38 83
38 86
38 90
38 93
38 94
38 99
39 41
39 44
39 46
39 49
39 52
39 54
39 58
39 59
39 60
39 64
39 65
39 66
39 69
39 70
39 71
39 72
39 73
39 75
39 76
39 77
39 78
39 79
39 81
39 82
39 84
39 87
39 89
39 97
39 98
39 99
40 41
40 43
40 46
40 48
40 49
40 52
40 53
40 58
40 62
40 63
40 64
40 65
40 66
40 67
40 70
40 74
40 75
40 76
40 78
40 80
40 81
40 82
40 83
40 86
40 87
40 88
40 90
40 93
40 94
40 96
40 98
41 42
41 45
41 47
41 48
41 49
41 50
41 51
41 52
41 53
41 55
41 58
41 61
41 62
41 65
41 66
41 69
41 71
41 72
41 73
41 75
41 77
41 78
41 80
41 81
41 85
41 86
41 87
41 88
41 91
41 95
41 96
41 97
42 43
42 46
42 47
42 49
42 51
42 53
42 55
42 56
42 58
42 63
42 64
42 65
42 66
42 68
42 69
42 71
42 72
42 73
42 76
42 77
42 78
42 79
42 80
42 82
42 83
42 85
42 86
42 87
42 88
42 90
42 92
42 98
43 44
43 45
43 47
43 48
43 49
43 51
43 53
43 56
43 60
43 63
43 64
43 65
43 66
43 67
43 68
43 71
43 73
43 75
43 76
43 77
43 78
43 81
43 84
43 85
43 86
43 88
43 91
43 94
43 96
43 97
43 98
44 45
44 48
44 50
44 51
44 52
44 53
44 56
44 57
44 58
44 60
44 61
44 62
44 64
44 67
44 69
44 73
44 74
44 77
44 79
44 83
44 86
44 88
44 93
45 46
45 47
45 49
45 50
45 52
45 57
45 59
45 60
45 64
45 67
45 69
45 70
45 71
45 72
45 79
45 81
45 83
45 85
45 87
45 88
45 89
45 90
45 91
45 93
45 96
45 99
46 48
46 49
46 51
46 52
46 53
46 56
46 57
46 58
46 60
46 61
46 62
46 66
46 73
46 76
46 77
46 79
46 80
46 82
46 83
46 86
46 87
46 88
46 91
46 92
46 93
46 95
46 96
46 98
47 49
47 54
47 56
47 57
47 58
47 72
47 73
47 74
47 76
47 78
47 80
47 81
47 83
47 85
47 86
47 88
47 90
47 91
47 92
47 93
47 94
47 99
48 49
48 50
48 51
48 52
48 53
48 56
48 58
48 59
48 60
48 61
48 62
48 63
48 64
48 66
48 68
48 73
48 74
48 76
48 77
48 82
48 83
48 84
48 87
48 88
48 89
48 90
48 91
48 93
48 94
48 95
48 96
48 97
48 98
49 51
49 53
49 55
49 56
49 58
49 59
49 60
49 62
49 64
49 65
49 66
49 68
49 71
49 72
49 76
49 77
49 79
49 80
49 83
49 85
49 86
49 87
49 90
49 94
49 99
50 51
50 52
50 56
50 57
50 58
50 61
50 63
50 66
50 71
50 73
50 74
50 76
50 77
50 78
50 79
50 82
50 84
50 86
50 88
50 89
50 90
50 91
50 92
50 96
51 52
51 53
51 54
51 55
51 56
51 61
51 62
51 64
51 65
51 71
51 72
51 73
51 74
51 75
51 77
51 80
51 82
51 83
51 84
51 86
51 91
51 93
51 96
51 98
52 54
52 57
52 58
52 61
52 62
52 66
52 68
52 70
52 71
52 72
52 74
52 75
52 77
52 78
52 81
52 82
52 84
52 87
52 92
52 96
53 54
53 55
53 58
53 60
53 64
53 65
53 67
53 70
53 71
53 72
53 75
53 80
53 83
53 85
53 86
53 88
53 89
53 91
53 92
53 95
53 96
53 98
54 62
54 63
54 64
54 65
54 68
54 70
54 71
54 72
54 73
54 75
54 76
54 79
54 81
54 82
54 84
54 85
54 86
54 87
54 88
54 89
54 91
54 93
54 94
54 98
55 56
55 57
55 58
55 64
55 65
55 66
55 69
55 70
55 72
55 74
55 76
55 77
55 78
55 79
55 82
55 83
55 88
55 89
55 95
55 96
55 97
56 60
56 62
56 66
56 68
56 71
56 73
56 75
56 79
56 80
56 81
56 82
56 84
56 86
56 88
56 89
56 90
56 91
56 92
56 95
56 96
57 58
57 60
57 64
57 65
57 69
57 72
57 73
57 75
57 77
57 78
57 79
57 82
57 84
57 85
57 86
57 89
57 90
57 93
57 95
57 98
57 99
58 59
58 62
58 63
58 64
58 66
58 69
58 71
58 74
58 75
58 76
58 79
58 80
58 81
58 82
58 83
58 84
58 85
58 86
58 87
58 92
58 93
58 94
58 96
58 97
58 98
59 60
59 63
59 68
59 69
59 71
59 72
59 74
59 75
59 81
59 85
59 86
59 94
59 96
59 98
60 62
60 63
60 65
60 66
60 68
60 69
60 70
60 71
60 72
60 75
60 76
60 79
60 80
60 85
60 86
60 87
60 88
60 89
60 90
60 91
60 94
60 95
60 96
60 99
61 63
61 66
61 67
61 68
61 74
61 77
61 79
61 81
61 83
61 84
61 85
61 86
61 87
61 88
61 89
61 90
61 94
61 97
61 98
62 65
62 66
62 68
62 70
62 71
62 74
62 76
62 78
62 80
62 81
62 82
62 85
62 88
62 89
62 90
62 91
62 93
62 95
62 98
63 65
63 66
63 68
63 69
63 71
63 74
63 76
63 78
63 80
63 81
63 82
63 83
63 84
63 85
63 86
63 88
63 91
63 97
63 98
63 99
64 70
64 72
64 75
64 78
64 79
64 80
64 81
64 82
64 83
64 86
64 88
64 90
64 91
64 92
64 94
64 95
64 97
65 66
65 67
65 69
65 71
65 73
65 75
65 81
65 82
65 83
65 90
65 92
65 93
65 95
65 99
66 67
66 70
66 72
66 76
66 77
66 78
66 81
66 83
66 84
66 85
66 86
66 89
66 91
66 92
66 93
66 96
66 97
66 98
67 68
67 69
67 71
67 73
67 75
67 81
67 82
67 86
67 89
67 90
67 91
67 92
67 93
67 98
68 75
68 77
68 79
68 81
68 83
68 84
68 86
68 87
68 89
68 90
68 92
68 94
68 95
68 97
68 99
69 70
69 73
69 74
69 75
69 76
69 77
69 79
69 82
69 83
69 84
69 85
69 86
69 88
69 89
69 92
69 93
69 95
69 96
70 72
70 73
70 75
70 77
70 82
70 83
70 85
70 87
70 90
70 93
71 73
71 79
71 80
71 83
71 84
71 85
71 87
71 88
71 89
71 94
72 74
72 76
72 77
72 79
72 85
72 91
72 93
72 94
72 95
72 97
72 98
73 74
73 83
73 84
73 87
73 90
73 91
73 98
74 81
74 85
74 87
74 89
74 94
74 95
74 97
74 98
74 99
75 76
75 77
75 81
75 82
75 84
75 88
75 91
75 96
75 99
76 81
76 83
76 84
76 85
76 92
76 95
76 96
77 79
77 82
77 83
77 84
77 85
77 86
77 88
77 89
77 90
77 92
77 93
77 94
77 95
77 97
77 99
78 79
78 83
78 84
78 87
78 88
78 90
78 91
78 97
78 98
78 99
79 80
79 82
79 84
79 88
79 89
79 90
79 91
79 93
79 94
79 96
80 83
80 85
80 86
80 88
80 91
80 92
80 95
80 97
80 98
80 99
81 87
81 88
81 89
81 90
81 91
81 95
81 97
81 98
82 85
82 86
82 88
82 89
82 91
82 94
82 95
82 97
83 84
83 87
83 88
83 90
83 94
83 95
83 96
84 85
84 88
84 89
84 90
84 91
84 93
84 97
85 87
85 88
85 89
85 90
85 91
85 92
85 93
85 94
86 88
86 89
86 90
86 91
86 93
86 94
86 96
86 97
86 98
86 99
87 89
87 92
87 94
87 97
87 98
88 90
88 92
88 93
88 95
88 96
88 97
88 99
89 93
89 94
89 96
89 97
89 98
89 99
90 92
90 96
90 98
91 92
91 95
91 97
91 99
92 93
92 94
92 97
92 98
93 94
94 97
94 98
95 96
95 97
95 99
96 97
96 98
96 99
97 98
97 99
98 99
