0 1
0 2
0 4
0 7
0 9
0 10
0 11
0 14
0 16
0 17
0 18
0 19
0 20
0 22
0 26
0 27
0 29
0 30
0 31
0 34
0 35
0 36
0 40
0 45
0 46
0 47
0 48
0 49
0 51
0 52
0 55
0 57
0 61
0 62
0 64
0 66
0 68
0 70
0 71
0 74
0 75
0 78
0 79
0 80
0 81
0 84
0 86
0 87
0 89
0 92
0 93
0 94
0 95
1 6
1 7
1 12
1 18
1 20
1 22
1 23
1 24
1 25
1 28
1 30
1 34
1 37
1 38
1 39
1 40
1 41
1 44
1 45
1 47
1 48
1 50
1 51
1 52
1 53
1 55
1 56
1 65
1 70
1 71
1 72
1 73
1 74
1 76
1 78
1 79
1 81
1 82
1 84
1 85
1 87
1 91
1 92
1 93
1 94
1 96
1 98
2 8
2 9
2 11
2 13
2 14
2 15
2 17
2 22
2 33
2 36
2 38
2 39
2 42
2 45
2 46
2 47
2 48
2 49
2 50
2 51
2 52
2 53
2 54
2 59
2 60
2 62
2 66
2 70
2 71
2 73
2 74
2 76
2 81
2 82
2 84
2 85
2 86
2 88
2 89
2 94
2 95
2 98
3 7
3 8
3 9
3 11
3 18
3 19
3 22
3 23
3 24
3 27
3 28
3 31
3 32
3 33
3 34
3 36
3 37
3 43
3 44
3 45
3 46
3 47
3 48
3 49
3 50
3 51
3 53
3 54
3 58
3 59
3 62
3 63
3 64
3 66
3 67
3 68
3 71
3 72
3 73
3 77
3 80
3 81
3 84
3 85
3 86
3 89
3 90
3 91
3 93
3 95
3 96
3 98
4 6
4 9
4 14
4 15
4 16
4 17
4 18
4 19
4 25
4 26
4 29
4 30
4 31
4 33
4 35
4 38
4 39
4 43
4 45
4 48
4 50
4 51
4 54
4 56
4 57
4 58
4 59
4 61
4 62
4 63
4 67
4 69
4 70
4 71
4 73
4 76
4 79
4 83
4 87
4 88
4 90
4 93
4 94
4 95
5 9
5 10
5 11
5 13
5 16
5 17
5 18
5 19
5 23
5 24
5 25
5 28
5 29
5 31
5 33
5 35
5 36
5 37
5 38
5 39
5 43
5 48
5 50
5 54
5 58
5 59
5 60
5 61
5 67
5 68
5 70
5 71
5 74
5 75
5 76
5 78
5 80
5 81
5 83
5 85
5 86
5 88
5 89
5 96
5 98
6 8
6 10
6 12
6 14
6 15
6 16
6 17
6 18
6 20
6 21
6 24
6 27
6 29
6 32
6 34
6 35
6 38
6 40
6 44
6 46
6 48
6 49
6 51
6 52
6 53
6 64
6 68
6 75
6 76
6 77
6 81
6 82
6 83
6 85
6 86
6 87
6 89
6 90
6 93
6 94
6 96
6 99
7 8
7 9
7 10
7 12
7 13
7 14
7 15
7 17
7 20
7 21
7 24
7 25
7 26
7 27
7 30
7 31
7 33
7 35
7 36
7 40
7 43
7 44
7 46
7 47
7 49
7 56
7 57
7 58
7 60
7 63
7 65
7 66
7 67
7 70
7 72
7 75
7 76
7 80
7 81
7 82
7 83
7 84
7 86
7 87
7 88
7 89
7 92
7 93
7 95
7 97
8 10
8 13
8 14
8 15
8 17
8 18
8 19
8 22
8 23
8 26
8 28
8 31
8 34
8 37
8 38
8 41
8 42
8 44
8 45
8 50
8 52
8 53
8 55
8 57
8 58
8 59
8 61
8 63
8 64
8 65
8 70
8 74
8 75
8 77
8 78
8 82
8 84
8 85
8 87
8 88
8 89
8 90
8 91
8 94
8 98
8 99
9 10
9 11
9 14
9 16
9 17
9 18
9 19
9 20
9 22
9 23
9 24
9 29
9 30
9 32
9 33
9 34
9 35
9 37
9 39
9 40
9 41
9 46
9 47
9 48
9 49
9 50
9 51
9 55
9 57
9 59
9 60
9 61
9 64
9 72
9 76
9 78
9 79
9 80
9 82
9 84
9 90
9 91
9 93
9 95
9 98
10 11
10 13
10 14
10 15
10 16
10 17
10 18
10 19
10 20
10 25
10 27
10 29
10 30
10 32
10 33
10 34
10 37
10 40
10 44
10 48
10 49
10 52
10 55
10 61
10 63
10 64
10 71
10 74
10 75
10 78
10 80
10 81
10 82
10 83
10 85
10 90
10 91
10 93
10 94
10 95
10 98
11 16
11 22
11 23
11 27
11 30
11 32
11 34
11 35
11 37
11 42
11 44
11 45
11 46
11 49
11 50
11 55
11 57
11 58
11 59
11 62
11 64
11 69
11 70
11 73
11 74
11 75
11 76
11 78
11 82
11 85
11 88
11 90
11 93
11 95
11 96
11 97
11 98
12 15
12 16
12 17
12 18
12 19
12 20
12 26
12 27
12 29
12 30
12 31
12 32
12 41
12 42
12 44
12 47
12 50
12 51
12 52
12 55
12 58
12 60
12 64
12 65
12 67
12 68
12 70
12 72
12 73
12 74
12 76
12 81
12 82
12 83
12 84
12 85
12 92
12 94
12 98
12 99
13 14
13 15
13 17
13 18
13 20
13 21
13 22
13 23
13 26
13 28
13 30
13 31
13 33
13 34
13 39
13 43
13 44
13 46
13 47
13 51
13 53
13 56
13 57
13 59
13 61
13 62
13 63
13 65
13 66
13 68
13 69
13 71
13 72
13 76
13 77
13 79
13 80
13 82
13 83
13 84
13 85
13 86
13 88
13 89
13 90
13 92
13 97
13 98
14 18
14 21
14 22
14 25
14 28
14 29
14 32
14 33
14 34
14 35
14 36
14 39
14 42
14 43
14 44
14 45
14 48
14 49
14 51
14 52
14 53
14 54
14 56
14 57
14 58
14 59
14 60
14 62
14 64
14 66
14 67
14 75
14 77
14 79
14 80
14 82
14 85
14 87
14 88
14 89
14 90
14 91
14 96
14 97
15 16
15 17
15 23
15 24
15 25
15 26
15 27
15 28
15 29
15 32
15 33
15 37
15 38
15 39
15 42
15 43
15 48
15 50
15 52
15 53
15 60
15 66
15 67
15 69
15 71
15 72
15 73
15 75
15 76
15 78
15 80
15 82
15 83
15 84
15 86
15 88
15 90
15 91
15 92
15 93
15 94
15 95
15 97
16 19
16 21
16 22
16 24
16 26
16 31
16 32
16 34
16 35
16 36
16 37
16 38
16 39
16 40
16 41
16 42
16 43
16 44
16 45
16 49
16 52
16 53
16 54
16 58
16 61
16 63
16 67
16 69
16 71
16 75
16 78
16 79
16 82
16 84
16 86
16 87
16 90
16 92
16 93
16 94
16 95
16 99
17 18
17 19
17 21
17 25
17 28
17 29
17 31
17 33
17 38
17 41
17 42
17 43
17 45
17 46
17 49
17 50
17 52
17 53
17 55
17 59
17 63
17 64
17 66
17 68
17 71
17 76
17 78
17 79
17 80
17 81
17 83
17 84
17 85
17 88
17 89
17 90
17 94
17 97
18 20
18 21
18 22
18 24
18 27
18 28
18 33
18 34
18 36
18 37
18 39
18 41
18 42
18 49
18 50
18 52
18 53
18 57
18 62
18 64
18 67
18 68
18 69
18 73
18 75
18 76
18 77
18 78
18 79
18 80
18 81
18 82
18 85
18 86
18 88
18 89
18 92
18 95
18 96
19 20
19 23
19 25
19 27
19 28
19 29
19 30
19 31
19 33
19 34
19 36
19 38
19 43
19 44
19 45
19 46
19 47
19 48
19 49
19 50
19 51
19 56
19 57
19 58
19 61
19 62
19 63
19 64
19 66
19 72
19 73
19 77
19 80
19 87
19 88
19 90
19 91
19 92
19 94
19 95
19 97
20 24
20 30
20 39
20 40
20 41
20 47
20 48
20 50
20 52
20 56
20 57
20 59
20 62
20 63
20 65
20 66
20 67
20 69
20 71
20 72
20 73
20 74
20 75
20 76
20 77
20 79
20 81
20 82
20 83
20 84
20 88
20 89
20 92
20 93
20 96
21 23
21 27
21 30
21 34
21 36
21 38
21 39
21 43
21 44
21 45
21 46
21 47
21 50
21 53
21 54
21 55
21 61
21 62
21 63
21 65
21 66
21 68
21 70
21 71
21 72
21 78
21 82
21 84
21 85
21 86
21 87
21 90
21 92
21 95
21 96
21 97
21 99
22 23
22 27
22 28
22 30
22 31
22 33
22 36
22 37
22 39
22 41
22 43
22 47
22 49
22 50
22 51
22 52
22 55
22 56
22 58
22 59
22 61
22 64
22 65
22 69
22 70
22 71
22 72
22 78
22 79
22 80
22 81
22 82
22 83
22 84
22 86
22 87
22 90
22 91
22 94
22 97
22 99
23 25
23 26
23 27
23 28
23 31
23 32
23 34
23 35
23 37
23 38
23 44
23 46
23 49
23 51
23 52
23 53
23 57
23 61
23 66
23 70
23 71
23 73
23 78
23 84
23 89
23 91
23 93
23 96
23 97
23 98
24 25
24 27
24 28
24 31
24 34
24 35
24 37
24 38
24 40
24 41
24 45
24 48
24 51
24 57
24 59
24 60
24 61
24 64
24 66
24 70
24 73
24 75
24 78
24 81
24 82
24 83
24 84
24 85
24 87
24 88
24 90
24 91
24 92
24 94
24 96
24 98
25 29
25 31
25 33
25 34
25 38
25 40
25 44
25 46
25 47
25 49
25 50
25 52
25 55
25 56
25 57
25 58
25 60
25 63
25 64
25 69
25 71
25 72
25 73
25 74
25 77
25 78
25 79
25 82
25 83
25 88
25 89
25 92
25 94
25 95
25 96
25 99
26 28
26 29
26 31
26 32
26 33
26 34
26 38
26 42
26 45
26 46
26 47
26 48
26 49
26 50
26 52
26 54
26 56
26 57
26 58
26 59
26 61
26 62
26 63
26 64
26 66
26 70
26 72
26 78
26 80
26 81
26 83
26 87
26 89
26 92
26 95
26 96
26 98
27 28
27 29
27 30
27 32
27 34
27 36
27 37
27 39
27 42
27 43
27 45
27 46
27 52
27 53
27 56
27 57
27 59
27 60
27 61
27 62
27 63
27 65
27 66
27 69
27 70
27 73
27 76
27 77
27 81
27 83
27 84
27 90
27 91
27 94
27 96
27 97
28 29
28 30
28 32
28 33
28 34
28 41
28 43
28 47
28 51
28 52
28 54
28 55
28 56
28 57
28 58
28 59
28 60
28 64
28 66
28 67
28 72
28 73
28 76
28 77
28 78
28 81
28 82
28 84
28 87
28 88
28 89
28 91
28 94
28 96
28 97
28 99
29 30
29 32
29 34
29 35
29 36
29 37
29 39
29 41
29 44
29 45
29 49
29 51
29 54
29 57
29 58
29 62
29 64
29 68
29 69
29 70
29 73
29 74
29 76
29 81
29 82
29 83
29 84
29 85
29 86
29 87
29 90
29 92
29 93
29 95
29 96
29 99
30 33
30 36
30 37
30 38
30 41
30 42
30 45
30 47
30 49
30 54
30 55
30 56
30 58
30 59
30 60
30 61
30 62
30 64
30 69
30 71
30 77
30 79
30 80
30 81
30 82
30 84
30 85
30 86
30 87
30 88
30 91
30 92
30 93
30 99
31 34
31 35
31 37
31 38
31 41
31 47
31 48
31 49
31 50
31 51
31 52
31 56
31 57
31 59
31 60
31 62
31 64
31 66
31 73
31 74
31 76
31 79
31 81
31 82
31 88
31 90
31 92
31 93
31 95
31 96
31 99
32 35
32 37
32 40
32 43
32 45
32 46
32 47
32 50
32 51
32 54
32 55
32 65
32 66
32 68
32 71
32 72
32 73
32 75
32 77
32 79
32 82
32 86
32 87
32 88
32 92
32 94
32 95
32 97
32 99
33 34
33 35
33 36
33 38
33 41
33 42
33 43
33 45
33 49
33 50
33 53
33 55
33 56
33 59
33 62
33 65
33 68
33 69
33 71
33 76
33 77
33 80
33 82
33 83
33 84
33 86
33 88
33 90
33 91
33 92
33 93
33 96
33 98
34 36
34 37
34 41
34 42
34 44
34 47
34 49
34 50
34 51
34 53
34 56
34 57
34 61
34 63
34 65
34 66
34 67
34 68
34 70
34 72
34 73
34 74
34 75
34 76
34 80
34 81
34 82
34 83
34 84
34 86
34 87
34 88
34 90
34 96
34 99
35 36
35 37
35 39
35 40
35 44
35 45
35 46
35 49
35 54
35 56
35 57
35 59
35 61
35 63
35 65
35 66
35 68
35 69
35 72
35 74
35 75
35 77
35 79
35 81
35 84
35 85
35 87
35 89
35 90
35 91
35 96
35 99
36 37
36 38
36 39
36 40
36 44
36 45
36 47
36 49
36 52
36 54
36 57
36 59
36 60
36 65
36 66
36 67
36 71
36 73
36 77
36 78
36 79
36 81
36 82
36 83
36 84
36 85
36 87
36 91
36 92
36 93
36 94
36 95
36 97
36 99
37 40
37 41
37 43
37 46
37 47
37 48
37 49
37 51
37 55
37 56
37 57
37 60
37 61
37 62
37 65
37 69
37 72
37 75
37 77
37 78
37 79
37 83
37 84
37 85
37 86
37 88
37 90
37 91
37 92
37 93
37 96
37 97
37 98
37 99
38 40
38 41
38 42
38 44
38 45
38 46
38 48
38 53
38 54
38 58
38 62
38 64
38 65
38 66
38 67
38 68
38 69
38 70
38 73
38 74
38 75
38 77
38 78
38 81
38 85
38 87
38 88
38 91
38 92
38 95
38 96
38 99
39 42
39 44
39 46
39 47
39 48
39 52
39 54
39 55
39 57
39 58
39 64
39 67
39 68
39 70
39 72
39 77
39 82
39 84
39 85
39 86
39 87
39 89
39 90
39 91
39 94
39 95
39 96
39 97
39 98
39 99
40 41
40 43
40 44
40 48
40 49
40 50
40 51
40 54
40 57
40 60
40 62
40 63
40 64
40 65
40 70
40 73
40 74
40 75
40 76
40 77
40 80
40 83
40 85
40 86
40 87
40 90
40 91
40 94
40 95
40 96
40 98
41 42
41 43
41 46
41 49
41 50
41 51
41 52
41 53
41 54
41 56
41 58
41 60
41 62
41 64
41 65
41 67
41 68
41 71
41 72
41 75
41 76
41 78
41 80
41 86
41 91
41 92
41 93
41 94
41 95
42 43
42 44
42 45
42 47
42 48
42 49
42 51
42 57
42 58
42 59
42 60
42 61
42 62
42 63
42 69
42 71
42 74
42 76
42 78
42 80
42 81
42 82
42 83
42 84
42 87
42 88
42 91
42 92
42 93
42 94
42 95
42 97
42 98
43 44
43 45
43 48
43 52
43 55
43 57
43 58
43 60
43 61
43 63
43 64
43 67
43 68
43 69
43 70
43 73
43 74
43 75
43 76
43 77
43 78
43 82
43 87
43 88
43 89
43 91
43 93
43 96
43 97
43 98
44 45
44 46
44 47
44 48
44 49
44 51
44 52
44 56
44 58
44 59
44 60
44 62
44 63
44 65
44 66
44 67
44 73
44 74
44 75
44 76
44 77
44 78
44 79
44 80
44 82
44 83
44 84
44 85
44 86
44 94
44 95
44 96
44 97
44 98
44 99
45 47
45 49
45 51
45 53
45 54
45 56
45 57
45 58
45 59
45 60
45 62
45 63
45 64
45 66
45 67
45 68
45 70
45 72
45 74
45 76
45 77
45 79
45 80
45 83
45 86
45 88
45 91
45 95
45 99
46 48
46 49
46 50
46 51
46 52
46 53
46 55
46 56
46 57
46 58
46 59
46 60
46 64
46 65
46 66
46 73
46 75
46 76
46 78
46 79
46 81
46 82
46 83
46 84
46 85
46 89
46 90
46 91
46 95
46 99
47 48
47 49
47 50
47 51
47 55
47 56
47 57
47 61
47 63
47 64
47 67
47 74
47 75
47 76
47 79
47 80
47 81
47 85
47 86
47 87
47 88
47 89
47 90
47 93
47 94
47 99
48 49
48 52
48 58
48 59
48 60
48 62
48 63
48 64
48 67
48 68
48 70
48 72
48 75
48 79
48 82
48 83
48 84
48 85
48 86
48 87
48 90
48 93
48 94
48 96
48 98
48 99
49 55
49 56
49 58
49 59
49 63
49 65
49 66
49 69
49 72
49 73
49 74
49 76
49 79
49 80
49 81
49 82
49 84
49 85
49 86
49 89
49 90
49 92
49 95
49 98
50 52
50 53
50 54
50 57
50 60
50 61
50 63
50 64
50 68
50 70
50 73
50 74
50 78
50 79
50 80
50 81
50 82
50 84
50 85
50 86
50 88
50 93
50 95
50 96
50 99
51 53
51 55
51 58
51 61
51 65
51 66
51 69
51 75
51 76
51 79
51 81
51 82
51 83
51 85
51 87
51 90
51 91
51 92
51 94
51 95
51 98
51 99
52 53
52 56
52 57
52 59
52 61
52 62
52 63
52 66
52 69
52 70
52 71
52 76
52 77
52 82
52 85
52 86
52 89
52 90
52 91
52 92
52 94
52 95
52 96
52 97
52 99
53 54
53 58
53 61
53 62
53 65
53 66
53 70
53 71
53 75
53 77
53 78
53 79
53 80
53 81
53 82
53 86
53 88
53 89
53 90
53 92
53 96
53 98
54 55
54 56
54 57
54 59
54 60
54 63
54 65
54 67
54 68
54 69
54 71
54 73
54 74
54 76
54 77
54 78
54 80
54 81
54 83
54 84
54 85
54 86
54 90
54 92
54 96
54 97
54 98
54 99
55 56
55 57
55 58
55 59
55 61
55 63
55 66
55 68
55 73
55 74
55 78
55 80
55 82
55 83
55 84
55 85
55 88
55 89
55 90
55 91
55 93
55 96
55 97
55 98
55 99
56 58
56 60
56 61
56 63
56 68
56 73
56 78
56 81
56 82
56 83
56 93
56 95
56 97
57 59
57 60
57 61
57 63
57 65
57 66
57 68
57 70
57 72
57 73
57 74
57 75
57 76
57 78
57 80
57 82
57 84
57 85
57 86
57 94
57 95
57 96
57 98
57 99
58 59
58 60
58 62
58 63
58 64
58 67
58 68
58 70
58 71
58 72
58 73
58 74
58 76
58 77
58 78
58 80
58 82
58 84
58 86
58 87
58 90
58 92
58 93
58 94
58 95
58 97
59 60
59 62
59 66
59 67
59 68
59 70
59 73
59 75
59 76
59 80
59 81
59 84
59 87
59 88
59 89
59 98
60 62
60 63
60 64
60 65
60 66
60 68
60 70
60 73
60 76
60 77
60 81
60 82
60 86
60 89
60 90
60 91
60 92
60 93
60 94
60 98
60 99
61 63
61 65
61 66
61 67
61 68
61 71
61 73
61 74
61 77
61 80
61 81
61 83
61 88
61 90
61 92
61 94
61 95
61 96
61 97
62 65
62 66
62 69
62 70
62 71
62 72
62 73
62 75
62 77
62 78
62 79
62 80
62 82
62 83
62 84
62 87
62 88
62 90
62 91
62 93
62 94
62 95
62 96
62 97
62 98
62 99
63 65
63 66
63 68
63 69
63 70
63 71
63 72
63 76
63 77
63 80
63 81
63 82
63 84
63 85
63 88
63 93
63 94
63 98
64 66
64 67
64 70
64 71
64 74
64 76
64 78
64 79
64 80
64 81
64 82
64 83
64 84
64 88
64 89
64 92
64 94
64 95
64 96
64 97
64 98
65 75
65 78
65 81
65 93
65 98
65 99
66 67
66 70
66 71
66 72
66 75
66 82
66 87
66 88
66 91
66 92
66 94
66 95
66 96
67 68
67 70
67 72
67 74
67 76
67 77
67 80
67 81
67 83
67 84
67 85
67 86
67 88
67 89
67 91
67 92
67 93
67 94
67 95
67 96
67 97
68 69
68 72
68 73
68 76
68 77
68 80
68 81
68 83
68 84
68 85
68 86
68 91
68 92
68 95
68 96
68 97
68 98
69 70
69 71
69 72
69 77
69 79
69 83
69 85
69 90
69 91
69 94
69 97
69 98
69 99
70 71
70 73
70 74
70 76
70 79
70 80
70 82
70 85
70 86
70 88
70 96
70 97
70 98
71 72
71 73
71 75
71 76
71 78
71 79
71 80
71 82
71 86
71 88
71 89
71 90
71 91
71 93
71 98
71 99
72 73
72 74
72 80
72 82
72 85
72 86
72 87
72 88
72 89
72 91
72 92
72 94
72 96
73 79
73 82
73 83
73 84
73 85
73 86
73 87
73 88
73 89
73 93
73 94
73 96
73 98
74 75
74 81
74 84
74 85
74 87
74 89
74 90
74 91
74 94
74 95
74 96
74 98
74 99
75 76
75 78
75 79
75 82
75 83
75 85
75 92
75 93
75 95
75 96
75 98
75 99
76 79
76 81
76 84
76 87
76 88
76 89
76 92
76 94
76 96
76 97
76 99
77 80
77 82
77 85
77 90
77 95
77 98
78 82
78 84
78 86
78 87
78 89
78 92
78 93
78 95
78 97
78 98
78 99
79 80
79 81
79 82
79 83
79 84
79 85
79 87
79 88
79 89
79 90
79 95
79 97
80 83
80 86
80 88
80 90
80 92
80 94
80 98
80 99
81 83
81 84
81 85
81 86
81 88
81 95
81 96
81 97
81 98
81 99
82 84
82 85
82 86
82 88
82 89
82 91
82 94
82 95
82 99
83 84
83 85
83 89
83 90
83 92
83 93
84 85
84 89
84 90
84 91
84 96
84 98
85 86
85 87
85 88
85 89
85 90
85 94
85 95
86 88
86 89
86 91
86 94
86 95
86 96
86 97
86 99
87 88
87 90
87 93
87 94
87 98
88 90
88 94
88 95
88 97
88 98
89 92
89 94
89 95
89 96
89 99
90 93
90 96
90 97
91 94
91 95
91 99
92 94
92 95
92 96
93 94
93 95
93 96
93 97
93 98
93 99
94 95
94 96
94 98
94 99
95 96
95 97
95 98
96 98
96 99
98 99
