0 2
0 3
0 6
0 8
0 9
0 12
0 15
0 16
0 17
0 20
0 22
0 25
0 26
0 29
0 37
0 41
0 43
0 45
0 47
0 48
0 49
0 50
0 53
0 56
0 57
0 58
0 60
0 61
0 62
0 64
0 69
0 73
0 78
0 79
0 83
0 84
0 86
0 87
0 89
0 92
0 93
0 94
0 97
0 98
0 99
1 2
1 3
1 5
1 6
1 8
1 10
1 12
1 17
1 21
1 22
1 23
1 24
1 25
1 26
1 28
1 29
1 33
1 34
1 36
1 40
1 42
1 44
1 45
1 46
1 47
1 48
1 50
1 52
1 53
1 54
1 55
1 56
1 57
1 58
1 62
1 67
1 68
1 69
1 72
1 73
1 78
1 79
1 80
1 81
1 86
1 87
1 88
1 90
1 91
1 92
1 93
1 95
1 97
1 98
1 99
2 5
2 6
2 8
2 10
2 11
2 12
2 15
2 16
2 17
2 18
2 20
2 21
2 22
2 28
2 31
2 34
2 35
2 36
2 37
2 38
2 39
2 40
2 41
2 42
2 43
2 44
2 48
2 52
2 53
2 55
2 56
2 58
2 60
2 63
2 64
2 67
2 68
2 69
2 73
2 74
2 76
2 77
2 78
2 79
2 80
2 85
2 86
2 87
2 88
2 89
2 92
2 94
2 99
3 7
3 9
3 10
3 11
3 14
3 16
3 18
3 21
3 23
3 26
3 27
3 29
3 30
3 31
3 33
3 35
3 36
3 38
3 40
3 42
3 43
3 44
3 45
3 49
3 51
3 53
3 55
3 56
3 58
3 59
3 60
3 63
3 64
3 67
3 68
3 72
3 74
3 75
3 78
3 80
3 81
3 82
3 83
3 84
3 85
3 90
3 92
3 95
3 98
3 99
4 5
4 6
4 7
4 9
4 10
4 12
4 14
4 15
4 17
4 18
4 19
4 20
4 22
4 26
4 28
4 29
4 32
4 36
4 37
4 42
4 43
4 44
4 48
4 49
4 50
4 53
4 54
4 55
4 58
4 60
4 61
4 62
4 63
4 65
4 67
4 68
4 69
4 70
4 71
4 72
4 73
4 74
4 75
4 78
4 80
4 81
4 82
4 84
4 86
4 87
4 88
4 89
4 91
4 92
4 93
4 95
4 96
4 97
4 98
4 99
5 6
5 7
5 9
5 11
5 12
5 14
5 15
5 18
5 20
5 21
5 22
5 28
5 30
5 33
5 37
5 38
5 39
5 40
5 41
5 42
5 43
5 44
5 46
5 48
5 52
5 53
5 55
5 57
5 58
5 61
5 66
5 69
5 70
5 71
5 72
5 73
5 75
5 76
5 78
5 79
5 81
5 82
5 83
5 85
5 86
5 87
5 93
5 94
5 98
6 8
6 13
6 14
6 16
6 17
6 19
6 21
6 22
6 24
6 30
6 31
6 36
6 38
6 39
6 41
6 43
6 45
6 46
6 49
6 50
6 51
6 52
6 53
6 55
6 60
6 61
6 64
6 66
6 70
6 73
6 75
6 76
6 77
6 78
6 79
6 85
6 86
6 87
6 90
6 92
6 97
6 98
6 99
7 9
7 11
7 14
7 17
7 18
7 19
7 20
7 22
7 23
7 24
7 26
7 27
7 34
7 36
7 39
7 40
7 41
7 42
7 43
7 48
7 49
7 52
7 56
7 58
7 60
7 61
7 62
7 63
7 66
7 68
7 69
7 73
7 74
7 75
7 80
7 83
7 85
7 88
7 92
7 96
7 98
7 99
8 9
8 10
8 11
8 13
8 14
8 15
8 16
8 17
8 21
8 22
8 26
8 28
8 29
8 30
8 32
8 34
8 36
8 38
8 41
8 42
8 43
8 44
8 46
8 51
8 53
8 54
8 56
8 58
8 60
8 61
8 62
8 65
8 71
8 73
8 77
8 78
8 80
8 82
8 84
8 86
8 90
8 91
8 96
8 98
9 12
9 13
9 15
9 16
9 18
9 19
9 20
9 22
9 23
9 25
9 26
9 29
9 32
9 34
9 38
9 39
9 42
9 44
9 46
9 49
9 50
9 52
9 55
9 62
9 64
9 65
9 72
9 74
9 76
9 77
9 79
9 81
9 82
9 83
9 84
9 85
9 87
9 89
9 91
9 92
9 94
9 97
9 99
10 13
10 15
10 16
10 22
10 26
10 27
10 32
10 34
10 35
10 36
10 37
10 38
10 40
10 46
10 47
10 48
10 49
10 52
10 54
10 55
10 56
10 58
10 60
10 62
10 63
10 64
10 65
10 66
10 67
10 68
10 72
10 73
10 75
10 76
10 77
10 78
10 79
10 82
10 83
10 86
10 89
10 90
10 91
10 92
10 93
10 94
10 95
10 96
10 98
11 16
11 18
11 19
11 20
11 22
11 23
11 24
11 25
11 26
11 28
11 30
11 31
11 34
11 38
11 41
11 42
11 43
11 49
11 55
11 61
11 62
11 63
11 65
11 69
11 70
11 71
11 72
11 74
11 77
11 78
11 79
11 80
11 81
11 84
11 85
11 89
11 90
11 93
11 94
11 96
11 98
12 13
12 15
12 16
12 17
12 22
12 24
12 26
12 28
12 31
12 33
12 36
12 38
12 39
12 40
12 43
12 44
12 45
12 47
12 49
12 53
12 56
12 57
12 61
12 62
12 63
12 65
12 66
12 69
12 70
12 72
12 75
12 79
12 80
12 82
12 83
12 84
12 87
12 90
12 92
12 93
12 96
13 14
13 15
13 17
13 19
13 20
13 23
13 26
13 27
13 29
13 31
13 32
13 34
13 35
13 36
13 39
13 40
13 43
13 44
13 45
13 46
13 47
13 48
13 49
13 51
13 53
13 56
13 57
13 58
13 61
13 63
13 66
13 67
13 75
13 76
13 77
13 78
13 79
13 84
13 86
13 90
13 92
13 93
13 96
13 98
13 99
14 15
14 16
14 17
14 19
14 21
14 22
14 24
14 26
14 27
14 33
14 34
14 35
14 36
14 37
14 40
14 45
14 46
14 47
14 49
14 50
14 54
14 55
14 56
14 60
14 64
14 65
14 68
14 73
14 74
14 79
14 81
14 82
14 84
14 88
14 89
14 90
14 91
14 92
14 93
14 95
14 96
14 98
15 20
15 22
15 25
15 26
15 27
15 29
15 32
15 33
15 34
15 35
15 40
15 41
15 42
15 43
15 45
15 47
15 49
15 51
15 53
15 54
15 55
15 58
15 59
15 60
15 61
15 63
15 65
15 68
15 72
15 73
15 74
15 75
15 76
15 78
15 79
15 80
15 81
15 82
15 83
15 84
15 89
15 90
15 91
15 93
15 95
15 97
15 99
16 17
16 18
16 21
16 25
16 26
16 27
16 29
16 31
16 33
16 37
16 39
16 42
16 44
16 45
16 47
16 50
16 51
16 53
16 54
16 56
16 58
16 60
16 61
16 66
16 69
16 70
16 71
16 74
16 75
16 76
16 79
16 80
16 81
16 82
16 83
16 87
16 88
16 90
16 92
16 94
16 96
16 99
17 18
17 19
17 20
17 25
17 28
17 29
17 30
17 31
17 33
17 39
17 44
17 46
17 47
17 48
17 52
17 57
17 59
17 60
17 61
17 63
17 64
17 66
17 67
17 69
17 70
17 72
17 73
17 75
17 76
17 77
17 82
17 84
17 88
17 89
17 90
17 91
17 94
17 96
17 97
17 98
18 19
18 20
18 21
18 22
18 24
18 27
18 28
18 31
18 37
18 40
18 42
18 44
18 45
18 46
18 50
18 51
18 52
18 57
18 60
18 61
18 62
18 63
18 66
18 68
18 70
18 73
18 75
18 76
18 77
18 78
18 79
18 80
18 81
18 82
18 87
18 88
18 90
18 94
18 96
18 97
18 98
18 99
19 23
19 24
19 25
19 26
19 27
19 30
19 32
19 34
19 35
19 37
19 38
19 40
19 45
19 48
19 49
19 52
19 53
19 55
19 58
19 60
19 61
19 62
19 63
19 65
19 69
19 70
19 72
19 75
19 76
19 78
19 81
19 85
19 87
19 89
19 90
19 94
19 95
19 97
19 99
20 21
20 22
20 23
20 25
20 26
20 29
20 32
20 33
20 35
20 36
20 39
20 40
20 41
20 42
20 43
20 48
20 49
20 50
20 51
20 53
20 55
20 56
20 60
20 61
20 62
20 64
20 65
20 66
20 67
20 68
20 70
20 71
20 72
20 73
20 74
20 75
20 76
20 80
20 82
20 83
20 85
20 86
20 88
20 89
20 91
20 95
20 96
20 99
21 23
21 25
21 26
21 28
21 32
21 33
21 35
21 36
21 37
21 38
21 41
21 42
21 44
21 45
21 50
21 53
21 55
21 56
21 58
21 59
21 61
21 64
21 65
21 66
21 67
21 68
21 73
21 74
21 75
21 77
21 79
21 80
21 84
21 86
21 87
21 90
21 91
21 92
21 94
21 95
21 96
22 23
22 25
22 26
22 27
22 28
22 29
22 31
22 34
22 36
22 37
22 38
22 39
22 41
22 42
22 43
22 44
22 47
22 49
22 50
22 51
22 52
22 54
22 56
22 59
22 60
22 61
22 63
22 64
22 65
22 66
22 67
22 68
22 72
22 73
22 78
22 80
22 83
22 84
22 85
22 86
22 87
22 88
22 90
22 93
22 96
23 24
23 26
23 31
23 33
23 35
23 38
23 39
23 41
23 43
23 46
23 47
23 48
23 51
23 59
23 61
23 65
23 66
23 71
23 74
23 76
23 77
23 78
23 80
23 82
23 84
23 86
23 88
23 89
23 91
23 95
23 96
23 98
23 99
24 28
24 31
24 34
24 35
24 37
24 38
24 39
24 40
24 41
24 42
24 43
24 45
24 46
24 47
24 54
24 57
24 58
24 60
24 64
24 65
24 66
24 68
24 69
24 71
24 72
24 74
24 76
24 78
24 79
24 81
24 84
24 88
24 89
24 91
24 93
24 94
24 95
24 99
25 26
25 28
25 29
25 32
25 34
25 36
25 38
25 40
25 42
25 43
25 45
25 46
25 47
25 48
25 50
25 54
25 57
25 58
25 60
25 63
25 64
25 66
25 67
25 71
25 72
25 75
25 76
25 77
25 78
25 79
25 80
25 81
25 82
25 84
25 87
25 88
25 95
25 96
25 98
25 99
26 28
26 31
26 33
26 34
26 35
26 40
26 42
26 45
26 46
26 47
26 49
26 54
26 55
26 57
26 58
26 60
26 64
26 66
26 67
26 71
26 72
26 74
26 75
26 80
26 83
26 87
26 90
26 94
26 97
26 98
27 28
27 29
27 30
27 31
27 33
27 37
27 38
27 40
27 42
27 43
27 45
27 46
27 50
27 52
27 55
27 59
27 60
27 61
27 62
27 65
27 67
27 69
27 70
27 76
27 78
27 79
27 80
27 82
27 85
27 87
27 90
27 91
27 92
27 93
27 95
27 96
27 98
28 29
28 30
28 32
28 33
28 35
28 37
28 41
28 43
28 44
28 45
28 48
28 50
28 52
28 54
28 55
28 56
28 57
28 62
28 63
28 74
28 76
28 84
28 85
28 86
28 87
28 88
28 89
28 90
28 91
28 92
28 95
28 97
28 99
29 30
29 31
29 35
29 36
29 37
29 40
29 41
29 45
29 47
29 48
29 50
29 51
29 52
29 53
29 54
29 59
29 61
29 63
29 67
29 68
29 70
29 71
29 76
29 78
29 79
29 80
29 81
29 82
29 83
29 84
29 85
29 86
29 89
29 91
29 92
29 94
29 95
29 96
29 97
29 98
30 31
30 32
30 35
30 36
30 38
30 39
30 42
30 43
30 44
30 45
30 51
30 52
30 56
30 58
30 61
30 62
30 65
30 67
30 70
30 76
30 77
30 81
30 82
30 83
30 84
30 87
30 88
30 89
30 90
30 91
30 93
30 94
30 95
30 96
31 33
31 38
31 43
31 44
31 50
31 51
31 54
31 55
31 58
31 60
31 61
31 63
31 64
31 65
31 66
31 67
31 69
31 72
31 73
31 74
31 75
31 76
31 79
31 80
31 81
31 83
31 84
31 89
31 90
31 92
31 95
31 98
31 99
32 33
32 35
32 37
32 38
32 44
32 45
32 46
32 50
32 53
32 55
32 56
32 57
32 58
32 59
32 60
32 61
32 62
32 65
32 66
32 68
32 69
32 71
32 72
32 74
32 75
32 77
32 78
32 79
32 83
32 84
32 87
32 89
32 90
32 92
32 93
32 97
33 34
33 38
33 39
33 41
33 45
33 46
33 47
33 49
33 52
33 55
33 57
33 58
33 59
33 60
33 62
33 64
33 65
33 66
33 70
33 72
33 73
33 77
33 78
33 79
33 81
33 82
33 84
33 85
33 88
33 90
33 94
33 98
34 36
34 37
34 38
34 40
34 41
34 42
34 43
34 45
34 46
34 47
34 49
34 50
34 52
34 53
34 56
34 57
34 58
34 61
34 63
34 64
34 67
34 68
34 71
34 74
34 75
34 76
34 79
34 80
34 81
34 82
34 85
34 86
34 89
34 93
34 94
34 97
35 36
35 37
35 38
35 39
35 40
35 41
35 42
35 44
35 46
35 47
35 50
35 51
35 55
35 60
35 61
35 64
35 65
35 68
35 69
35 73
35 74
35 80
35 82
35 83
35 84
35 85
35 86
35 87
35 88
35 92
35 97
35 98
36 40
36 41
36 47
36 53
36 54
36 58
36 61
36 62
36 63
36 64
36 65
36 66
36 69
36 70
36 74
36 75
36 76
36 77
36 78
36 81
36 83
36 84
36 85
36 86
36 87
36 88
36 89
36 92
36 94
36 96
36 98
36 99
37 40
37 42
37 44
37 46
37 47
37 48
37 49
37 50
37 52
37 53
37 54
37 60
37 63
37 65
37 66
37 67
37 73
37 74
37 75
37 76
37 77
37 78
37 79
37 80
37 84
37 85
37 87
37 88
37 89
37 94
37 97
37 98
38 40
38 43
38 47
38 48
38 49
38 51
38 53
38 55
38 56
38 57
38 59
38 60
38 61
38 64
38 66
38 68
38 69
38 70
38 74
38 77
38 78
38 89
38 90
38 94
38 95
38 98
39 40
39 44
39 45
39 47
39 50
39 51
39 52
39 53
39 54
39 58
39 60
39 61
39 62
39 64
39 68
39 70
39 71
39 72
39 73
39 74
39 76
39 78
39 79
39 81
39 85
39 87
39 88
39 91
39 92
39 94
39 98
39 99
40 41
40 42
40 43
40 44
40 45
40 46
40 51
40 53
40 59
40 61
40 62
40 63
40 65
40 68
40 71
40 73
40 74
40 86
40 87
40 88
40 90
40 92
40 96
40 99
41 45
41 47
41 53
41 55
41 56
41 57
41 59
41 63
41 64
41 68
41 70
41 72
41 73
41 74
41 75
41 76
41 79
41 80
41 81
41 85
41 87
41 88
41 91
41 92
41 94
41 95
41 98
41 99
42 43
42 44
42 47
42 48
42 50
42 53
42 56
42 57
42 61
42 62
42 63
42 67
42 68
42 70
42 71
42 76
42 78
42 79
42 80
42 82
42 83
42 84
42 85
42 88
42 92
42 98
43 44
43 47
43 50
43 53
43 54
43 58
43 59
43 61
43 64
43 65
43 66
43 67
43 68
43 71
43 73
43 75
43 76
43 79
43 82
43 87
43 88
43 89
43 90
43 91
43 93
43 96
44 46
44 47
44 49
44 50
44 54
44 57
44 59
44 60
44 64
44 68
44 71
44 72
44 73
44 74
44 78
44 79
44 81
44 82
44 84
44 86
44 87
44 89
44 90
44 91
44 92
44 93
44 95
45 46
45 50
45 51
45 52
45 53
45 57
45 58
45 59
45 61
45 62
45 65
45 68
45 70
45 76
45 78
45 80
45 82
45 83
45 85
45 86
45 88
45 92
45 95
45 96
45 97
45 98
45 99
46 47
46 50
46 51
46 52
46 53
46 54
46 55
46 56
46 58
46 59
46 61
46 65
46 66
46 68
46 69
46 70
46 72
46 73
46 75
46 76
46 77
46 81
46 83
46 84
46 85
46 86
46 88
46 90
46 91
46 93
46 95
46 96
46 97
47 50
47 53
47 55
47 57
47 59
47 60
47 61
47 62
47 63
47 66
47 67
47 68
47 71
47 74
47 78
47 81
47 82
47 84
47 94
47 98
48 49
48 52
48 59
48 60
48 67
48 68
48 69
48 71
48 73
48 74
48 75
48 76
48 86
48 88
48 89
48 90
48 91
48 92
48 96
48 97
48 99
49 51
49 56
49 58
49 59
49 61
49 63
49 67
49 68
49 70
49 72
49 73
49 74
49 76
49 77
49 79
49 82
49 83
49 85
49 86
49 87
49 89
49 90
49 91
49 93
49 96
49 97
50 53
50 54
50 55
50 56
50 58
50 59
50 60
50 63
50 64
50 65
50 66
50 70
50 74
50 75
50 76
50 81
50 82
50 83
50 85
50 87
50 88
50 89
50 90
50 91
50 93
50 94
50 95
50 96
50 97
50 98
51 53
51 55
51 58
51 60
51 61
51 62
51 66
51 69
51 70
51 71
51 72
51 74
51 75
51 76
51 77
51 78
51 80
51 81
51 82
51 84
51 87
51 88
51 89
51 91
51 92
51 93
51 94
51 96
51 98
52 54
52 57
52 59
52 60
52 63
52 64
52 65
52 68
52 70
52 71
52 73
52 77
52 78
52 88
52 89
52 92
52 95
52 96
52 98
52 99
53 54
53 57
53 58
53 60
53 61
53 62
53 63
53 64
53 67
53 72
53 73
53 74
53 75
53 78
53 79
53 80
53 81
53 82
53 86
53 87
53 89
53 90
53 91
53 92
53 94
53 97
53 98
54 55
54 57
54 59
54 62
54 65
54 66
54 69
54 70
54 72
54 73
54 77
54 81
54 83
54 84
54 85
54 86
54 87
54 88
54 90
54 91
54 92
54 95
54 97
54 98
55 56
55 58
55 59
55 62
55 65
55 70
55 72
55 73
55 74
55 76
55 77
55 79
55 80
55 81
55 83
55 84
55 85
55 86
55 88
55 90
55 91
55 92
55 93
55 98
56 57
56 60
56 61
56 62
56 64
56 66
56 67
56 68
56 70
56 71
56 74
56 75
56 77
56 78
56 81
56 82
56 83
56 84
56 86
56 87
56 90
56 95
56 96
56 97
56 98
57 58
57 59
57 60
57 61
57 64
57 65
57 66
57 67
57 68
57 71
57 72
57 73
57 75
57 76
57 77
57 78
57 79
57 81
57 83
57 85
57 86
57 87
57 89
57 91
57 92
57 94
58 63
58 64
58 65
58 66
58 68
58 70
58 71
58 73
58 74
58 80
58 81
58 82
58 83
58 86
58 90
58 92
58 93
58 94
58 95
58 97
58 98
58 99
59 60
59 63
59 64
59 67
59 68
59 72
59 73
59 74
59 76
59 79
59 81
59 82
59 85
59 86
59 88
59 89
59 90
59 94
59 95
59 96
59 99
60 61
60 62
60 64
60 67
60 69
60 74
60 75
60 76
60 77
60 78
60 79
60 81
60 82
60 83
60 86
60 87
60 90
60 91
60 92
60 94
60 95
60 96
60 99
61 64
61 65
61 68
61 70
61 76
61 78
61 80
61 82
61 84
61 86
61 87
61 90
61 91
61 92
61 94
61 95
61 98
61 99
62 63
62 66
62 67
62 68
62 69
62 71
62 73
62 74
62 78
62 79
62 81
62 84
62 85
62 87
62 89
62 92
62 93
62 94
62 96
62 99
63 64
63 66
63 67
63 71
63 72
63 74
63 75
63 76
63 77
63 79
63 81
63 82
63 83
63 88
63 90
63 94
63 95
63 96
63 97
63 98
64 65
64 66
64 68
64 70
64 71
64 75
64 79
64 80
64 81
64 83
64 84
64 86
64 88
64 89
64 92
64 93
64 95
64 96
64 97
65 68
65 70
65 72
65 73
65 74
65 76
65 77
65 81
65 82
65 83
65 85
65 87
65 90
65 93
65 95
65 97
66 69
66 71
66 73
66 74
66 77
66 78
66 79
66 82
66 83
66 85
66 89
66 94
66 96
66 97
66 99
67 68
67 73
67 74
67 75
67 76
67 78
67 84
67 85
67 90
67 91
67 92
67 95
67 96
68 69
68 70
68 73
68 74
68 75
68 83
68 84
68 85
68 89
68 90
68 92
68 93
68 95
68 96
68 97
69 71
69 73
69 74
69 75
69 76
69 77
69 79
69 84
69 90
69 91
69 92
69 93
69 94
69 95
69 96
69 97
69 98
70 75
70 79
70 81
70 84
70 86
70 88
70 89
70 92
70 95
70 96
70 98
70 99
71 72
71 76
71 78
71 79
71 80
71 81
71 86
71 88
71 89
71 92
71 93
71 94
71 95
71 96
72 76
72 78
72 79
72 80
72 82
72 84
72 85
72 91
72 94
72 95
72 97
72 99
73 74
73 76
73 84
73 90
73 95
73 99
74 75
74 76
74 77
74 79
74 81
74 84
74 85
74 88
74 89
74 91
74 93
74 95
74 97
74 99
75 77
75 80
75 81
75 82
75 83
75 84
75 85
75 87
75 88
75 89
75 92
75 94
75 95
75 97
75 98
76 80
76 81
76 82
76 83
76 84
76 85
76 94
76 95
76 97
76 99
77 78
77 81
77 82
77 85
77 86
77 88
77 94
78 79
78 80
78 84
78 85
78 92
78 93
78 94
78 96
78 98
79 83
79 84
79 86
79 87
79 89
79 90
79 91
79 92
79 93
79 95
79 96
80 81
80 85
80 86
80 88
80 92
80 96
80 98
81 82
81 85
81 86
81 88
81 90
81 91
81 93
81 94
81 96
81 98
82 83
82 84
82 85
82 86
82 88
82 89
82 90
82 95
82 98
83 84
83 85
83 86
83 88
83 89
83 93
83 95
84 87
84 90
84 95
84 96
84 97
85 87
85 90
85 91
85 96
85 98
85 99
86 87
86 88
86 90
86 93
86 94
86 97
86 99
87 91
87 94
87 96
87 98
88 89
88 95
88 98
88 99
89 92
89 93
90 91
90 92
90 94
90 96
90 98
91 96
91 99
92 93
92 94
92 97
93 99
94 95
94 97
95 96
95 97
95 98
98 99
