0 3
0 4
0 8
0 10
0 11
0 13
0 14
0 15
0 16
0 21
0 24
0 26
0 27
0 30
0 32
0 33
0 35
0 38
0 39
0 41
0 42
0 43
0 46
0 47
0 48
0 51
0 52
0 53
0 54
0 55
0 56
0 57
0 60
0 61
0 64
0 65
0 66
0 68
0 70
0 71
0 72
0 74
0 75
0 76
0 79
0 81
0 84
0 86
0 88
0 91
0 92
0 94
0 95
0 99
1 2
1 3
1 4
1 6
1 10
1 12
1 14
1 17
1 18
1 19
1 26
1 31
1 33
1 36
1 40
1 47
1 48
1 49
1 52
1 53
1 54
1 57
1 58
1 59
1 60
1 62
1 63
1 67
1 69
1 71
1 72
1 73
1 75
1 78
1 79
1 80
1 81
1 85
1 89
1 90
1 92
1 94
1 98
2 6
2 8
2 12
2 14
2 18
2 19
2 24
2 28
2 31
2 35
2 42
2 47
2 48
2 55
2 56
2 57
2 60
2 61
2 62
2 63
2 64
2 67
2 68
2 69
2 72
2 77
2 82
2 83
2 87
2 88
2 89
2 91
2 93
2 94
2 95
2 96
2 97
3 4
3 6
3 8
3 9
3 10
3 11
3 12
3 13
3 14
3 16
3 19
3 21
3 23
3 26
3 29
3 35
3 36
3 39
3 46
3 47
3 49
3 50
3 52
3 55
3 58
3 60
3 61
3 62
3 63
3 65
3 67
3 68
3 70
3 71
3 72
3 74
3 76
3 79
3 80
3 81
3 82
3 83
3 87
3 89
3 92
3 94
3 95
3 96
3 97
3 99
4 6
4 8
4 9
4 13
4 14
4 17
4 20
4 22
4 23
4 27
4 29
4 33
4 38
4 39
4 41
4 42
4 43
4 45
4 46
4 47
4 48
4 56
4 58
4 61
4 62
4 64
4 65
4 68
4 69
4 72
4 73
4 75
4 77
4 78
4 81
4 82
4 83
4 85
4 87
4 89
4 91
4 95
4 96
4 97
4 98
5 7
5 10
5 11
5 12
5 14
5 15
5 16
5 18
5 19
5 23
5 24
5 25
5 27
5 29
5 31
5 32
5 35
5 41
5 42
5 45
5 48
5 49
5 52
5 54
5 55
5 56
5 57
5 59
5 62
5 64
5 66
5 67
5 68
5 70
5 71
5 76
5 77
5 78
5 80
5 81
5 84
5 85
5 86
5 89
5 92
5 94
5 95
5 96
5 99
6 8
6 11
6 12
6 13
6 14
6 15
6 17
6 18
6 20
6 21
6 24
6 25
6 26
6 27
6 30
6 32
6 34
6 40
6 45
6 46
6 47
6 51
6 53
6 59
6 61
6 63
6 64
6 66
6 68
6 69
6 71
6 72
6 74
6 76
6 77
6 80
6 84
6 87
6 89
6 98
7 9
7 10
7 11
7 14
7 16
7 17
7 18
7 19
7 21
7 22
7 23
7 24
7 25
7 26
7 27
7 28
7 30
7 32
7 34
7 36
7 42
7 43
7 44
7 45
7 46
7 47
7 51
7 52
7 53
7 55
7 56
7 58
7 59
7 63
7 64
7 65
7 70
7 72
7 75
7 77
7 78
7 79
7 80
7 81
7 82
7 84
7 86
7 88
7 89
7 91
7 93
7 96
7 97
7 99
8 10
8 15
8 17
8 18
8 19
8 20
8 25
8 30
8 35
8 37
8 38
8 39
8 41
8 43
8 44
8 45
8 46
8 47
8 51
8 53
8 57
8 60
8 67
8 68
8 70
8 72
8 75
8 76
8 78
8 83
8 85
8 86
8 87
8 88
8 90
8 93
8 94
8 95
8 96
8 97
8 98
9 10
9 11
9 12
9 13
9 19
9 20
9 22
9 23
9 24
9 25
9 26
9 31
9 33
9 34
9 35
9 37
9 39
9 40
9 43
9 46
9 47
9 49
9 51
9 54
9 57
9 62
9 65
9 66
9 67
9 68
9 70
9 71
9 74
9 75
9 76
9 77
9 79
9 83
9 84
9 85
9 86
9 88
9 89
9 94
9 95
9 96
9 97
9 98
9 99
10 15
10 18
10 20
10 23
10 24
10 26
10 28
10 30
10 31
10 32
10 34
10 37
10 38
10 39
10 40
10 46
10 47
10 48
10 52
10 54
10 55
10 58
10 60
10 61
10 62
10 63
10 64
10 67
10 69
10 70
10 71
10 73
10 76
10 77
10 81
10 84
10 85
10 87
10 91
10 94
10 96
10 97
11 13
11 17
11 18
11 23
11 24
11 30
11 32
11 33
11 34
11 35
11 36
11 37
11 39
11 40
11 41
11 43
11 44
11 48
11 49
11 50
11 53
11 54
11 58
11 59
11 61
11 63
11 65
11 66
11 67
11 70
11 71
11 74
11 82
11 84
11 86
11 87
11 88
11 93
11 96
11 97
12 13
12 14
12 15
12 19
12 22
12 24
12 25
12 26
12 27
12 28
12 29
12 31
12 32
12 41
12 42
12 43
12 44
12 46
12 47
12 48
12 51
12 53
12 54
12 56
12 58
12 63
12 64
12 66
12 71
12 72
12 80
12 81
12 83
12 84
12 86
12 87
12 89
12 90
12 93
12 96
12 97
12 98
12 99
13 14
13 15
13 17
13 18
13 19
13 20
13 23
13 24
13 25
13 26
13 28
13 29
13 32
13 38
13 39
13 41
13 43
13 44
13 45
13 46
13 47
13 48
13 51
13 55
13 57
13 61
13 64
13 65
13 66
13 69
13 70
13 71
13 76
13 77
13 81
13 82
13 83
13 87
13 88
13 89
13 90
13 91
13 92
13 93
13 94
13 98
14 15
14 17
14 24
14 26
14 28
14 33
14 34
14 36
14 37
14 39
14 40
14 42
14 43
14 48
14 49
14 50
14 51
14 55
14 56
14 57
14 58
14 62
14 63
14 64
14 65
14 66
14 67
14 68
14 70
14 71
14 74
14 79
14 80
14 83
14 88
14 92
14 94
14 95
14 96
14 97
14 98
15 16
15 19
15 20
15 21
15 22
15 23
15 25
15 26
15 27
15 28
15 29
15 30
15 32
15 33
15 36
15 37
15 39
15 40
15 41
15 43
15 45
15 46
15 47
15 48
15 49
15 50
15 53
15 54
15 55
15 57
15 58
15 60
15 61
15 62
15 63
15 66
15 68
15 69
15 70
15 71
15 72
15 75
15 77
15 79
15 82
15 83
15 84
15 85
15 86
15 87
15 88
15 90
15 91
15 92
15 93
15 96
15 97
15 99
16 17
16 18
16 19
16 21
16 22
16 24
16 27
16 33
16 34
16 37
16 39
16 41
16 46
16 47
16 53
16 54
16 55
16 57
16 59
16 60
16 62
16 63
16 67
16 70
16 72
16 75
16 76
16 77
16 78
16 80
16 81
16 89
16 90
16 92
16 97
16 98
17 18
17 22
17 23
17 26
17 28
17 29
17 37
17 41
17 44
17 45
17 46
17 48
17 49
17 50
17 53
17 54
17 56
17 57
17 60
17 62
17 68
17 69
17 71
17 73
17 75
17 81
17 83
17 84
17 85
17 87
17 90
17 92
17 94
17 95
17 97
18 19
18 20
18 21
18 22
18 23
18 24
18 25
18 26
18 27
18 28
18 30
18 31
18 33
18 34
18 37
18 40
18 42
18 43
18 45
18 48
18 51
18 54
18 55
18 56
18 59
18 66
18 67
18 69
18 70
18 72
18 74
18 77
18 82
18 85
18 86
18 87
18 91
18 94
18 95
18 96
18 97
18 99
19 20
19 21
19 22
19 23
19 27
19 29
19 32
19 36
19 37
19 40
19 41
19 47
19 48
19 49
19 50
19 52
19 55
19 60
19 61
19 64
19 65
19 66
19 68
19 70
19 71
19 78
19 80
19 81
19 85
19 86
19 87
19 91
19 92
19 93
19 95
19 96
19 99
20 21
20 23
20 24
20 25
20 26
20 29
20 31
20 33
20 34
20 35
20 43
20 44
20 46
20 49
20 50
20 53
20 57
20 58
20 61
20 63
20 64
20 66
20 67
20 69
20 70
20 71
20 72
20 74
20 75
20 81
20 82
20 83
20 84
20 87
20 89
20 96
20 97
20 98
20 99
21 23
21 24
21 25
21 26
21 27
21 28
21 30
21 31
21 33
21 36
21 38
21 41
21 42
21 45
21 47
21 49
21 50
21 53
21 55
21 56
21 57
21 58
21 59
21 60
21 61
21 65
21 67
21 68
21 69
21 71
21 75
21 76
21 78
21 79
21 81
21 82
21 85
21 89
21 91
21 93
21 94
21 95
21 96
21 97
21 98
21 99
22 24
22 26
22 29
22 31
22 32
22 33
22 34
22 36
22 38
22 40
22 42
22 44
22 45
22 46
22 47
22 51
22 54
22 61
22 62
22 64
22 67
22 68
22 69
22 72
22 74
22 76
22 82
22 83
22 87
22 88
22 90
22 91
22 94
22 99
23 24
23 27
23 28
23 31
23 33
23 34
23 36
23 38
23 43
23 44
23 46
23 47
23 50
23 51
23 53
23 56
23 57
23 58
23 61
23 63
23 67
23 69
23 71
23 75
23 77
23 78
23 79
23 84
23 91
23 94
23 95
23 98
23 99
24 25
24 27
24 28
24 31
24 33
24 34
24 39
24 43
24 45
24 46
24 47
24 49
24 50
24 51
24 52
24 54
24 55
24 56
24 59
24 62
24 63
24 66
24 68
24 69
24 70
24 71
24 72
24 73
24 79
24 81
24 89
24 91
24 94
24 95
24 98
25 26
25 27
25 29
25 34
25 37
25 38
25 41
25 44
25 45
25 49
25 50
25 54
25 57
25 58
25 60
25 65
25 67
25 69
25 71
25 72
25 73
25 74
25 75
25 76
25 80
25 81
25 82
25 83
25 84
25 85
25 88
25 90
25 93
25 94
25 95
25 96
25 99
26 27
26 29
26 31
26 32
26 36
26 37
26 41
26 42
26 43
26 44
26 46
26 49
26 51
26 55
26 57
26 64
26 66
26 68
26 71
26 74
26 75
26 78
26 79
26 81
26 82
26 83
26 85
26 86
26 87
26 88
26 89
26 90
26 91
26 96
27 28
27 29
27 30
27 31
27 32
27 33
27 36
27 37
27 40
27 42
27 43
27 44
27 45
27 47
27 48
27 53
27 54
27 57
27 58
27 61
27 66
27 68
27 70
27 72
27 74
27 76
27 80
27 81
27 82
27 83
27 87
27 91
27 93
27 95
27 96
27 97
27 99
28 34
28 35
28 36
28 37
28 38
28 41
28 42
28 44
28 47
28 50
28 51
28 52
28 53
28 55
28 58
28 60
28 62
28 64
28 66
28 67
28 70
28 71
28 72
28 75
28 76
28 83
28 84
28 87
28 88
28 91
28 92
28 94
28 95
28 96
28 98
29 34
29 36
29 37
29 38
29 39
29 40
29 41
29 43
29 45
29 46
29 49
29 50
29 51
29 53
29 54
29 55
29 57
29 58
29 61
29 63
29 67
29 69
29 72
29 73
29 75
29 76
29 77
29 78
29 80
29 81
29 82
29 83
29 84
29 85
29 88
29 93
29 94
29 95
29 97
30 32
30 34
30 35
30 38
30 40
30 42
30 43
30 46
30 49
30 51
30 52
30 56
30 57
30 58
30 59
30 61
30 62
30 63
30 64
30 66
30 67
30 70
30 77
30 78
30 80
30 83
30 85
30 87
30 88
30 90
30 91
30 94
30 98
30 99
31 32
31 39
31 43
31 46
31 51
31 53
31 54
31 55
31 56
31 61
31 67
31 68
31 73
31 74
31 75
31 76
31 81
31 82
31 83
31 84
31 85
31 86
31 89
31 92
31 93
31 94
31 98
31 99
32 34
32 37
32 38
32 42
32 43
32 44
32 48
32 52
32 55
32 56
32 60
32 61
32 66
32 68
32 71
32 76
32 78
32 79
32 80
32 81
32 82
32 83
32 86
32 87
32 88
32 89
32 90
32 91
32 92
32 94
32 95
32 98
33 36
33 37
33 43
33 44
33 45
33 46
33 47
33 49
33 50
33 51
33 53
33 56
33 59
33 61
33 65
33 66
33 68
33 71
33 72
33 73
33 79
33 80
33 82
33 83
33 86
33 91
33 92
33 93
33 94
33 95
33 96
33 99
34 35
34 36
34 37
34 39
34 42
34 43
34 44
34 46
34 53
34 55
34 57
34 58
34 62
34 63
34 64
34 65
34 66
34 69
34 72
34 75
34 77
34 79
34 83
34 85
34 86
34 92
34 93
34 95
34 97
34 98
35 39
35 40
35 41
35 43
35 44
35 45
35 46
35 48
35 49
35 55
35 59
35 63
35 65
35 68
35 69
35 74
35 76
35 77
35 78
35 81
35 83
35 84
35 85
35 91
35 95
35 97
35 98
36 37
36 39
36 40
36 41
36 42
36 43
36 45
36 47
36 48
36 50
36 51
36 53
36 57
36 58
36 61
36 62
36 63
36 65
36 67
36 71
36 73
36 74
36 76
36 77
36 81
36 82
36 84
36 86
36 88
36 90
36 91
36 93
36 94
36 95
36 96
36 98
36 99
37 38
37 39
37 44
37 46
37 47
37 48
37 50
37 51
37 54
37 55
37 56
37 60
37 61
37 64
37 65
37 66
37 67
37 68
37 73
37 74
37 76
37 77
37 79
37 82
37 83
37 85
37 87
37 90
37 91
37 93
37 97
37 98
38 41
38 43
38 47
38 50
38 52
38 54
38 55
38 57
38 58
38 59
38 60
38 61
38 65
38 66
38 68
38 70
38 71
38 72
38 75
38 76
38 78
38 79
38 80
38 82
38 84
38 86
38 90
38 91
38 92
38 93
38 94
38 95
38 98
39 40
39 41
39 44
39 46
39 47
39 48
39 52
39 54
39 55
39 56
39 59
39 60
39 62
39 64
39 71
39 73
39 74
39 76
39 77
39 79
39 81
39 82
39 84
39 87
39 88
39 91
39 95
40 41
40 43
40 45
40 49
40 54
40 55
40 56
40 57
40 58
40 60
40 62
40 65
40 67
40 68
40 69
40 70
40 72
40 73
40 74
40 75
40 78
40 80
40 83
40 84
40 86
40 87
40 92
40 94
40 96
40 97
40 99
41 43
41 51
41 52
41 54
41 55
41 57
41 59
41 61
41 62
41 63
41 65
41 67
41 68
41 69
41 74
41 75
41 78
41 79
41 81
41 83
41 84
41 88
41 91
41 93
41 95
41 96
41 97
41 98
42 44
42 45
42 51
42 55
42 59
42 60
42 62
42 63
42 64
42 66
42 67
42 68
42 69
42 72
42 74
42 75
42 76
42 77
42 78
42 79
42 82
42 87
42 90
42 91
42 92
42 93
42 94
42 95
42 96
42 98
42 99
43 44
43 47
43 48
43 53
43 54
43 59
43 60
43 64
43 67
43 70
43 71
43 73
43 74
43 77
43 79
43 80
43 84
43 87
43 89
43 90
43 93
43 95
43 96
43 97
43 99
44 45
44 51
44 52
44 53
44 57
44 58
44 59
44 60
44 64
44 65
44 68
44 71
44 74
44 75
44 76
44 80
44 81
44 83
44 85
44 86
44 87
44 88
44 89
44 91
44 92
44 95
44 96
44 97
44 98
44 99
45 49
45 50
45 51
45 52
45 54
45 55
45 56
45 57
45 59
45 61
45 62
45 63
45 66
45 67
45 70
45 72
45 73
45 74
45 77
45 78
45 79
45 80
45 82
45 83
45 86
45 87
45 88
45 90
45 91
45 92
45 93
45 94
45 96
45 97
45 98
45 99
46 47
46 48
46 52
46 53
46 54
46 55
46 57
46 61
46 63
46 65
46 66
46 68
46 69
46 70
46 71
46 73
46 75
46 77
46 78
46 79
46 81
46 83
46 84
46 85
46 91
46 94
46 96
46 97
47 48
47 50
47 53
47 55
47 57
47 62
47 64
47 65
47 66
47 72
47 78
47 81
47 84
47 87
47 88
47 89
47 91
47 93
47 96
47 99
48 50
48 54
48 55
48 56
48 58
48 59
48 60
48 61
48 63
48 65
48 66
48 69
48 71
48 73
48 76
48 77
48 78
48 80
48 83
48 84
48 86
48 87
48 89
48 91
48 94
48 96
48 98
48 99
49 54
49 55
49 56
49 58
49 59
49 63
49 64
49 67
49 68
49 69
49 74
49 77
49 84
49 85
49 90
49 91
49 93
49 94
49 96
49 98
49 99
50 51
50 52
50 54
50 59
50 64
50 67
50 69
50 70
50 72
50 75
50 79
50 80
50 81
50 83
50 84
50 85
50 86
50 88
50 89
50 91
50 92
50 95
50 97
50 99
51 55
51 56
51 59
51 61
51 62
51 64
51 65
51 66
51 69
51 70
51 71
51 74
51 75
51 76
51 79
51 84
51 85
51 86
51 88
51 89
51 91
51 92
51 93
51 95
51 97
51 99
52 55
52 60
52 63
52 64
52 66
52 68
52 70
52 71
52 73
52 74
52 75
52 76
52 78
52 79
52 81
52 84
52 85
52 87
52 88
52 91
52 94
52 96
52 98
52 99
53 56
53 60
53 62
53 63
53 64
53 67
53 73
53 76
53 78
53 81
53 82
53 85
53 87
53 89
53 90
53 91
53 92
53 93
53 94
53 95
53 99
54 55
54 56
54 57
54 58
54 59
54 60
54 62
54 66
54 68
54 70
54 73
54 74
54 75
54 76
54 77
54 78
54 81
54 85
54 86
54 89
54 92
54 94
54 96
55 57
55 58
55 59
55 60
55 61
55 63
55 64
55 65
55 66
55 67
55 74
55 76
55 78
55 81
55 82
55 83
55 87
55 89
55 91
55 93
55 94
56 57
56 61
56 62
56 66
56 67
56 68
56 70
56 73
56 76
56 77
56 79
56 85
56 86
56 87
56 89
56 90
56 92
56 93
57 58
57 60
57 62
57 63
57 64
57 65
57 69
57 71
57 73
57 77
57 82
57 89
57 91
57 92
57 95
57 97
57 98
57 99
58 59
58 61
58 62
58 63
58 65
58 66
58 67
58 69
58 70
58 74
58 75
58 76
58 77
58 78
58 80
58 81
58 84
58 86
58 88
58 89
58 90
58 91
58 92
58 94
58 98
58 99
59 61
59 63
59 64
59 67
59 68
59 70
59 71
59 77
59 78
59 79
59 80
59 81
59 82
59 84
59 85
59 87
59 88
59 89
59 90
59 91
59 92
59 96
59 97
59 99
60 62
60 67
60 73
60 75
60 76
60 84
60 86
60 89
60 90
60 91
60 93
60 94
60 98
60 99
61 62
61 63
61 64
61 65
61 66
61 68
61 69
61 70
61 71
61 72
61 73
61 74
61 76
61 77
61 82
61 85
61 86
61 88
61 94
61 95
61 96
61 98
62 63
62 64
62 65
62 66
62 67
62 69
62 70
62 71
62 72
62 74
62 75
62 76
62 77
62 78
62 80
62 84
62 89
62 90
62 92
62 93
62 95
62 96
62 99
63 64
63 65
63 67
63 69
63 73
63 75
63 78
63 84
63 85
63 86
63 88
63 91
63 94
63 96
63 97
64 67
64 71
64 72
64 76
64 82
64 85
64 86
64 87
64 90
64 92
64 93
64 95
64 97
65 67
65 69
65 70
65 71
65 72
65 75
65 77
65 79
65 80
65 81
65 82
65 84
65 88
65 89
65 92
65 95
65 97
66 75
66 78
66 79
66 81
66 83
66 84
66 85
66 88
66 92
66 95
66 96
66 97
67 69
67 72
67 74
67 76
67 78
67 79
67 81
67 82
67 85
67 86
67 87
67 89
67 91
67 94
67 95
67 97
68 69
68 70
68 73
68 74
68 75
68 78
68 81
68 83
68 84
68 86
68 92
68 93
68 94
68 95
68 96
68 97
68 99
69 71
69 72
69 73
69 77
69 79
69 83
69 86
69 89
69 92
69 96
70 71
70 72
70 73
70 75
70 77
70 81
70 82
70 83
70 87
70 92
70 94
70 97
70 99
71 72
71 76
71 77
71 78
71 80
71 81
71 82
71 84
71 91
71 94
71 96
72 76
72 77
72 78
72 79
72 81
72 82
72 83
72 84
72 85
72 95
72 96
72 97
72 99
73 74
73 79
73 81
73 83
73 84
73 86
73 87
73 89
73 93
73 96
73 97
73 98
73 99
74 77
74 78
74 79
74 81
74 83
74 84
74 85
74 86
74 87
74 89
74 91
74 94
75 76
75 77
75 79
75 84
75 85
75 86
75 92
75 93
75 95
75 96
76 77
76 78
76 79
76 81
76 82
76 84
76 85
76 87
76 94
76 95
76 96
76 97
77 83
77 85
77 87
77 88
77 89
77 97
77 98
78 80
78 85
78 87
78 91
78 92
78 94
78 96
78 97
79 80
79 81
79 85
79 86
79 87
79 88
79 89
79 90
79 91
79 92
79 96
79 99
80 84
80 85
80 86
80 89
80 90
80 92
80 93
80 94
80 95
80 97
80 99
81 83
81 90
81 93
81 96
82 83
82 85
82 86
82 87
82 91
82 92
82 93
82 94
82 98
83 84
83 88
83 89
83 90
83 91
83 92
83 93
83 95
83 97
83 99
84 85
84 89
84 90
84 91
84 92
84 93
84 95
84 96
84 97
84 99
85 87
85 88
85 89
85 91
85 93
85 96
85 99
86 89
86 91
86 97
87 88
87 89
87 92
87 93
87 94
87 98
87 99
88 92
88 95
88 98
89 92
89 93
89 94
89 95
89 99
90 91
90 92
90 95
90 96
90 97
90 99
91 92
91 94
91 95
91 96
92 93
92 94
92 97
92 99
93 94
93 97
93 99
97 99
98 99
