0 1
0 2
0 3
0 4
0 6
0 9
0 10
0 13
0 16
0 23
0 24
0 25
0 26
0 28
0 30
0 31
0 33
0 34
0 35
0 36
0 37
0 40
0 44
0 45
0 46
0 47
0 48
0 51
0 57
0 60
0 63
0 67
0 69
0 72
0 73
0 74
0 75
0 76
0 77
0 78
0 83
0 85
0 89
0 90
0 92
0 98
1 2
1 5
1 6
1 7
1 8
1 9
1 14
1 15
1 18
1 24
1 26
1 30
1 31
1 32
1 33
1 34
1 37
1 38
1 39
1 41
1 42
1 43
1 46
1 47
1 48
1 54
1 56
1 58
1 60
1 64
1 65
1 66
1 71
1 72
1 74
1 75
1 76
1 77
1 79
1 80
1 82
1 88
1 89
1 91
1 93
1 94
1 95
1 96
1 97
1 99
2 4
2 6
2 7
2 11
2 14
2 17
2 18
2 20
2 22
2 23
2 26
2 28
2 29
2 30
2 31
2 32
2 33
2 34
2 36
2 38
2 39
2 43
2 44
2 52
2 53
2 55
2 57
2 62
2 63
2 64
2 65
2 66
2 77
2 79
2 81
2 82
2 83
2 84
2 85
2 87
2 90
2 91
2 92
2 98
3 4
3 5
3 7
3 10
3 14
3 17
3 18
3 20
3 23
3 25
3 26
3 29
3 30
3 33
3 34
3 35
3 36
3 39
3 42
3 43
3 44
3 46
3 48
3 49
3 50
3 51
3 53
3 54
3 56
3 57
3 61
3 64
3 66
3 72
3 73
3 75
3 77
3 79
3 80
3 81
3 82
3 84
3 87
3 89
3 93
3 99
4 7
4 9
4 10
4 11
4 14
4 15
4 18
4 19
4 21
4 22
4 23
4 24
4 27
4 28
4 29
4 30
4 31
4 33
4 34
4 37
4 38
4 39
4 41
4 42
4 44
4 45
4 46
4 48
4 49
4 52
4 53
4 54
4 57
4 58
4 59
4 60
4 62
4 63
4 64
4 66
4 67
4 68
4 69
4 71
4 74
4 75
4 77
4 80
4 84
4 87
4 88
4 93
4 94
4 95
4 97
4 98
5 7
5 8
5 9
5 10
5 11
5 15
5 17
5 20
5 22
5 23
5 24
5 26
5 27
5 31
5 32
5 35
5 37
5 40
5 41
5 51
5 52
5 53
5 57
5 58
5 60
5 64
5 65
5 67
5 69
5 71
5 72
5 78
5 79
5 81
5 82
5 85
5 86
5 87
5 93
5 95
5 96
5 98
6 8
6 11
6 12
6 14
6 26
6 27
6 30
6 35
6 36
6 39
6 40
6 42
6 44
6 48
6 49
6 50
6 53
6 54
6 55
6 56
6 59
6 61
6 62
6 65
6 70
6 77
6 78
6 79
6 81
6 83
6 84
6 85
6 86
6 93
6 94
6 95
6 96
6 97
6 98
6 99
7 10
7 11
7 13
7 16
7 24
7 29
7 33
7 35
7 39
7 40
7 43
7 45
7 47
7 51
7 57
7 59
7 60
7 65
7 68
7 69
7 70
7 71
7 72
7 74
7 76
7 77
7 78
7 82
7 83
7 84
7 85
7 91
7 92
7 94
7 95
7 98
7 99
8 10
8 12
8 13
8 14
8 15
8 17
8 22
8 25
8 27
8 28
8 30
8 31
8 32
8 34
8 37
8 38
8 39
8 42
8 46
8 47
8 48
8 50
8 51
8 54
8 57
8 58
8 59
8 62
8 63
8 64
8 65
8 66
8 68
8 70
8 72
8 75
8 82
8 83
8 85
8 93
8 94
8 99
9 10
9 14
9 18
9 26
9 27
9 28
9 29
9 30
9 34
9 37
9 42
9 43
9 45
9 46
9 48
9 52
9 53
9 54
9 57
9 58
9 60
9 61
9 62
9 63
9 64
9 66
9 68
9 69
9 70
9 72
9 76
9 79
9 80
9 81
9 86
9 88
9 89
9 90
9 91
9 92
9 94
9 95
9 96
9 97
9 98
9 99
10 11
10 16
10 17
10 18
10 20
10 22
10 30
10 35
10 37
10 38
10 39
10 40
10 44
10 46
10 47
10 48
10 51
10 55
10 58
10 62
10 63
10 64
10 65
10 66
10 68
10 69
10 71
10 73
10 74
10 75
10 79
10 81
10 82
10 85
10 86
10 87
10 88
10 89
10 93
10 95
10 97
10 99
11 12
11 13
11 15
11 17
11 18
11 19
11 20
11 21
11 23
11 26
11 29
11 30
11 34
11 35
11 39
11 40
11 41
11 42
11 44
11 49
11 51
11 56
11 57
11 58
11 59
11 61
11 64
11 65
11 67
11 68
11 71
11 72
11 73
11 75
11 76
11 77
11 78
11 81
11 84
11 86
11 88
11 90
11 91
11 92
11 94
11 95
11 96
11 98
11 99
12 14
12 15
12 16
12 17
12 20
12 21
12 22
12 23
12 24
12 27
12 29
12 30
12 31
12 32
12 38
12 40
12 42
12 47
12 49
12 53
12 56
12 57
12 60
12 61
12 62
12 63
12 65
12 67
12 71
12 72
12 73
12 74
12 75
12 76
12 78
12 79
12 82
12 84
12 85
12 87
12 88
12 90
12 92
12 95
12 97
12 98
12 99
13 14
13 16
13 19
13 20
13 21
13 24
13 26
13 27
13 33
13 34
13 36
13 37
13 39
13 42
13 43
13 44
13 50
13 51
13 53
13 56
13 57
13 58
13 60
13 61
13 62
13 63
13 64
13 66
13 67
13 70
13 71
13 74
13 76
13 78
13 79
13 80
13 85
13 86
13 87
13 88
13 89
13 90
13 91
13 92
13 94
13 95
13 96
14 19
14 20
14 25
14 26
14 28
14 30
14 31
14 34
14 40
14 43
14 44
14 47
14 48
14 49
14 52
14 54
14 55
14 57
14 58
14 62
14 64
14 66
14 70
14 75
14 76
14 77
14 79
14 81
14 83
14 85
14 86
14 87
14 88
14 89
14 95
14 96
14 97
14 98
14 99
15 18
15 20
15 21
15 22
15 23
15 24
15 28
15 30
15 33
15 34
15 35
15 36
15 37
15 38
15 39
15 44
15 45
15 47
15 49
15 51
15 53
15 54
15 56
15 57
15 58
15 59
15 64
15 65
15 68
15 69
15 71
15 72
15 73
15 74
15 78
15 80
15 81
15 82
15 83
15 84
15 86
15 87
15 88
15 89
15 90
15 91
15 92
15 93
15 95
15 96
15 98
16 19
16 20
16 21
16 22
16 23
16 24
16 25
16 28
16 30
16 31
16 32
16 33
16 34
16 36
16 38
16 40
16 41
16 42
16 43
16 44
16 46
16 50
16 51
16 53
16 54
16 56
16 57
16 58
16 59
16 64
16 65
16 66
16 67
16 68
16 69
16 73
16 74
16 77
16 80
16 81
16 82
16 83
16 84
16 86
16 87
16 88
16 89
16 94
16 95
16 97
16 98
16 99
17 18
17 21
17 22
17 26
17 28
17 31
17 32
17 33
17 35
17 36
17 38
17 39
17 40
17 44
17 47
17 48
17 49
17 50
17 52
17 54
17 55
17 61
17 63
17 66
17 67
17 69
17 71
17 72
17 73
17 75
17 76
17 78
17 79
17 80
17 82
17 83
17 89
17 90
17 91
17 92
17 93
17 95
17 96
17 99
18 28
18 35
18 37
18 40
18 41
18 44
18 46
18 48
18 53
18 55
18 56
18 57
18 59
18 61
18 62
18 63
18 65
18 68
18 71
18 73
18 74
18 76
18 78
18 79
18 80
18 81
18 82
18 83
18 85
18 88
18 89
18 90
18 92
18 94
18 96
18 97
18 98
18 99
19 20
19 21
19 24
19 25
19 26
19 27
19 31
19 34
19 37
19 38
19 39
19 43
19 44
19 45
19 46
19 47
19 48
19 49
19 52
19 58
19 59
19 62
19 64
19 66
19 67
19 69
19 71
19 72
19 74
19 75
19 76
19 82
19 84
19 85
19 87
19 90
19 91
19 92
19 93
19 96
19 97
19 98
20 21
20 24
20 25
20 29
20 32
20 33
20 34
20 35
20 36
20 39
20 40
20 44
20 45
20 47
20 49
20 52
20 54
20 55
20 56
20 58
20 63
20 64
20 65
20 68
20 69
20 73
20 75
20 76
20 80
20 81
20 84
20 86
20 87
20 89
20 90
20 91
20 92
20 93
20 94
20 95
21 24
21 25
21 26
21 27
21 28
21 29
21 32
21 34
21 39
21 43
21 44
21 47
21 48
21 49
21 51
21 52
21 53
21 55
21 57
21 58
21 59
21 60
21 61
21 66
21 72
21 73
21 75
21 77
21 80
21 81
21 82
21 86
21 90
21 93
21 94
21 96
21 97
21 98
21 99
22 23
22 26
22 28
22 31
22 34
22 35
22 37
22 38
22 41
22 42
22 44
22 45
22 46
22 52
22 55
22 56
22 58
22 59
22 63
22 66
22 69
22 72
22 74
22 75
22 76
22 79
22 80
22 82
22 83
22 84
22 86
22 87
22 88
22 89
22 90
22 93
22 97
22 99
23 25
23 26
23 27
23 28
23 29
23 31
23 33
23 35
23 36
23 38
23 39
23 40
23 44
23 45
23 46
23 49
23 50
23 54
23 57
23 58
23 59
23 61
23 63
23 65
23 66
23 67
23 72
23 75
23 80
23 81
23 83
23 84
23 86
23 87
23 88
23 89
23 90
23 91
23 96
24 25
24 26
24 28
24 29
24 30
24 31
24 32
24 34
24 35
24 39
24 42
24 45
24 46
24 49
24 50
24 53
24 54
24 55
24 57
24 62
24 63
24 69
24 70
24 73
24 76
24 77
24 78
24 82
24 83
24 84
24 88
24 90
24 92
24 93
24 94
24 95
24 96
24 97
24 98
25 27
25 28
25 30
25 31
25 33
25 34
25 36
25 38
25 42
25 43
25 44
25 45
25 46
25 47
25 49
25 50
25 51
25 52
25 53
25 54
25 56
25 60
25 61
25 62
25 63
25 64
25 65
25 66
25 68
25 69
25 71
25 72
25 73
25 75
25 76
25 77
25 79
25 80
25 81
25 82
25 83
25 84
25 88
25 89
25 90
25 92
25 95
25 97
25 98
25 99
26 27
26 28
26 30
26 31
26 32
26 34
26 35
26 36
26 40
26 41
26 42
26 43
26 44
26 45
26 46
26 48
26 49
26 50
26 51
26 53
26 54
26 56
26 60
26 61
26 62
26 63
26 66
26 69
26 70
26 73
26 76
26 77
26 81
26 85
26 87
26 89
26 91
26 93
26 94
26 95
26 97
26 99
27 29
27 30
27 32
27 33
27 34
27 35
27 38
27 39
27 40
27 42
27 44
27 46
27 47
27 49
27 51
27 55
27 57
27 59
27 60
27 61
27 62
27 63
27 64
27 66
27 67
27 68
27 70
27 71
27 73
27 74
27 76
27 78
27 80
27 81
27 83
27 87
27 88
27 91
27 92
27 95
27 96
27 99
28 31
28 33
28 37
28 43
28 45
28 47
28 51
28 52
28 54
28 55
28 56
28 57
28 58
28 62
28 63
28 65
28 66
28 75
28 76
28 78
28 83
28 85
28 86
28 87
28 88
28 96
28 97
28 98
28 99
29 30
29 31
29 33
29 36
29 37
29 38
29 41
29 42
29 43
29 44
29 45
29 47
29 48
29 51
29 53
29 56
29 57
29 58
29 59
29 60
29 61
29 62
29 63
29 65
29 67
29 68
29 70
29 73
29 75
29 76
29 78
29 79
29 80
29 82
29 83
29 84
29 85
29 87
29 88
29 89
29 90
29 91
29 92
29 94
29 95
29 98
29 99
30 31
30 32
30 34
30 35
30 37
30 38
30 39
30 40
30 42
30 44
30 45
30 46
30 47
30 48
30 49
30 50
30 52
30 53
30 55
30 57
30 59
30 61
30 62
30 63
30 64
30 65
30 71
30 73
30 76
30 78
30 79
30 80
30 81
30 83
30 86
30 87
30 88
30 93
30 94
30 95
30 97
30 98
31 32
31 37
31 39
31 40
31 41
31 44
31 48
31 51
31 54
31 55
31 59
31 60
31 64
31 65
31 66
31 67
31 71
31 74
31 75
31 77
31 83
31 85
31 86
31 88
31 92
31 93
31 94
31 96
31 97
31 99
32 33
32 34
32 36
32 37
32 40
32 41
32 42
32 43
32 46
32 49
32 52
32 53
32 57
32 59
32 60
32 61
32 63
32 68
32 70
32 71
32 73
32 74
32 75
32 77
32 79
32 80
32 81
32 82
32 83
32 87
32 89
32 92
32 94
32 98
32 99
33 34
33 37
33 40
33 43
33 45
33 46
33 53
33 55
33 56
33 59
33 60
33 61
33 63
33 64
33 65
33 66
33 67
33 69
33 70
33 73
33 74
33 76
33 77
33 82
33 83
33 90
33 91
33 93
33 94
33 95
33 96
33 98
33 99
34 35
34 38
34 39
34 40
34 42
34 43
34 44
34 48
34 50
34 51
34 54
34 55
34 56
34 62
34 63
34 64
34 66
34 70
34 72
34 73
34 75
34 77
34 79
34 81
34 84
34 88
34 90
34 91
34 92
34 93
34 94
34 95
34 97
34 98
35 36
35 38
35 39
35 41
35 44
35 46
35 47
35 49
35 50
35 51
35 54
35 55
35 56
35 57
35 58
35 59
35 64
35 65
35 67
35 68
35 71
35 75
35 77
35 80
35 82
35 84
35 88
35 90
35 91
35 93
35 94
35 95
35 97
35 98
36 37
36 38
36 40
36 42
36 44
36 46
36 47
36 52
36 56
36 57
36 58
36 59
36 60
36 61
36 62
36 63
36 64
36 70
36 74
36 76
36 78
36 80
36 83
36 84
36 91
36 92
36 93
36 96
36 97
36 98
36 99
37 38
37 41
37 46
37 49
37 51
37 53
37 57
37 58
37 60
37 61
37 63
37 64
37 67
37 70
37 71
37 72
37 74
37 81
37 82
37 84
37 87
37 89
37 90
37 91
37 93
37 98
37 99
38 39
38 40
38 42
38 43
38 45
38 46
38 47
38 50
38 53
38 57
38 58
38 61
38 62
38 63
38 64
38 65
38 69
38 75
38 76
38 77
38 78
38 79
38 80
38 81
38 83
38 84
38 95
38 97
38 99
39 40
39 41
39 43
39 46
39 48
39 50
39 51
39 56
39 59
39 60
39 61
39 62
39 65
39 66
39 67
39 69
39 70
39 71
39 72
39 74
39 75
39 76
39 78
39 79
39 80
39 81
39 82
39 84
39 85
39 88
39 89
39 95
39 96
39 97
39 99
40 43
40 45
40 48
40 50
40 52
40 55
40 56
40 57
40 60
40 63
40 64
40 65
40 66
40 70
40 72
40 74
40 79
40 81
40 82
40 83
40 84
40 88
40 89
40 90
40 91
40 93
40 94
40 95
40 98
41 42
41 43
41 44
41 45
41 46
41 48
41 52
41 56
41 57
41 58
41 59
41 60
41 61
41 63
41 64
41 68
41 69
41 70
41 75
41 77
41 78
41 81
41 83
41 84
41 90
41 96
41 99
42 43
42 44
42 45
42 46
42 48
42 50
42 52
42 53
42 55
42 57
42 59
42 61
42 62
42 63
42 64
42 67
42 72
42 74
42 75
42 77
42 78
42 82
42 85
42 86
42 88
42 89
42 90
42 91
42 92
42 95
42 98
43 44
43 45
43 46
43 48
43 49
43 50
43 51
43 52
43 54
43 55
43 60
43 64
43 65
43 67
43 68
43 69
43 71
43 72
43 75
43 76
43 79
43 81
43 85
43 86
43 88
43 90
43 93
43 94
43 95
44 45
44 47
44 48
44 51
44 52
44 55
44 61
44 65
44 66
44 67
44 69
44 70
44 71
44 77
44 78
44 80
44 83
44 86
44 87
44 88
44 90
44 98
44 99
45 46
45 47
45 48
45 49
45 50
45 51
45 52
45 56
45 57
45 58
45 59
45 60
45 61
45 62
45 63
45 64
45 69
45 72
45 74
45 75
45 76
45 79
45 82
45 84
45 85
45 89
45 90
45 91
45 92
46 47
46 50
46 55
46 57
46 58
46 61
46 64
46 66
46 68
46 69
46 70
46 73
46 75
46 76
46 77
46 79
46 83
46 85
46 86
46 87
46 88
46 92
46 93
46 95
46 98
47 49
47 50
47 51
47 52
47 54
47 55
47 60
47 63
47 68
47 70
47 72
47 73
47 74
47 80
47 81
47 84
47 85
47 86
47 87
47 92
47 96
48 49
48 50
48 52
48 55
48 56
48 57
48 58
48 59
48 60
48 63
48 65
48 70
48 73
48 74
48 75
48 78
48 80
48 82
48 83
48 85
48 86
48 87
48 89
48 91
48 93
48 96
48 99
49 52
49 54
49 55
49 56
49 59
49 60
49 61
49 62
49 63
49 64
49 66
49 68
49 69
49 70
49 72
49 74
49 75
49 78
49 83
49 85
49 88
49 89
49 90
49 95
49 99
50 51
50 52
50 58
50 59
50 60
50 61
50 62
50 64
50 65
50 69
50 70
50 77
50 79
50 80
50 81
50 82
50 83
50 86
50 87
50 88
50 89
50 90
50 94
50 96
50 99
51 57
51 61
51 63
51 64
51 66
51 67
51 69
51 70
51 71
51 72
51 74
51 76
51 77
51 78
51 79
51 80
51 81
51 82
51 88
51 89
51 90
51 92
51 93
51 98
51 99
52 53
52 55
52 56
52 57
52 58
52 59
52 61
52 63
52 64
52 66
52 68
52 69
52 75
52 76
52 77
52 78
52 79
52 82
52 83
52 84
52 85
52 87
52 90
52 91
52 93
52 94
52 96
52 97
53 56
53 58
53 60
53 62
53 63
53 66
53 67
53 69
53 70
53 71
53 72
53 75
53 76
53 77
53 79
53 80
53 81
53 82
53 83
53 85
53 88
53 89
53 90
53 91
53 92
53 93
53 94
53 97
54 55
54 56
54 58
54 61
54 63
54 64
54 65
54 66
54 68
54 69
54 70
54 71
54 72
54 75
54 80
54 81
54 84
54 85
54 86
54 89
54 90
54 93
54 98
55 58
55 60
55 61
55 62
55 63
55 64
55 69
55 71
55 73
55 75
55 76
55 86
55 87
55 88
55 91
55 93
55 95
55 96
55 97
56 57
56 58
56 59
56 60
56 61
56 63
56 64
56 65
56 66
56 67
56 69
56 71
56 72
56 76
56 79
56 80
56 82
56 83
56 84
56 85
56 86
56 87
56 88
56 93
56 97
56 98
57 58
57 59
57 60
57 62
57 63
57 66
57 69
57 70
57 71
57 72
57 73
57 74
57 77
57 78
57 79
57 80
57 81
57 82
57 84
57 90
57 91
57 93
57 95
58 60
58 61
58 63
58 64
58 67
58 68
58 71
58 73
58 74
58 75
58 80
58 82
58 84
58 86
58 87
58 88
58 89
58 91
58 94
58 95
58 97
59 61
59 62
59 64
59 65
59 66
59 68
59 72
59 73
59 74
59 76
59 81
59 82
59 83
59 85
59 88
59 89
59 92
59 94
59 95
59 96
59 98
59 99
60 61
60 63
60 64
60 65
60 79
60 80
60 84
60 86
60 88
60 90
60 95
60 98
61 63
61 64
61 66
61 71
61 72
61 73
61 76
61 80
61 82
61 83
61 85
61 88
61 89
61 91
61 92
61 94
61 95
61 97
62 64
62 65
62 66
62 67
62 69
62 73
62 78
62 79
62 80
62 81
62 82
62 83
62 86
62 92
62 94
62 97
62 98
62 99
63 64
63 67
63 69
63 73
63 76
63 77
63 78
63 79
63 81
63 86
63 87
63 89
63 90
63 91
63 93
63 95
64 65
64 66
64 67
64 70
64 71
64 73
64 77
64 83
64 85
64 88
64 89
64 90
64 91
64 93
64 96
64 98
64 99
65 66
65 68
65 71
65 72
65 73
65 74
65 75
65 79
65 80
65 84
65 85
65 86
65 87
65 88
65 90
65 93
65 94
65 96
66 68
66 69
66 73
66 75
66 77
66 78
66 79
66 80
66 83
66 84
66 87
66 88
66 89
66 90
66 93
67 69
67 73
67 84
67 85
67 86
67 87
67 89
67 90
67 91
67 95
68 71
68 72
68 75
68 77
68 78
68 81
68 82
68 83
68 86
68 88
68 93
68 95
68 96
68 99
69 70
69 71
69 72
69 73
69 74
69 79
69 80
69 81
69 82
69 83
69 85
69 92
69 95
69 99
70 71
70 73
70 75
70 76
70 77
70 78
70 79
70 80
70 82
70 86
70 88
70 90
70 92
70 93
70 97
70 98
70 99
71 73
71 75
71 78
71 80
71 81
71 83
71 86
71 87
71 89
71 94
71 97
71 98
72 74
72 80
72 81
72 82
72 84
72 85
72 86
72 87
72 88
72 90
72 93
72 94
72 97
72 98
72 99
73 75
73 76
73 77
73 79
73 81
73 82
73 83
73 84
73 85
73 88
73 89
73 95
73 97
73 99
74 75
74 76
74 78
74 80
74 81
74 84
74 85
74 86
74 89
74 91
74 92
74 93
74 95
74 96
74 97
74 98
75 76
75 79
75 80
75 82
75 83
75 84
75 87
75 88
75 90
75 93
75 94
75 96
75 97
75 98
75 99
76 77
76 78
76 81
76 84
76 88
76 92
76 94
76 99
77 79
77 80
77 85
77 86
77 88
77 89
77 90
77 92
77 93
77 95
77 96
77 97
77 99
78 79
78 81
78 82
78 85
78 86
78 89
78 91
78 92
78 93
78 94
78 98
79 80
79 81
79 82
79 83
79 85
79 88
79 89
79 91
79 92
79 93
79 94
79 95
79 96
79 97
79 98
79 99
80 81
80 82
80 85
80 89
80 90
80 91
80 93
80 94
80 96
80 98
81 82
81 84
81 85
81 86
81 88
81 89
81 90
81 91
81 92
81 96
81 98
82 83
82 85
82 86
82 88
82 89
82 91
82 93
82 96
82 97
82 99
83 84
83 86
83 87
83 88
83 90
83 92
83 93
83 94
83 95
83 97
83 98
83 99
84 85
84 87
84 88
84 89
84 90
84 91
84 92
84 95
84 97
84 98
84 99
85 87
85 88
85 89
85 91
85 92
85 93
85 94
85 95
85 96
85 97
85 99
86 87
86 88
86 92
86 93
86 96
86 97
87 89
87 92
87 94
87 95
87 98
88 89
88 91
88 93
88 98
89 90
89 91
89 92
89 94
89 96
89 99
90 91
90 94
90 96
90 97
90 98
91 92
91 93
91 95
91 96
92 93
92 94
92 95
92 97
93 96
93 98
94 96
94 98
95 96
95 97
95 98
95 99
96 97
97 98
98 99
