0 1
0 4
0 6
0 12
0 13
0 15
0 18
0 19
0 21
0 22
0 25
0 26
0 27
0 30
0 33
0 34
0 36
0 37
0 38
0 39
0 42
0 45
0 47
0 48
0 49
0 50
0 53
0 54
0 55
0 56
0 57
0 58
0 60
0 61
0 62
0 64
0 65
0 67
0 68
0 69
0 73
0 74
0 77
0 78
0 83
0 84
0 85
0 87
0 88
0 89
0 91
0 92
0 94
0 95
0 96
1 2
1 3
1 4
1 5
1 6
1 7
1 8
1 9
1 10
1 11
1 14
1 16
1 21
1 22
1 23
1 24
1 25
1 26
1 27
1 29
1 31
1 32
1 35
1 37
1 40
1 42
1 44
1 45
1 48
1 49
1 50
1 51
1 52
1 55
1 59
1 60
1 61
1 63
1 64
1 67
1 68
1 69
1 71
1 74
1 77
1 78
1 79
1 80
1 81
1 82
1 83
1 85
1 91
1 92
1 93
1 95
1 96
1 98
1 99
2 5
2 6
2 7
2 11
2 12
2 17
2 21
2 22
2 24
2 25
2 28
2 29
2 31
2 33
2 34
2 35
2 37
2 38
2 39
2 40
2 43
2 47
2 49
2 56
2 65
2 66
2 67
2 69
2 71
2 74
2 78
2 79
2 81
2 82
2 85
2 88
2 90
2 92
2 93
2 95
2 96
3 6
3 8
3 10
3 11
3 13
3 14
3 17
3 19
3 21
3 22
3 23
3 24
3 25
3 28
3 30
3 32
3 37
3 38
3 39
3 46
3 47
3 52
3 54
3 55
3 61
3 62
3 63
3 65
3 66
3 72
3 74
3 78
3 81
3 82
3 83
3 84
3 85
3 87
3 88
3 89
3 90
3 95
3 96
3 99
4 9
4 10
4 11
4 12
4 13
4 14
4 18
4 21
4 22
4 24
4 26
4 28
4 29
4 31
4 32
4 33
4 34
4 35
4 36
4 40
4 41
4 44
4 45
4 46
4 47
4 48
4 49
4 50
4 54
4 55
4 56
4 58
4 59
4 61
4 63
4 65
4 66
4 68
4 69
4 72
4 73
4 75
4 76
4 78
4 80
4 82
4 83
4 84
4 86
4 87
4 89
4 90
4 91
4 92
4 94
5 9
5 11
5 15
5 17
5 18
5 19
5 22
5 27
5 28
5 29
5 30
5 31
5 32
5 33
5 35
5 38
5 39
5 42
5 44
5 46
5 48
5 49
5 50
5 55
5 58
5 60
5 62
5 64
5 66
5 67
5 68
5 70
5 71
5 73
5 75
5 76
5 77
5 78
5 80
5 81
5 82
5 84
5 93
5 94
5 98
6 7
6 10
6 11
6 14
6 15
6 17
6 18
6 21
6 22
6 25
6 28
6 29
6 30
6 33
6 34
6 38
6 41
6 42
6 43
6 45
6 47
6 48
6 51
6 55
6 56
6 57
6 61
6 62
6 63
6 64
6 65
6 67
6 71
6 75
6 76
6 77
6 83
6 86
6 87
6 88
6 90
6 97
6 99
7 10
7 15
7 17
7 18
7 20
7 27
7 33
7 37
7 38
7 40
7 42
7 43
7 45
7 46
7 48
7 50
7 53
7 54
7 58
7 63
7 64
7 66
7 69
7 70
7 72
7 73
7 75
7 76
7 77
7 78
7 82
7 86
7 87
7 88
7 92
7 93
7 94
7 95
7 97
7 99
8 9
8 10
8 13
8 14
8 20
8 21
8 22
8 26
8 30
8 31
8 32
8 33
8 34
8 37
8 38
8 39
8 40
8 41
8 43
8 45
8 47
8 48
8 56
8 58
8 59
8 60
8 62
8 67
8 70
8 71
8 72
8 73
8 74
8 75
8 79
8 80
8 81
8 82
8 85
8 90
8 92
8 95
8 96
8 99
9 11
9 14
9 15
9 25
9 26
9 27
9 28
9 37
9 38
9 39
9 40
9 42
9 43
9 44
9 45
9 47
9 52
9 53
9 54
9 55
9 57
9 58
9 59
9 62
9 63
9 66
9 69
9 70
9 72
9 74
9 77
9 79
9 81
9 82
9 83
9 85
9 86
9 89
9 92
9 93
9 94
9 95
9 98
9 99
10 11
10 14
10 16
10 18
10 28
10 29
10 30
10 32
10 35
10 37
10 38
10 42
10 43
10 45
10 46
10 47
10 51
10 53
10 58
10 63
10 68
10 69
10 70
10 71
10 72
10 81
10 82
10 83
10 88
10 89
10 90
10 91
10 97
10 99
11 14
11 15
11 18
11 25
11 26
11 28
11 32
11 33
11 35
11 38
11 39
11 40
11 41
11 42
11 47
11 48
11 50
11 53
11 56
11 60
11 69
11 71
11 72
11 75
11 78
11 80
11 81
11 84
11 86
11 89
11 91
11 92
11 93
11 95
11 96
11 98
12 13
12 14
12 15
12 17
12 18
12 21
12 22
12 25
12 27
12 28
12 29
12 31
12 35
12 37
12 38
12 40
12 43
12 46
12 47
12 48
12 50
12 53
12 56
12 58
12 59
12 60
12 67
12 68
12 72
12 73
12 75
12 76
12 77
12 78
12 81
12 83
12 85
12 86
12 88
12 89
12 93
12 94
12 95
12 96
12 98
12 99
13 16
13 17
13 19
13 20
13 21
13 25
13 26
13 27
13 31
13 32
13 33
13 35
13 36
13 37
13 39
13 40
13 42
13 44
13 46
13 48
13 52
13 53
13 56
13 57
13 62
13 64
13 67
13 69
13 73
13 74
13 79
13 80
13 82
13 83
13 86
13 89
13 92
13 95
13 98
13 99
14 15
14 18
14 19
14 25
14 28
14 29
14 30
14 34
14 35
14 36
14 40
14 44
14 48
14 49
14 51
14 54
14 55
14 56
14 57
14 58
14 60
14 62
14 64
14 65
14 66
14 67
14 68
14 69
14 70
14 73
14 74
14 75
14 76
14 78
14 80
14 82
14 84
14 85
14 86
14 87
14 91
14 93
14 94
14 95
14 99
15 18
15 19
15 20
15 21
15 22
15 23
15 27
15 29
15 30
15 31
15 34
15 35
15 37
15 38
15 39
15 40
15 41
15 42
15 44
15 47
15 50
15 53
15 58
15 59
15 60
15 63
15 69
15 73
15 74
15 79
15 80
15 81
15 82
15 84
15 85
15 86
15 88
15 89
15 91
15 93
15 94
15 99
16 19
16 21
16 24
16 25
16 26
16 27
16 28
16 29
16 30
16 33
16 35
16 36
16 38
16 40
16 41
16 44
16 45
16 46
16 49
16 51
16 55
16 56
16 57
16 58
16 60
16 61
16 63
16 64
16 66
16 67
16 70
16 72
16 73
16 76
16 79
16 80
16 82
16 83
16 86
16 87
16 90
16 91
16 92
16 93
16 95
16 97
17 19
17 20
17 23
17 24
17 25
17 26
17 27
17 29
17 30
17 31
17 33
17 35
17 36
17 37
17 38
17 39
17 40
17 41
17 42
17 47
17 49
17 53
17 56
17 57
17 58
17 59
17 60
17 62
17 66
17 70
17 72
17 74
17 76
17 79
17 81
17 82
17 84
17 85
17 86
17 87
17 88
17 89
17 90
17 91
17 93
17 94
17 96
17 98
18 21
18 24
18 26
18 28
18 30
18 31
18 32
18 35
18 38
18 39
18 41
18 44
18 46
18 47
18 53
18 55
18 56
18 58
18 61
18 63
18 64
18 65
18 68
18 69
18 70
18 72
18 73
18 74
18 75
18 78
18 79
18 85
18 86
18 87
18 89
18 96
18 98
18 99
19 20
19 23
19 29
19 30
19 32
19 35
19 36
19 37
19 39
19 41
19 42
19 43
19 44
19 45
19 47
19 49
19 50
19 55
19 56
19 59
19 60
19 62
19 64
19 68
19 72
19 73
19 78
19 80
19 83
19 84
19 85
19 88
19 89
19 92
19 93
19 94
19 95
19 96
19 98
20 23
20 25
20 26
20 29
20 31
20 32
20 34
20 35
20 36
20 39
20 43
20 45
20 46
20 47
20 51
20 53
20 55
20 56
20 57
20 61
20 62
20 63
20 65
20 67
20 68
20 70
20 71
20 74
20 76
20 83
20 86
20 88
20 89
20 90
20 95
20 97
20 98
21 22
21 23
21 26
21 27
21 31
21 33
21 35
21 36
21 37
21 39
21 43
21 44
21 45
21 46
21 47
21 48
21 53
21 57
21 58
21 60
21 62
21 64
21 65
21 67
21 69
21 73
21 76
21 77
21 79
21 82
21 83
21 85
21 87
21 88
21 89
21 91
21 92
21 94
21 95
21 96
21 97
21 99
22 26
22 27
22 28
22 29
22 30
22 31
22 32
22 35
22 39
22 42
22 44
22 46
22 48
22 51
22 52
22 55
22 56
22 59
22 63
22 68
22 70
22 72
22 76
22 80
22 82
22 84
22 86
22 90
22 93
22 95
22 96
22 97
22 99
23 24
23 26
23 28
23 29
23 31
23 33
23 34
23 35
23 36
23 37
23 38
23 40
23 42
23 43
23 45
23 46
23 53
23 54
23 55
23 56
23 58
23 63
23 64
23 65
23 66
23 67
23 69
23 71
23 72
23 74
23 75
23 76
23 77
23 79
23 80
23 81
23 82
23 83
23 84
23 86
23 89
23 91
23 92
23 95
23 97
24 25
24 28
24 29
24 30
24 31
24 32
24 33
24 35
24 36
24 37
24 39
24 44
24 45
24 47
24 48
24 49
24 51
24 52
24 53
24 54
24 56
24 60
24 62
24 66
24 67
24 68
24 69
24 70
24 77
24 79
24 80
24 81
24 84
24 90
24 91
24 92
24 93
24 94
24 95
24 97
25 26
25 31
25 35
25 38
25 39
25 40
25 41
25 43
25 44
25 45
25 48
25 49
25 52
25 53
25 54
25 55
25 56
25 58
25 61
25 62
25 64
25 65
25 70
25 74
25 75
25 77
25 82
25 84
25 91
25 92
25 93
25 94
26 27
26 28
26 30
26 31
26 32
26 34
26 35
26 36
26 37
26 40
26 41
26 44
26 46
26 47
26 48
26 51
26 53
26 57
26 59
26 60
26 62
26 63
26 64
26 65
26 66
26 69
26 75
26 76
26 85
26 86
26 89
26 90
26 91
26 92
26 93
26 94
26 96
26 97
27 28
27 30
27 31
27 32
27 39
27 40
27 41
27 42
27 44
27 46
27 47
27 53
27 55
27 56
27 57
27 58
27 60
27 61
27 67
27 68
27 69
27 71
27 75
27 76
27 79
27 81
27 83
27 86
27 87
27 88
27 89
27 92
27 93
27 94
27 96
27 97
28 31
28 33
28 35
28 36
28 38
28 41
28 44
28 45
28 48
28 51
28 52
28 56
28 59
28 62
28 63
28 64
28 65
28 66
28 67
28 68
28 71
28 73
28 75
28 77
28 79
28 82
28 83
28 87
28 88
28 90
28 91
28 93
28 94
28 95
28 96
28 97
29 30
29 31
29 33
29 36
29 38
29 41
29 42
29 43
29 47
29 51
29 54
29 56
29 57
29 58
29 59
29 60
29 62
29 63
29 64
29 66
29 67
29 70
29 71
29 73
29 75
29 76
29 80
29 81
29 83
29 85
29 86
29 89
29 98
29 99
30 31
30 32
30 33
30 34
30 37
30 38
30 39
30 40
30 42
30 43
30 44
30 46
30 47
30 48
30 49
30 50
30 51
30 54
30 55
30 56
30 59
30 60
30 61
30 62
30 63
30 64
30 65
30 66
30 67
30 68
30 69
30 70
30 73
30 74
30 78
30 80
30 85
30 86
30 88
30 90
30 91
30 95
30 98
31 32
31 34
31 36
31 40
31 43
31 46
31 52
31 54
31 55
31 57
31 58
31 63
31 65
31 66
31 67
31 68
31 70
31 71
31 72
31 73
31 76
31 77
31 79
31 80
31 81
31 86
31 87
31 88
31 99
32 33
32 35
32 36
32 38
32 41
32 43
32 44
32 45
32 49
32 51
32 52
32 56
32 57
32 61
32 63
32 66
32 67
32 72
32 76
32 77
32 78
32 80
32 81
32 82
32 91
32 93
32 96
32 97
32 98
32 99
33 34
33 36
33 37
33 38
33 39
33 40
33 41
33 42
33 45
33 47
33 50
33 54
33 55
33 56
33 57
33 58
33 61
33 63
33 64
33 65
33 67
33 68
33 71
33 72
33 73
33 74
33 75
33 76
33 77
33 87
33 88
33 90
33 91
33 94
33 95
33 96
33 97
33 99
34 36
34 37
34 39
34 40
34 41
34 42
34 43
34 44
34 45
34 46
34 47
34 48
34 50
34 51
34 52
34 55
34 58
34 60
34 61
34 67
34 68
34 69
34 70
34 72
34 73
34 78
34 80
34 82
34 84
34 85
34 87
34 90
34 95
34 97
34 99
35 36
35 39
35 40
35 41
35 43
35 45
35 48
35 49
35 50
35 51
35 54
35 57
35 58
35 59
35 60
35 65
35 66
35 67
35 68
35 70
35 71
35 74
35 77
35 78
35 79
35 80
35 81
35 82
35 83
35 86
35 87
35 88
35 92
35 93
35 95
35 96
35 97
36 37
36 39
36 41
36 42
36 43
36 45
36 46
36 47
36 49
36 52
36 53
36 57
36 59
36 62
36 64
36 67
36 69
36 71
36 73
36 74
36 75
36 77
36 78
36 79
36 81
36 82
36 84
36 85
36 88
36 91
36 92
36 93
36 94
36 96
36 97
36 98
37 38
37 40
37 41
37 42
37 44
37 48
37 49
37 50
37 51
37 55
37 57
37 59
37 61
37 63
37 64
37 65
37 66
37 67
37 69
37 72
37 75
37 78
37 80
37 82
37 83
37 86
37 87
37 88
37 91
37 94
37 95
37 96
37 97
37 98
38 39
38 41
38 42
38 44
38 46
38 48
38 49
38 50
38 52
38 53
38 54
38 56
38 57
38 59
38 60
38 61
38 62
38 63
38 66
38 67
38 68
38 70
38 71
38 73
38 74
38 76
38 80
38 82
38 86
38 89
38 91
38 93
38 94
38 97
38 98
38 99
39 40
39 48
39 50
39 52
39 53
39 54
39 56
39 58
39 60
39 61
39 64
39 65
39 67
39 68
39 71
39 73
39 74
39 75
39 76
39 77
39 78
39 80
39 81
39 82
39 83
39 86
39 87
39 90
39 91
39 94
39 95
39 96
39 99
40 42
40 43
40 44
40 45
40 51
40 53
40 54
40 55
40 59
40 60
40 63
40 66
40 67
40 72
40 73
40 74
40 76
40 78
40 79
40 81
40 82
40 85
40 87
40 89
40 90
40 91
40 92
40 94
41 44
41 46
41 49
41 50
41 51
41 54
41 55
41 56
41 58
41 60
41 61
41 63
41 65
41 66
41 67
41 70
41 72
41 74
41 77
41 79
41 81
41 82
41 84
41 85
41 86
41 87
41 88
41 93
41 94
41 99
42 43
42 44
42 45
42 48
42 51
42 53
42 55
42 58
42 59
42 64
42 66
42 67
42 70
42 73
42 74
42 75
42 79
42 80
42 82
42 84
42 88
42 91
42 92
42 94
42 95
42 96
42 97
42 99
43 46
43 47
43 48
43 49
43 50
43 51
43 52
43 53
43 54
43 56
43 57
43 59
43 62
43 63
43 65
43 67
43 68
43 69
43 70
43 71
43 72
43 73
43 74
43 75
43 76
43 78
43 80
43 82
43 88
43 89
43 94
43 98
43 99
44 48
44 49
44 54
44 56
44 57
44 58
44 59
44 60
44 63
44 64
44 65
44 67
44 68
44 69
44 70
44 74
44 76
44 81
44 82
44 83
44 84
44 86
44 87
44 91
44 93
44 94
44 95
44 96
44 97
45 46
45 50
45 51
45 54
45 55
45 56
45 57
45 58
45 60
45 62
45 63
45 65
45 66
45 67
45 68
45 69
45 74
45 75
45 76
45 77
45 78
45 81
45 83
45 84
45 85
45 86
45 90
45 92
45 93
45 94
45 95
45 99
46 51
46 53
46 54
46 55
46 56
46 57
46 58
46 59
46 61
46 65
46 66
46 71
46 72
46 73
46 76
46 77
46 78
46 79
46 80
46 81
46 82
46 83
46 84
46 85
46 88
46 89
46 91
46 92
46 93
46 94
46 96
46 98
47 50
47 53
47 55
47 57
47 60
47 63
47 64
47 66
47 69
47 70
47 74
47 76
47 77
47 80
47 81
47 82
47 83
47 85
47 86
47 87
47 88
47 89
47 91
47 93
47 96
47 97
47 98
47 99
48 50
48 51
48 52
48 53
48 56
48 57
48 62
48 65
48 66
48 68
48 69
48 72
48 73
48 76
48 77
48 79
48 81
48 83
48 84
48 85
48 86
48 87
48 89
48 90
48 91
48 92
48 93
48 94
48 95
48 96
49 52
49 54
49 55
49 56
49 58
49 59
49 64
49 66
49 67
49 68
49 69
49 70
49 72
49 75
49 80
49 81
49 84
49 87
49 89
49 90
49 92
49 95
49 97
49 98
49 99
50 52
50 53
50 54
50 55
50 57
50 58
50 59
50 61
50 64
50 65
50 66
50 71
50 73
50 76
50 78
50 81
50 83
50 84
50 86
50 89
50 90
50 91
50 94
50 96
50 98
51 53
51 54
51 56
51 60
51 61
51 63
51 64
51 65
51 66
51 67
51 68
51 69
51 72
51 73
51 74
51 78
51 79
51 81
51 82
51 83
51 84
51 87
51 89
51 90
51 93
51 95
52 53
52 57
52 58
52 60
52 61
52 62
52 63
52 65
52 66
52 70
52 72
52 75
52 79
52 80
52 81
52 86
52 87
52 91
52 93
52 94
52 96
52 98
52 99
53 55
53 56
53 57
53 59
53 61
53 64
53 65
53 66
53 67
53 69
53 70
53 72
53 74
53 75
53 76
53 77
53 78
53 80
53 81
53 82
53 84
53 85
53 88
53 91
53 92
53 94
53 97
53 99
54 55
54 69
54 71
54 73
54 74
54 75
54 76
54 80
54 82
54 83
54 84
54 85
54 88
54 89
54 92
54 93
54 94
54 97
55 57
55 58
55 59
55 61
55 62
55 69
55 71
55 72
55 74
55 75
55 76
55 77
55 79
55 81
55 82
55 87
55 89
55 90
55 91
55 93
55 94
55 95
55 96
55 97
55 98
55 99
56 58
56 59
56 60
56 61
56 62
56 66
56 67
56 68
56 72
56 73
56 79
56 80
56 83
56 84
56 86
56 88
56 89
56 92
56 93
56 97
57 60
57 64
57 66
57 67
57 70
57 72
57 73
57 76
57 77
57 79
57 81
57 84
57 85
57 91
57 93
57 97
57 98
58 60
58 61
58 63
58 65
58 71
58 73
58 74
58 77
58 78
58 80
58 81
58 82
58 83
58 86
58 89
58 90
58 91
58 92
58 93
58 94
58 95
58 96
58 99
59 62
59 63
59 64
59 66
59 69
59 71
59 72
59 74
59 76
59 79
59 80
59 81
59 83
59 90
59 92
59 93
59 94
59 95
59 99
60 61
60 65
60 67
60 68
60 69
60 70
60 73
60 75
60 76
60 78
60 81
60 83
60 84
60 85
60 86
60 87
60 91
60 92
60 94
60 95
61 62
61 65
61 67
61 69
61 74
61 75
61 76
61 80
61 81
61 82
61 84
61 86
61 87
61 89
61 90
61 91
61 95
61 96
61 99
62 64
62 66
62 67
62 76
62 77
62 78
62 79
62 80
62 82
62 83
62 85
62 88
62 89
62 91
62 99
63 65
63 66
63 67
63 68
63 72
63 73
63 75
63 76
63 77
63 78
63 81
63 82
63 83
63 87
63 88
63 90
63 92
63 93
63 94
63 95
63 96
64 65
64 72
64 73
64 74
64 75
64 77
64 78
64 79
64 80
64 82
64 84
64 85
64 86
64 88
64 91
64 94
64 97
64 98
65 75
65 76
65 79
65 80
65 84
65 85
65 86
65 88
65 93
65 99
66 67
66 68
66 69
66 70
66 73
66 77
66 78
66 79
66 81
66 82
66 84
66 85
66 87
66 88
66 90
66 91
66 92
66 94
66 95
66 96
66 99
67 68
67 73
67 74
67 75
67 76
67 77
67 78
67 87
67 89
67 91
67 92
67 94
67 95
67 96
67 98
67 99
68 70
68 71
68 74
68 76
68 77
68 78
68 79
68 82
68 83
68 85
68 86
68 88
68 90
68 91
68 93
68 96
68 97
68 98
68 99
69 72
69 79
69 83
69 84
69 85
69 88
69 91
69 94
69 96
69 98
70 71
70 72
70 74
70 76
70 77
70 81
70 85
70 86
70 87
70 90
70 91
70 93
70 95
70 96
70 98
71 72
71 73
71 76
71 77
71 79
71 85
71 86
71 87
71 90
71 92
71 95
72 73
72 74
72 75
72 76
72 77
72 78
72 79
72 80
72 82
72 83
72 90
72 93
72 94
72 95
72 97
72 98
72 99
73 77
73 78
73 80
73 82
73 83
73 84
73 85
73 87
73 89
73 92
73 93
73 99
74 76
74 80
74 81
74 82
74 84
74 91
74 94
74 97
74 98
75 76
75 78
75 80
75 81
75 84
75 85
75 86
75 89
75 93
75 95
75 97
76 77
76 80
76 81
76 82
76 84
76 85
76 86
76 87
76 89
76 90
76 92
76 96
76 98
77 78
77 81
77 82
77 84
77 85
77 88
77 90
77 97
77 98
78 79
78 80
78 81
78 82
78 84
78 86
78 89
78 93
78 94
79 81
79 82
79 83
79 84
79 86
79 88
79 89
79 90
79 92
79 98
79 99
80 84
80 85
80 86
80 88
80 90
80 92
80 93
80 95
80 96
80 97
80 98
81 83
81 86
81 87
81 88
81 89
81 90
81 91
81 92
81 93
81 95
81 98
81 99
82 84
82 87
82 88
82 92
82 93
82 95
82 97
83 87
83 88
83 90
83 92
84 87
84 88
84 93
84 97
84 98
84 99
85 86
85 89
85 92
85 93
85 95
85 97
85 99
86 90
86 93
86 94
86 95
86 96
86 97
86 98
87 88
87 89
87 92
87 93
87 96
87 97
88 89
88 91
88 95
88 96
88 98
89 90
89 92
89 93
89 97
89 98
89 99
90 92
90 93
90 95
90 96
90 99
91 93
91 95
91 98
92 93
92 95
92 97
93 98
93 99
94 98
94 99
95 98
97 98
